#"Time (ps)"	"Potential Energy (kJ/mole)"	"Kinetic Energy (kJ/mole)"	"Temperature (K)"	"Box Volume (nm^3)"	"Density (g/mL)"	"Speed (ns/day)"	"Time Remaining"
100.99999999994601	-52463.943245395785	7440.561165419294	295.7834254537651	30.2516143417407	1.0720546942543119	0	--
101.99999999994368	-52775.791785208334	7481.746749449234	297.42066931922875	30.15018078305098	1.0756613831670816	298	1:55
102.99999999994135	-52572.684523720876	7513.800114309878	298.6948815520189	30.279485565694607	1.0710679048186205	299	1:54
103.99999999993902	-52914.04839618993	7464.238025858041	296.72464786009533	30.193538942991136	1.0741167249413315	299	1:54
104.99999999993669	-52630.5750999882	7616.412649004091	302.7740210593194	30.629783250142903	1.0588186308397358	299	1:54
105.99999999993436	-52848.289850395406	7758.495842652155	308.4222312927026	30.396388791315967	1.0669486229594354	299	1:53
106.99999999993203	-52571.973839809536	7500.839384291055	298.17965574631404	30.601175787905916	1.0598084658123366	299	1:53
107.9999999999297	-52335.909567508934	7573.024273379297	301.04920997560413	30.614560945270224	1.0593451012350596	299	1:53
108.99999999992737	-52471.717072298925	7340.212704256341	291.7942892956297	30.359351868464692	1.0682502480404328	299	1:52
109.99999999992504	-52592.663411606016	7529.3890641546	299.31458655568565	30.492555071447544	1.0635837202833196	299	1:52
110.99999999992271	-52562.86762396409	7650.734805377384	304.13842419442625	30.405484475308988	1.0666294493735282	299	1:52
111.99999999992038	-52539.74533692174	7525.073379119678	299.14302582600016	30.430404103778326	1.065755980539457	299	1:52
112.99999999991805	-52854.34027227486	7505.0882719063065	298.34856108897134	30.287287209299752	1.0707920105131135	299	1:51
113.99999999991572	-52548.075130454905	7254.204893840484	288.37523470888516	30.375367397796253	1.0676870089869959	299	1:51
114.99999999991338	-52728.76847374992	7186.646316569636	285.6895895055602	30.335460582274187	1.06909156944809	299	1:51
115.99999999991105	-53007.5046899743	7619.125760441075	302.8818749397765	29.949472024959558	1.082870013094262	299	1:51
116.99999999990872	-52456.77629023665	7396.635926100059	294.03727251437357	30.485289152981466	1.063837216733842	299	1:50
117.9999999999064	-52444.99570430856	7517.7429835559005	298.8516217959033	30.67965827570854	1.0570973402761994	299	1:50
118.99999999990406	-52629.48585448123	7488.203871771005	297.6773582592759	30.340444552313638	1.0689159517064855	299	1:50
119.99999999990173	-52673.21159708768	7568.0645159304495	300.8520455393439	30.409125465628502	1.06650173812106	299	1:49
120.9999999998994	-52776.58988345123	7465.509837920043	296.77520599944387	30.376781724878548	1.0676372980378275	299	1:49
121.99999999989707	-52528.07336261959	7489.2453905292095	297.7187615861389	30.145524169823236	1.0758275417980352	299	1:49
122.99999999989474	-52648.45548129437	7710.3209721674775	306.50714345242324	30.272696092054883	1.07130812086294	299	1:48
123.99999999989241	-52407.62480852372	7354.6314663419635	292.36747601443653	30.645413842854026	1.0582785838735416	299	1:48
124.99999999989008	-52771.02134502289	7550.209832657503	300.14227120089635	30.194820572240836	1.074071133697993	299	1:48
125.99999999988775	-52749.4991170842	7667.604354208064	304.8090366426093	30.5551128948082	1.0614061638549794	299	1:48
126.99999999988542	-52640.37330391485	7465.713238014112	296.7832917305096	30.702104922723528	1.0563244847694715	299	1:47
127.99999999988309	-53019.37886962207	7550.712709690228	300.16226199030245	30.679395088318888	1.057106408730411	299	1:47
128.99999999988785	-52732.17950215112	7294.691933374121	289.9847094478871	30.53860485349294	1.06197992080587	299	1:47
129.99999999989262	-52898.407489812234	7285.615578191442	289.6238985672448	30.179613576887906	1.0746123399230905	299	1:46
130.9999999998974	-53023.27641247184	7363.991310405805	292.7395563827538	30.32423155405518	1.0694874528319982	299	1:46
131.99999999990217	-52560.40095701476	7321.059639814375	291.0329006204165	30.655513214713313	1.0579299369964072	299	1:46
132.99999999990695	-52736.52312542661	7407.253623359691	294.4593561174869	30.42142295489821	1.0660706177983812	299	1:46
133.99999999991172	-52962.17183698862	7538.98308060698	299.6959759411171	30.749708086635493	1.0546892046084035	299	1:45
134.9999999999165	-52845.29824146567	7380.035046899402	293.3773404465699	30.486835033078947	1.0637832732930577	299	1:45
135.99999999992127	-52946.9802817016	7536.143987218746	299.58311392051337	30.69990694198362	1.0564001130401697	299	1:45
136.99999999992605	-52935.2821682129	7499.417898629819	298.1231476565657	30.586012286124213	1.060333882705826	299	1:44
137.99999999993082	-52403.66690453136	7405.753186047048	294.3997094755004	31.10858562612312	1.042522008348726	299	1:44
138.9999999999356	-52573.08981328618	7450.8211036384855	296.19128711956535	30.64413263792637	1.0583228295943297	299	1:44
139.99999999994037	-52528.66008885484	7565.292356550824	300.7418443355663	31.080543819566316	1.043462603232105	299	1:44
140.99999999994515	-52323.5440501626	7428.469494783076	295.3027472252383	30.532670273305342	1.0621863359323958	299	1:43
141.99999999994992	-52483.529740083235	7714.442955589335	306.67100399319094	30.658761596850102	1.0578178463400887	299	1:43
142.9999999999547	-52267.7485815048	7349.975690532224	292.1823957111458	30.58414114349097	1.0603987541018902	299	1:43
143.99999999995947	-52336.089166436344	7418.5752582772575	294.90942324054447	30.716886718777932	1.0558161528788053	299	1:42
144.99999999996425	-52716.7295458311	7526.067939989201	299.1825624435038	30.71373489394181	1.0559245000916895	299	1:42
145.99999999996902	-52536.111509785434	7253.783755014869	288.3584932452156	30.37780986777901	1.0676011636452223	299	1:42
146.9999999999738	-52568.22844998608	7469.929448941262	296.9508980820659	30.321832238057386	1.0695720795898696	299	1:42
147.99999999997857	-52645.11646032584	7434.543786597833	295.54421756601374	30.48291219822418	1.0639201711745743	299	1:41
148.99999999998334	-52601.90807201469	7402.797603309335	294.28221667261397	30.731226099057178	1.0553235025279115	299	1:41
149.99999999998812	-52160.75201382674	7339.865781141853	291.78049811712975	30.565222715537196	1.0610550908025402	299	1:41
150.9999999999929	-52318.85360046409	7451.227692479342	296.20745018004243	30.48488187119929	1.0638514297302843	299	1:40
151.99999999999767	-52328.48738313423	7484.105671618634	297.5144431709762	30.36232109670842	1.0681457804406815	299	1:40
153.00000000000244	-52574.336011614214	7410.490347144249	294.58802507497	30.377029301108397	1.0676285966729087	299	1:40
154.00000000000722	-52768.00638056939	7418.051240533941	294.888592047887	30.37089609688614	1.0678441972991144	299	1:39
155.000000000012	-52790.267953188886	7350.061543082336	292.1858085936948	30.373465165655066	1.0677538761861822	299	1:39
156.00000000001677	-52811.098815052945	7371.892922981861	293.05366791041877	30.517637732835436	1.0627095533328144	299	1:39
157.00000000002154	-52740.56920253957	7271.152697230564	289.04895799792047	30.422933772875272	1.0660176762028661	299	1:39
158.00000000002632	-52608.38579550877	7537.004601548856	299.61732578288445	30.62524204382572	1.05897563576555	299	1:38
159.0000000000311	-52585.66239721593	7340.798942805269	291.8175939419164	30.614226031699353	1.0593566902607066	299	1:38
160.00000000003587	-52363.06031966623	7589.016013827173	301.6849270490185	30.80039332674568	1.0529536041889513	299	1:38
161.00000000004064	-51996.23629156855	7494.62049522488	297.93243725437304	30.5692748930414	1.0609144403100208	299	1:37
162.00000000004542	-52350.13456458211	7759.523689390875	308.4630911179848	30.846856141511424	1.051367601776131	299	1:37
163.0000000000502	-52225.589332868636	7577.600527395069	301.2311290618718	31.030793081927957	1.045135555453203	299	1:37
164.00000000005497	-52376.222935426136	7432.191889487159	295.45072298029044	30.73226292279212	1.0552878987567795	299	1:37
165.00000000005974	-52555.13992389437	7582.5142747758255	301.42646446733147	30.513779270800796	1.0628439327693633	299	1:36
166.00000000006452	-52635.66599184307	7329.418597399848	291.36519291032397	30.440985297085653	1.0653855270229735	299	1:36
167.0000000000693	-52469.46476778918	7212.520999973542	286.71818161300877	30.181920568353956	1.074530200634045	299	1:36
168.00000000007407	-52590.594939549774	7358.35183094411	292.5153710671745	30.152365877842808	1.0755834316691577	299	1:35
169.00000000007884	-52440.92894067004	7577.658873751227	301.23344849513813	30.331968182809938	1.0692146638283122	299	1:35
170.00000000008362	-52389.79860154321	7475.318993241701	297.1651477655747	30.173870310947763	1.0748168806196317	299	1:35
171.0000000000884	-52821.37451330951	7391.246994798004	293.8230471992905	30.50812444392749	1.0630409359789246	299	1:35
172.00000000009317	-52754.317907730845	7438.419561063241	295.6982906019284	30.372305475527806	1.067794645683564	299	1:34
173.00000000009794	-52882.31064623184	7547.92395701707	300.051401156009	30.42366169402851	1.0659921705019402	299	1:34
174.00000000010272	-52667.09514140934	7391.648070291705	293.8389910885691	30.423772293510396	1.0659882953026187	299	1:34
175.0000000001075	-52796.78341012538	7473.385728446407	297.08829500262465	30.494536845238105	1.0635146002848221	299	1:33
176.00000000011227	-52875.24759782432	7460.611975849966	296.5805020801722	30.89315862798947	1.049791818129308	299	1:33
177.00000000011704	-52771.596153483464	7524.3229012265565	299.1131921996083	30.67220247112227	1.0573542996910046	299	1:33
178.00000000012182	-52950.51564586029	7559.650857236798	300.5175787251239	30.257377957933898	1.0718504825144715	299	1:33
179.0000000001266	-52565.97835637088	7382.987756003718	293.4947190143723	30.543300058319147	1.0618166701669414	299	1:32
180.00000000013137	-52635.58439348772	7571.320932583527	300.9814973442465	30.652226113472285	1.0580433879019289	299	1:32
181.00000000013614	-52717.53473693569	7237.189582031895	287.6988277685997	30.647947802391414	1.0581910858417611	299	1:32
182.00000000014091	-52576.80839513717	7301.097038852624	290.23933057077085	30.564541956676752	1.061078723502664	299	1:31
183.0000000001457	-52713.687995255255	7563.860966696796	300.6849425260427	30.20800188089441	1.0736024610865107	299	1:31
184.00000000015046	-52699.26102349037	7383.481511792605	293.51434720844634	30.161959551577624	1.0752413187338108	299	1:31
185.00000000015524	-52692.30732135463	7563.053996130266	300.6528631555353	30.44554413407176	1.0652259989513562	299	1:31
186.00000000016001	-52411.00155176205	7401.883055201639	294.24586078949943	30.564799905401742	1.061069768629585	299	1:30
187.0000000001648	-52569.70038463315	7618.1950071941565	302.8448748563815	30.62170062785088	1.0590981068614254	299	1:30
188.00000000016956	-52322.69628058915	7252.927550472745	288.32445668443364	30.462651715569347	1.064627776552316	299	1:30
189.00000000017434	-52504.43363760071	7577.417545439295	301.22385500975776	30.284543130925798	1.070889034832957	299	1:29
190.0000000001791	-52959.19947906211	7602.1072276898285	302.2053399578781	30.42216198254799	1.0660447203732202	299	1:29
191.0000000001839	-52635.966049967654	7447.395356030065	296.0551039285625	30.672901264714366	1.0573302109227847	299	1:29
192.00000000018866	-52804.79885894677	7201.386207053571	286.27554198968386	31.20985712643603	1.0391391742823286	299	1:28
193.00000000019344	-52891.782371336885	7244.773927022966	288.00032700923595	30.411285109459495	1.0664260009764053	299	1:28
194.0000000001982	-53108.20377064505	7240.779106403086	287.84152155078306	30.524137728806235	1.0624832534819826	299	1:28
195.000000000203	-52878.936756244744	7512.004985192576	298.6235200743503	30.285225837101297	1.0708648942648369	299	1:28
196.00000000020776	-52741.00917851334	7601.304438026137	302.1734267901255	30.818605701486575	1.052331357166811	299	1:27
197.00000000021254	-52552.20206819568	7491.724172786837	297.8173002166017	30.43203436495116	1.0656988873930064	299	1:27
198.0000000002173	-53054.788802425785	7360.274117415035	292.59178741057025	30.663064930228735	1.0576693894634837	299	1:27
199.0000000002221	-53112.6501508214	7407.538559212248	294.47068312638174	30.551551015384668	1.0615299088253458	299	1:26
200.00000000022686	-53185.682676581724	7441.265493984309	295.81142451337547	30.146989249776276	1.0757752588535807	299	1:26
201.00000000023164	-52895.80916334197	7398.597073426754	294.11523368708794	30.186922951300748	1.074352136392117	299	1:26
202.0000000002364	-53229.10856996506	7395.645778715407	293.9979113454207	30.237912242829534	1.0725404883574527	299	1:26
203.0000000002412	-53138.41870022204	7431.135894531905	295.4087441835058	30.164283378450605	1.075158483194837	299	1:25
204.00000000024596	-53151.489618537744	7639.429104911556	303.6889905110532	30.35793209095868	1.0683002078884363	299	1:25
205.00000000025074	-52825.594837438955	7269.791559289142	288.99484890132436	30.582278766588818	1.0604633294777732	299	1:25
206.0000000002555	-52742.389860060124	7506.111483234712	298.3892366435364	30.715908899924013	1.0558497640261726	299	1:24
207.0000000002603	-52621.96837007711	7257.702053224927	288.51425672067853	30.58222073126512	1.0604653418997336	299	1:24
208.00000000026506	-52569.441242154455	7338.7203510576055	291.7349640201169	30.419652909924014	1.0661326498322363	299	1:24
209.00000000026984	-52844.466616967955	7609.788136850071	302.5106778983247	30.313223628969823	1.0698758258372782	299	1:24
210.0000000002746	-52955.332452053495	7526.106758033946	299.1841055709627	30.386513733545577	1.0672953616271927	299	1:23
211.00000000027939	-52913.70510890562	7425.601524980572	295.18873728520515	30.667481913577056	1.0575170552061601	299	1:23
212.00000000028416	-52849.6807499018	7408.432123531291	294.5062048443374	30.043214503187652	1.0794911829555769	299	1:23
213.00000000028894	-52753.38757816423	7466.627355356437	296.8196304894779	30.53603460951753	1.0620693085580246	299	1:22
214.0000000002937	-52787.0275017157	7403.228156987178	294.29933240338255	30.208560051849016	1.0735826238711803	299	1:22
215.00000000029848	-52772.58313873428	7308.529023512247	290.5347730557758	30.365141511404186	1.0680465675305344	299	1:22
216.00000000030326	-52747.069469854585	7370.83835615771	293.011745885899	30.351401854928152	1.0685300573214978	299	1:22
217.00000000030803	-52831.94005044308	7435.752018092781	295.5922481973562	30.420115254846067	1.06611644604692	299	1:21
218.0000000003128	-52667.087398389325	7451.793360262123	296.22993707998717	30.5634584059048	1.0611163413878748	299	1:21
219.00000000031758	-52709.4991040795	7286.492374727342	289.6587537182272	30.123787657648784	1.0766038299171012	299	1:21
220.00000000032236	-52398.506921095424	7223.941562617434	287.1721813939822	30.389650328452447	1.0671852032950229	299	1:20
221.00000000032713	-52292.644452489476	7353.311814730003	292.3150161171904	30.753854825406457	1.0545469941232177	299	1:20
222.0000000003319	-52801.766106737516	7712.418800726662	306.59053809208217	30.1497153411729	1.0756779888911723	299	1:20
223.00000000033668	-52276.06645853253	7354.469054219286	292.36101967157305	30.508324344626473	1.063033970580768	299	1:20
224.00000000034146	-52844.51078540247	7514.343370770352	298.7164775382901	30.286248463654452	1.0708287361095266	299	1:19
225.00000000034623	-52615.24699298732	7447.835962893564	296.07261930199564	30.317137011846192	1.0697377246130422	299	1:19
226.000000000351	-52799.61748214165	7388.709511512101	293.722175036338	30.63321877566184	1.058699883983494	299	1:19
227.00000000035578	-52632.53141018149	7550.4103578372105	300.15024264595604	30.601515633034467	1.059796696109534	299	1:18
228.00000000036056	-52820.386219382344	7424.536350448927	295.14639357420384	30.732302470763408	1.0552865407558436	299	1:18
229.00000000036533	-52917.6555657718	7410.373727971211	294.5833891318324	30.278232091715058	1.071112245444089	299	1:18
230.0000000003701	-53064.69452683028	7400.921067318699	294.2076190406669	30.225270389940064	1.0729890831556759	299	1:18
231.00000000037488	-52910.50592144433	7440.151604497805	295.76714424464706	30.6244763530271	1.0590021128844047	299	1:17
232.00000000037966	-52963.11505694219	7480.767097890393	297.381725389143	30.1777259373085	1.0746795577376325	299	1:17
233.00000000038443	-52737.291062324686	7329.02303461088	291.3494681667056	30.38885149197685	1.0672132565587942	299	1:17
234.0000000003892	-52925.55367558196	7405.769608488805	294.40036231417326	30.616722583848873	1.0592703080813293	299	1:16
235.00000000039398	-52719.286376416945	7353.546943813549	292.32436316564673	30.5982047517512	1.0599113714989463	299	1:16
236.00000000039876	-52281.68598376034	7376.359657719165	293.2312332945101	30.582186479842562	1.060466529599199	299	1:16
237.00000000040353	-52815.791170241806	7739.757599116256	307.67733292592425	30.869106271791765	1.0506097869593987	299	1:15
238.0000000004083	-52422.37235178723	7436.110809875985	295.6065111891254	30.857904565474044	1.0509911680821213	299	1:15
239.00000000041308	-52571.270232147595	7424.519298918312	295.1457157274632	30.435524336502112	1.065576686153502	299	1:15
240.00000000041786	-52601.31558067855	7659.0192064688745	304.4677526520784	30.72191645530121	1.055643296570387	299	1:15
241.00000000042263	-52703.150089971576	7385.221561539471	293.58351912480396	30.31657845805312	1.0697574335015139	299	1:14
242.0000000004274	-52867.34464816592	7443.1024762544	295.8844497726625	30.625586604894277	1.058963721486769	299	1:14
243.00000000043218	-52899.41043401658	7425.261019809476	295.17520123817155	30.50653890427124	1.0630961862177504	299	1:14
244.00000000043696	-52989.48585397602	7330.289373086457	291.39980871545765	30.446527056527668	1.0651916096578564	299	1:13
245.00000000044173	-52930.28331079829	7421.911126758405	295.04203348112725	30.70332709768706	1.0562824367746553	299	1:13
246.0000000004465	-52954.210654580296	7346.482148568028	292.04351750207474	30.121107985539048	1.076699608108848	299	1:13
247.00000000045128	-53120.87544858601	7648.2807016798215	304.04086660677314	30.446254944869	1.0652011297468207	299	1:13
248.00000000045605	-52610.957066873845	7306.30861882781	290.4465056672207	30.52655730372907	1.0623990396674186	299	1:12
249.00000000046083	-52814.1812864558	7463.384643136124	296.6907234746761	30.457154507689992	1.0648199310820625	299	1:12
250.0000000004656	-53128.903719728085	7481.602139178674	297.41492065051534	30.603397826692156	1.0597315156798592	299	1:12
251.00000000047038	-52818.96649605836	7322.22105692167	291.0790702469728	30.70969881092888	1.0560632770612717	299	1:11
252.00000000047515	-52818.758366133756	7638.898819158248	303.6679101472076	30.769181126319744	1.0540217183775686	299	1:11
253.00000000047993	-52697.8926210567	7511.263266514002	298.59403465159875	30.826666475293894	1.0520561861538418	299	1:11
254.0000000004847	-52393.29834771692	7242.3020422630325	287.9020625738842	30.940153215701976	1.0481973032821121	299	1:11
255.00000000048948	-52826.35743851657	7629.942319442634	303.3118638615762	30.386121001394617	1.0673091561224841	299	1:10
256.00000000049425	-52592.3485370774	7158.037262848798	284.55229841683575	30.52353681757654	1.0625041703934859	299	1:10
257.000000000499	-52765.97456490187	7300.280507786849	290.2068711432821	30.31973840819792	1.0696459424288869	299	1:10
258.0000000005038	-52589.44052088261	7301.8253856756055	290.26828442430826	30.21354171231609	1.073405609730753	299	1:09
259.0000000005086	-52557.86827161163	7269.225890124691	288.9723619464543	30.75887287771852	1.0543749536195528	299	1:09
260.00000000051335	-52841.72221195066	7559.949387174631	300.52944613749366	30.80086180576634	1.0529375888359915	299	1:09
261.0000000005181	-52698.107241477264	7485.548792089716	297.57181130582376	30.55003234222425	1.0615826785561093	299	1:09
262.0000000005229	-52695.410292281274	7730.168582674845	307.2961423051207	30.76536817157719	1.054152350232433	299	1:08
263.0000000005277	-52754.59999576269	7349.37779088165	292.15862750297	30.770751613557923	1.053967922887674	299	1:08
264.00000000053245	-52773.076733234804	7095.01864394465	282.0471294447071	30.434678526660964	1.065606299584341	299	1:08
265.0000000005372	-53010.73157690407	7227.962575047775	287.33202805124324	30.257532413405446	1.0718450110447746	299	1:07
266.000000000542	-52732.914155907085	7421.735500384442	295.03505183426813	30.28486921702258	1.0708775042556593	299	1:07
267.0000000005468	-52570.95373532019	7385.207692617368	293.58296779578507	30.191626334656902	1.0741847691260762	299	1:07
268.00000000055155	-52779.373496706074	7446.239910940557	296.0091717066641	30.51529350908067	1.0627911920356699	299	1:07
269.0000000005563	-52438.14928921772	7299.64331219419	290.1815408098717	30.26108209457547	1.0717192816329513	299	1:06
270.0000000005611	-52493.852864373126	7381.796786279777	293.44737458742287	30.4844054644799	1.063868055475869	299	1:06
271.0000000005659	-52727.371387619	7541.879463117684	299.81111536694726	30.697817437829247	1.0564720188826402	299	1:06
272.00000000057065	-52960.1047885819	7462.664814210167	296.66210823172236	30.437260013803535	1.065515921903821	299	1:05
273.0000000005754	-52801.20896815584	7298.229062223641	290.1253203593658	30.256333462154387	1.0718874844633908	299	1:05
274.0000000005802	-52712.16763230378	7453.23578113781	296.287277403932	30.468393808875685	1.064427136109376	299	1:05
275.000000000585	-52664.73124497503	7302.356962974568	290.28941613075955	30.84594745209727	1.0513985739682352	299	1:05
276.00000000058975	-52442.5687268278	7092.735782334939	281.9563792160959	30.51919549153829	1.0626553105839918	299	1:04
277.0000000005945	-52749.76024473802	7476.536778662689	297.21355819259486	30.4186954919719	1.0661662059897825	299	1:04
278.0000000005993	-52572.63810125226	7276.773228994609	289.2723900887374	30.455037887444245	1.0648939358963903	299	1:04
279.0000000006041	-52564.255795677105	7561.502701321906	300.59119478374123	30.156378235642766	1.075440323450464	299	1:03
280.00000000060885	-52632.184417023585	7593.186963069742	301.85073412014293	30.42718517576513	1.0658687281288635	299	1:03
281.0000000006136	-52427.68183944683	7544.126733415878	299.9004507399041	30.393981152882365	1.0670331405650229	299	1:03
282.0000000006184	-52731.384287235356	7375.875692936439	293.21199432072154	30.57848826875639	1.0605947841107304	299	1:02
283.0000000006232	-52801.66620438828	7611.144655166598	302.5646033517189	30.776464609692294	1.0537722761574349	299	1:02
284.00000000062795	-52617.39174198409	7240.832449670057	287.84364209705353	30.5770438230099	1.0606448861295366	299	1:02
285.0000000006327	-52389.1946744523	7712.981783271255	306.6129182461873	30.848581900868357	1.05130878521587	299	1:02
286.0000000006375	-52372.51560462147	7304.468397781806	290.3733516573983	31.017405837684166	1.0455866404027938	299	1:01
287.0000000006423	-52609.716698524164	7578.319197826769	301.25969825139055	30.487627537525164	1.063755620994667	299	1:01
288.00000000064705	-52459.88060709354	7351.612648862505	292.24746945108166	30.591922117033977	1.0601290445158387	299	1:01
289.0000000006518	-52657.604926187254	7623.476170126893	303.05481607289676	30.342150727737387	1.0688558452841286	299	1:00
290.0000000006566	-52480.93440025256	7592.635173420353	301.82879891539187	29.969938668470455	1.0821305149333946	299	1:00
291.0000000006614	-52426.76443783456	7287.2890923143295	289.69042550369596	30.289637476629114	1.070708924425312	299	1:00
292.00000000066615	-52595.63930178413	7215.873144269313	286.8514388634198	30.37087455840287	1.0678449545951985	299	1:00
293.0000000006709	-52367.28529068892	7538.984049838443	299.69601447081885	30.664662737599553	1.0576142787335587	299	0:59
294.0000000006757	-52412.73785244455	7436.844561615919	295.63567990345285	30.56445463043059	1.0610817551295302	299	0:59
295.0000000006805	-52738.155689638865	7420.958698435484	295.0041717519391	30.18196499836035	1.0745286188489065	299	0:59
296.00000000068525	-52820.2181973425	7522.710927273967	299.0491116596008	30.21508172249168	1.0733509001133272	299	0:58
297.00000000069	-52873.97925925485	7655.133096004063	304.31326873085	30.65851418414277	1.05782638287828	299	0:58
298.0000000006948	-52528.4563863019	7695.8634611968	305.93241635545144	30.67933955133402	1.0571083223473101	299	0:58
299.0000000006996	-52543.53334876968	7549.839092282573	300.1275332186914	30.40703003672309	1.0665752335780985	299	0:58
300.00000000070435	-52770.486006307445	7734.5307440105835	307.469550599681	30.43890045693653	1.065458498072771	299	0:57
301.0000000007091	-52421.65208192973	7580.885315916033	301.361708729053	30.44791339668589	1.0651431098514679	299	0:57
302.0000000007139	-52257.95997332246	7471.313090679864	297.00590176847425	30.440844680558506	1.0653904483980028	299	0:57
303.00000000071867	-52279.55826543513	7473.675407682081	297.099810574462	30.666686747270205	1.0575444759033534	299	0:56
304.00000000072345	-52848.53528738313	7508.279721656123	298.4754302750687	30.511846386015755	1.062911262515342	299	0:56
305.0000000007282	-52650.89910769416	7333.449022783896	291.52541375921237	30.46423391419232	1.0645724837585835	299	0:56
306.000000000733	-52861.67658738146	7483.842739153788	297.50399085919673	30.51136686288482	1.0629279674548093	299	0:56
307.00000000073777	-52673.919972294825	7370.293304762563	292.9900785458798	30.518521593220743	1.062678775731992	299	0:55
308.00000000074255	-52777.306001449935	7532.257349758394	299.4286090497165	30.413308179318918	1.0663550631393517	299	0:55
309.0000000007473	-52660.736925517704	7361.016817566524	292.621311849656	30.545615261920297	1.0617361898178814	299	0:55
310.0000000007521	-52754.14241268244	7573.768065378952	301.0787778187537	30.531138420435845	1.062239629496633	299	0:54
311.00000000075687	-52823.742649360676	7464.793948740833	296.74674737260585	30.257036764751042	1.071862569226086	299	0:54
312.00000000076164	-52629.248049730464	7322.905958366078	291.1062970233975	30.54831549170102	1.06164234072562	299	0:54
313.0000000007664	-52753.36098277956	7254.93248503361	288.40415852399104	30.332946609124818	1.0691801750008063	299	0:54
314.0000000007712	-52635.971542704385	7390.193191927014	293.78115554407725	30.597520065138518	1.059935089340299	299	0:53
315.00000000077597	-52734.17095900915	7523.375947750627	299.07554811112783	30.414560797257977	1.066311145507583	299	0:53
316.00000000078074	-52364.52964326233	7540.006833762382	299.7366730348432	30.63875809255903	1.0585084769382516	299	0:53
317.0000000007855	-52726.90185899765	7450.384615985306	296.1739354964343	30.83000600772074	1.0519422265345135	299	0:52
318.0000000007903	-52295.01262043568	7236.7115970531795	287.6798265089934	30.551840167134603	1.0615198621889053	299	0:52
319.00000000079507	-52742.09385470452	7474.7836416708615	297.1438660211035	30.720410788037412	1.0556950357077592	299	0:52
320.00000000079984	-52636.78075687622	7531.719715293646	299.4072365537327	30.235077406651627	1.0726410495876348	299	0:52
321.0000000008046	-52410.724205460516	7447.062889476913	296.04188743940887	30.731588855807164	1.0553110454523675	299	0:51
322.0000000008094	-52538.54828637568	7567.319754433478	300.8224391559243	30.68880974816072	1.056782111459305	299	0:51
323.00000000081417	-52962.18869120229	7437.4324849254845	295.65905152375694	30.296225265294837	1.0704761032056767	299	0:51
324.00000000081894	-52813.68247675843	7572.495887579559	301.0282051403057	30.312756137997614	1.0698923257321638	299	0:50
325.0000000008237	-52924.61525889678	7274.2396376095885	289.1716726398917	29.98796246285806	1.0814801173638406	299	0:50
326.0000000008285	-52498.75255707282	7557.186287387147	300.4196050782183	30.645659601043494	1.0582700971699721	299	0:50
327.00000000083327	-52731.49629928169	7462.820018112522	296.6682780273684	30.863362451290808	1.050805310504261	299	0:49
328.00000000083804	-52470.16642384877	7335.770372356868	291.6176939936066	30.765813776440407	1.0541370821359266	299	0:49
329.0000000008428	-52580.9621616416	7605.9551773500525	302.35830687880934	30.466223022370713	1.0645029789226086	299	0:49
330.0000000008476	-52251.76064189334	7519.442657824231	298.91918867238826	30.60826029206105	1.0595631654454405	299	0:49
331.00000000085237	-52714.40251960693	7592.33772765627	301.8169746020059	30.474947921100288	1.064198214474365	299	0:48
332.00000000085714	-52865.8416874824	7704.4096022189815	306.27214971826555	30.45196675823995	1.065001332140842	299	0:48
333.0000000008619	-52653.76129180053	7437.361657710151	295.656235940913	30.54178472120805	1.0618693524256952	299	0:48
334.0000000008667	-52657.01476240845	7497.8475500316135	298.06072184254344	30.55709179144149	1.0613374265190267	299	0:47
335.00000000087147	-52584.98555245489	7441.235479020444	295.810231333368	30.533080564091957	1.0621720627159614	299	0:47
336.00000000087624	-52475.776605141145	7193.2031125984595	285.9502407583744	30.447294224976957	1.0651647704455003	299	0:47
337.000000000881	-52503.52909166823	7427.765435767576	295.2747588809862	30.949523557286064	1.0478799489047148	299	0:47
338.0000000008858	-52687.44278752396	7473.634404472485	297.0981805804979	30.574701785823866	1.0607261320491828	299	0:46
339.00000000089057	-52682.33968471881	7320.785752447537	291.0220128201887	30.544734492220407	1.0617668054077962	299	0:46
340.00000000089534	-52625.28595671983	7595.027446681908	301.9238985677155	30.675746441712217	1.0572321434934895	299	0:46
341.0000000009001	-52532.95096108434	7332.592525355207	291.4913655553582	30.20293961532003	1.0737824058484629	299	0:45
342.0000000009049	-52672.35006972164	7496.564416652203	298.0097136486938	30.65986977132413	1.0577796124289784	299	0:45
343.00000000090967	-52610.84795900312	7550.994901345005	300.1734799095466	30.407188317524305	1.0665696816546268	299	0:45
344.00000000091444	-52609.56399681041	7628.392645314347	303.2502599164152	30.61511187638104	1.0593260378987661	299	0:45
345.0000000009192	-52347.9542941706	7292.957804664678	289.9157729095732	30.56367527964602	1.0611088119180474	299	0:44
346.000000000924	-52489.50612431229	7635.536109404611	303.53423288985766	30.11920027354996	1.0767678048980185	299	0:44
347.00000000092876	-52802.26386528788	7644.5018755716355	303.8906475432342	30.02910763787685	1.0799982988148222	299	0:44
348.00000000093354	-52420.63500187601	7320.433114916914	291.00799447742764	30.230953761675604	1.0727873628965061	299	0:43
349.0000000009383	-52623.79450187166	7590.715797281803	301.7524982659687	30.753145274069187	1.0545713251379227	299	0:43
350.0000000009431	-52494.448306321865	7402.252733276147	294.26055654224746	30.55884655824983	1.0612764818205758	299	0:43
351.00000000094786	-52443.564567742724	7491.250365381351	297.7984650273889	30.534687816526965	1.062116153232149	299	0:43
352.00000000095264	-52335.313667005015	7171.317627694194	285.08023061414144	30.218296221894892	1.073236721411705	299	0:42
353.0000000009574	-52608.76212370588	7534.4086185337865	299.5141280896532	30.120067143688342	1.0767368149984413	299	0:42
354.0000000009622	-52656.63050752634	7462.648409819504	296.66145611063166	30.603822629002856	1.0597168058704984	299	0:42
355.00000000096696	-53003.315196542826	7420.695289984569	294.9937005183624	30.446055810811917	1.0652080967518047	299	0:41
356.00000000097174	-52753.51548173759	7385.4829185176295	293.59390880651574	30.643542578182117	1.0583432082335347	299	0:41
357.0000000009765	-52700.57347899568	7402.393873214813	294.26616725541794	30.664580173439408	1.0576171263523484	299	0:41
358.0000000009813	-53248.67609626835	7522.62794657708	299.0458129413689	30.228037224613317	1.072890870248988	299	0:41
359.00000000098606	-52912.04290359854	7475.274073767605	297.16336208898093	30.200416919209225	1.0738721008585128	299	0:40
360.00000000099084	-52776.676947286585	7517.540588751086	298.84357602793887	30.31697928753562	1.069743289931523	299	0:40
361.0000000009956	-52477.74894245734	7525.438662631743	299.1575468824176	30.306044869851256	1.0701292531938813	299	0:40
362.0000000010004	-52606.70404533285	7472.48166200002	297.0523557952981	30.50104975320462	1.063287507356259	299	0:39
363.00000000100516	-52785.06083665954	7472.00574466951	297.0334367305768	30.589029784818244	1.0602292845499248	299	0:39
364.00000000100994	-52692.64719886528	7495.626892445716	297.9724444004375	30.309447806987805	1.070009106413254	299	0:39
365.0000000010147	-52249.95131819736	7294.337792756685	289.9706313531589	30.65125398413545	1.0580769446046185	299	0:39
366.0000000010195	-52311.20796574335	7331.593213518019	291.4516400734048	30.159987443132454	1.0753116268693585	299	0:38
367.00000000102426	-52819.036923281616	7414.680839625377	294.7546090452983	30.227797971462486	1.0728993621848362	299	0:38
368.00000000102904	-52824.10533671218	7506.040146020125	298.3864007867745	30.681564132515046	1.0570316762131677	299	0:38
369.0000000010338	-52963.233720517776	7579.187390952311	301.2942113923915	30.46849803757797	1.0644234948449154	299	0:37
370.0000000010386	-52995.325960823335	7471.862458367081	297.0277406933545	30.569636320870817	1.0609018970138122	299	0:37
371.00000000104336	-52473.846420839865	7289.662117651975	289.7847599964113	31.053328196951924	1.0443771101809796	299	0:37
372.00000000104814	-53120.01781942876	7615.409365077957	302.7341376755561	30.84711255840042	1.0513588622738803	299	0:36
373.0000000010529	-52801.52869846704	7317.873652674488	290.9062485885688	30.65662916638801	1.0578914266083768	299	0:36
374.0000000010577	-52813.0514529568	7448.27404352112	296.0900342503796	30.520095439179276	1.0626239760116	299	0:36
375.00000000106246	-52717.08686983329	7305.168300813998	290.4011747895176	30.441648581725204	1.065362313633154	299	0:36
376.00000000106724	-52584.14433610535	7410.651979006647	294.5944504002727	30.383602712509084	1.067397618073844	299	0:35
377.000000001072	-52865.12997828302	7526.155429645706	299.1860404056787	30.267274419125396	1.0715000206077798	299	0:35
378.0000000010768	-52866.92152434119	7335.417022798333	291.60364734571505	30.54371410063358	1.061802276467794	299	0:35
379.00000000108156	-52889.53572360444	7395.047385988121	293.974123536046	30.071370525852338	1.0784804482374006	299	0:34
380.00000000108633	-52885.33747648864	7523.490708563224	299.08011017916317	29.994635907173056	1.0812395010962075	299	0:34
381.0000000010911	-52529.021766833524	7472.023174471227	297.03412961466745	30.28801934601779	1.0707661268084272	299	0:34
382.0000000010959	-52245.12076642795	7485.418220008627	297.5666206949875	30.452832774428334	1.0649710456843697	299	0:34
383.00000000110066	-52407.91308819456	7641.074964603731	303.7544181053898	30.696596088034678	1.056514053572074	299	0:33
384.00000000110543	-52295.64899008683	7590.134190071536	301.7293777285392	30.99824110646666	1.0462330766589383	299	0:33
385.0000000011102	-52231.37368249518	7323.43002137073	291.1271300153215	30.575438983695403	1.0607005571082229	299	0:33
386.000000001115	-52555.806001063844	7675.880790049182	305.13804845895083	30.600370686771555	1.0598363495594572	299	0:32
387.00000000111976	-52650.53235095166	7495.800135811986	297.97933131597694	30.521625616628114	1.0625707022028879	299	0:32
388.00000000112453	-52457.80382914809	7296.949437097877	290.0744516285563	30.318460484329666	1.0696910280321326	299	0:32
389.0000000011293	-52503.32866577915	7362.49926903745	292.6802435033836	30.10997289327875	1.0770977867958702	299	0:32
390.0000000011341	-52887.44627888285	7503.373704254451	298.28040215821824	30.103640904072062	1.0773243431643265	299	0:31
391.00000000113886	-52872.88856393832	7343.46533402766	291.9235905612338	30.31301035368555	1.0698833532345322	299	0:31
392.00000000114363	-52908.08904756888	7431.182689515799	295.4106044169375	30.28713146558747	1.0707975167830943	299	0:31
393.0000000011484	-52552.76487540582	7655.196944567205	304.31580689246124	30.291859061186592	1.0706303993533697	299	0:30
394.0000000011532	-52813.5775304008	7561.326161460191	300.5841768231511	30.31247310298101	1.0699023155799452	299	0:30
395.00000000115796	-52859.09274769039	7701.348926721272	306.15047917987624	30.433760259692267	1.0656384517422797	299	0:30
396.00000000116273	-52804.3285834837	7359.999154587969	292.58085685774586	30.23033640688191	1.0728092710358066	299	0:30
397.0000000011675	-52835.61725712003	7480.671900921852	297.37794103943844	30.55331829012631	1.0614685074751697	299	0:29
398.0000000011723	-52599.421004862	7325.953295460904	291.2274373224127	30.500633635426784	1.063302013705211	299	0:29
399.00000000117706	-52440.85114323633	7460.747923886127	296.58590640048163	30.534079772699716	1.062137303801467	299	0:29
400.00000000118183	-52503.80950645954	7484.156414202578	297.51646033271464	30.879917606822975	1.0502419590869767	299	0:28
401.0000000011866	-52436.45298016089	7506.569881655314	298.4074592818635	31.107899624096056	1.0425449984001158	299	0:28
402.0000000011914	-52580.92490533559	7545.4191481652615	299.9518278945542	30.583408601102906	1.0604241530705192	299	0:28
403.00000000119616	-52906.781856441	7513.367545849394	298.6776857279217	30.959699104839032	1.0475355414150367	299	0:28
404.00000000120093	-52786.71716811744	7661.036304849638	304.5479380380023	30.664802922408736	1.05760944382703	299	0:27
405.0000000012057	-52712.75480843781	7550.639892992758	300.15936731989666	30.89152499619827	1.04984733410945	299	0:27
406.0000000012105	-52868.970769696374	7723.552746513259	307.033144039451	30.83653210890269	1.0517195983419632	299	0:27
407.00000000121526	-52822.40666028834	7408.098723372602	294.49295124171374	30.607760194054798	1.0595804775722728	299	0:26
408.00000000122003	-53041.15484715102	7429.707187770156	295.3519490345158	30.52148147560689	1.0625757203087836	299	0:26
409.0000000012248	-52910.55083055026	7408.711614747924	294.5173154135004	30.49403734793954	1.0635320208271979	299	0:26
410.0000000012296	-52731.80200117169	7260.437573654033	288.6230014221777	30.449095715606575	1.0651017510254532	299	0:25
411.00000000123435	-52571.705511385226	7219.370886990078	286.9904840644877	30.83505451683606	1.0517699959351954	299	0:25
412.00000000123913	-52970.172458243265	7682.275528414177	305.3922574596468	30.706882468534996	1.0561601359912154	299	0:25
413.0000000012439	-52566.66994367243	7661.000563486194	304.5465172173578	30.616721717518224	1.059270338054438	299	0:25
414.0000000012487	-52476.75795713373	7150.5668421334885	284.2553279895212	30.2363711902595	1.0725951523667563	299	0:24
415.00000000125345	-52373.54571908337	7211.078522679671	286.660839046281	30.401123353417947	1.06678246020103	299	0:24
416.00000000125823	-52662.486222902284	7273.165489562988	289.1289722062007	30.488698904996944	1.0637182408108221	299	0:24
417.000000001263	-52632.100835757214	7463.541566444267	296.6969616215825	30.523523438328304	1.0625046361164905	299	0:23
418.0000000012678	-52853.02259197729	7492.524100719833	297.8490996224364	30.382578813150484	1.0674335896002651	299	0:23
419.00000000127255	-52547.75766901078	7478.265205583622	297.2822680686317	30.52408072172796	1.0624852377863274	299	0:23
420.00000000127733	-52607.209734936536	7421.372978797344	295.0206405722075	30.289371942203122	1.0707183108886626	299	0:23
421.0000000012821	-52809.892457104404	7456.617903542593	296.42172636926546	30.368188252784222	1.0679394138983844	299	0:22
422.0000000012869	-52317.58026267978	7309.748888151336	290.5832661376171	30.68582682745168	1.056884839577499	299	0:22
423.00000000129165	-52338.294142355706	7638.762476175709	303.66249012665867	30.36169465862557	1.0681678189731951	299	0:22
424.0000000012964	-52517.71998131796	7589.889612532272	301.7196550771498	30.598497916471757	1.05990121647036	299	0:21
425.0000000013012	-52688.15668267268	7410.53755035302	294.5899015364992	30.732801006705316	1.0552694222943841	299	0:21
426.000000001306	-52634.36848167211	7367.158351403157	292.8654552516594	30.640126304084706	1.0584612100476454	299	0:21
427.00000000131075	-52844.90096742532	7360.181999299248	292.58812545400167	30.62477064600378	1.0589919362568727	299	0:21
428.0000000013155	-52705.422902451915	7266.044450919154	288.8458907079057	29.978704981127034	1.0818140805031848	299	0:20
429.0000000013203	-53019.556987156655	7419.783035092756	294.95743579708824	30.364326424633028	1.0680752377080318	299	0:20
430.0000000013251	-52892.14065200594	7496.785421393839	298.0184992144689	30.675589165037966	1.0572375640236231	299	0:20
431.00000000132985	-52604.96753356725	7195.845396307588	286.05527903561335	30.588924401329926	1.0602329372007653	299	0:19
432.0000000013346	-53006.8642056376	7604.226154067206	302.2895732956938	30.54643508054966	1.0617076944760981	299	0:19
433.0000000013394	-52601.55512230567	7437.293918313173	295.65354310761313	30.35836008589486	1.06828514689443	299	0:19
434.0000000013442	-52776.425118382904	7710.485318535539	306.51367668703085	30.80243923217335	1.0528836667571244	299	0:19
435.00000000134895	-52528.19852695757	7410.683193634587	294.5956912703323	30.24919765812493	1.0721403433695083	299	0:18
436.0000000013537	-52864.85427884292	7423.2512433305255	295.09530691862705	30.252234835295802	1.072032705696041	299	0:18
437.0000000013585	-52912.67559670369	7732.150210453654	307.37491763393797	30.123404789900086	1.0766175135258258	299	0:18
438.0000000013633	-52558.93226366103	7205.577547585064	286.4421596724213	30.856485525828724	1.0510395014586862	299	0:17
439.00000000136805	-52584.84891258451	7295.283626509974	290.00823092948633	31.001552087921528	1.0461213384367853	299	0:17
440.0000000013728	-52453.2964557627	7328.9903512699475	291.3481689111359	30.733278209008677	1.055253036896264	299	0:17
441.0000000013776	-52531.77799248256	7409.885017524165	294.56396150441714	31.00226540252424	1.0460972687884151	299	0:17
442.0000000013824	-52756.40638432023	7589.607320164541	301.70843315428	30.47449245569421	1.0642141197588455	299	0:16
443.00000000138715	-52644.3302334811	7586.224688850985	301.5739639583784	30.77436582463903	1.0538441425125482	299	0:16
444.0000000013919	-52827.21200760483	7691.006982595671	305.73935754653246	30.663773442708926	1.0576449511156154	299	0:16
445.0000000013967	-52744.674348034634	7566.208005455545	300.7782439784872	30.060321247618212	1.0788768655093413	299	0:15
446.0000000014015	-52527.70893265086	7351.474128531339	292.2419628747447	30.5249006096574	1.0624566998122713	299	0:15
447.00000000140625	-52709.89825601684	7643.635777305146	303.8562176788266	30.21057193079775	1.0735111284262862	299	0:15
448.000000001411	-52714.596653462824	7404.431973609193	294.3471875309947	30.354060770471296	1.068436457615046	299	0:15
449.0000000014158	-52683.62557694016	7381.5325072055075	293.43686874409667	30.497398295042338	1.0634148149321394	299	0:14
450.0000000014206	-52644.71110137965	7512.041763891753	298.6249821320345	30.54632445357284	1.0617115395708718	299	0:14
451.00000000142535	-52717.992748338496	7514.19259312176	298.71048369879463	30.219671115327	1.0731878927492842	299	0:14
452.0000000014301	-52896.045620283636	7598.055757511764	302.04428251869444	30.457673210746446	1.064801796888127	299	0:13
453.0000000014349	-52622.6815030234	7539.393839369248	299.7123047678061	30.560935370368746	1.0612039445389159	299	0:13
454.0000000014397	-52589.121926528285	7844.7009556901485	311.8491292186966	30.120663653963803	1.0767154912792334	299	0:13
455.00000000144445	-52660.21215270358	7647.7663807587805	304.0204208903243	30.00021684396771	1.081038358239578	299	0:12
456.0000000014492	-52703.81300333797	7607.896326898289	302.43547308306876	30.03003724014502	1.079964866659538	299	0:12
457.000000001454	-52587.324659155915	7530.434010705832	299.3561261470509	30.180145178755396	1.074593411388342	299	0:12
458.0000000014588	-52639.36070091487	7733.852037276647	307.4425700805805	29.931339201676707	1.0835260308705943	299	0:12
459.00000000146355	-52450.22604972066	7532.6384956370075	299.44376068022757	30.437341950886875	1.065513053543403	299	0:11
460.0000000014683	-52649.6310922768	7406.137842131357	294.41500064665115	30.50493864454775	1.0631519552205608	299	0:11
461.0000000014731	-52700.72265765222	7526.327920637383	299.1928974121925	30.553320054463434	1.0614684461794321	299	0:11
462.0000000014779	-52633.300287392776	7413.024442427346	294.6887625551945	30.44787682331021	1.065144389279894	299	0:10
463.00000000148265	-52450.4881687639	7835.151878880103	311.4695263116036	30.987294894430608	1.0466026568089726	299	0:10
464.0000000014874	-52610.62925035035	7565.16451331809	300.7367622041977	30.684606155060905	1.0569268837913757	299	0:10
465.0000000014922	-52332.43190962318	7340.562032086332	291.80817606839645	30.519675005665167	1.0626386145269948	299	0:10
466.00000000149697	-52462.01907037129	7437.404931350882	295.65795619095906	30.173280510717074	1.074837890176213	299	0:09
467.00000000150175	-52766.02360799315	7696.032893599155	305.9391517743583	30.164170664594234	1.0751625007181498	299	0:09
468.0000000015065	-52659.16570606065	7454.350523304258	296.3315915691085	30.630666609992105	1.058788095498211	299	0:09
469.0000000015113	-52350.426893162745	7390.247304595663	293.7833066762483	30.65878751763666	1.0578169519971337	299	0:08
470.00000000151607	-52362.23445881621	7322.543638271858	291.0918937712507	30.686915697122153	1.0568473379315744	299	0:08
471.00000000152085	-52446.042087496	7403.804179548859	294.32223093517933	30.653768021600683	1.057990167505048	299	0:08
472.0000000015256	-52681.61225408039	7361.238573003455	292.6301272576999	30.670547495723678	1.0574113542758248	299	0:08
473.0000000015304	-52676.64525882411	7465.240623321122	296.7645039550039	30.49810215187835	1.0633902726906816	299	0:07
474.00000000153517	-52840.02238382195	7695.590547841175	305.921567274934	30.670460217553185	1.0574143633251776	299	0:07
475.00000000153995	-52655.41919569805	7364.523056908567	292.76069481553634	30.336334336270035	1.0690607772297431	299	0:07
476.0000000015447	-52606.677769083384	7496.231484138214	297.9964786362743	30.562120390543743	1.0611627972602586	299	0:06
477.0000000015495	-52631.23780865793	7417.887181286768	294.88207022714965	30.617715388393744	1.0592359603724042	299	0:06
478.00000000155427	-52339.13676454802	7632.342726658468	303.4072868616698	31.149596400554582	1.0411494501179728	299	0:06
479.00000000155904	-52525.443869891256	7531.250178952938	299.38857115146766	30.948464655781372	1.0479158021099375	299	0:06
480.0000000015638	-52449.12910678107	7532.287931908297	299.42982477697876	31.043486555626973	1.0447082065257145	299	0:05
481.0000000015686	-52106.106536750536	7357.142177418408	292.4672839060734	31.086455400985255	1.043264172305933	299	0:05
482.00000000157337	-52592.80267740166	7608.506432510437	302.45972651286223	30.570313281735515	1.060878403991057	299	0:05
483.00000000157814	-52605.125940283004	7348.248074784924	292.11371808156326	30.275207259598243	1.071219261547825	299	0:04
484.0000000015829	-52803.681894855166	7249.813676672098	288.2006713625057	30.232888560171006	1.0727187082798133	299	0:04
485.0000000015877	-52867.44785002261	7487.653511520177	297.6554798771748	30.535194927504012	1.0620985142171866	299	0:04
486.00000000159247	-52774.69788621605	7201.494287678397	286.2798385012944	30.862857861645157	1.0508224905554944	299	0:04
487.00000000159724	-52828.37012974205	7567.4244696762435	300.8266018840457	30.5188613129338	1.0626669465577296	299	0:03
488.000000001602	-52521.49237041164	7382.752341101044	293.48536060379445	30.608261766495595	1.0595631144050859	299	0:03
489.0000000016068	-52457.71084457141	7505.762055867532	298.3753459138839	30.681643868075867	1.0570289291956392	299	0:03
490.00000000161157	-52701.85350110548	7416.640655422995	294.8325172859526	30.291887392199065	1.0706293980277406	299	0:02
491.00000000161634	-52629.72719426273	7369.746685968129	292.96834889729	30.60880691595727	1.0595442433571873	299	0:02
492.0000000016211	-52717.87045137913	7432.642979381991	295.4686550839739	30.203754640348336	1.073753430658254	299	0:02
493.0000000016259	-52574.32336616519	7097.575703912226	282.1487798363221	30.468252884919735	1.0644320593743692	299	0:02
494.00000000163067	-52975.33124768693	7456.10412147458	296.401302073754	30.415697551645597	1.0662712932611842	299	0:01
495.00000000163544	-52957.96832022685	7442.531593907768	295.86175557900367	30.15106200714037	1.075629944847508	299	0:01
496.0000000016402	-52884.54278601741	7467.184455312096	296.8417767939759	30.38114959974486	1.0674838046321509	299	0:01
497.000000001645	-52888.33430294911	7428.302914320901	295.2961251790485	30.72925931867535	1.055391046933708	299	0:00
498.00000000164977	-52588.66404373094	7365.845620155165	292.8132704585236	30.615777266873017	1.0593030149499323	299	0:00
499.00000000165454	-52453.35931867693	7522.3404863024125	299.03438557952984	30.23540182536681	1.072629540402701	299	0:00
500.0000000016593	-52609.703214704554	7650.072394374651	304.11209147689453	30.111954745694973	1.0770268963847596	299	0:00
