    -44.945         0.00000     0.00000     0.00000     0.00000
    -44.795         0.00000     0.00000     0.00000     0.00000
    -44.645         0.00000     0.00000     0.00000     0.00000
    -44.495         0.00000     0.00000     0.00000     0.00000
    -44.345         0.00000     0.00000     0.00000     0.00000
    -44.195         0.00000     0.00000     0.00000     0.00000
    -44.045         0.00000     0.00000     0.00000     0.00000
    -43.895         0.00000     0.00000     0.00000     0.00000
    -43.745         0.00000     0.00000     0.00000     0.00000
    -43.595         0.00000     0.00000     0.00000     0.00000
    -43.445         0.00000     0.00000     0.00000     0.00000
    -43.295         0.00000     0.00000     0.00000     0.00000
    -43.145         0.00000     0.00000     0.00000     0.00000
    -42.995         0.00000     0.00000     0.00000     0.00000
    -42.845         0.00000     0.00000     0.00000     0.00000
    -42.695         0.00000     0.00000     0.00000     0.00000
    -42.545         0.00000     0.00000     0.00000     0.00000
    -42.395         0.00000     0.00000     0.00000     0.00000
    -42.245         0.00000     0.00000     0.00000     0.00000
    -42.095         0.00000     0.00000     0.00000     0.00000
    -41.945         0.00000     0.00000     0.00000     0.00000
    -41.795         0.00000     0.00000     0.00000     0.00000
    -41.645         0.00000     0.00000     0.00000     0.00000
    -41.495         0.00000     0.00000     0.00000     0.00000
    -41.345         0.00000     0.00000     0.00000     0.00000
    -41.195         0.00000     0.00000     0.00000     0.00000
    -41.045         0.00000     0.00000     0.00000     0.00000
    -40.895         0.00000     0.00000     0.00000     0.00000
    -40.745         0.00000     0.00000     0.00000     0.00000
    -40.595         0.00000     0.00000     0.00000     0.00000
    -40.445         0.00000     0.00000     0.00000     0.00000
    -40.295         0.00000     0.00000     0.00000     0.00000
    -40.145         0.00000     0.00000     0.00000     0.00000
    -39.995         0.00000     0.00000     0.00000     0.00000
    -39.845         0.00000     0.00000     0.00000     0.00000
    -39.695         0.00000     0.00000     0.00000     0.00000
    -39.545         0.00000     0.00000     0.00000     0.00000
    -39.395         0.00000     0.00000     0.00000     0.00000
    -39.245         0.00000     0.00000     0.00000     0.00000
    -39.095         0.00000     0.00000     0.00000     0.00000
    -38.945         0.00000     0.00000     0.00000     0.00000
    -38.795         0.00000     0.00000     0.00000     0.00000
    -38.645         0.00000     0.00000     0.00000     0.00000
    -38.495         0.00000     0.00000     0.00000     0.00000
    -38.345         0.00000     0.00000     0.00000     0.00000
    -38.195         0.00000     0.00000     0.00000     0.00000
    -38.045         0.00000     0.00000     0.00000     0.00000
    -37.895         0.00000     0.00000     0.00000     0.00000
    -37.745         0.00000     0.00000     0.00000     0.00000
    -37.595         0.00000     0.00000     0.00000     0.00000
    -37.445         0.00000     0.00000     0.00000     0.00000
    -37.295         0.00000     0.00000     0.00000     0.00000
    -37.145         0.00000     0.00000     0.00000     0.00000
    -36.995         0.00000     0.00000     0.00000     0.00000
    -36.845         0.00000     0.00000     0.00000     0.00000
    -36.695         0.00000     0.00000     0.00000     0.00000
    -36.545         0.00000     0.00000     0.00000     0.00000
    -36.395         0.00000     0.00000     0.00000     0.00000
    -36.245         0.00000     0.00000     0.00000     0.00000
    -36.095         0.00000     0.00000     0.00000     0.00000
    -35.945         0.00000     0.00000     0.00000     0.00000
    -35.795         0.00000     0.00000     0.00000     0.00000
    -35.645         0.00000     0.00000     0.00000     0.00000
    -35.495         0.00000     0.00000     0.00000     0.00000
    -35.345         0.00000     0.00000     0.00000     0.00000
    -35.195         0.00000     0.00000     0.00000     0.00000
    -35.045         0.00000     0.00000     0.00000     0.00000
    -34.895         0.00000     0.00000     0.00000     0.00000
    -34.745         0.00000     0.00000     0.00000     0.00000
    -34.595         0.00000     0.00000     0.00000     0.00000
    -34.445         0.00000     0.00000     0.00000     0.00000
    -34.295         0.00000     0.00000     0.00000     0.00000
    -34.145         0.00000     0.00000     0.00000     0.00000
    -33.995         0.00000     0.00000     0.00000     0.00000
    -33.845         0.00000     0.00000     0.00000     0.00000
    -33.695         0.00000     0.00000     0.00000     0.00000
    -33.545         0.00000     0.00000     0.00000     0.00000
    -33.395         0.00000     0.00000     0.00000     0.00000
    -33.245         0.00000     0.00000     0.00000     0.00000
    -33.095         0.00000     0.00000     0.00000     0.00000
    -32.945         0.00000     0.00000     0.00000     0.00000
    -32.795         0.00000     0.00000     0.00000     0.00000
    -32.645         0.00000     0.00000     0.00000     0.00000
    -32.495         0.00000     0.00000     0.00000     0.00000
    -32.345         0.00000     0.00000     0.00000     0.00000
    -32.195         0.00000     0.00000     0.00000     0.00000
    -32.045         0.00000     0.00000     0.00000     0.00000
    -31.895         0.00000     0.00000     0.00000     0.00000
    -31.745         0.00000     0.00000     0.00000     0.00000
    -31.595         0.00000     0.00000     0.00000     0.00000
    -31.445         0.00000     0.00000     0.00000     0.00000
    -31.295         0.00000     0.00000     0.00000     0.00000
    -31.145         0.00000     0.00000     0.00000     0.00000
    -30.995         0.00000     0.00000     0.00000     0.00000
    -30.845         0.00000     0.00000     0.00000     0.00000
    -30.695         0.00000     0.00000     0.00000     0.00000
    -30.545         0.00000     0.00000     0.00000     0.00000
    -30.395         0.00000     0.00000     0.00000     0.00000
    -30.245         0.00000     0.00000     0.00000     0.00000
    -30.095         0.00000     0.00000     0.00000     0.00000
    -29.945         0.00000     0.00000     0.00000     0.00000
    -29.795         0.00000     0.00000     0.00000     0.00000
    -29.645         0.00000     0.00000     0.00000     0.00000
    -29.495         0.00000     0.00000     0.00000     0.00000
    -29.345         0.00000     0.00000     0.00000     0.00000
    -29.195         0.00000     0.00000     0.00000     0.00000
    -29.045         0.00000     0.00000     0.00000     0.00000
    -28.895         0.00000     0.00000     0.00000     0.00000
    -28.745         0.00000     0.00000     0.00000     0.00000
    -28.595         0.00000     0.00000     0.00000     0.00000
    -28.445         0.00000     0.00000     0.00000     0.00000
    -28.295         0.00000     0.00000     0.00000     0.00000
    -28.145        -0.00000    -0.00000     0.00000     0.00000
    -27.995        -0.00000    -0.00000     0.00000     0.00000
    -27.845        -0.00000    -0.00000     0.00000     0.00000
    -27.695        -0.00000    -0.00000     0.00000     0.00000
    -27.545        -0.00000    -0.00000     0.00000     0.00000
    -27.395        -0.00000    -0.00000     0.00000     0.00000
    -27.245        -0.00000    -0.00000     0.00000     0.00000
    -27.095        -0.00000    -0.00000     0.00000     0.00000
    -26.945        -0.00000    -0.00000     0.00000     0.00000
    -26.795        -0.00000    -0.00000     0.00000     0.00000
    -26.645        -0.00000    -0.00000     0.00000     0.00000
    -26.495        -0.00000    -0.00000     0.00000     0.00000
    -26.345        -0.00000    -0.00000     0.00000     0.00000
    -26.195        -0.00000    -0.00000     0.00000     0.00000
    -26.045        -0.00000    -0.00000     0.00000     0.00000
    -25.895        -0.00000    -0.00000     0.00000     0.00000
    -25.745        -0.00000    -0.00000     0.00000     0.00000
    -25.595        -0.00000    -0.00000     0.00000     0.00000
    -25.445        -0.00000    -0.00000     0.00000     0.00000
    -25.295        -0.00000    -0.00000     0.00000     0.00000
    -25.145        -0.00000    -0.00000     0.00000     0.00000
    -24.995        -0.00001    -0.00001     0.00000     0.00000
    -24.845        -0.00001    -0.00001     0.00000     0.00000
    -24.695        -0.00001    -0.00001     0.00000     0.00000
    -24.545        -0.00001    -0.00001     0.00000     0.00000
    -24.395        -0.00001    -0.00001     0.00000     0.00000
    -24.245        -0.00002    -0.00002     0.00000     0.00000
    -24.095        -0.00002    -0.00002     0.00000     0.00000
    -23.945        -0.00003    -0.00003     0.00000     0.00000
    -23.795        -0.00003    -0.00003     0.00000     0.00000
    -23.645        -0.00004    -0.00004     0.00000     0.00000
    -23.495        -0.00005    -0.00005     0.00000     0.00000
    -23.345        -0.00006    -0.00006     0.00000     0.00000
    -23.195        -0.00007    -0.00007     0.00000     0.00000
    -23.045        -0.00008    -0.00008     0.00000     0.00000
    -22.895        -0.00009    -0.00009     0.00000     0.00000
    -22.745        -0.00011    -0.00011     0.00000     0.00000
    -22.595        -0.00012    -0.00012     0.00000     0.00000
    -22.445        -0.00014    -0.00014     0.00000     0.00000
    -22.295        -0.00017    -0.00017     0.00000     0.00000
    -22.145        -0.00020    -0.00020     0.00000     0.00000
    -21.995        -0.00023    -0.00023     0.00000     0.00000
    -21.845        -0.00101    -0.00101     0.00000     0.00000
    -21.695        -0.00104    -0.00104     0.00000     0.00000
    -21.545        -0.00108    -0.00108     0.00000     0.00000
    -21.395        -0.00196    -0.00196     0.00000     0.00000
    -21.245        -0.00201    -0.00201     0.00000     0.00000
    -21.095        -0.00299    -0.00299     0.00000     0.00000
    -20.945        -0.00401    -0.00401     0.00000     0.00000
    -20.795        -0.00409    -0.00409     0.00000     0.00000
    -20.645        -0.00419    -0.00419    -0.00000     0.00000
    -20.495        -0.00429    -0.00429    -0.00000     0.00000
    -20.345        -0.00561    -0.00561    -0.00000     0.00000
    -20.195        -0.00701    -0.00701    -0.00000     0.00000
    -20.045        -0.00761    -0.00716    -0.00045     0.00000
    -19.895        -0.00823    -0.00731    -0.00091     0.00000
    -19.745        -0.00841    -0.00750    -0.00091     0.00000
    -19.595        -0.01020    -0.00929    -0.00091     0.00000
    -19.445        -0.01228    -0.00950    -0.00278     0.00000
    -19.295        -0.01475    -0.01142    -0.00333     0.00000
    -19.145        -0.01672    -0.01339    -0.00333     0.00000
    -18.995        -0.01765    -0.01365    -0.00400     0.00000
    -18.845        -0.02055    -0.01394    -0.00660     0.00000
    -18.695        -0.02399    -0.01424    -0.00975     0.00000
    -18.545        -0.02899    -0.01458    -0.01441     0.00000
    -18.395        -0.03511    -0.01680    -0.01831     0.00000
    -18.245        -0.03909    -0.01717    -0.02193     0.00000
    -18.095        -0.04870    -0.01944    -0.02926     0.00000
    -17.945        -0.05610    -0.01984    -0.03626     0.00000
    -17.795        -0.06322    -0.02026    -0.04296     0.00000
    -17.645        -0.07362    -0.02382    -0.04980     0.00000
    -17.495        -0.08100    -0.02428    -0.05673     0.00000
    -17.345        -0.08848    -0.02475    -0.06372     0.00000
    -17.195        -0.09900    -0.02526    -0.07374     0.00000
    -17.045        -0.10906    -0.02906    -0.08000     0.00000
    -16.895        -0.12173    -0.03290    -0.08883     0.00000
    -16.745        -0.13101    -0.03543    -0.09558     0.00000
    -16.595        -0.14321    -0.04122    -0.10199     0.00000
    -16.445        -0.15509    -0.04625    -0.10884     0.00000
    -16.295        -0.16603    -0.05030    -0.11572     0.00000
    -16.145        -0.17276    -0.05295    -0.11981     0.00000
    -15.995        -0.18095    -0.05822    -0.12273     0.00000
    -15.845        -0.18869    -0.06093    -0.12775     0.00000
    -15.695        -0.19662    -0.06519    -0.13142     0.00000
    -15.545        -0.20452    -0.06801    -0.13651     0.00000
    -15.395        -0.21165    -0.07083    -0.14082     0.00000
    -15.245        -0.22107    -0.07835    -0.14271     0.00000
    -15.095        -0.22634    -0.07927    -0.14707     0.00000
    -14.945        -0.23595    -0.08701    -0.14893     0.00000
    -14.795        -0.24615    -0.09280    -0.15335     0.00000
    -14.645        -0.25594    -0.10072    -0.15522     0.00000
    -14.495        -0.26351    -0.10525    -0.15826     0.00000
    -14.345        -0.27101    -0.10826    -0.16275     0.00000
    -14.195        -0.28071    -0.11291    -0.16780     0.00000
    -14.045        -0.28798    -0.12014    -0.16784     0.00000
    -13.895        -0.29826    -0.12739    -0.17087     0.00000
    -13.745        -0.30860    -0.13468    -0.17392     0.00000
    -13.595        -0.31898    -0.14199    -0.17699     0.00000
    -13.445        -0.32970    -0.14807    -0.18163     0.00000
    -13.295        -0.34269    -0.15922    -0.18347     0.00000
    -13.145        -0.35779    -0.17037    -0.18742     0.00000
    -12.995        -0.37515    -0.18374    -0.19141     0.00000
    -12.845        -0.38753    -0.19216    -0.19537     0.00000
    -12.695        -0.39529    -0.19687    -0.19842     0.00000
    -12.545        -0.40738    -0.20891    -0.19847     0.00000
    -12.395        -0.42622    -0.22297    -0.20325     0.00000
    -12.245        -0.44675    -0.23870    -0.20805     0.00000
    -12.095        -0.45796    -0.24990    -0.20807     0.00000
    -11.945        -0.47218    -0.25930    -0.21288     0.00000
    -11.795        -0.48945    -0.27046    -0.21899     0.00000
    -11.645        -0.51128    -0.28520    -0.22608     0.00000
    -11.495        -0.53139    -0.29863    -0.23276     0.00000
    -11.345        -0.55231    -0.31398    -0.23833     0.00000
    -11.195        -0.57535    -0.33141    -0.24395     0.00000
    -11.045        -0.59562    -0.34544    -0.25018     0.00000
    -10.895        -0.61636    -0.36128    -0.25508     0.00000
    -10.745        -0.64137    -0.37715    -0.26422     0.00000
    -10.595        -0.66705    -0.39359    -0.27346     0.00000
    -10.445        -0.69761    -0.41156    -0.28605     0.00000
    -10.295        -0.73054    -0.43224    -0.29830     0.00000
    -10.145        -0.76271    -0.45069    -0.31203     0.00000
    -9.9950        -0.79886    -0.47246    -0.32640     0.00000
    -9.8450        -0.83755    -0.49605    -0.34150     0.00000
    -9.6950        -0.87572    -0.51718    -0.35854     0.00000
    -9.5450        -0.91700    -0.53982    -0.37718     0.00000
    -9.3950        -0.96093    -0.56426    -0.39668     0.00000
    -9.2450        -1.00329    -0.58662    -0.41667     0.00000
    -9.0950        -1.04692    -0.60940    -0.43752     0.00000
    -8.9450        -1.08999    -0.63147    -0.45852     0.00000
    -8.7950        -1.13965    -0.65741    -0.48224     0.00000
    -8.6450        -1.18791    -0.68237    -0.50554     0.00000
    -8.4950        -1.24159    -0.70813    -0.53346     0.00000
    -8.3450        -1.29063    -0.73177    -0.55886     0.00000
    -8.1950        -1.34434    -0.75982    -0.58453     0.00000
    -8.0450        -1.40586    -0.79134    -0.61425    -0.00027
    -7.8950        -1.46381    -0.81880    -0.64406    -0.00095
    -7.7450        -1.52175    -0.84739    -0.67197    -0.00240
    -7.5950        -1.58279    -0.87330    -0.70340    -0.00609
    -7.4450        -1.65469    -0.90618    -0.73535    -0.01316
    -7.2950        -1.72229    -0.93246    -0.76616    -0.02367
    -7.1450        -1.80494    -0.96334    -0.79648    -0.04511
    -6.9950        -1.89915    -0.99133    -0.83103    -0.07680
    -6.8450        -2.01312    -1.02370    -0.86742    -0.12200
    -6.6950        -2.13972    -1.05806    -0.90262    -0.17905
    -6.5450        -2.28463    -1.09278    -0.94139    -0.25046
    -6.3950        -2.44691    -1.12673    -0.98107    -0.33911
    -6.2450        -2.64366    -1.16804    -1.02319    -0.45244
    -6.0950        -2.86782    -1.21035    -1.06970    -0.58777
    -5.9450        -3.13303    -1.25483    -1.11494    -0.76326
    -5.7950        -3.46453    -1.29747    -1.16613    -1.00092
    -5.6450        -3.85787    -1.34459    -1.21675    -1.29653
    -5.4950        -4.33691    -1.39252    -1.27324    -1.67115
    -5.3450        -4.86377    -1.44328    -1.33000    -2.09049
    -5.1950        -5.43096    -1.49498    -1.39241    -2.54358
    -5.0450        -6.05583    -1.55596    -1.46003    -3.03984
    -4.8950        -6.71608    -1.61693    -1.53081    -3.56833
    -4.7450        -7.39632    -1.67697    -1.60576    -4.11359
    -4.5950        -8.10031    -1.74106    -1.68609    -4.67316
    -4.4450        -8.81850    -1.80958    -1.76996    -5.23896
    -4.2950        -9.55295    -1.88030    -1.85890    -5.81374
    -4.1450       -10.31731    -1.95733    -1.95999    -6.39999
    -3.9950       -11.10844    -2.04296    -2.06864    -6.99684
    -3.8450       -11.91041    -2.12958    -2.18185    -7.59898
    -3.6950       -12.76323    -2.22719    -2.31164    -8.22440
    -3.5450       -13.62295    -2.32411    -2.44181    -8.85703
    -3.3950       -14.53860    -2.43164    -2.58716    -9.51981
    -3.2450       -15.49254    -2.54273    -2.74041   -10.20940
    -3.0950       -16.49658    -2.66623    -2.89553   -10.93482
    -2.9450       -17.55082    -2.79691    -3.06144   -11.69246
    -2.7950       -18.66236    -2.93254    -3.23454   -12.49528
    -2.6450       -19.81505    -3.06933    -3.40804   -13.33768
    -2.4950       -21.04890    -3.21681    -3.59912   -14.23296
    -2.3450       -22.37568    -3.37191    -3.80483   -15.19894
    -2.1950       -23.79375    -3.53486    -4.01919   -16.23970
    -2.0450       -25.32044    -3.70719    -4.24459   -17.36866
    -1.8950       -26.93719    -3.89122    -4.47753   -18.56844
    -1.7450       -28.68929    -4.08474    -4.73055   -19.87400
    -1.5950       -30.56799    -4.28940    -5.00776   -21.27082
    -1.4450       -32.61433    -4.50917    -5.31211   -22.79305
    -1.2950       -34.83171    -4.74571    -5.64108   -24.44493
    -1.1450       -37.29124    -5.00465    -5.99382   -26.29277
   -0.99500       -40.07313    -5.28928    -6.39897   -28.38488
   -0.84500       -43.25936    -5.60162    -6.86906   -30.78868
   -0.69500       -46.98949    -5.96746    -7.39519   -33.62685
   -0.54500       -51.44303    -6.38070    -7.96442   -37.09791
   -0.39500       -57.03706    -6.78862    -8.52752   -41.72092
   -0.25300       -61.75208    -7.00179    -8.80938   -45.94091
   -0.21500       -62.09778    -7.01325    -8.82401   -46.26052
   -0.20900       -62.45131    -7.02470    -8.83831   -46.58831
   -0.20300       -62.81447    -7.03585    -8.85230   -46.92633
   -0.19700       -63.18699    -7.04683    -8.86558   -47.27457
   -0.19100       -63.57089    -7.05786    -8.87858   -47.63445
   -0.18500       -63.96643    -7.06851    -8.89126   -48.00666
   -0.17900       -64.37158    -7.07881    -8.90336   -48.38941
   -0.17300       -64.79032    -7.08892    -8.91537   -48.78602
   -0.16700       -65.22364    -7.09873    -8.92658   -49.19833
   -0.16100       -65.66974    -7.10819    -8.93760   -49.62395
   -0.15500       -66.12887    -7.11745    -8.94806   -50.06336
   -0.14900       -66.60413    -7.12649    -8.95804   -50.51960
   -0.14300       -67.09703    -7.13536    -8.96764   -50.99402
   -0.13700       -67.60681    -7.14372    -8.97678   -51.48632
   -0.13100       -68.13556    -7.15158    -8.98556   -51.99842
   -0.12500       -68.68183    -7.15911    -8.99387   -52.52884
   -0.11900       -69.24977    -7.16630    -9.00183   -53.08165
   -0.11300       -69.83918    -7.17330    -9.00929   -53.65659
   -0.10700       -70.45345    -7.17969    -9.01630   -54.25746
   -0.10100       -71.09196    -7.18585    -9.02305   -54.88306
   -0.95000E-01   -71.75444    -7.19161    -9.02919   -55.53365
   -0.89000E-01   -72.44792    -7.19700    -9.03504   -56.21587
   -0.83000E-01   -73.17159    -7.20198    -9.04056   -56.92905
   -0.77000E-01   -73.92789    -7.20661    -9.04555   -57.67572
   -0.71000E-01   -74.72089    -7.21094    -9.05019   -58.45976
   -0.65000E-01   -75.55477    -7.21488    -9.05431   -59.28557
   -0.59000E-01   -76.43428    -7.21841    -9.05805   -60.15782
   -0.53000E-01   -77.36734    -7.22167    -9.06151   -61.08416
   -0.47000E-01   -78.35236    -7.22453    -9.06454   -62.06329
   -0.41000E-01   -79.37693    -7.22709    -9.06714   -63.08270
   -0.35000E-01   -80.42107    -7.22925    -9.06936   -64.12246
   -0.29000E-01   -81.44878    -7.23106    -9.07124   -65.14648
   -0.23000E-01   -82.37347    -7.23246    -9.07272   -66.06829
   -0.19700E-01   -82.45693    -7.23258    -9.07284   -66.15151
   -0.19100E-01   -82.53835    -7.23269    -9.07296   -66.23269
   -0.18500E-01   -82.61787    -7.23281    -9.07309   -66.31197
   -0.17900E-01   -82.69516    -7.23292    -9.07322   -66.38903
   -0.17300E-01   -82.77045    -7.23302    -9.07333   -66.46409
   -0.16700E-01   -82.84355    -7.23313    -9.07344   -66.53697
   -0.16100E-01   -82.91440    -7.23323    -9.07354   -66.60763
   -0.15500E-01   -82.98308    -7.23332    -9.07364   -66.67611
   -0.14900E-01   -83.04975    -7.23342    -9.07373   -66.74260
   -0.14300E-01   -83.11380    -7.23351    -9.07382   -66.80647
   -0.13700E-01   -83.17555    -7.23359    -9.07391   -66.86805
   -0.13100E-01   -83.23489    -7.23368    -9.07399   -66.92722
   -0.12500E-01   -83.29174    -7.23375    -9.07407   -66.98392
   -0.11900E-01   -83.34615    -7.23383    -9.07414   -67.03817
   -0.11300E-01   -83.39801    -7.23390    -9.07421   -67.08990
   -0.10700E-01   -83.44738    -7.23397    -9.07428   -67.13914
   -0.10100E-01   -83.49417    -7.23403    -9.07434   -67.18580
   -0.95000E-02   -83.53829    -7.23409    -9.07440   -67.22979
   -0.89000E-02   -83.57984    -7.23415    -9.07446   -67.27123
   -0.83000E-02   -83.61860    -7.23420    -9.07451   -67.30989
   -0.77000E-02   -83.65473    -7.23424    -9.07456   -67.34593
   -0.71000E-02   -83.68808    -7.23429    -9.07460   -67.37919
   -0.65000E-02   -83.71865    -7.23433    -9.07464   -67.40967
   -0.59000E-02   -83.74649    -7.23437    -9.07468   -67.43744
   -0.53000E-02   -83.77155    -7.23440    -9.07472   -67.46243
   -0.47000E-02   -83.79382    -7.23443    -9.07475   -67.48464
   -0.41000E-02   -83.81329    -7.23446    -9.07477   -67.50406
   -0.35000E-02   -83.82990    -7.23448    -9.07479   -67.52063
   -0.29000E-02   -83.84372    -7.23450    -9.07481   -67.53441
   -0.23000E-02   -83.85469    -7.23451    -9.07483   -67.54535
   -0.17000E-02   -83.86279    -7.23452    -9.07484   -67.55342
   -0.11000E-02   -83.86803    -7.23453    -9.07485   -67.55865
   -0.50000E-03   -83.87042    -7.23454    -9.07485   -67.56103
    0.10000E-03   -83.86994    -7.23454    -9.07485   -67.56056
    0.70000E-03   -83.86660    -7.23453    -9.07484   -67.55722
    0.13000E-02   -83.86040    -7.23453    -9.07484   -67.55104
    0.19000E-02   -83.85135    -7.23451    -9.07483   -67.54201
    0.25000E-02   -83.83947    -7.23450    -9.07481   -67.53016
    0.31000E-02   -83.82474    -7.23448    -9.07479   -67.51546
    0.37000E-02   -83.80714    -7.23446    -9.07477   -67.49791
    0.43000E-02   -83.78673    -7.23443    -9.07475   -67.47755
    0.49000E-02   -83.76359    -7.23440    -9.07472   -67.45448
    0.55000E-02   -83.73761    -7.23436    -9.07468   -67.42857
    0.61000E-02   -83.70878    -7.23433    -9.07464   -67.39982
    0.67000E-02   -83.67727    -7.23429    -9.07459   -67.36839
    0.73000E-02   -83.64304    -7.23424    -9.07455   -67.33425
    0.79000E-02   -83.60607    -7.23420    -9.07450   -67.29737
    0.85000E-02   -83.56645    -7.23415    -9.07445   -67.25785
    0.91000E-02   -83.52411    -7.23409    -9.07439   -67.21563
    0.97000E-02   -83.47929    -7.23403    -9.07433   -67.17093
    0.10300E-01   -83.43182    -7.23397    -9.07426   -67.12359
    0.10900E-01   -83.38164    -7.23390    -9.07419   -67.07355
    0.11500E-01   -83.32903    -7.23382    -9.07411   -67.02110
    0.12100E-01   -83.27394    -7.23374    -9.07403   -66.96617
    0.12700E-01   -83.21648    -7.23366    -9.07396   -66.90885
    0.13300E-01   -83.15659    -7.23358    -9.07387   -66.84913
    0.13900E-01   -83.09427    -7.23349    -9.07379   -66.78699
    0.14500E-01   -83.02972    -7.23340    -9.07369   -66.72262
    0.15100E-01   -82.96260    -7.23331    -9.07360   -66.65569
    0.15700E-01   -82.89359    -7.23323    -9.07349   -66.58686
    0.16300E-01   -82.82232    -7.23312    -9.07339   -66.51581
    0.16900E-01   -82.74884    -7.23302    -9.07329   -66.44253
    0.17500E-01   -82.67341    -7.23291    -9.07318   -66.36732
    0.18100E-01   -82.59569    -7.23280    -9.07307   -66.28983
    0.18700E-01   -82.51593    -7.23268    -9.07295   -66.21030
    0.19300E-01   -82.43444    -7.23256    -9.07283   -66.12904
    0.20200E-01   -82.10086    -7.23204    -9.07233   -65.79649
    0.25000E-01   -81.13859    -7.23047    -9.07070   -64.83743
    0.31000E-01   -80.10605    -7.22846    -9.06873   -63.80886
    0.37000E-01   -79.07071    -7.22609    -9.06639   -62.77823
    0.43000E-01   -78.06256    -7.22337    -9.06360   -61.77559
    0.49000E-01   -77.09791    -7.22016    -9.06036   -60.81740
    0.55000E-01   -76.18502    -7.21658    -9.05678   -59.91166
    0.61000E-01   -75.32322    -7.21272    -9.05284   -59.05766
    0.67000E-01   -74.50752    -7.20841    -9.04851   -58.25060
    0.73000E-01   -73.73138    -7.20361    -9.04370   -57.48408
    0.79000E-01   -72.99075    -7.19849    -9.03848   -56.75378
    0.85000E-01   -72.28468    -7.19292    -9.03298   -56.05878
    0.91000E-01   -71.60983    -7.18698    -9.02722   -55.39563
    0.97000E-01   -70.96317    -7.18063    -9.02097   -54.76157
    0.10300       -70.34171    -7.17378    -9.01432   -54.15361
    0.10900       -69.74700    -7.16686    -9.00724   -53.57290
    0.11500       -69.17665    -7.15934    -8.99987   -53.01744
    0.12100       -68.63096    -7.15137    -8.99192   -52.48766
    0.12700       -68.10531    -7.14288    -8.98397   -51.97845
    0.13300       -67.59998    -7.13398    -8.97566   -51.49035
    0.13900       -67.11432    -7.12485    -8.96678   -51.02268
    0.14500       -66.64634    -7.11518    -8.95775   -50.57342
    0.15100       -66.19591    -7.10496    -8.94829   -50.14266
    0.15700       -65.76310    -7.09454    -8.93869   -49.72986
    0.16300       -65.34643    -7.08394    -8.92891   -49.33359
    0.16900       -64.94407    -7.07264    -8.91873   -48.95270
    0.17500       -64.55515    -7.06093    -8.90823   -48.58599
    0.18100       -64.18103    -7.04882    -8.89733   -48.23488
    0.18700       -63.81957    -7.03622    -8.88623   -47.89711
    0.19300       -63.47012    -7.02334    -8.87472   -47.57206
    0.19900       -63.13515    -7.00998    -8.86321   -47.26197
    0.20500       -62.81070    -6.99607    -8.85155   -46.96307
    0.21100       -62.49735    -6.98187    -8.83956   -46.67592
    0.21700       -62.19052    -6.96735    -8.82714   -46.39602
    0.29500       -56.32825    -6.49463    -8.46561   -41.36801
    0.44500       -52.57365    -5.91224    -8.05096   -38.61046
    0.59500       -49.77009    -5.32026    -7.65009   -36.79975
    0.74500       -47.59099    -4.78750    -7.29642   -35.50708
    0.89500       -45.82854    -4.32622    -6.99819   -34.50413
     1.0450       -44.37282    -3.94273    -6.72874   -33.70135
     1.1950       -43.12620    -3.60159    -6.48209   -33.04251
     1.3450       -42.02810    -3.28928    -6.25096   -32.48786
     1.4950       -41.06645    -2.99951    -6.03762   -32.02932
     1.6450       -40.21127    -2.73273    -5.83844   -31.64011
     1.7950       -39.45006    -2.48681    -5.65138   -31.31187
     1.9450       -38.76071    -2.25882    -5.47588   -31.02601
     2.0950       -38.13122    -2.04432    -5.31178   -30.77513
     2.2450       -37.56236    -1.84379    -5.15742   -30.56115
     2.3950       -37.03717    -1.65516    -5.01186   -30.37015
     2.5450       -36.56160    -1.47922    -4.87470   -30.20768
     2.6950       -36.11996    -1.31458    -4.74880   -30.05658
     2.8450       -35.70428    -1.16135    -4.62890   -29.91404
     2.9950       -35.31487    -1.01537    -4.51446   -29.78504
     3.1450       -34.95680    -0.88041    -4.40832   -29.66806
     3.2950       -34.62048    -0.75421    -4.30615   -29.56012
     3.4450       -34.30503    -0.63540    -4.20931   -29.46032
     3.5950       -34.00360    -0.52268    -4.11675   -29.36417
     3.7450       -33.72608    -0.41783    -4.03143   -29.27682
     3.8950       -33.46506    -0.32072    -3.94674   -29.19760
     4.0450       -33.21318    -0.22784    -3.86326   -29.12208
     4.1950       -32.97748    -0.14206    -3.78502   -29.05040
     4.3450       -32.75091    -0.06224    -3.70786   -28.98081
     4.4950       -32.53520     0.01273    -3.63425   -28.91368
     4.6450       -32.32821     0.08341    -3.56299   -28.84863
     4.7950       -32.13357     0.14824    -3.49400   -28.78782
     4.9450       -31.94759     0.20811    -3.42733   -28.72837
     5.0950       -31.77153     0.26208    -3.36292   -28.67069
     5.2450       -31.60372     0.31184    -3.30166   -28.61390
     5.3950       -31.45050     0.35592    -3.24626   -28.56017
     5.5450       -31.30310     0.40049    -3.19551   -28.50808
     5.6950       -31.15398     0.44315    -3.14018   -28.45695
     5.8450       -31.01513     0.48091    -3.08899   -28.40705
     5.9950       -30.88465     0.51483    -3.04114   -28.35835
     6.1450       -30.75677     0.54890    -2.99440   -28.31126
     6.2950       -30.63402     0.58163    -2.95013   -28.26552
     6.4450       -30.51845     0.61114    -2.90868   -28.22092
     6.5950       -30.40294     0.64100    -2.86655   -28.17739
     6.7450       -30.29146     0.66977    -2.82650   -28.13473
     6.8950       -30.18518     0.69699    -2.78914   -28.09303
     7.0450       -30.08465     0.72634    -2.75876   -28.05223
     7.1950       -29.98142     0.75249    -2.72152   -28.01239
     7.3450       -29.88039     0.77927    -2.68632   -27.97334
     7.4950       -29.78304     0.80527    -2.65325   -27.93505
     7.6450       -29.69522     0.82733    -2.62503   -27.89752
     7.7950       -29.60588     0.85010    -2.59526   -27.86072
     7.9450       -29.51744     0.87225    -2.56503   -27.82466
     8.0950       -29.43516     0.89438    -2.54032   -27.78923
     8.2450       -29.35606     0.91467    -2.51630   -27.75443
     8.3950       -29.27748     0.93435    -2.49156   -27.72026
     8.5450       -29.19694     0.95659    -2.46684   -27.68669
     8.6950       -29.12325     0.97609    -2.44563   -27.65371
     8.8450       -29.04884     0.99542    -2.42294   -27.62132
     8.9950       -28.97650     1.01531    -2.40242   -27.58939
     9.1450       -28.91090     1.03357    -2.38642   -27.55805
     9.2950       -28.84423     1.05230    -2.36931   -27.52722
     9.4450       -28.78070     1.06937    -2.35316   -27.49690
     9.5950       -28.71452     1.08670    -2.33419   -27.46703
     9.7450       -28.65733     1.10050    -2.32016   -27.43767
     9.8950       -28.59708     1.11374    -2.30213   -27.40869
     10.045       -28.53436     1.12904    -2.28322   -27.38018
     10.195       -28.48648     1.13843    -2.27288   -27.35203
     10.345       -28.43465     1.14953    -2.25989   -27.32429
     10.495       -28.39163     1.15786    -2.25250   -27.29699
     10.645       -28.35146     1.16212    -2.24350   -27.27007
     10.795       -28.31164     1.16793    -2.23606   -27.24350
     10.945       -28.27051     1.17381    -2.22701   -27.21730
     11.095       -28.22877     1.18221    -2.21955   -27.19144
     11.245       -28.19703     1.18470    -2.21572   -27.16600
     11.395       -28.15409     1.19064    -2.20383   -27.14091
     11.545       -28.11983     1.19101    -2.19474   -27.11610
     11.695       -28.08029     1.19545    -2.18407   -27.09167
     11.845       -28.04977     1.19799    -2.18029   -27.06747
     11.995       -28.01974     1.19833    -2.17452   -27.04355
     12.145       -27.99425     1.19864    -2.17291   -27.01998
     12.295       -27.96690     1.20124    -2.17135   -26.99679
     12.445       -27.94206     1.20154    -2.16983   -26.97377
     12.595       -27.91752     1.20186    -2.16835   -26.95102
     12.745       -27.89337     1.20214    -2.16690   -26.92862
     12.895       -27.86950     1.20245    -2.16551   -26.90644
     13.045       -27.84600     1.20269    -2.16415   -26.88454
     13.195       -27.82264     1.20296    -2.16282   -26.86279
     13.345       -27.79968     1.20321    -2.16153   -26.84137
     13.495       -27.77701     1.20345    -2.16027   -26.82019
     13.645       -27.75457     1.20367    -2.15908   -26.79916
     13.795       -27.72993     1.20391    -2.15544   -26.77840
     13.945       -27.70800     1.20413    -2.15430   -26.75783
     14.095       -27.68635     1.20434    -2.15318   -26.73751
     14.245       -27.66495     1.20454    -2.15209   -26.71740
     14.395       -27.64386     1.20472    -2.15106   -26.69751
     14.545       -27.62308     1.20490    -2.15005   -26.67793
     14.695       -27.60250     1.20504    -2.14904   -26.65850
     14.845       -27.58206     1.20521    -2.14807   -26.63921
     14.995       -27.56190     1.20536    -2.14712   -26.62015
     15.145       -27.54197     1.20552    -2.14619   -26.60129
     15.295       -27.52226     1.20567    -2.14529   -26.58265
     15.445       -27.50271     1.20582    -2.14440   -26.56414
     15.595       -27.48343     1.20597    -2.14354   -26.54586
     15.745       -27.46430     1.20612    -2.14271   -26.52770
     15.895       -27.44539     1.20624    -2.14190   -26.50973
     16.045       -27.42664     1.20638    -2.14112   -26.49190
     16.195       -27.40808     1.20653    -2.14035   -26.47426
     16.345       -27.38974     1.20667    -2.13958   -26.45682
     16.495       -27.37158     1.20678    -2.13884   -26.43952
     16.645       -27.35356     1.20690    -2.13813   -26.42233
     16.795       -27.33575     1.20701    -2.13742   -26.40535
     16.945       -27.31813     1.20711    -2.13673   -26.38851
     17.095       -27.30062     1.20722    -2.13607   -26.37177
     17.245       -27.28325     1.20735    -2.13541   -26.35518
     17.395       -27.26600     1.20746    -2.13477   -26.33869
     17.545       -27.24900     1.20757    -2.13413   -26.32244
     17.695       -27.23219     1.20767    -2.13352   -26.30634
     17.845       -27.21545     1.20778    -2.13290   -26.29033
     17.995       -27.19889     1.20786    -2.13231   -26.27445
     18.145       -27.18248     1.20794    -2.13172   -26.25870
     18.295       -27.16617     1.20803    -2.13115   -26.24306
     18.445       -27.15010     1.20811    -2.13060   -26.22761
     18.595       -27.13414     1.20819    -2.13005   -26.21227
     18.745       -27.11832     1.20828    -2.12951   -26.19708
     18.895       -27.10265     1.20836    -2.12899   -26.18202
     19.045       -27.08707     1.20845    -2.12847   -26.16705
     19.195       -27.07160     1.20853    -2.12796   -26.15217
     19.345       -27.05628     1.20862    -2.12746   -26.13744
     19.495       -27.04106     1.20871    -2.12697   -26.12280
     19.645       -27.02595     1.20877    -2.12650   -26.10823
     19.795       -27.01102     1.20884    -2.12602   -26.09384
     19.945       -26.99616     1.20890    -2.12556   -26.07950
     20.095       -26.98144     1.20900    -2.12512   -26.06533
     20.245       -26.96684     1.20907    -2.12468   -26.05123
     20.395       -26.95233     1.20914    -2.12423   -26.03724
     20.545       -26.93796     1.20919    -2.12380   -26.02335
     20.695       -26.92370     1.20926    -2.12338   -26.00958
     20.845       -26.90960     1.20931    -2.12296   -25.99594
     20.995       -26.89557     1.20937    -2.12254   -25.98240
     21.145       -26.88164     1.20944    -2.12214   -25.96894
     21.295       -26.86783     1.20950    -2.12174   -25.95559
     21.445       -26.85413     1.20956    -2.12135   -25.94234
     21.595       -26.84053     1.20961    -2.12096   -25.92918
     21.745       -26.82702     1.20968    -2.12058   -25.91612
     21.895       -26.81361     1.20974    -2.12020   -25.90315
     22.045       -26.80023     1.20980    -2.11983   -25.89020
     22.195       -26.78701     1.20985    -2.11947   -25.87739
     22.345       -26.77388     1.20989    -2.11911   -25.86466
     22.495       -26.76082     1.20994    -2.11875   -25.85202
     22.645       -26.74787     1.21000    -2.11841   -25.83946
     22.795       -26.73501     1.21006    -2.11806   -25.82701
     22.945       -26.72224     1.21010    -2.11771   -25.81463
     23.095       -26.70956     1.21016    -2.11738   -25.80235
     23.245       -26.69696     1.21022    -2.11706   -25.79012
     23.395       -26.68450     1.21027    -2.11673   -25.77805
     23.545       -26.67210     1.21031    -2.11640   -25.76601
     23.695       -26.65975     1.21036    -2.11607   -25.75404
     23.845       -26.64746     1.21040    -2.11575   -25.74211
     23.995       -26.63528     1.21044    -2.11544   -25.73028
     24.145       -26.62315     1.21048    -2.11513   -25.71851
     24.295       -26.61111     1.21053    -2.11482   -25.70681
     24.445       -26.59918     1.21058    -2.11452   -25.69524
     24.595       -26.58734     1.21062    -2.11422   -25.68373
     24.745       -26.57558     1.21065    -2.11393   -25.67230
     24.895       -26.56384     1.21068    -2.11363   -25.66089
     25.045       -26.55223     1.21072    -2.11334   -25.64961
     25.195       -26.54066     1.21075    -2.11306   -25.63836
     25.345       -26.52914     1.21080    -2.11277   -25.62717
     25.495       -26.51770     1.21085    -2.11249   -25.61606
     25.645       -26.50639     1.21089    -2.11222   -25.60505
     25.795       -26.49510     1.21090    -2.11195   -25.59405
     25.945       -26.48387     1.21093    -2.11168   -25.58312
     26.095       -26.47272     1.21097    -2.11141   -25.57228
     26.245       -26.46163     1.21101    -2.11115   -25.56149
     26.395       -26.45058     1.21105    -2.11088   -25.55075
     26.545       -26.43964     1.21109    -2.11063   -25.54011
     26.695       -26.42875     1.21113    -2.11037   -25.52951
     26.845       -26.41790     1.21116    -2.11012   -25.51894
     26.995       -26.40711     1.21120    -2.10986   -25.50845
     27.145       -26.39646     1.21122    -2.10961   -25.49807
     27.295       -26.38580     1.21125    -2.10936   -25.48769
     27.445       -26.37522     1.21128    -2.10912   -25.47738
     27.595       -26.36471     1.21132    -2.10888   -25.46715
     27.745       -26.35421     1.21135    -2.10864   -25.45693
     27.895       -26.34379     1.21137    -2.10839   -25.44677
     28.045       -26.33344     1.21141    -2.10815   -25.43669
     28.195       -26.32318     1.21143    -2.10792   -25.42669
     28.345       -26.31294     1.21146    -2.10769   -25.41671
     28.495       -26.30275     1.21150    -2.10746   -25.40679
     28.645       -26.29266     1.21152    -2.10724   -25.39694
     28.795       -26.28259     1.21155    -2.10701   -25.38712
     28.945       -26.27257     1.21158    -2.10679   -25.37735
     29.095       -26.26265     1.21160    -2.10657   -25.36767
     29.245       -26.25277     1.21162    -2.10636   -25.35803
     29.395       -26.24291     1.21163    -2.10614   -25.34840
     29.545       -26.23313     1.21164    -2.10592   -25.33885
     29.695       -26.22340     1.21166    -2.10571   -25.32935
     29.845       -26.21370     1.21169    -2.10549   -25.31989
     29.995       -26.20402     1.21171    -2.10527   -25.31046
     30.145       -26.19444     1.21172    -2.10506   -25.30110
     35.794       -25.56258     1.21289    -2.09239   -24.68309
     49.810       -24.94182     1.21347    -2.08125   -24.07404
     69.316       -24.33239     1.21385    -2.07102   -23.47522
     96.460       -23.73541     1.21389    -2.06136   -22.88794
     134.23       -23.15233     1.21392    -2.05223   -22.31401
     186.80       -22.58372     1.21381    -2.04347   -21.75405
     259.95       -22.03059     1.21359    -2.03505   -21.20913
     361.74       -21.49294     1.21330    -2.02691   -20.67933
     503.40       -20.97063     1.21304    -2.01906   -20.16461
     700.53       -20.46377     1.21290    -2.01148   -19.66519
     974.85       -19.97231     1.21285    -2.00412   -19.18104
     1356.6       -19.49580     1.21276    -1.99704   -18.71153
     1887.8       -19.03359     1.21283    -1.99012   -18.25630
     2627.1       -18.58574     1.21286    -1.98348   -17.81512
     3655.9       -18.15120     1.21292    -1.97700   -17.38712
     5087.5       -17.72959     1.21304    -1.97075   -16.97189
     7079.7       -17.32055     1.21327    -1.96471   -16.56911
     9852.1       -16.92437     1.21340    -1.95887   -16.17890
     13710.       -16.54111     1.21364    -1.95322   -15.80152
     19079.       -16.17081     1.21387    -1.94778   -15.43689
     26550.       -15.81323     1.21407    -1.94254   -15.08476
     36947.       -15.46848     1.21428    -1.93750   -14.74526
     51416.       -15.13760     1.21450    -1.93270   -14.41939
     71550.       -14.82127     1.21467    -1.92809   -14.10785
     99568.       -14.51913     1.21486    -1.92367   -13.81031
    0.13856E+06   -14.22938     1.21503    -1.91946   -13.52496
    0.19282E+06   -13.95259     1.21513    -1.91544   -13.25228
    0.26832E+06   -13.68860     1.21520    -1.91160   -12.99220
    0.37340E+06   -13.43642     1.21526    -1.90793   -12.74375
    0.51962E+06   -13.19555     1.21527    -1.90444   -12.50638
    0.72310E+06   -12.96532     1.21531    -1.90112   -12.27951
    0.10063E+07   -12.74556     1.21533    -1.89797   -12.06292
    0.14003E+07   -12.53607     1.21530    -1.89494   -11.85643
    0.19487E+07   -12.33669     1.21523    -1.89209   -11.65983
    0.27118E+07   -12.14671     1.21519    -1.88935   -11.47255
    0.37737E+07   -11.96591     1.21510    -1.88675   -11.29427
    0.52514E+07   -11.79376     1.21504    -1.88429   -11.12451
    0.73079E+07   -11.62993     1.21491    -1.88195   -10.96290
    0.10170E+08   -11.47391     1.21482    -1.87973   -10.80900
    0.14152E+08   -11.32557     1.21471    -1.87762   -10.66266
    0.19694E+08   -11.18449     1.21454    -1.87562   -10.52341
    0.27406E+08   -11.05037     1.21439    -1.87370   -10.39105
    0.38138E+08   -10.92294     1.21422    -1.87188   -10.26528
    0.53073E+08   -10.80200     1.21405    -1.87018   -10.14587
    0.73856E+08   -10.68797     1.21391    -1.86859   -10.03329
    0.10278E+09   -10.58054     1.21376    -1.86712    -9.92717
    0.14302E+09   -10.48026     1.21362    -1.86575    -9.82813
    0.19903E+09   -10.38763     1.21349    -1.86449    -9.73663
    0.27697E+09   -10.30210     1.21338    -1.86331    -9.65217
    0.38543E+09   -10.22290     1.21330    -1.86222    -9.57398
    0.53637E+09   -10.14952     1.21322    -1.86123    -9.50152
    0.74641E+09   -10.08218     1.21314    -1.86032    -9.43501
    0.10387E+10   -10.02085     1.21307    -1.85949    -9.37443
    0.14454E+10    -9.96449     1.21302    -1.85873    -9.31878
    0.20115E+10    -9.91272     1.21297    -1.85803    -9.26766
    0.27992E+10    -9.86502     1.21291    -1.85739    -9.22054
    0.38953E+10    -9.82116     1.21287    -1.85679    -9.17724
    0.54207E+10    -9.78076     1.21283    -1.85625    -9.13734
    0.75434E+10    -9.74358     1.21280    -1.85574    -9.10064
    0.10497E+11    -9.70931     1.21278    -1.85528    -9.06682
    0.14608E+11    -9.67774     1.21276    -1.85485    -9.03565
    0.20329E+11    -9.64865     1.21273    -1.85446    -9.00691
    0.28289E+11    -9.62189     1.21272    -1.85410    -8.98051
    0.39367E+11    -9.59728     1.21269    -1.85376    -8.95621
    0.54783E+11    -9.57459     1.21268    -1.85346    -8.93381
    0.10000E+12    -9.31079     1.21261    -1.84993    -8.67347
