#"Time (ps)"	"Potential Energy (kJ/mole)"	"Kinetic Energy (kJ/mole)"	"Temperature (K)"	"Box Volume (nm^3)"	"Density (g/mL)"	"Speed (ns/day)"	"Time Remaining"
100.99999999994601	-57269.5808376926	7304.9246301761395	287.8229148301214	31.94544429023039	1.1800540893856881	0	--
101.99999999994368	-57420.55349987018	7461.440050598525	293.98981275207115	31.98097477630715	1.1787430631994633	301	1:54
102.99999999994135	-57005.77259771648	7490.040780189073	295.11671628274064	31.850784204831186	1.183561193642794	298	1:54
103.99999999993902	-57468.03605915213	7579.225908312901	298.63071879962615	31.792497834084823	1.1857310604740725	297	1:55
104.99999999993669	-57117.08471907873	7687.312545387593	302.8894637575838	31.964794145491812	1.1793397448563185	300	1:53
105.99999999993436	-56925.475031726965	7426.77260002189	292.6238730360777	31.933312244762316	1.1805024133727988	298	1:54
106.99999999993203	-56912.75058197818	7674.265889573215	302.3754096508833	32.27331365474409	1.1680657454394257	299	1:53
107.9999999999297	-56737.646646410896	7499.193575538838	295.4773475513413	32.11028598400455	1.1739961515978916	300	1:52
108.99999999992737	-57194.22613434988	7380.082718448355	290.78423491687596	31.98201066601832	1.1787048839922822	301	1:52
109.99999999992504	-57239.11900000248	7542.132203645379	297.16918172159114	31.92557111114705	1.1807886549840527	302	1:51
110.99999999992271	-57150.33565496685	7248.3895068069705	285.59536221018396	32.025845313927846	1.177091558471205	301	1:51
111.99999999992038	-57035.09315559242	7525.184005352164	296.50140209608736	32.486736886214324	1.1603920795112497	301	1:51
112.99999999991805	-57112.40981488436	7539.738746105651	297.074876583553	31.996792309345576	1.1781603545589934	301	1:51
113.99999999991572	-57117.44050503688	7753.155592891317	305.48375990891356	31.888546216497176	1.182159635500309	300	1:51
114.99999999991338	-57159.79243848467	7668.131619115431	302.1337119342194	31.76707709408688	1.1866799095263958	301	1:50
115.99999999991105	-57068.058177974366	7573.160949961737	298.3917520642618	31.958532889191762	1.1795707989047939	301	1:50
116.99999999990872	-57460.75800866124	7587.411193234796	298.95322898066246	32.140875006361306	1.1728788393118736	301	1:49
117.9999999999064	-57235.6491987913	7560.26787426002	297.8837492007875	31.802246383196273	1.185367590631826	300	1:49
118.99999999990406	-56929.481762546406	7562.155761715274	297.9581342626125	32.14265047002593	1.1728140530004851	301	1:49
119.99999999990173	-57107.71773965008	7498.56116055221	295.45242963171194	31.93510786442495	1.1804360371027	301	1:49
120.9999999998994	-57386.4892575673	7778.3040003991555	306.4746377507384	32.141379519506394	1.1728604290009015	301	1:48
121.99999999989707	-56978.683748629235	7459.057210170318	293.8959259411398	32.045194493651394	1.1763808198885308	301	1:48
122.99999999989474	-57165.92328883259	7603.407504622028	299.58350310436583	31.872220116127288	1.1827651802911043	301	1:48
123.99999999989241	-57435.8740245286	7349.861411417712	289.59347866408683	32.111699279276344	1.173944481856103	300	1:48
124.99999999989008	-57548.324233497726	7522.037446772091	296.37742386112257	31.91345851209039	1.1812368176155978	301	1:47
125.99999999988775	-57241.426259051805	7406.9871696000955	291.84430301400727	32.0797647202078	1.1751131126028058	301	1:47
126.99999999988542	-57593.89846406807	7495.824373640719	295.34459689886205	31.27630648736344	1.2053006382694171	300	1:47
127.99999999988309	-57456.87386830253	7639.173134103092	300.9927124048218	31.661474539398142	1.1906379194380268	300	1:47
128.99999999988785	-57182.14831060209	7466.830491047066	294.20220266170946	31.75531518055784	1.1871194462276735	300	1:46
129.99999999989262	-57301.25560012524	7496.1372040606675	295.3569227978789	31.47643867143061	1.1976371458485493	300	1:46
130.9999999998974	-57140.16654438383	7371.191702719854	290.43391808373485	31.90210391225904	1.1816572435350596	300	1:46
131.99999999990217	-57215.05788816218	7526.965875937394	296.5716099642935	31.832982930494627	1.1842230511114504	300	1:45
132.99999999990695	-57112.36335949894	7286.525459386854	287.09796512356957	31.821404371151502	1.1846539433722965	300	1:45
133.99999999991172	-57050.30152602587	7411.210792273169	292.0107188841841	31.859538896563073	1.183235962526619	300	1:45
134.9999999999165	-57395.987864702445	7399.198353783557	291.53741419791595	31.26556605969022	1.205714686244915	300	1:45
135.99999999992127	-57231.02778007847	7374.626019299185	290.56923433384776	31.89538119804358	1.1819063060529078	299	1:45
136.99999999992605	-57220.0875947889	7520.954004447799	296.33473491584033	31.891970603239695	1.1820327016136039	299	1:44
137.99999999993082	-57532.07689661576	7493.13344068683	295.2385708677102	31.944137808751854	1.1801023523508896	299	1:44
138.9999999999356	-57220.1225156312	7422.821269682179	292.46818581500304	32.03140336406258	1.1768873109763076	299	1:44
139.99999999994037	-57347.603895433625	7408.814957978452	291.91632009910876	31.94595418913551	1.1800352541903267	299	1:44
140.99999999994515	-57487.89673106323	7552.172258709885	297.5647721020563	31.89197086028297	1.1820326920866433	299	1:43
141.99999999994992	-57347.45190936685	7419.174849958701	292.32451244304656	31.73068221588385	1.1880410233681769	299	1:43
142.9999999999547	-57068.96051629781	7439.017825995304	293.1063498323286	31.683828622573696	1.189797881467864	299	1:43
143.99999999995947	-56924.83710815062	7750.38681134002	305.3746665483428	31.833062421290123	1.1842200939711307	298	1:43
144.99999999996425	-57206.1366685605	7676.358395947314	302.4578569469726	31.93991978200616	1.180258198180148	299	1:42
145.99999999996902	-57534.98284497936	7577.143451362859	298.5486674630671	31.446313795873007	1.1987844558390315	299	1:42
146.9999999999738	-57519.44114352195	7440.377330174238	293.15991595043585	31.61911815988548	1.1922328757338625	299	1:42
147.99999999997857	-57365.08173411977	7365.238389516995	290.199350302999	32.00841787388076	1.1777324427737659	299	1:41
148.99999999998334	-57464.96415819257	7531.461054674963	296.74872547368346	32.208948700271286	1.1703999569415175	298	1:41
149.99999999998812	-57450.23494159384	7503.423463679157	295.64401028854775	32.271295730525594	1.1681387845939797	298	1:41
150.9999999999929	-57471.11210710177	7517.310437704344	296.1911739547666	31.741813119960504	1.1876244129300693	299	1:41
151.99999999999767	-57393.79144054753	7479.438796482319	294.6989852303416	31.756628815608398	1.187070340205658	298	1:40
153.00000000000244	-57259.75789933189	7625.45869386469	300.45234677964146	31.65134693504525	1.1910188924752994	298	1:40
154.00000000000722	-56825.84514121039	7380.843097584794	290.81419477964056	32.05935780848803	1.1758611135357275	298	1:40
155.000000000012	-57214.27576868702	7651.750593316041	301.4882795947793	31.877081078941888	1.1825848194373125	298	1:39
156.00000000001677	-57194.49178285641	7807.7517596230855	307.6349152791381	31.518388052475174	1.1960431513555354	298	1:39
157.00000000002154	-57362.077671110164	7665.196068102298	302.0180476540238	31.835209130108623	1.184140239753482	298	1:39
158.00000000002632	-57335.681635815214	7606.309681225981	299.6978523922491	32.07081772189428	1.1754409413201095	298	1:39
159.0000000000311	-57317.84575400586	7308.429836783131	287.961024233542	31.926019501896146	1.18077207118445	298	1:38
160.00000000003587	-57577.94543330121	7338.056079479234	289.12833422782063	31.757042566577933	1.1870548742974854	298	1:38
161.00000000004064	-57570.344908025785	7582.63450487926	298.7650216499467	31.95645722087077	1.1796474155873857	298	1:38
162.00000000004542	-57573.9620218513	7490.550318748301	295.1367927216856	31.855224226497878	1.1833962273783518	298	1:37
163.0000000000502	-57643.15806858605	7666.207874744938	302.05791406632403	31.92557028183072	1.1807886856568743	298	1:37
164.00000000005497	-57170.7435201577	7278.45206366006	286.7798635129022	32.02313102060777	1.1771913292197995	298	1:37
165.00000000005974	-57130.50917037876	7400.241534799938	291.5785167986998	32.21526202829762	1.170170589915302	298	1:37
166.00000000006452	-57228.55840688554	7492.530375113271	295.2148093506511	32.012817806066636	1.177570571897147	298	1:36
167.0000000000693	-57303.16523703936	7801.4490638005245	307.3865813982595	31.810958486948188	1.1850429526477808	298	1:36
168.00000000007407	-56976.74842133038	7766.712775395916	306.0179293881219	31.75089668546695	1.1872846472768728	298	1:36
169.00000000007884	-57196.95339290876	7665.993322929829	302.0494604638664	31.619873930123585	1.192204379284877	298	1:36
170.00000000008362	-57061.06562716406	7521.568406081669	296.3589430874629	31.966907953089617	1.1792617611702914	298	1:35
171.0000000000884	-57478.98720587086	7204.696871926305	283.87381925599493	32.39393287440463	1.1637164378307028	298	1:35
172.00000000009317	-57279.96879124391	7437.230550705801	293.0359290122008	31.488779840633068	1.1971677646043453	298	1:35
173.00000000009794	-56909.595303727896	7185.247509621421	283.1074907264638	31.843433492150506	1.1838344059607002	297	1:34
174.00000000010272	-57513.255868637	7417.501407733811	292.2585767841107	31.628411720323935	1.1918825550037124	298	1:34
175.0000000001075	-57473.59687408633	7316.979506071703	288.2978916017973	31.895473880530755	1.18190287164662	298	1:34
176.00000000011227	-56863.11453382182	7356.661350155728	289.86140452059146	31.744257051861126	1.1875329799132568	298	1:34
177.00000000011704	-57239.297713056876	7495.972489677576	295.350432850856	31.92497163041928	1.1808108275970914	298	1:33
178.00000000012182	-57425.242394779314	7504.718413125092	295.6950328716621	31.603757701918678	1.192812339832628	297	1:33
179.0000000001266	-57363.262232283334	7573.059789781653	298.3877662301335	31.726285738276655	1.1882056564361243	298	1:33
180.00000000013137	-57348.25564583676	7489.458580483232	295.0937769062471	31.993418585546546	1.1782845922242065	298	1:32
181.00000000013614	-57163.542546585086	7314.795048330676	288.2118213100179	32.19541554462994	1.1708919277551246	298	1:32
182.00000000014091	-57410.971290141344	7593.858848440195	299.2072744375275	31.78926000529768	1.1858518306386119	298	1:32
183.0000000001457	-57382.60288757022	7476.263038925445	294.5738565201783	31.89076584807976	1.1820773559189683	298	1:31
184.00000000015046	-57377.286388571316	7441.919127460127	293.2206646386658	31.929917449008766	1.180627924645616	298	1:31
185.00000000015524	-57538.96861450674	7444.932915267769	293.3394115437183	32.094575465694305	1.1745708308939473	298	1:31
186.00000000016001	-57319.60774969595	7667.290609465312	302.10057513115123	31.932183947670687	1.1805441254411575	298	1:31
187.0000000001648	-57553.40324904889	7263.311351119453	286.183301024353	31.886010464675085	1.1822536473696537	298	1:30
188.00000000016956	-57407.20758397583	7578.197993143536	298.59021769178133	32.149315415361656	1.172570914337928	298	1:30
189.00000000017434	-57329.921271331696	7475.41456516689	294.54042562215983	32.11642895995103	1.17377159892021	298	1:30
190.0000000001791	-57331.73943049222	7703.776435852652	303.53816106563295	31.874239859470432	1.1826902331830345	298	1:29
191.0000000001839	-57149.74832693074	7478.277834983121	294.6532419352876	31.957293312499484	1.1796165527317817	298	1:29
192.00000000018866	-57188.47977771409	7486.307758994356	294.9696307074908	32.10113796713256	1.174330710971253	298	1:29
193.00000000019344	-57429.287560483004	7593.64734826013	299.19894107320204	31.68546874032075	1.1897362946049146	298	1:29
194.0000000001982	-57433.23679870792	7367.639207724864	290.29394546031403	32.06649276242476	1.175599478596627	298	1:28
195.000000000203	-57399.79228015154	7519.526837506416	296.2785028025998	32.00799734275519	1.1777479161926268	298	1:28
196.00000000020776	-56908.963825736806	7500.398326184939	295.5248161920405	32.26940094490665	1.1682073750389577	298	1:28
197.00000000021254	-57151.59234228055	7580.536505237132	298.6823579124161	32.015517407156935	1.1774712772095313	298	1:27
198.0000000002173	-57304.34074721101	7547.72313463573	297.38947120241744	31.91830717758988	1.1810573775791182	298	1:27
199.0000000002221	-57657.17015757607	7410.0967061050915	291.96682253418703	31.66499566121572	1.1905055214677311	298	1:27
200.00000000022686	-57553.460218633874	7387.900576426851	291.0922680294701	31.710859848886763	1.188783664384063	298	1:27
201.00000000023164	-57383.508653238096	7530.177724325544	296.69816069710333	31.718735137995886	1.1884885071211866	298	1:26
202.0000000002364	-57305.77930897678	7294.431255954517	287.40946312352963	32.10831679426562	1.1740681522944738	298	1:26
203.0000000002412	-57572.14462267369	7449.191579012421	293.50720807473294	31.86409354322968	1.183066831033039	298	1:26
204.00000000024596	-57598.94646521585	7574.610297957286	298.44885813801363	32.30916931592135	1.1667694642137554	298	1:25
205.00000000025074	-57165.640312340984	7500.990245350981	295.54813852708696	31.83466249431502	1.1841605727298343	298	1:25
206.0000000002555	-57388.03759558793	7488.398230861738	295.051997841541	31.416404997805827	1.19992571316043	298	1:25
207.0000000002603	-57413.57882614175	7324.724890696034	288.6030691760937	31.698666919167948	1.1892409314264807	298	1:25
208.00000000026506	-57190.4983386907	7534.3210990259295	296.861414699557	31.847323155211882	1.1836898187080382	298	1:24
209.00000000026984	-57371.46496384253	7482.4382794898975	294.8171685088737	31.967247001653707	1.1792492537746189	298	1:24
210.0000000002746	-57139.90754118358	7637.295848083311	300.9187450524482	32.102229271731	1.174290789989625	298	1:24
211.00000000027939	-57316.06779146998	7571.462146766761	298.3248171522601	32.129734114362506	1.1732855316433426	297	1:23
212.00000000028416	-57610.73253284514	7558.63307426227	297.81933609259846	31.799800019774704	1.185458781139723	297	1:23
213.00000000028894	-57455.30258512613	7556.203631977196	297.72361311182834	31.422683551776014	1.1996859564783544	297	1:23
214.0000000002937	-57684.448102996306	7699.517916598697	303.3703702277275	31.286638251221984	1.2049026127138054	298	1:23
215.00000000029848	-57291.24496819722	7727.472299900732	304.4718069285297	31.647494647483796	1.191163869109818	297	1:22
216.00000000030326	-57162.720799114904	7416.161579172329	292.2057859092609	30.978647684777062	1.2168817875950593	298	1:22
217.00000000030803	-57450.55566187127	7559.409020123734	297.8499093032616	31.582281611464083	1.1936234574719662	298	1:22
218.0000000003128	-57262.194813179754	7643.032363803671	301.14477074869995	31.835094525409893	1.1841445025972854	298	1:21
219.00000000031758	-57404.947579769185	7564.356945377413	298.0448635760261	31.80240299736726	1.1853617531684573	298	1:21
220.00000000032236	-57221.569570942025	7737.295402579111	304.8588491211195	32.139983320809804	1.1729113794381156	298	1:21
221.00000000032713	-57244.89194325535	7632.445847751257	300.727649140694	31.5091298735332	1.1963945790706774	298	1:21
222.0000000003319	-57261.206543564156	7682.256659888271	302.6902557198375	32.03571952251704	1.1767287494645657	298	1:20
223.00000000033668	-57101.352794194536	7715.744954193533	304.00973524462444	32.56353108110302	1.1576555404277162	298	1:20
224.00000000034146	-57025.01359894266	7693.858076952221	303.1473656620417	32.255566559952534	1.1687084181845644	298	1:20
225.00000000034623	-57147.66063010739	7771.662106717164	306.2129390616587	32.144416913836885	1.172749602924104	298	1:19
226.000000000351	-57046.199737932155	7336.085627687863	289.0506960307363	31.857544793766994	1.183310026430682	298	1:19
227.00000000035578	-57353.77355819571	7552.899911108249	297.5934424915378	31.750066082063917	1.1873157074537508	298	1:19
228.00000000036056	-57324.080985779845	7541.588466103993	297.14775780115554	31.89582056877937	1.1818900250783455	298	1:18
229.00000000036533	-57443.462633715884	7387.247007188523	291.0665166065954	31.605128328005097	1.1927606108950894	298	1:18
230.0000000003701	-57433.34304461299	7351.454385223884	289.65624376945783	31.951775838277417	1.1798202504528272	298	1:18
231.00000000037488	-57448.15306895599	7421.943967237707	292.43361903169733	31.681546311753362	1.1898835934641212	297	1:18
232.00000000037966	-57125.56153219327	7224.897169377658	284.6697355435999	31.88410111934436	1.1823244453662125	297	1:17
233.00000000038443	-57298.94583351255	7632.226103675575	300.7189909568548	31.853345010700313	1.1834660428682011	297	1:17
234.0000000003892	-57083.31244590628	7334.818155499155	289.00075608497514	31.60787770405684	1.1926568599413	297	1:17
235.00000000039398	-57128.05291606742	7346.526211100861	289.4620677152629	31.581173373499798	1.1936653437823634	298	1:16
236.00000000039876	-57126.361116133805	7735.308007931619	304.78054335489765	31.821161393313947	1.184662989071473	298	1:16
237.00000000040353	-57482.38958842543	7765.4893766241585	305.9697259885917	31.72567756779138	1.1882284339358054	298	1:16
238.0000000004083	-57288.79959082455	7619.437774011511	300.2151152146583	31.933587969402588	1.1804922205437443	298	1:16
239.00000000041308	-57372.01230101503	7469.21182016302	294.29602992509996	31.79260067473695	1.1857272249477893	298	1:15
240.00000000041786	-57459.91319387438	7651.703021216326	301.4864051961924	31.497022102670275	1.196854485133473	298	1:15
241.00000000042263	-57615.04703497258	7514.690005172857	296.0879257260015	31.77054454852758	1.186550394638299	298	1:15
242.0000000004274	-57411.25055765259	7552.367451527767	297.5724629364784	32.10440197900706	1.174211318328845	298	1:14
243.00000000043218	-57624.408262500394	7572.035145548437	298.34739400115114	31.844028460233893	1.1838122874122117	298	1:14
244.00000000043696	-57463.980142195855	7519.877335181409	296.29231283727705	31.830018391150418	1.1843333456071743	298	1:14
245.00000000044173	-57307.58814266315	7410.290108095995	291.97444280784816	31.88254833189339	1.1823820285475388	298	1:14
246.0000000004465	-57366.39754705029	7507.766667578957	295.8151378044948	31.589549079366453	1.1933488533570769	298	1:13
247.00000000045128	-57365.91414247567	7486.457609264866	294.97553499039986	31.658224201650636	1.1907601617769685	298	1:13
248.00000000045605	-57244.55306410766	7625.232808734137	300.44344663077146	31.70854428165284	1.188870477215236	298	1:13
249.00000000046083	-57114.06358060273	7334.311690519029	288.98080074878493	31.795465057037408	1.185620405435314	298	1:12
250.0000000004656	-56929.960470886435	7724.042801864867	304.33668053488987	32.28748121239345	1.1675532050316468	298	1:12
251.00000000047038	-57077.38719234109	7713.111495824804	303.90597378202966	32.23763312300687	1.169358557685979	298	1:12
252.00000000047515	-57218.98086965858	7393.688774933955	291.32033009037735	32.02235488096816	1.1772198613142508	298	1:11
253.00000000047993	-57296.927771666844	7417.252193852861	292.24875745410213	31.848482311404734	1.1836467371768569	298	1:11
254.0000000004847	-57397.99686273097	7360.634883366434	290.017966561787	31.693039122703627	1.1894521073217046	298	1:11
255.00000000048948	-57330.86302853649	7524.094865759422	296.4584886714991	31.72745735019868	1.1881617791125325	298	1:11
256.00000000049425	-57121.45099036544	7287.091990870249	287.12028715304274	31.40011522637983	1.2005482113727657	298	1:10
257.000000000499	-57378.014986016264	7497.541560079631	295.412256133033	31.76831339955146	1.1866337283257007	298	1:10
258.0000000005038	-57104.27092733755	7629.069716374452	300.59462545832673	31.77791418761858	1.1862752208770462	298	1:10
259.0000000005086	-56992.727023777	7453.777779976391	293.6879099705463	32.09270118886839	1.1746394281390276	298	1:09
260.00000000051335	-57284.90042059249	7468.241115495987	294.25778298062767	31.67613526863718	1.1900868541009653	298	1:09
261.0000000005181	-57491.37881201028	7558.876316540514	297.82892013419763	31.715879201837108	1.1885955275597555	298	1:09
262.0000000005229	-57162.40605208551	7453.114889981474	293.661791298526	31.685799371996154	1.1897238800686816	298	1:09
263.0000000005277	-57342.75784439655	7573.98475085765	298.4242108214846	31.798232246284698	1.1855172287551807	298	1:08
264.00000000053245	-57066.70261559164	7530.094675046326	296.6948884544959	31.53604893306275	1.1953733409008864	298	1:08
265.0000000005372	-57217.86316011057	7543.4649037340905	297.22169172594386	31.481429747381842	1.1974472720720115	298	1:08
266.000000000542	-57432.29104098136	7526.772188292907	296.5639784355337	32.0657834962403	1.1756254817958545	298	1:07
267.0000000005468	-57151.29786041097	7265.448676412239	286.2675142403482	31.777920372483027	1.1862749899949951	298	1:07
268.00000000055155	-57586.85050022282	7553.997598200869	297.63669269801693	31.50462679026123	1.1965655845693792	297	1:07
269.0000000005563	-57461.93592028442	7516.542613452186	296.1609207453878	31.830638294350905	1.1843102806587242	297	1:07
270.0000000005611	-57467.22936909986	7417.723042282515	292.2673094548861	31.6872848126681	1.1896681080373988	297	1:06
271.0000000005659	-57581.11371464588	7307.49593924868	287.924227534859	31.72139693454111	1.1883887790225527	297	1:06
272.00000000057065	-57742.456065095845	7472.339853764312	294.41927825337035	31.843706950717642	1.1838242397554628	297	1:06
273.0000000005754	-57430.18563658028	7525.56926465212	296.516581781066	32.38804974092458	1.1639278213252773	297	1:05
274.0000000005802	-57129.99843573218	7508.221161864989	295.8330454321298	31.953405577582213	1.1797600753509876	297	1:05
275.000000000585	-57400.05092771773	7514.111516259866	296.06513255925944	31.612870731810737	1.1924684882855563	297	1:05
276.00000000058975	-57262.15212032574	7595.5265575866715	299.2729842062012	31.975542689690236	1.1789433110726744	297	1:05
277.0000000005945	-57453.98574506596	7558.9290175718525	297.8309966189284	31.77113911506099	1.1865281894805835	297	1:04
278.0000000005993	-57046.63400766876	7429.135924410217	292.71699089130203	31.759361848630697	1.1869681875725213	297	1:04
279.0000000006041	-57330.10207883423	7625.525233698498	300.4549685300206	31.856236127900228	1.1833586372406715	297	1:04
280.00000000060885	-57178.33804118179	7537.9284578427705	297.0035490242853	31.849419831386356	1.183611895334426	297	1:03
281.0000000006136	-57218.62011807074	7699.669825697907	303.3763556309914	31.57142112939125	1.1940340606598447	297	1:03
282.0000000006184	-57079.45374922207	7621.055739716878	300.2788650312533	31.686584847677963	1.1896943881186859	297	1:03
283.0000000006232	-57104.55018729501	7729.596485661081	304.5555024309663	31.39953138213227	1.200570534418247	297	1:03
284.00000000062795	-57631.657992171764	7535.765159353676	296.91831243276636	31.521889372208832	1.1959102998808442	297	1:02
285.0000000006327	-57455.71570091194	7335.187887952803	289.0153239933251	32.00168838973983	1.177980102575317	297	1:02
286.0000000006375	-57138.72408807461	7739.520233460466	304.94651016373047	32.133294047638095	1.1731555475153639	297	1:02
287.0000000006423	-57247.538309358264	7539.290305626955	297.05720748328974	31.841427898656338	1.1839089720445555	297	1:01
288.00000000064705	-57191.21807508616	7439.00601573742	293.1058844938041	32.23685675925381	1.1693867194762335	297	1:01
289.0000000006518	-57150.584038255765	7450.078367296292	293.5421486116478	31.880300986952538	1.1824653784591692	297	1:01
290.0000000006566	-57368.10205378127	7573.485875483731	298.4045545250096	32.150720930917885	1.1725196536939	297	1:01
291.0000000006614	-57335.56788655475	7530.493745337571	296.71061230932855	32.397591383939464	1.163585024737884	297	1:00
292.00000000066615	-57231.72127442228	7533.082546878442	296.81261423859314	31.765123229594696	1.1867529018998884	297	1:00
293.0000000006709	-57231.82819437754	7473.425011331934	294.4620347813259	32.01624365114625	1.1774445679101213	297	1:00
294.0000000006757	-57378.29006419759	7466.831669950731	294.20224911194765	31.87981990982488	1.1824832222565758	297	0:59
295.0000000006805	-57515.15301042117	7347.289716093247	289.4921507405536	31.920866974148684	1.1809626662853019	297	0:59
296.00000000068525	-57394.08383853221	7437.090637281545	293.03041625311954	32.033576510294466	1.176807471367253	297	0:59
297.00000000069	-57516.388662368845	7406.0904152169915	291.8089698006617	31.453250347721646	1.1985200815552506	297	0:58
298.0000000006948	-57445.52276506007	7369.733537749842	290.37646461046586	31.897725604798637	1.1818194387582899	297	0:58
299.0000000006996	-57167.19684476068	7575.932193902607	298.5009424459766	31.425004994079572	1.199597332730136	297	0:58
300.00000000070435	-57078.61686848567	7650.202222895006	301.4272719170302	31.38716381324186	1.2010435984669954	297	0:58
301.0000000007091	-57086.29928813662	7323.756655767466	288.5649195423207	31.61805987735631	1.1922727807510578	297	0:57
302.0000000007139	-57141.05871808785	7500.117499364795	295.5137512737794	31.740259666083226	1.1876825384705791	297	0:57
303.00000000071867	-57256.616703409	7471.9922677444765	294.4055829414475	31.715114687012264	1.1886241794788968	297	0:57
304.00000000072345	-57533.16113500987	7356.222934125676	289.84413039579675	31.92523945145823	1.1808009217674695	297	0:56
305.0000000007282	-57549.80688377604	7726.957443217777	304.4515209490419	31.868790623686568	1.1828924610622154	297	0:56
306.000000000733	-57295.59002565744	7505.9825019270975	295.74483950787214	31.259060016978335	1.2059656352895374	297	0:56
307.00000000073777	-57398.0411925138	7591.634796425358	299.11964408320466	31.600271853057603	1.1929439198252185	297	0:56
308.00000000074255	-57140.71352963761	7447.864321009512	293.4549124951796	31.503546425667782	1.1966066189048106	297	0:55
309.0000000007473	-57272.25764179975	7583.968245007791	298.81757263313324	31.447548880861735	1.1987373742463856	297	0:55
310.0000000007521	-57380.78035962151	7686.6765831316225	302.8644060712281	31.3992244320081	1.2005822708633753	297	0:55
311.00000000075687	-57358.008991172246	7742.745986284235	305.0736087482146	31.49775178669168	1.1968267585325505	297	0:54
312.00000000076164	-57292.024108270474	7607.661866731494	299.7511301457224	31.590474271820742	1.193313903664807	297	0:54
313.0000000007664	-57395.55114135181	7651.818066042546	301.4909381022654	31.6619401673932	1.190620409634637	297	0:54
314.0000000007712	-57114.93897679041	7544.672158526082	297.2692590330367	31.406759711837655	1.2002942206648715	297	0:54
315.00000000077597	-56888.05973529015	7603.240941920849	299.5769403313624	31.95461038709217	1.1797155939399786	297	0:53
316.00000000078074	-57049.99352495323	7262.548688097548	286.1532511737233	32.13878626959529	1.172955066059617	297	0:53
317.0000000007855	-57144.955364432506	7626.482411062068	300.4926824822843	32.18594642410791	1.171236404709013	297	0:53
318.0000000007903	-57026.629379539954	7660.690824458411	301.8405355750836	32.13678726427417	1.173028027410707	297	0:52
319.00000000079507	-56851.06313204538	7531.161483877868	296.73692201993373	31.85773296431764	1.1833030371041184	297	0:52
320.00000000079984	-57515.11121605884	7604.468061023699	299.62529031646244	31.51607082197321	1.1961310908606735	297	0:52
321.0000000008046	-57489.437916379335	7687.4124806880345	302.8934013299646	31.916828799374205	1.1811120838129192	297	0:52
322.0000000008094	-57387.61870600283	7471.407146190537	294.3825284405853	31.877796416655013	1.182558282235391	297	0:51
323.00000000081417	-57440.464906197245	7355.266482496689	289.8064450383583	32.18552853071326	1.1712516119148424	297	0:51
324.00000000081894	-57731.558359261806	7414.870203024944	292.1549041184554	32.2107653205941	1.1703339488126687	297	0:51
325.0000000008237	-57298.25463503605	7151.283675229682	281.76927434390785	32.07300044218925	1.1753609469708814	297	0:50
326.0000000008285	-57755.45224171135	7524.505263985266	296.47465886073223	31.892598937875533	1.182009413700049	297	0:50
327.00000000083327	-57413.26353162428	7343.606912370291	289.3470437947667	32.31909592969	1.1664110980684428	297	0:50
328.00000000083804	-57348.78428024537	7420.498594592074	292.3766695915672	32.31641102338693	1.166508005627482	297	0:49
329.0000000008428	-57391.19046881344	7294.333963708108	287.4056296906923	32.31941176507168	1.1663996995350467	297	0:49
330.0000000008476	-57309.9699714341	7673.648761602444	302.35109405827103	31.978077200095523	1.1788498706800437	297	0:49
331.00000000085237	-57013.9363245228	7293.178750371302	287.36011288022763	31.639357154243193	1.1914702308315839	297	0:49
332.00000000085714	-57247.971363767225	7448.421163101042	293.47685275082875	31.73218470149868	1.1879847708736124	297	0:48
333.0000000008619	-57391.06728477476	7548.462045046658	297.41858517128617	31.918826146542315	1.1810381747391647	297	0:48
334.0000000008667	-57320.593460472504	7430.744070266861	292.7803537939143	31.87868178386484	1.1825254390226794	297	0:48
335.00000000087147	-57246.348349428794	7461.641325134346	293.9977432135768	31.425827103224915	1.1995659509009569	297	0:47
336.00000000087624	-57241.50123857081	7526.243523862101	296.54314841398735	31.692457675448622	1.1894739296641006	297	0:47
337.000000000881	-57238.081169706595	7756.323282247849	305.6085707221706	31.84162174158304	1.1839017647363992	297	0:47
338.0000000008858	-57522.61594143786	7571.810585406236	298.3385460584337	31.716827123919227	1.1885600039576347	297	0:47
339.00000000089057	-57610.344892490946	7561.7022627596125	297.94026585220456	31.825722777615745	1.1844931986412908	297	0:46
340.00000000089534	-57450.986419616354	7471.6098869793	294.39051667424013	31.73646491017996	1.1878245506744214	297	0:46
341.0000000009001	-57016.94160139523	7577.992359375928	298.58211547124154	32.19693465813186	1.1708366828147097	297	0:46
342.0000000009049	-56914.4959690354	7450.944796401009	293.5762869721427	31.911100693846226	1.1813240957620323	297	0:45
343.00000000090967	-57092.03202547855	7552.570405098037	297.5804595539834	31.786501619942765	1.1859547370975183	297	0:45
344.00000000091444	-57245.80167379274	7539.996518152542	297.08503311570826	31.97612133376685	1.1789219767602201	297	0:45
345.0000000009192	-57161.40681382187	7482.220281959624	294.8085791410478	31.726151573511306	1.1882106811657298	296	0:45
346.000000000924	-56905.056338394876	7479.257585841078	294.69184531068447	31.923434072143408	1.1808677000957115	296	0:44
347.00000000092876	-57272.57625226275	7862.5875398433	309.79551171223034	31.727019660794582	1.188178170372305	296	0:44
348.00000000093354	-57313.43782078673	7509.99251003979	295.9028387045675	31.338954200873236	1.2028911982927195	296	0:44
349.0000000009383	-57132.70671379118	7680.3386929037715	302.6146854879769	31.922746194901542	1.1808931456514162	296	0:44
350.0000000009431	-57228.290792454674	7540.498261315821	297.1048024065719	31.8898111623065	1.1821127437871761	296	0:43
351.00000000094786	-57242.59129058625	7443.437211755629	293.2804790062342	31.698716536194862	1.1892390699441953	296	0:43
352.00000000095264	-57366.97837645488	7220.917686339411	284.512939071963	32.22280461036244	1.169896681178586	296	0:43
353.0000000009574	-57687.50480283593	7545.590798753934	297.3054545752834	32.137592565218426	1.1729986337784306	296	0:42
354.0000000009622	-57407.75282753364	7524.517555176064	296.4751431485985	31.75482293979087	1.1871378481122565	296	0:42
355.00000000096696	-57398.49977796257	7448.830206059068	293.4929695408615	31.272596597785274	1.2054436239106152	295	0:42
356.00000000097174	-57735.27275302677	7832.442559708721	308.60776283197646	31.505314125442204	1.19653947971547	295	0:42
357.0000000009765	-57185.206980426825	7540.669141674357	297.11153530052644	31.642308654874846	1.1913590940249352	295	0:41
358.0000000009813	-57468.67965829116	7457.441285078797	293.8322565272121	31.400592803211115	1.2005299520356196	295	0:41
359.00000000098606	-57070.35919105369	7353.025407154605	289.7181439442378	31.705239759245075	1.1889943888828884	295	0:41
360.00000000099084	-57369.72871185845	7514.693149535801	296.08804961772574	31.66586958024838	1.1904726657322817	295	0:41
361.0000000009956	-57368.58858745507	7416.980024213068	292.2380336392759	31.835099387012857	1.184144321764163	295	0:40
362.0000000010004	-57236.88580736605	7353.632925974334	289.74208092461214	31.554371384558063	1.194679231999444	294	0:40
363.00000000100516	-57342.35335336719	7447.06414345591	293.42338452637506	31.802820569777648	1.1853461893173403	294	0:40
364.00000000100994	-57148.65041591256	7669.303403356597	302.17988165846964	31.917789289402034	1.1810765410512336	294	0:39
365.0000000010147	-56965.1040899276	7530.81852167691	296.72340889209823	31.641331687700845	1.1913958787828838	294	0:39
366.0000000010195	-57050.25246075107	7348.110750394434	289.5245004905793	31.75355736911685	1.1871851627116612	294	0:39
367.00000000102426	-57041.923138520855	7546.07301964777	297.3244546649876	31.479537003242754	1.1975192699958008	294	0:39
368.00000000102904	-57447.53227451633	7514.937753943009	296.0976873288627	31.522784206060706	1.1958763517050377	294	0:38
369.0000000010338	-57388.091898652754	7415.039721234041	292.16158334206546	31.7793407800848	1.1862219683157462	293	0:38
370.0000000010386	-57272.37405238155	7279.778241242966	286.8321165225934	31.621826598437163	1.19213075989077	293	0:38
371.00000000104336	-57332.41692034027	7244.243652555667	285.4320105104085	31.428738623235393	1.1994548245744503	293	0:37
372.00000000104814	-57372.841672505485	7236.207138538113	285.1153620839414	31.453545496713687	1.1985088350649604	293	0:37
373.0000000010529	-57389.914562748745	7245.259164635799	285.47202292145255	31.584666325899118	1.1935333361751426	293	0:37
374.0000000010577	-57528.55254056293	7431.027474663066	292.7915202718071	31.322816528576542	1.2035109338758498	293	0:37
375.00000000106246	-57263.47246506793	7347.666650784978	289.50700242584355	31.99030131853191	1.178399409138765	293	0:36
376.00000000106724	-57297.43476526826	7325.905429786835	288.6495838520674	32.2590313127214	1.168582894089044	293	0:36
377.000000001072	-57392.980391463905	7655.623513802226	301.6408773722614	31.8642140121277	1.1830623582173165	293	0:36
378.0000000010768	-57159.79016998049	7632.15316077865	300.71611691800126	32.26825038048138	1.1682490289195122	293	0:36
379.00000000108156	-57164.05288244496	7532.8856091181915	296.8048546513195	31.88797377199114	1.1821808573187111	293	0:35
380.00000000108633	-57183.8548276723	7464.135816224104	294.0960291963652	31.595865618355674	1.1931102830754132	293	0:35
381.0000000010911	-57591.49826217946	7462.998777676704	294.05122849470774	31.563728863252972	1.1943250537745227	292	0:35
382.0000000010959	-57406.22009654052	7445.089479793726	293.34558037645803	31.856040367219514	1.183365909176847	292	0:34
383.00000000110066	-57170.36506206484	7185.051695986465	283.0997754310939	31.456468431172368	1.1983974696464075	292	0:34
384.00000000110543	-57323.251950284146	7414.975418423877	292.15904973313854	31.54464741569022	1.195047504419989	292	0:34
385.0000000011102	-57440.02401387907	7542.033154300362	297.1652790569316	31.46573474534227	1.1980445547202492	292	0:34
386.000000001115	-57001.203869276826	7484.577866266837	294.90147083009504	31.90100699315071	1.1816978749298683	292	0:33
387.00000000111976	-57316.30105149618	7661.954850892482	301.8903397539213	31.75999645189331	1.1869444705080185	291	0:33
388.00000000112453	-56986.07313890607	7510.9830733063245	295.9418681020125	31.783734744166683	1.1860579782508947	291	0:33
389.0000000011293	-57330.67197417325	7676.9825752045335	302.4824503688468	31.90374837336601	1.1815963356644223	291	0:32
390.0000000011341	-57310.30790260478	7279.365764267486	286.81586442809646	31.772170727271213	1.1864896640370892	291	0:32
391.00000000113886	-57449.60303446304	7535.788384943222	296.91922754924195	31.581759362971844	1.1936431957026266	291	0:32
392.00000000114363	-57093.76981785134	7581.1244786300795	298.70552477920364	31.709891064097405	1.1888199835101543	291	0:32
393.0000000011484	-57227.849911095516	7522.143207520898	296.381590963254	31.782552856267884	1.1861020838196987	291	0:31
394.0000000011532	-56986.8226408762	7498.768825239395	295.4606118729531	32.13471230506004	1.1731037705911904	291	0:31
395.00000000115796	-57228.82507449514	7590.030270402787	299.0564238064574	32.277750729364655	1.1679051767889739	291	0:31
396.00000000116273	-57102.84716934344	7718.795263470904	304.1299211400024	31.896474700617922	1.1818657869171592	290	0:30
397.0000000011675	-57268.360559590044	7798.524151594875	307.27133630001794	31.86236548502845	1.1831309947669253	290	0:30
398.0000000011723	-57170.80247717534	7548.3795348414205	297.4153341688492	31.857764520376914	1.183301865007415	290	0:30
399.00000000117706	-56873.32790586885	7753.609308730285	305.50163686478754	31.659785075734547	1.190701455545318	290	0:30
400.00000000118183	-56991.05485643633	7643.084937130682	301.146842201725	31.96384008985815	1.1793749457497162	290	0:29
401.0000000011866	-57067.251534089824	7438.950102861569	293.10368145849316	31.9256362832888	1.1807862445536101	290	0:29
402.0000000011914	-57495.46928343986	7844.193674800574	309.07077105854586	31.89856040673493	1.1817885099281722	290	0:29
403.00000000119616	-57202.60184621057	7454.691865963792	293.7239260701803	31.851492144237362	1.1835348875091662	290	0:28
404.00000000120093	-57045.49005206913	7429.533682782711	292.73266305494036	31.915857872237734	1.1811480149722189	290	0:28
405.0000000012057	-57315.5861766476	7442.833885020732	293.2567071991008	31.951733946456358	1.1798217973115641	290	0:28
406.0000000012105	-57587.05072179745	7637.390184356335	300.92246201633907	31.81494001341105	1.1848946487417036	289	0:28
407.00000000121526	-57168.71601047937	7482.186434061153	294.8072454926815	32.193194082892646	1.1709727240752823	289	0:27
408.00000000122003	-57113.696060948394	7404.694253108219	291.75395931553464	32.284570812311536	1.1676584580010396	289	0:27
409.0000000012248	-57230.79220855102	7447.691782254781	293.4481142583979	31.628541546684392	1.1918776626575391	289	0:27
410.0000000012296	-57017.216493839136	7329.618299369895	288.79587542930915	31.890875769091448	1.1820732815517483	289	0:26
411.00000000123435	-57013.73882214833	7469.242157456314	294.2972252513526	32.210958016736626	1.1703269475046887	289	0:26
412.00000000123913	-56936.630618596304	7407.923583534401	291.88119886190503	32.34907932801621	1.1653299863554674	289	0:26
413.0000000012439	-57059.79164114816	7628.099436187918	300.5563952389023	32.10465455344678	1.1742020805479074	289	0:26
414.0000000012487	-57095.3521648414	7508.043840853648	295.8260587686215	31.790535161224224	1.1858042647205744	289	0:25
415.00000000125345	-57169.064434660046	7624.625797852629	300.4195296637808	31.63263238735794	1.1917235249442883	289	0:25
416.00000000125823	-57090.08771630956	7780.478409334138	306.56031210733806	31.846227325500486	1.1837305495129513	289	0:25
417.000000001263	-56870.56301109432	7361.584992476159	290.0554020162526	31.975473014974728	1.1789458799960415	289	0:24
418.0000000012678	-57114.46038856375	7765.174871307818	305.95733409661995	32.0541990773332	1.1760503539951606	288	0:24
419.00000000127255	-57351.01278739836	7720.629424515688	304.20218931591165	31.54132640174977	1.1951733320206146	288	0:24
420.00000000127733	-57219.62160273423	7565.098412333619	298.07407827588816	31.823127876265435	1.1845897838359496	288	0:23
421.0000000012821	-57093.238942137454	7360.21273478656	290.0013333943141	31.702268801811396	1.189105814716173	288	0:23
422.0000000012869	-57815.769758030365	7562.780122142385	297.9827348228008	31.597912463620148	1.193032995940204	288	0:23
423.00000000129165	-57073.30466130181	7297.291803488041	287.5221721754079	31.877932505088523	1.1825532338369686	288	0:23
424.0000000012964	-57385.947422247846	7352.370218893905	289.6923287299126	31.84383359808566	1.1838195315213333	288	0:22
425.0000000013012	-57521.808772521035	7651.770812009919	301.4890762359085	31.576993013346126	1.1938233686784596	288	0:22
426.000000001306	-57355.62247519585	7734.611027308344	304.7530814706583	31.949827506609854	1.179892197043322	288	0:22
427.00000000131075	-57209.19925921783	7813.433290936615	307.85877452288764	32.059242165705285	1.175865355053683	288	0:21
428.0000000013155	-57037.22140043424	7499.532239594905	295.4906913270407	31.919592304334074	1.1810098265826057	287	0:21
429.0000000013203	-56989.18649810934	7345.80769483025	289.4337573003264	31.848770749457007	1.1836360174928187	287	0:21
430.0000000013251	-57266.95371157356	7413.232855602485	292.0903906386346	31.789532531123662	1.1858416645485843	287	0:21
431.00000000132985	-57405.96352269148	7656.549323646923	301.6773554061316	32.27615853324567	1.1679627900296548	287	0:20
432.0000000013346	-57168.45112863369	7389.90945150849	291.1714201509223	32.04929050220547	1.1762304744104994	287	0:20
433.0000000013394	-57341.94052950735	7697.294783767288	303.2827760903496	31.805422460850757	1.1852492202652134	287	0:20
434.0000000013442	-57077.601361808716	7289.597351115996	287.21900139379636	32.35979771310874	1.1649439995311872	287	0:19
435.00000000134895	-57299.62751433885	7497.281988694009	295.4020287047434	32.14041132009777	1.1728957603089687	287	0:19
436.0000000013537	-57520.68292350031	7514.881932602074	296.0954879001388	31.625291807425747	1.1920001371521753	287	0:19
437.0000000013585	-57206.69247119213	7450.375663919717	293.55386246018907	31.749635778018256	1.1873317991896049	287	0:18
438.0000000013633	-57440.93216180359	7569.203771058972	298.2358344026897	31.65270678577486	1.190967724405508	287	0:18
439.00000000136805	-57404.26191541343	7397.9391929830335	291.4878017309578	31.606821400505083	1.192696718668668	287	0:18
440.0000000013728	-57125.92400518502	7334.252295201161	288.9784605010231	32.14825829160511	1.1726094717166369	287	0:18
441.0000000013776	-57154.0388311843	7395.90844013336	291.4077875988369	31.843388996167395	1.1838360601777103	287	0:17
442.0000000013824	-57290.772905438935	7638.168091068921	300.9531124869212	32.008501405115226	1.1777293692951432	286	0:17
443.00000000138715	-57384.657743217394	7477.031788991937	294.60414620776794	31.883112822923717	1.1823610944545209	286	0:17
444.0000000013919	-57362.385933194746	7205.118347354024	283.8904259004542	32.129755109267926	1.1732847649702485	286	0:16
445.0000000013967	-57848.16002202089	7612.969719103459	299.96026598469825	32.18607418884699	1.1712317554090466	286	0:16
446.0000000014015	-57793.37690520752	7418.277787763438	292.2891671015275	31.56964545408148	1.1941012206412143	286	0:16
447.00000000140625	-57315.30014509219	7401.924952379195	291.64484549873	31.9269453703676	1.1807378292731114	286	0:16
448.000000001411	-57274.15404215909	7543.172990123764	297.2101899746656	32.04832364939717	1.1762659596280676	286	0:15
449.0000000014158	-57218.2714971145	7575.025270115348	298.4652085457391	31.89203539365301	1.1820303002495536	286	0:15
450.0000000014206	-57400.16827725296	7518.4491956935335	296.2360424045218	31.834894674735924	1.1841519363293374	286	0:15
451.00000000142535	-57468.8774993383	7458.5216564566745	293.87482447347065	31.710042054487708	1.188814322830392	286	0:14
452.0000000014301	-57599.724212947476	7688.084029016172	302.91986115084427	31.94467724381662	1.1800824245055082	286	0:14
453.0000000014349	-56939.5918206514	7527.333746054106	296.5861044943032	32.37771523255317	1.164299330609574	286	0:14
454.0000000014397	-57100.878653040476	7604.785269362703	299.63778871081456	31.76580689423586	1.1867273605686222	286	0:13
455.00000000144445	-57449.962975051894	7531.732652330699	296.75942675164225	31.615179355358986	1.1923814111002065	285	0:13
456.0000000014492	-56964.17518053838	7459.461640034304	293.91186096965686	32.05145219002961	1.1761511443670483	285	0:13
457.000000001454	-57243.67818767138	7758.228797504274	305.68365034080097	31.81464744843917	1.1849055449388137	285	0:13
458.0000000014588	-57291.67460789936	7742.695750957035	305.07162941522563	31.844604740886957	1.183790864376076	285	0:12
459.00000000146355	-57526.76282587013	7505.031152564636	295.7073551859403	31.517086567675122	1.196092541453137	285	0:12
460.0000000014683	-57472.18067558986	7369.697641994591	290.37505027405183	31.58395714491626	1.193560135576514	285	0:12
461.0000000014731	-57418.49371563352	7490.188733331208	295.12254581648443	31.598536003631413	1.1930094535897724	285	0:11
462.0000000014779	-57445.07930766628	7447.417260090567	293.43729775124837	31.667979160059584	1.19039336174232	285	0:11
463.00000000148265	-57411.891878567025	7680.397841464166	302.61701601319413	31.86602403340755	1.182995159120199	285	0:11
464.0000000014874	-57051.8743284863	7327.714432066151	288.72086074201866	31.99065952785066	1.1783862142357593	285	0:10
465.0000000014922	-57242.340794281045	7711.016348124349	303.8234224144696	32.27760208193666	1.1679105553205091	285	0:10
466.00000000149697	-56878.26799985301	7607.453961170453	299.74293841375834	32.0952729064489	1.1745453070864693	285	0:10
467.00000000150175	-57259.69922892185	7663.818457795326	301.9637681324508	31.973338416124044	1.1790245885902992	285	0:10
468.0000000015065	-57150.75441798489	7738.60526173387	304.910459164895	31.958573220849438	1.179569310288724	285	0:09
469.0000000015113	-57165.38592077076	7735.863468397376	304.80242917281106	31.900800539597487	1.181705522566322	284	0:09
470.00000000151607	-57194.958645596926	7426.098029147737	292.597294123209	31.9234956084335	1.1808654238344196	284	0:09
471.00000000152085	-57541.640210023295	7523.555671736371	296.4372437712119	31.538397417182832	1.1952843282832972	284	0:08
472.0000000015256	-57192.35161271738	7685.92985496345	302.83498407321576	31.820477415840795	1.184688453265087	284	0:08
473.0000000015304	-57322.57435720824	7466.4383601214895	294.1867522263239	31.849249445737517	1.1836182273668687	284	0:08
474.00000000153517	-57030.326482032775	7530.420993742694	296.7077458080084	31.628218009915123	1.1918898548160797	284	0:07
475.00000000153995	-57115.532823631744	7497.9915147776555	295.42998489537945	31.586109956434708	1.193478786210879	284	0:07
476.0000000015447	-57110.93201437063	7515.259522031125	296.1103653828755	31.826841740903014	1.1844515544085992	284	0:07
477.0000000015495	-57093.54315134368	7545.073533192815	297.28507368306623	31.53739548388064	1.1953223020967882	284	0:07
478.00000000155427	-57176.97718125023	7649.352522102211	301.39379267237035	31.61653160780626	1.1923304124422498	284	0:06
479.00000000155904	-57139.373037177225	7236.955350015881	285.1448425261558	31.2980845328621	1.2044619578028142	283	0:06
480.0000000015638	-57194.29733699764	7383.127660793583	290.90420934860015	31.87765150514648	1.1825636579860037	283	0:06
481.0000000015686	-57390.86826118984	7533.4957296271405	296.8288941414133	32.2267892937581	1.1697520292296237	283	0:05
482.00000000157337	-57313.419389578834	7375.010016602953	290.5843642946417	31.86524019781548	1.1830242589702307	283	0:05
483.00000000157814	-57452.135317589535	7599.914132241702	299.44585998386884	31.778657425078404	1.186247476338628	283	0:05
484.0000000015829	-57221.24851613934	7690.282348042894	303.0064775941384	31.957225464741605	1.179619057152522	283	0:04
485.0000000015877	-57350.12523327739	7542.213070744862	297.172367983663	31.606240758428626	1.1927186298445216	283	0:04
486.00000000159247	-57530.31435388728	7554.018393184242	297.6375120456531	31.628256879239668	1.1918883900513992	283	0:04
487.00000000159724	-57421.22551449589	7015.349416185642	276.4132992115012	31.961590137078836	1.179457968463094	283	0:03
488.000000001602	-57531.673977274215	7305.601080013745	287.8495677764354	31.89874247586431	1.1817817646088142	283	0:03
489.0000000016068	-57527.79170144841	7434.388165112421	292.9239355628532	32.11025455870457	1.1739973005511386	283	0:03
490.00000000161157	-57421.408021665586	7362.209009539615	290.0799890474953	31.75137677006855	1.187266695391479	283	0:03
491.00000000161634	-57378.029530951986	7202.828528192198	283.80020424055266	31.546758912616102	1.194967517149701	283	0:02
492.0000000016211	-57277.10278110285	7714.7231000696975	303.96947294934506	31.891939552315073	1.1820338524751957	283	0:02
493.0000000016259	-56919.56688670069	7352.248425914333	289.6875299383903	31.742334461288195	1.1876049071911643	283	0:02
494.00000000163067	-57108.527775026596	7529.777358704072	296.6823858046844	31.768190644438963	1.1866383135839056	283	0:01
495.00000000163544	-57326.05187596395	7756.889699650668	305.63088825673026	31.39496972735968	1.2007449760041355	283	0:01
496.0000000016402	-57322.43878522099	7522.667644174331	296.40225440523	31.556467810563003	1.1945998645422062	283	0:01
497.000000001645	-57130.3644517191	7399.567381888551	291.5519543540724	31.71087135013506	1.1887832332229025	283	0:00
498.00000000164977	-57297.7516680157	7340.444085229385	289.22242455871884	31.70925201692722	1.1888439421972246	283	0:00
499.00000000165454	-57477.43955311764	7545.303361335012	297.29412919139054	31.77996328520914	1.186198732629561	283	0:00
500.0000000016593	-57145.79920181737	7348.137596847658	289.52555827348755	31.828241638273226	1.1843994588315012	282	0:00
