    -44.945         0.00000     0.00000     0.00000     0.00000
    -44.795         0.00000     0.00000     0.00000     0.00000
    -44.645         0.00000     0.00000     0.00000     0.00000
    -44.495         0.00000     0.00000     0.00000     0.00000
    -44.345         0.00000     0.00000     0.00000     0.00000
    -44.195         0.00000     0.00000     0.00000     0.00000
    -44.045         0.00000     0.00000     0.00000     0.00000
    -43.895         0.00000     0.00000     0.00000     0.00000
    -43.745         0.00000     0.00000     0.00000     0.00000
    -43.595         0.00000     0.00000     0.00000     0.00000
    -43.445         0.00000     0.00000     0.00000     0.00000
    -43.295         0.00000     0.00000     0.00000     0.00000
    -43.145         0.00000     0.00000     0.00000     0.00000
    -42.995         0.00000     0.00000     0.00000     0.00000
    -42.845         0.00000     0.00000     0.00000     0.00000
    -42.695         0.00000     0.00000     0.00000     0.00000
    -42.545         0.00000     0.00000     0.00000     0.00000
    -42.395         0.00000     0.00000     0.00000     0.00000
    -42.245         0.00000     0.00000     0.00000     0.00000
    -42.095         0.00000     0.00000     0.00000     0.00000
    -41.945         0.00000     0.00000     0.00000     0.00000
    -41.795         0.00000     0.00000     0.00000     0.00000
    -41.645         0.00000     0.00000     0.00000     0.00000
    -41.495         0.00000     0.00000     0.00000     0.00000
    -41.345         0.00000     0.00000     0.00000     0.00000
    -41.195         0.00000     0.00000     0.00000     0.00000
    -41.045         0.00000     0.00000     0.00000     0.00000
    -40.895         0.00000     0.00000     0.00000     0.00000
    -40.745         0.00000     0.00000     0.00000     0.00000
    -40.595         0.00000     0.00000     0.00000     0.00000
    -40.445         0.00000     0.00000     0.00000     0.00000
    -40.295         0.00000     0.00000     0.00000     0.00000
    -40.145         0.00000     0.00000     0.00000     0.00000
    -39.995         0.00000     0.00000     0.00000     0.00000
    -39.845         0.00000     0.00000     0.00000     0.00000
    -39.695         0.00000     0.00000     0.00000     0.00000
    -39.545         0.00000     0.00000     0.00000     0.00000
    -39.395         0.00000     0.00000     0.00000     0.00000
    -39.245         0.00000     0.00000     0.00000     0.00000
    -39.095         0.00000     0.00000     0.00000     0.00000
    -38.945         0.00000     0.00000     0.00000     0.00000
    -38.795         0.00000     0.00000     0.00000     0.00000
    -38.645         0.00000     0.00000     0.00000     0.00000
    -38.495         0.00000     0.00000     0.00000     0.00000
    -38.345         0.00000     0.00000     0.00000     0.00000
    -38.195         0.00000     0.00000     0.00000     0.00000
    -38.045         0.00000     0.00000     0.00000     0.00000
    -37.895         0.00000     0.00000     0.00000     0.00000
    -37.745         0.00000     0.00000     0.00000     0.00000
    -37.595         0.00000     0.00000     0.00000     0.00000
    -37.445         0.00000     0.00000     0.00000     0.00000
    -37.295         0.00000     0.00000     0.00000     0.00000
    -37.145         0.00000     0.00000     0.00000     0.00000
    -36.995         0.00000     0.00000     0.00000     0.00000
    -36.845         0.00000     0.00000     0.00000     0.00000
    -36.695         0.00000     0.00000     0.00000     0.00000
    -36.545         0.00000     0.00000     0.00000     0.00000
    -36.395         0.00000     0.00000     0.00000     0.00000
    -36.245         0.00000     0.00000     0.00000     0.00000
    -36.095         0.00000     0.00000     0.00000     0.00000
    -35.945         0.00000     0.00000     0.00000     0.00000
    -35.795         0.00000     0.00000     0.00000     0.00000
    -35.645         0.00000     0.00000     0.00000     0.00000
    -35.495         0.00000     0.00000     0.00000     0.00000
    -35.345         0.00000     0.00000     0.00000     0.00000
    -35.195         0.00000     0.00000     0.00000     0.00000
    -35.045         0.00000     0.00000     0.00000     0.00000
    -34.895         0.00000     0.00000     0.00000     0.00000
    -34.745         0.00000     0.00000     0.00000     0.00000
    -34.595         0.00000     0.00000     0.00000     0.00000
    -34.445         0.00000     0.00000     0.00000     0.00000
    -34.295         0.00000     0.00000     0.00000     0.00000
    -34.145         0.00000     0.00000     0.00000     0.00000
    -33.995         0.00000     0.00000     0.00000     0.00000
    -33.845         0.00000     0.00000     0.00000     0.00000
    -33.695         0.00000     0.00000     0.00000     0.00000
    -33.545         0.00000     0.00000     0.00000     0.00000
    -33.395         0.00000     0.00000     0.00000     0.00000
    -33.245         0.00000     0.00000     0.00000     0.00000
    -33.095         0.00000     0.00000     0.00000     0.00000
    -32.945         0.00000     0.00000     0.00000     0.00000
    -32.795         0.00000     0.00000     0.00000     0.00000
    -32.645         0.00000     0.00000     0.00000     0.00000
    -32.495         0.00000     0.00000     0.00000     0.00000
    -32.345         0.00000     0.00000     0.00000     0.00000
    -32.195         0.00000     0.00000     0.00000     0.00000
    -32.045         0.00000     0.00000     0.00000     0.00000
    -31.895         0.00000     0.00000     0.00000     0.00000
    -31.745         0.00000     0.00000     0.00000     0.00000
    -31.595         0.00000     0.00000     0.00000     0.00000
    -31.445         0.00000     0.00000     0.00000     0.00000
    -31.295         0.00000     0.00000     0.00000     0.00000
    -31.145         0.00000     0.00000     0.00000     0.00000
    -30.995         0.00000     0.00000     0.00000     0.00000
    -30.845         0.00000     0.00000     0.00000     0.00000
    -30.695         0.00000     0.00000     0.00000     0.00000
    -30.545         0.00000     0.00000     0.00000     0.00000
    -30.395         0.00000     0.00000     0.00000     0.00000
    -30.245         0.00000     0.00000     0.00000     0.00000
    -30.095         0.00000     0.00000     0.00000     0.00000
    -29.945         0.00000     0.00000     0.00000     0.00000
    -29.795         0.00000     0.00000     0.00000     0.00000
    -29.645         0.00000     0.00000     0.00000     0.00000
    -29.495         0.00000     0.00000     0.00000     0.00000
    -29.345         0.00000     0.00000     0.00000     0.00000
    -29.195         0.00000     0.00000     0.00000     0.00000
    -29.045         0.00000     0.00000     0.00000     0.00000
    -28.895         0.00000     0.00000     0.00000     0.00000
    -28.745         0.00000     0.00000     0.00000     0.00000
    -28.595         0.00000     0.00000     0.00000     0.00000
    -28.445         0.00000     0.00000     0.00000     0.00000
    -28.295         0.00000     0.00000     0.00000     0.00000
    -28.145         0.00000     0.00000     0.00000     0.00000
    -27.995         0.00000     0.00000     0.00000     0.00000
    -27.845         0.00000     0.00000     0.00000     0.00000
    -27.695         0.00000     0.00000     0.00000     0.00000
    -27.545         0.00000     0.00000     0.00000     0.00000
    -27.395         0.00000     0.00000     0.00000     0.00000
    -27.245         0.00000     0.00000     0.00000     0.00000
    -27.095         0.00000     0.00000     0.00000     0.00000
    -26.945         0.00000     0.00000     0.00000     0.00000
    -26.795         0.00000     0.00000     0.00000     0.00000
    -26.645         0.00000     0.00000     0.00000     0.00000
    -26.495         0.00000     0.00000     0.00000     0.00000
    -26.345         0.00000     0.00000     0.00000     0.00000
    -26.195         0.00000     0.00000     0.00000     0.00000
    -26.045         0.00000     0.00000     0.00000     0.00000
    -25.895         0.00000     0.00000     0.00000     0.00000
    -25.745         0.00000     0.00000     0.00000     0.00000
    -25.595         0.00000     0.00000     0.00000     0.00000
    -25.445         0.00000     0.00000     0.00000     0.00000
    -25.295         0.00000     0.00000     0.00000     0.00000
    -25.145         0.00000     0.00000     0.00000     0.00000
    -24.995         0.00000     0.00000     0.00000     0.00000
    -24.845         0.00000     0.00000     0.00000     0.00000
    -24.695         0.00000     0.00000     0.00000     0.00000
    -24.545         0.00000     0.00000     0.00000     0.00000
    -24.395         0.00000     0.00000     0.00000     0.00000
    -24.245         0.00000     0.00000     0.00000     0.00000
    -24.095         0.00000     0.00000     0.00000     0.00000
    -23.945         0.00000     0.00000     0.00000     0.00000
    -23.795         0.00000     0.00000     0.00000     0.00000
    -23.645         0.00000     0.00000     0.00000     0.00000
    -23.495         0.00000     0.00000     0.00000     0.00000
    -23.345         0.00000     0.00000     0.00000     0.00000
    -23.195         0.00000     0.00000     0.00000     0.00000
    -23.045         0.00000     0.00000     0.00000     0.00000
    -22.895         0.00000     0.00000     0.00000     0.00000
    -22.745         0.00000     0.00000     0.00000     0.00000
    -22.595         0.00000     0.00000     0.00000     0.00000
    -22.445         0.00000     0.00000     0.00000     0.00000
    -22.295         0.00000     0.00000     0.00000     0.00000
    -22.145         0.00000     0.00000     0.00000     0.00000
    -21.995         0.00000     0.00000     0.00000     0.00000
    -21.845         0.00000     0.00000     0.00000     0.00000
    -21.695         0.00000     0.00000     0.00000     0.00000
    -21.545         0.00000     0.00000     0.00000     0.00000
    -21.395         0.00000     0.00000     0.00000     0.00000
    -21.245         0.00000     0.00000     0.00000     0.00000
    -21.095         0.00000     0.00000     0.00000     0.00000
    -20.945         0.00000     0.00000     0.00000     0.00000
    -20.795         0.00000     0.00000     0.00000     0.00000
    -20.645         0.00000     0.00000     0.00000     0.00000
    -20.495         0.00000     0.00000     0.00000     0.00000
    -20.345         0.00000     0.00000     0.00000     0.00000
    -20.195         0.00000     0.00000     0.00000     0.00000
    -20.045         0.00000     0.00000     0.00000     0.00000
    -19.895         0.00000     0.00000     0.00000     0.00000
    -19.745         0.00000     0.00000     0.00000     0.00000
    -19.595         0.00000     0.00000     0.00000     0.00000
    -19.445         0.00000     0.00000     0.00000     0.00000
    -19.295         0.00000     0.00000     0.00000     0.00000
    -19.145         0.00000     0.00000     0.00000     0.00000
    -18.995         0.00000     0.00000     0.00000     0.00000
    -18.845         0.00000     0.00000     0.00000     0.00000
    -18.695         0.00000     0.00000     0.00000     0.00000
    -18.545         0.00000     0.00000     0.00000     0.00000
    -18.395         0.00000     0.00000     0.00000     0.00000
    -18.245         0.00000     0.00000     0.00000     0.00000
    -18.095         0.00000     0.00000     0.00000     0.00000
    -17.945         0.00000     0.00000     0.00000     0.00000
    -17.795         0.00000     0.00000     0.00000     0.00000
    -17.645         0.00000     0.00000     0.00000     0.00000
    -17.495         0.00000     0.00000     0.00000     0.00000
    -17.345        -0.00000     0.00000    -0.00000     0.00000
    -17.195        -0.00000     0.00000    -0.00000     0.00000
    -17.045         0.00000     0.00000     0.00000     0.00000
    -16.895         0.00000    -0.00000     0.00000     0.00000
    -16.745        -0.00075    -0.00000    -0.00075     0.00000
    -16.595        -0.00116    -0.00000    -0.00116     0.00000
    -16.445        -0.00196    -0.00000    -0.00196     0.00000
    -16.295        -0.00242    -0.00000    -0.00242     0.00000
    -16.145        -0.00407    -0.00036    -0.00371     0.00000
    -15.995        -0.00582    -0.00036    -0.00546     0.00000
    -15.845        -0.00693    -0.00036    -0.00657     0.00000
    -15.695        -0.01012    -0.00036    -0.00977     0.00000
    -15.545        -0.01425    -0.00036    -0.01390     0.00000
    -15.395        -0.01628    -0.00035    -0.01593     0.00000
    -15.245        -0.02271    -0.00034    -0.02238     0.00000
    -15.095        -0.03190    -0.00031    -0.03159     0.00000
    -14.945        -0.04018    -0.00028    -0.03990     0.00000
    -14.795        -0.04828    -0.00024    -0.04804     0.00000
    -14.645        -0.05841    -0.00139    -0.05702     0.00000
    -14.495        -0.06860    -0.00358    -0.06502     0.00000
    -14.345        -0.08340    -0.00604    -0.07737     0.00000
    -14.195        -0.09885    -0.00875    -0.09010     0.00000
    -14.045        -0.11216    -0.01204    -0.10011     0.00000
    -13.895        -0.12202    -0.01358    -0.10843     0.00000
    -13.745        -0.13383    -0.01733    -0.11650     0.00000
    -13.595        -0.14740    -0.02281    -0.12459     0.00000
    -13.445        -0.16204    -0.02889    -0.13315     0.00000
    -13.295        -0.17961    -0.03725    -0.14236     0.00000
    -13.145        -0.19182    -0.04315    -0.14867     0.00000
    -12.995        -0.20846    -0.05113    -0.15733     0.00000
    -12.845        -0.22549    -0.05944    -0.16605     0.00000
    -12.695        -0.24070    -0.06970    -0.17100     0.00000
    -12.545        -0.25908    -0.08222    -0.17687     0.00000
    -12.395        -0.28020    -0.09604    -0.18416     0.00000
    -12.245        -0.29962    -0.10811    -0.19151     0.00000
    -12.095        -0.32358    -0.12281    -0.20077     0.00000
    -11.945        -0.34470    -0.13645    -0.20825     0.00000
    -11.795        -0.36847    -0.15141    -0.21705     0.00000
    -11.645        -0.39480    -0.16837    -0.22643     0.00000
    -11.495        -0.42293    -0.18786    -0.23506     0.00000
    -11.345        -0.44729    -0.20643    -0.24086     0.00000
    -11.195        -0.47396    -0.22557    -0.24840     0.00000
    -11.045        -0.50456    -0.24933    -0.25522     0.00000
    -10.895        -0.53806    -0.27251    -0.26555     0.00000
    -10.745        -0.57308    -0.29880    -0.27427     0.00000
    -10.595        -0.60512    -0.32436    -0.28076     0.00000
    -10.445        -0.63966    -0.35032    -0.28933     0.00000
    -10.295        -0.67900    -0.38101    -0.29799     0.00000
    -10.145        -0.71359    -0.40760    -0.30599     0.00000
    -9.9950        -0.75383    -0.43869    -0.31514     0.00000
    -9.8450        -0.79374    -0.47048    -0.32327     0.00000
    -9.6950        -0.82989    -0.49844    -0.33145     0.00000
    -9.5450        -0.86953    -0.52706    -0.34248     0.00000
    -9.3950        -0.91461    -0.56096    -0.35365     0.00000
    -9.2450        -0.95689    -0.59327    -0.36362     0.00000
    -9.0950        -1.00392    -0.62894    -0.37498     0.00000
    -8.9450        -1.05051    -0.66404    -0.38647     0.00000
    -8.7950        -1.09431    -0.69484    -0.39947     0.00000
    -8.6450        -1.14107    -0.72984    -0.41123     0.00000
    -8.4950        -1.18854    -0.76339    -0.42516     0.00000
    -8.3450        -1.23940    -0.79964    -0.43976    -0.00000
    -8.1950        -1.29214    -0.83745    -0.45456    -0.00013
    -8.0450        -1.35176    -0.87583    -0.47580    -0.00013
    -7.8950        -1.40905    -0.91198    -0.49636    -0.00071
    -7.7450        -1.47273    -0.95257    -0.51776    -0.00239
    -7.5950        -1.53693    -0.99115    -0.53937    -0.00641
    -7.4450        -1.61036    -1.03363    -0.56374    -0.01299
    -7.2950        -1.68956    -1.07396    -0.59160    -0.02399
    -7.1450        -1.78420    -1.11918    -0.62070    -0.04431
    -6.9950        -1.89375    -1.16153    -0.65787    -0.07435
    -6.8450        -2.00914    -1.20477    -0.69279    -0.11157
    -6.6950        -2.15362    -1.25452    -0.72879    -0.17031
    -6.5450        -2.31415    -1.30243    -0.76946    -0.24226
    -6.3950        -2.49668    -1.35169    -0.81278    -0.33221
    -6.2450        -2.70480    -1.40515    -0.85720    -0.44244
    -6.0950        -2.94230    -1.45695    -0.90536    -0.58000
    -5.9450        -3.22380    -1.51654    -0.95335    -0.75391
    -5.7950        -3.55051    -1.57597    -1.00180    -0.97273
    -5.6450        -3.95751    -1.63336    -1.05638    -1.26777
    -5.4950        -4.43204    -1.69333    -1.11336    -1.62534
    -5.3450        -4.97372    -1.76141    -1.17182    -2.04049
    -5.1950        -5.56686    -1.83036    -1.23167    -2.50482
    -5.0450        -6.20202    -1.90200    -1.29771    -3.00231
    -4.8950        -6.85099    -1.97211    -1.36366    -3.51522
    -4.7450        -7.55696    -2.05295    -1.43574    -4.06826
    -4.5950        -8.26353    -2.13212    -1.51293    -4.61847
    -4.4450        -8.99690    -2.21510    -1.59315    -5.18865
    -4.2950        -9.75967    -2.30692    -1.68061    -5.77213
    -4.1450       -10.52869    -2.40226    -1.76821    -6.35823
    -3.9950       -11.30502    -2.49602    -1.86642    -6.94258
    -3.8450       -12.11174    -2.59746    -1.97183    -7.54246
    -3.6950       -12.94173    -2.70306    -2.08467    -8.15400
    -3.5450       -13.79569    -2.81679    -2.20457    -8.77432
    -3.3950       -14.66897    -2.93250    -2.33006    -9.40641
    -3.2450       -15.57472    -3.05395    -2.46143   -10.05935
    -3.0950       -16.53076    -3.18101    -2.60348   -10.74628
    -2.9450       -17.54467    -3.31262    -2.75578   -11.47627
    -2.7950       -18.60656    -3.45339    -2.91754   -12.23563
    -2.6450       -19.72417    -3.59911    -3.09016   -13.03490
    -2.4950       -20.94152    -3.75053    -3.28321   -13.90778
    -2.3450       -22.22665    -3.90783    -3.48331   -14.83551
    -2.1950       -23.59784    -4.06960    -3.69628   -15.83196
    -2.0450       -25.05791    -4.24207    -3.92115   -16.89470
    -1.8950       -26.62528    -4.42586    -4.16659   -18.03283
    -1.7450       -28.30066    -4.62432    -4.42968   -19.24666
    -1.5950       -30.12076    -4.83572    -4.70959   -20.57545
    -1.4450       -32.07486    -5.06175    -5.00689   -22.00622
    -1.2950       -34.22088    -5.30088    -5.32597   -23.59404
    -1.1450       -36.60799    -5.55925    -5.68615   -25.36259
   -0.99500       -39.29319    -5.83478    -6.08827   -27.37015
   -0.84500       -42.38592    -6.13836    -6.56277   -29.68479
   -0.69500       -45.97686    -6.48850    -7.09894   -32.38942
   -0.54500       -50.24763    -6.88151    -7.68220   -35.68391
   -0.39500       -55.58973    -7.27969    -8.22882   -40.08123
   -0.25300       -60.07707    -7.50123    -8.50112   -44.07472
   -0.21500       -60.40449    -7.51370    -8.51525   -44.37554
   -0.20900       -60.74076    -7.52581    -8.52893   -44.68603
   -0.20300       -61.08452    -7.53794    -8.54225   -45.00432
   -0.19700       -61.43830    -7.54970    -8.55531   -45.33329
   -0.19100       -61.80175    -7.56131    -8.56768   -45.67276
   -0.18500       -62.17670    -7.57256    -8.58028   -46.02386
   -0.17900       -62.56095    -7.58359    -8.59199   -46.38537
   -0.17300       -62.95661    -7.59415    -8.60330   -46.75916
   -0.16700       -63.36471    -7.60437    -8.61425   -47.14610
   -0.16100       -63.78659    -7.61467    -8.62468   -47.54724
   -0.15500       -64.22320    -7.62442    -8.63520   -47.96358
   -0.14900       -64.67381    -7.63402    -8.64504   -48.39475
   -0.14300       -65.13915    -7.64305    -8.65451   -48.84158
   -0.13700       -65.62350    -7.65180    -8.66380   -49.30790
   -0.13100       -66.12584    -7.66011    -8.67249   -49.79324
   -0.12500       -66.64791    -7.66816    -8.68090   -50.29885
   -0.11900       -67.19094    -7.67581    -8.68883   -50.82630
   -0.11300       -67.75613    -7.68309    -8.69642   -51.37661
   -0.10700       -68.34201    -7.69004    -8.70356   -51.94840
   -0.10100       -68.95569    -7.69656    -8.71032   -52.54880
   -0.95000E-01   -69.59552    -7.70280    -8.71663   -53.17609
   -0.89000E-01   -70.26359    -7.70876    -8.72254   -53.83229
   -0.83000E-01   -70.96219    -7.71425    -8.72803   -54.51991
   -0.77000E-01   -71.69426    -7.71949    -8.73305   -55.24172
   -0.71000E-01   -72.46441    -7.72408    -8.73784   -56.00249
   -0.65000E-01   -73.27368    -7.72838    -8.74214   -56.80316
   -0.59000E-01   -74.13167    -7.73238    -8.74613   -57.65316
   -0.53000E-01   -75.04120    -7.73597    -8.74968   -58.55555
   -0.47000E-01   -76.00497    -7.73912    -8.75281   -59.51304
   -0.41000E-01   -77.01576    -7.74189    -8.75552   -60.51836
   -0.35000E-01   -78.05778    -7.74426    -8.75783   -61.55569
   -0.29000E-01   -79.09313    -7.74625    -8.75969   -62.58719
   -0.23000E-01   -80.04432    -7.74781    -8.76121   -63.53530
   -0.19700E-01   -80.13058    -7.74794    -8.76135   -63.62128
   -0.19100E-01   -80.21485    -7.74807    -8.76148   -63.70531
   -0.18500E-01   -80.29738    -7.74819    -8.76160   -63.78759
   -0.17900E-01   -80.37803    -7.74831    -8.76171   -63.86800
   -0.17300E-01   -80.45649    -7.74843    -8.76184   -63.94623
   -0.16700E-01   -80.53278    -7.74854    -8.76195   -64.02230
   -0.16100E-01   -80.60688    -7.74865    -8.76206   -64.09617
   -0.15500E-01   -80.67864    -7.74876    -8.76215   -64.16773
   -0.14900E-01   -80.74852    -7.74885    -8.76225   -64.23742
   -0.14300E-01   -80.81570    -7.74895    -8.76234   -64.30442
   -0.13700E-01   -80.88057    -7.74904    -8.76243   -64.36910
   -0.13100E-01   -80.94292    -7.74913    -8.76252   -64.43127
   -0.12500E-01   -81.00260    -7.74921    -8.76260   -64.49079
   -0.11900E-01   -81.06002    -7.74929    -8.76268   -64.54805
   -0.11300E-01   -81.11450    -7.74937    -8.76275   -64.60238
   -0.10700E-01   -81.16641    -7.74945    -8.76282   -64.65414
   -0.10100E-01   -81.21565    -7.74951    -8.76289   -64.70325
   -0.95000E-02   -81.26225    -7.74958    -8.76295   -64.74971
   -0.89000E-02   -81.30595    -7.74964    -8.76301   -64.79330
   -0.83000E-02   -81.34680    -7.74970    -8.76306   -64.83404
   -0.77000E-02   -81.38490    -7.74975    -8.76312   -64.87204
   -0.71000E-02   -81.42022    -7.74980    -8.76316   -64.90726
   -0.65000E-02   -81.45254    -7.74984    -8.76320   -64.93950
   -0.59000E-02   -81.48210    -7.74988    -8.76324   -64.96898
   -0.53000E-02   -81.50864    -7.74991    -8.76328   -64.99545
   -0.47000E-02   -81.53212    -7.74994    -8.76331   -65.01886
   -0.41000E-02   -81.55270    -7.74997    -8.76334   -65.03940
   -0.35000E-02   -81.57033    -7.74999    -8.76336   -65.05698
   -0.29000E-02   -81.58495    -7.75001    -8.76338   -65.07155
   -0.23000E-02   -81.59656    -7.75003    -8.76339   -65.08314
   -0.17000E-02   -81.60512    -7.75004    -8.76341   -65.09167
   -0.11000E-02   -81.61069    -7.75005    -8.76341   -65.09723
   -0.50000E-03   -81.61321    -7.75005    -8.76342   -65.09974
    0.10000E-03   -81.61271    -7.75005    -8.76342   -65.09924
    0.70000E-03   -81.60918    -7.75005    -8.76341   -65.09572
    0.13000E-02   -81.60260    -7.75004    -8.76341   -65.08916
    0.19000E-02   -81.59301    -7.75002    -8.76339   -65.07960
    0.25000E-02   -81.58041    -7.75001    -8.76338   -65.06703
    0.31000E-02   -81.56483    -7.74998    -8.76336   -65.05148
    0.37000E-02   -81.54625    -7.74996    -8.76334   -65.03295
    0.43000E-02   -81.52475    -7.74993    -8.76331   -65.01152
    0.49000E-02   -81.50016    -7.74990    -8.76328   -64.98698
    0.55000E-02   -81.47276    -7.74986    -8.76325   -64.95964
    0.61000E-02   -81.44230    -7.74982    -8.76321   -64.92927
    0.67000E-02   -81.40897    -7.74977    -8.76317   -64.89603
    0.73000E-02   -81.37276    -7.74972    -8.76312   -64.85991
    0.79000E-02   -81.33377    -7.74967    -8.76307   -64.82102
    0.85000E-02   -81.29199    -7.74961    -8.76302   -64.77936
    0.91000E-02   -81.24740    -7.74955    -8.76297   -64.73489
    0.97000E-02   -81.20010    -7.74948    -8.76290   -64.68771
    0.10300E-01   -81.15010    -7.74942    -8.76284   -64.63784
    0.10900E-01   -81.09747    -7.74934    -8.76276   -64.58536
    0.11500E-01   -81.04220    -7.74927    -8.76268   -64.53025
    0.12100E-01   -80.98423    -7.74919    -8.76260   -64.47245
    0.12700E-01   -80.92366    -7.74911    -8.76252   -64.41203
    0.13300E-01   -80.86059    -7.74902    -8.76243   -64.34914
    0.13900E-01   -80.79518    -7.74892    -8.76235   -64.28391
    0.14500E-01   -80.72727    -7.74883    -8.76225   -64.21619
    0.15100E-01   -80.65694    -7.74873    -8.76216   -64.14606
    0.15700E-01   -80.58452    -7.74861    -8.76206   -64.07384
    0.16300E-01   -80.50970    -7.74851    -8.76197   -63.99922
    0.16900E-01   -80.43279    -7.74838    -8.76186   -63.92254
    0.17500E-01   -80.35368    -7.74827    -8.76175   -63.84366
    0.18100E-01   -80.27263    -7.74815    -8.76163   -63.76285
    0.18700E-01   -80.18946    -7.74802    -8.76151   -63.67993
    0.19300E-01   -80.10433    -7.74789    -8.76138   -63.59506
    0.20200E-01   -79.75650    -7.74735    -8.76086   -63.24829
    0.25000E-01   -78.76660    -7.74568    -8.75920   -62.26171
    0.31000E-01   -77.72562    -7.74359    -8.75720   -61.22484
    0.37000E-01   -76.69716    -7.74108    -8.75491   -60.20116
    0.43000E-01   -75.70800    -7.73819    -8.75211   -59.21769
    0.49000E-01   -74.77242    -7.73494    -8.74900   -58.28847
    0.55000E-01   -73.89163    -7.73131    -8.74544   -57.41488
    0.61000E-01   -73.06259    -7.72719    -8.74150   -56.59389
    0.67000E-01   -72.27518    -7.72258    -8.73725   -55.81535
    0.73000E-01   -71.52834    -7.71762    -8.73243   -55.07829
    0.79000E-01   -70.81479    -7.71223    -8.72750   -54.37506
    0.85000E-01   -70.13425    -7.70654    -8.72209   -53.70563
    0.91000E-01   -69.48624    -7.70036    -8.71641   -53.06947
    0.97000E-01   -68.86462    -7.69386    -8.71040   -52.46036
    0.10300       -68.26956    -7.68684    -8.70406   -51.87866
    0.10900       -67.70114    -7.67939    -8.69715   -51.32460
    0.11500       -67.15847    -7.67168    -8.69005   -50.79674
    0.12100       -66.63665    -7.66342    -8.68271   -50.29052
    0.12700       -66.13747    -7.65491    -8.67503   -49.80753
    0.13300       -65.65738    -7.64571    -8.66684   -49.34483
    0.13900       -65.19760    -7.63651    -8.65826   -48.90284
    0.14500       -64.75592    -7.62659    -8.64946   -48.47987
    0.15100       -64.33263    -7.61627    -8.64053   -48.07583
    0.15700       -63.92408    -7.60549    -8.63139   -47.68720
    0.16300       -63.53068    -7.59456    -8.62184   -47.31428
    0.16900       -63.15221    -7.58346    -8.61189   -46.95686
    0.17500       -62.78683    -7.57166    -8.60158   -46.61359
    0.18100       -62.43543    -7.55947    -8.59106   -46.28489
    0.18700       -62.09865    -7.54742    -8.58083   -45.97040
    0.19300       -61.77236    -7.53441    -8.57011   -45.66784
    0.19900       -61.45849    -7.52160    -8.55906   -45.37783
    0.20500       -61.15245    -7.50817    -8.54779   -45.09649
    0.21100       -60.85871    -7.49443    -8.53661   -44.82768
    0.21700       -60.57378    -7.48031    -8.52530   -44.56818
    0.29500       -55.06582    -7.03167    -8.17903   -39.85513
    0.44500       -51.52322    -6.47164    -7.78997   -37.26161
    0.59500       -48.87216    -5.90405    -7.40221   -35.56591
    0.74500       -46.76316    -5.37233    -7.05364   -34.33719
    0.89500       -45.03953    -4.91174    -6.74291   -33.38488
     1.0450       -43.58929    -4.51926    -6.45052   -32.61951
     1.1950       -42.34141    -4.16923    -6.17924   -31.99293
     1.3450       -41.24751    -3.85133    -5.92553   -31.47066
     1.4950       -40.28749    -3.55978    -5.69392   -31.03379
     1.6450       -39.44348    -3.29631    -5.48342   -30.66376
     1.7950       -38.68711    -3.05418    -5.28725   -30.34568
     1.9450       -38.00538    -2.83263    -5.10155   -30.07120
     2.0950       -37.39495    -2.62910    -4.92928   -29.83657
     2.2450       -36.82933    -2.44070    -4.76510   -29.62354
     2.3950       -36.31232    -2.26902    -4.61115   -29.43215
     2.5450       -35.84736    -2.11006    -4.46494   -29.27236
     2.6950       -35.42466    -1.96347    -4.32883   -29.13236
     2.8450       -35.02966    -1.82797    -4.19967   -29.00202
     2.9950       -34.66411    -1.70200    -4.07766   -28.88445
     3.1450       -34.32257    -1.58376    -3.96251   -28.77630
     3.2950       -34.00492    -1.47403    -3.85239   -28.67850
     3.4450       -33.70964    -1.37291    -3.74884   -28.58788
     3.5950       -33.42770    -1.27816    -3.64832   -28.50122
     3.7450       -33.16216    -1.19005    -3.55292   -28.41919
     3.8950       -32.91278    -1.10913    -3.46144   -28.34222
     4.0450       -32.67830    -1.03297    -3.37403   -28.27131
     4.1950       -32.45688    -0.96126    -3.29140   -28.20421
     4.3450       -32.24352    -0.89231    -3.21230   -28.13891
     4.4950       -32.04173    -0.82979    -3.13674   -28.07520
     4.6450       -31.85064    -0.77046    -3.06389   -28.01628
     4.7950       -31.66571    -0.71379    -2.99240   -27.95952
     4.9450       -31.49116    -0.66214    -2.92423   -27.90479
     5.0950       -31.32447    -0.61478    -2.85908   -27.85061
     5.2450       -31.16576    -0.56810    -2.79879   -27.79887
     5.3950       -31.01236    -0.52429    -2.73919   -27.74888
     5.5450       -30.86431    -0.48341    -2.68058   -27.70032
     5.6950       -30.72148    -0.44544    -2.62302   -27.65303
     5.8450       -30.58152    -0.40751    -2.56749   -27.60651
     5.9950       -30.44943    -0.37339    -2.51457   -27.56147
     6.1450       -30.32071    -0.34021    -2.46273   -27.51777
     6.2950       -30.19905    -0.31178    -2.41217   -27.47511
     6.4450       -30.08043    -0.28249    -2.36440   -27.43355
     6.5950       -29.96429    -0.25329    -2.31813   -27.39287
     6.7450       -29.85150    -0.22552    -2.27284   -27.35314
     6.8950       -29.74339    -0.19970    -2.22941   -27.31428
     7.0450       -29.63818    -0.17549    -2.18642   -27.27627
     7.1950       -29.53552    -0.15166    -2.14537   -27.23850
     7.3450       -29.43633    -0.12728    -2.10702   -27.20203
     7.4950       -29.34554    -0.11026    -2.06894   -27.16634
     7.6450       -29.25610    -0.09396    -2.03079   -27.13136
     7.7950       -29.17019    -0.07957    -1.99356   -27.09706
     7.9450       -29.08940    -0.06740    -1.95872   -27.06328
     8.0950       -29.01279    -0.05694    -1.92559   -27.03026
     8.2450       -28.94089    -0.04954    -1.89354   -26.99780
     8.3950       -28.86466    -0.03670    -1.86207   -26.96589
     8.5450       -28.79449    -0.02719    -1.83269   -26.93461
     8.6950       -28.72255    -0.01673    -1.80195   -26.90387
     8.8450       -28.66020    -0.01184    -1.77467   -26.87370
     8.9950       -28.59564    -0.00568    -1.74597   -26.84398
     9.1450       -28.53609    -0.00227    -1.71909   -26.81473
     9.2950       -28.47856     0.00113    -1.69366   -26.78603
     9.4450       -28.41634     0.00731    -1.66595   -26.75770
     9.5950       -28.35850     0.01211    -1.64081   -26.72979
     9.7450       -28.30652     0.01537    -1.61953   -26.70236
     9.8950       -28.25253     0.01862    -1.59708   -26.67407
     10.045       -28.20220     0.02184    -1.57660   -26.64744
     10.195       -28.15716     0.02341    -1.55931   -26.62125
     10.345       -28.10620     0.02660    -1.53736   -26.59543
     10.495       -28.06092     0.02804    -1.51892   -26.57005
     10.645       -28.02410     0.02946    -1.50861   -26.54495
     10.795       -27.98342     0.03262    -1.49586   -26.52017
     10.945       -27.94218     0.03393    -1.48039   -26.49572
     11.095       -27.90657     0.03522    -1.47010   -26.47169
     11.245       -27.87083     0.03832    -1.46115   -26.44800
     11.395       -27.83474     0.03953    -1.44966   -26.42461
     11.545       -27.79896     0.04069    -1.43816   -26.40148
     11.695       -27.76724     0.04378    -1.43242   -26.37859
     11.845       -27.73988     0.04489    -1.42867   -26.35609
     11.995       -27.70765     0.04597    -1.41973   -26.33389
     12.145       -27.68299     0.04700    -1.41810   -26.31188
     12.295       -27.65133     0.04802    -1.40914   -26.29020
     12.445       -27.62737     0.04901    -1.40761   -26.26877
     12.595       -27.59968     0.04997    -1.40194   -26.24770
     12.745       -27.57635     0.05091    -1.40048   -26.22678
     12.895       -27.55110     0.05183    -1.39682   -26.20611
     13.045       -27.52844     0.05271    -1.39544   -26.18571
     13.195       -27.50601     0.05358    -1.39409   -26.16550
     13.345       -27.48388     0.05444    -1.39279   -26.14553
     13.495       -27.46203     0.05527    -1.39153   -26.12578
     13.645       -27.43813     0.05610    -1.38794   -26.10629
     13.795       -27.41678     0.05690    -1.38674   -26.08694
     13.945       -27.39320     0.05768    -1.38312   -26.06777
     14.095       -27.37238     0.05845    -1.38199   -26.04885
     14.245       -27.35178     0.05920    -1.38088   -26.03011
     14.395       -27.33149     0.05993    -1.37980   -26.01163
     14.545       -27.30677     0.06064    -1.37405   -25.99336
     14.695       -27.28692     0.06134    -1.37303   -25.97524
     14.845       -27.26732     0.06204    -1.37204   -25.95732
     14.995       -27.24793     0.06273    -1.37105   -25.93960
     15.145       -27.22873     0.06339    -1.37011   -25.92201
     15.295       -27.20973     0.06405    -1.36918   -25.90459
     15.445       -27.19091     0.06469    -1.36828   -25.88732
     15.595       -27.17233     0.06532    -1.36738   -25.87027
     15.745       -27.15395     0.06594    -1.36653   -25.85336
     15.895       -27.13572     0.06654    -1.36568   -25.83658
     16.045       -27.11774     0.06714    -1.36486   -25.82002
     16.195       -27.09986     0.06773    -1.36404   -25.80355
     16.345       -27.08217     0.06831    -1.36324   -25.78724
     16.495       -27.06467     0.06889    -1.36245   -25.77111
     16.645       -27.04735     0.06945    -1.36169   -25.75511
     16.795       -27.03020     0.07000    -1.36095   -25.73926
     16.945       -27.01320     0.07055    -1.36022   -25.72353
     17.095       -26.99642     0.07109    -1.35950   -25.70801
     17.245       -26.97974     0.07162    -1.35879   -25.69258
     17.395       -26.96322     0.07215    -1.35811   -25.67727
     17.545       -26.94685     0.07266    -1.35742   -25.66209
     17.695       -26.93062     0.07317    -1.35676   -25.64703
     17.845       -26.91459     0.07368    -1.35611   -25.63217
     17.995       -26.89868     0.07417    -1.35547   -25.61739
     18.145       -26.88290     0.07467    -1.35484   -25.60272
     18.295       -26.86727     0.07515    -1.35422   -25.58820
     18.445       -26.85184     0.07563    -1.35362   -25.57386
     18.595       -26.83650     0.07610    -1.35302   -25.55958
     18.745       -26.82135     0.07656    -1.35243   -25.54548
     18.895       -26.80629     0.07701    -1.35185   -25.53146
     19.045       -26.79131     0.07747    -1.35128   -25.51751
     19.195       -26.77653     0.07792    -1.35072   -25.50373
     19.345       -26.76180     0.07836    -1.35017   -25.48999
     19.495       -26.74725     0.07880    -1.34962   -25.47644
     19.645       -26.73275     0.07923    -1.34908   -25.46291
     19.795       -26.71845     0.07967    -1.34856   -25.44956
     19.945       -26.70419     0.08009    -1.34805   -25.43624
     20.095       -26.69004     0.08052    -1.34755   -25.42301
     20.245       -26.67606     0.08093    -1.34703   -25.40996
     20.395       -26.66218     0.08134    -1.34654   -25.39698
     20.545       -26.64839     0.08174    -1.34605   -25.38408
     20.695       -26.63467     0.08214    -1.34556   -25.37125
     20.845       -26.62108     0.08254    -1.34509   -25.35853
     20.995       -26.60759     0.08293    -1.34463   -25.34589
     21.145       -26.59416     0.08332    -1.34416   -25.33331
     21.295       -26.58086     0.08371    -1.34371   -25.32086
     21.445       -26.56770     0.08410    -1.34326   -25.30854
     21.595       -26.55459     0.08448    -1.34282   -25.29625
     21.745       -26.54157     0.08486    -1.34239   -25.28405
     21.895       -26.52868     0.08524    -1.34195   -25.27196
     22.045       -26.51586     0.08560    -1.34152   -25.25994
     22.195       -26.50316     0.08597    -1.34110   -25.24803
     22.345       -26.49055     0.08634    -1.34068   -25.23621
     22.495       -26.47806     0.08669    -1.34027   -25.22449
     22.645       -26.46560     0.08705    -1.33986   -25.21279
     22.795       -26.45325     0.08741    -1.33946   -25.20120
     22.945       -26.44097     0.08776    -1.33905   -25.18968
     23.095       -26.42876     0.08810    -1.33865   -25.17822
     23.245       -26.41667     0.08844    -1.33826   -25.16686
     23.395       -26.40464     0.08878    -1.33787   -25.15555
     23.545       -26.39271     0.08912    -1.33749   -25.14435
     23.695       -26.38085     0.08946    -1.33712   -25.13319
     23.845       -26.36906     0.08979    -1.33674   -25.12211
     23.995       -26.35737     0.09012    -1.33636   -25.11113
     24.145       -26.34577     0.09045    -1.33600   -25.10022
     24.295       -26.33419     0.09077    -1.33563   -25.08933
     24.445       -26.32268     0.09109    -1.33527   -25.07850
     24.595       -26.31126     0.09140    -1.33491   -25.06775
     24.745       -26.29990     0.09172    -1.33456   -25.05705
     24.895       -26.28865     0.09203    -1.33421   -25.04647
     25.045       -26.27746     0.09233    -1.33386   -25.03593
     25.195       -26.26634     0.09264    -1.33351   -25.02547
     25.345       -26.25529     0.09295    -1.33317   -25.01507
     25.495       -26.24427     0.09326    -1.33283   -25.00469
     25.645       -26.23339     0.09355    -1.33251   -24.99443
     25.795       -26.22252     0.09385    -1.33218   -24.98420
     25.945       -26.21171     0.09415    -1.33186   -24.97401
     26.095       -26.20096     0.09444    -1.33154   -24.96386
     26.245       -26.19027     0.09473    -1.33122   -24.95378
     26.395       -26.17967     0.09502    -1.33091   -24.94379
     26.545       -26.16917     0.09531    -1.33059   -24.93390
     26.695       -26.15870     0.09559    -1.33028   -24.92401
     26.845       -26.14830     0.09588    -1.32997   -24.91420
     26.995       -26.13796     0.09616    -1.32966   -24.90446
     27.145       -26.12767     0.09644    -1.32936   -24.89475
     27.295       -26.11748     0.09673    -1.32906   -24.88515
     27.445       -26.10731     0.09700    -1.32876   -24.87554
     27.595       -26.09719     0.09727    -1.32846   -24.86599
     27.745       -26.08717     0.09754    -1.32816   -24.85655
     27.895       -26.07715     0.09781    -1.32787   -24.84708
     28.045       -26.06721     0.09808    -1.32759   -24.83770
     28.195       -26.05734     0.09834    -1.32730   -24.82839
     28.345       -26.04751     0.09861    -1.32701   -24.81911
     28.495       -26.03776     0.09887    -1.32674   -24.80989
     28.645       -26.02800     0.09914    -1.32646   -24.80068
     28.795       -26.01833     0.09940    -1.32618   -24.79154
     28.945       -26.00870     0.09966    -1.32591   -24.78245
     29.095       -25.99916     0.09991    -1.32564   -24.77343
     29.245       -25.98962     0.10017    -1.32537   -24.76442
     29.395       -25.98018     0.10042    -1.32510   -24.75550
     29.545       -25.97078     0.10067    -1.32484   -24.74661
     29.695       -25.96143     0.10092    -1.32458   -24.73777
     29.845       -25.95211     0.10116    -1.32431   -24.72896
     29.995       -25.94285     0.10140    -1.32404   -24.72021
     30.145       -25.93366     0.10165    -1.32378   -24.71152
     35.794       -25.32698     0.11747    -1.30776   -24.13669
     49.810       -24.73036     0.13247    -1.29323   -23.56960
     69.316       -24.14522     0.14687    -1.27975   -23.01234
     96.460       -23.57248     0.16082    -1.26701   -22.46630
     134.23       -23.01316     0.17434    -1.25485   -21.93266
     186.80       -22.46772     0.18746    -1.24319   -21.41198
     259.95       -21.93702     0.20018    -1.23203   -20.90516
     361.74       -21.42109     0.21256    -1.22132   -20.41233
     503.40       -20.92022     0.22455    -1.21100   -19.93377
     700.53       -20.43415     0.23612    -1.20103   -19.46924
     974.85       -19.96282     0.24730    -1.19140   -19.01871
     1356.6       -19.50609     0.25813    -1.18218   -18.58204
     1887.8       -19.06314     0.26856    -1.17322   -18.15848
     2627.1       -18.63389     0.27868    -1.16458   -17.74799
     3655.9       -18.21749     0.28845    -1.15624   -17.34971
     5087.5       -17.81358     0.29784    -1.14818   -16.96323
     7079.7       -17.42200     0.30697    -1.14043   -16.58854
     9852.1       -17.04279     0.31575    -1.13288   -16.22566
     13710.       -16.67570     0.32425    -1.12559   -15.87437
     19079.       -16.32079     0.33251    -1.11854   -15.53475
     26550.       -15.97794     0.34051    -1.11174   -15.20670
     36947.       -15.64784     0.34821    -1.10517   -14.89087
     51416.       -15.33061     0.35569    -1.09884   -14.58746
     71550.       -15.02740     0.36292    -1.09273   -14.29759
     99568.       -14.73768     0.36990    -1.08686   -14.02072
    0.13856E+06   -14.45983     0.37665    -1.08126   -13.75521
    0.19282E+06   -14.19435     0.38312    -1.07591   -13.50156
    0.26832E+06   -13.94079     0.38940    -1.07077   -13.25941
    0.37340E+06   -13.69863     0.39542    -1.06587   -13.02818
    0.51962E+06   -13.46734     0.40115    -1.06117   -12.80732
    0.72310E+06   -13.24610     0.40663    -1.05668   -12.59605
    0.10063E+07   -13.03488     0.41186    -1.05241   -12.39433
    0.14003E+07   -12.83358     0.41684    -1.04829   -12.20214
    0.19487E+07   -12.64188     0.42161    -1.04437   -12.01912
    0.27118E+07   -12.45945     0.42615    -1.04066   -11.84494
    0.37737E+07   -12.28555     0.43049    -1.03709   -11.67895
    0.52514E+07   -12.11997     0.43464    -1.03369   -11.52091
    0.73079E+07   -11.96251     0.43858    -1.03045   -11.37064
    0.10170E+08   -11.81251     0.44234    -1.02738   -11.22747
    0.14152E+08   -11.66982     0.44593    -1.02444   -11.09130
    0.19694E+08   -11.53419     0.44935    -1.02167   -10.96187
    0.27406E+08   -11.40493     0.45262    -1.01902   -10.83853
    0.38138E+08   -11.28213     0.45573    -1.01652   -10.72134
    0.53073E+08   -11.16568     0.45866    -1.01412   -10.61022
    0.73856E+08   -11.05578     0.46146    -1.01184   -10.50540
    0.10278E+09   -10.95226     0.46412    -1.00967   -10.40672
    0.14302E+09   -10.85560     0.46666    -1.00761   -10.31465
    0.19903E+09   -10.76603     0.46908    -1.00565   -10.22945
    0.27697E+09   -10.68325     0.47135    -1.00384   -10.15077
    0.38543E+09   -10.60669     0.47351    -1.00215   -10.07805
    0.53637E+09   -10.53564     0.47555    -1.00061   -10.01058
    0.74641E+09   -10.47049     0.47748    -0.99917    -9.94880
    0.10387E+10   -10.41102     0.47926    -0.99784    -9.89243
    0.14454E+10   -10.35639     0.48090    -0.99662    -9.84067
    0.20115E+10   -10.30622     0.48242    -0.99551    -9.79314
    0.27992E+10   -10.25998     0.48382    -0.99447    -9.74933
    0.38953E+10   -10.21747     0.48513    -0.99352    -9.70908
    0.54207E+10   -10.17836     0.48631    -0.99266    -9.67201
    0.75434E+10   -10.14231     0.48740    -0.99187    -9.63784
    0.10497E+11   -10.10915     0.48839    -0.99113    -9.60642
    0.14608E+11   -10.07856     0.48931    -0.99045    -9.57742
    0.20329E+11   -10.05042     0.49015    -0.98983    -9.55074
    0.28289E+11   -10.02446     0.49093    -0.98925    -9.52614
    0.39367E+11   -10.00064     0.49164    -0.98873    -9.50356
    0.54783E+11    -9.97867     0.49230    -0.98823    -9.48274
    0.10000E+12    -9.72304     0.49994    -0.98259    -9.24039
