    -44.945         0.00000     0.00000     0.00000     0.00000
    -44.795         0.00000     0.00000     0.00000     0.00000
    -44.645         0.00000     0.00000     0.00000     0.00000
    -44.495         0.00000     0.00000     0.00000     0.00000
    -44.345         0.00000     0.00000     0.00000     0.00000
    -44.195         0.00000     0.00000     0.00000     0.00000
    -44.045         0.00000     0.00000     0.00000     0.00000
    -43.895         0.00000     0.00000     0.00000     0.00000
    -43.745         0.00000     0.00000     0.00000     0.00000
    -43.595         0.00000     0.00000     0.00000     0.00000
    -43.445         0.00000     0.00000     0.00000     0.00000
    -43.295         0.00000     0.00000     0.00000     0.00000
    -43.145         0.00000     0.00000     0.00000     0.00000
    -42.995         0.00000     0.00000     0.00000     0.00000
    -42.845         0.00000     0.00000     0.00000     0.00000
    -42.695         0.00000     0.00000     0.00000     0.00000
    -42.545         0.00000     0.00000     0.00000     0.00000
    -42.395         0.00000     0.00000     0.00000     0.00000
    -42.245         0.00000     0.00000     0.00000     0.00000
    -42.095         0.00000     0.00000     0.00000     0.00000
    -41.945         0.00000     0.00000     0.00000     0.00000
    -41.795         0.00000     0.00000     0.00000     0.00000
    -41.645         0.00000     0.00000     0.00000     0.00000
    -41.495         0.00000     0.00000     0.00000     0.00000
    -41.345         0.00000     0.00000     0.00000     0.00000
    -41.195         0.00000     0.00000     0.00000     0.00000
    -41.045         0.00000     0.00000     0.00000     0.00000
    -40.895         0.00000     0.00000     0.00000     0.00000
    -40.745         0.00000     0.00000     0.00000     0.00000
    -40.595         0.00000     0.00000     0.00000     0.00000
    -40.445         0.00000     0.00000     0.00000     0.00000
    -40.295         0.00000     0.00000     0.00000     0.00000
    -40.145         0.00000     0.00000     0.00000     0.00000
    -39.995         0.00000     0.00000     0.00000     0.00000
    -39.845         0.00000     0.00000     0.00000     0.00000
    -39.695         0.00000     0.00000     0.00000     0.00000
    -39.545         0.00000     0.00000     0.00000     0.00000
    -39.395         0.00000     0.00000     0.00000     0.00000
    -39.245         0.00000     0.00000     0.00000     0.00000
    -39.095         0.00000     0.00000     0.00000     0.00000
    -38.945         0.00000     0.00000     0.00000     0.00000
    -38.795         0.00000     0.00000     0.00000     0.00000
    -38.645         0.00000     0.00000     0.00000     0.00000
    -38.495         0.00000     0.00000     0.00000     0.00000
    -38.345         0.00000     0.00000     0.00000     0.00000
    -38.195         0.00000     0.00000     0.00000     0.00000
    -38.045         0.00000     0.00000     0.00000     0.00000
    -37.895         0.00000     0.00000     0.00000     0.00000
    -37.745         0.00000     0.00000     0.00000     0.00000
    -37.595         0.00000     0.00000     0.00000     0.00000
    -37.445         0.00000     0.00000     0.00000     0.00000
    -37.295         0.00000     0.00000     0.00000     0.00000
    -37.145         0.00000     0.00000     0.00000     0.00000
    -36.995         0.00000     0.00000     0.00000     0.00000
    -36.845         0.00000     0.00000     0.00000     0.00000
    -36.695         0.00000     0.00000     0.00000     0.00000
    -36.545         0.00000     0.00000     0.00000     0.00000
    -36.395         0.00000     0.00000     0.00000     0.00000
    -36.245         0.00000     0.00000     0.00000     0.00000
    -36.095         0.00000     0.00000     0.00000     0.00000
    -35.945         0.00000     0.00000     0.00000     0.00000
    -35.795         0.00000     0.00000     0.00000     0.00000
    -35.645         0.00000     0.00000     0.00000     0.00000
    -35.495         0.00000     0.00000     0.00000     0.00000
    -35.345         0.00000     0.00000     0.00000     0.00000
    -35.195         0.00000     0.00000     0.00000     0.00000
    -35.045         0.00000     0.00000     0.00000     0.00000
    -34.895         0.00000     0.00000     0.00000     0.00000
    -34.745        -0.00000    -0.00000     0.00000     0.00000
    -34.595        -0.00000    -0.00000     0.00000     0.00000
    -34.445        -0.00000    -0.00000     0.00000     0.00000
    -34.295        -0.00000    -0.00000     0.00000     0.00000
    -34.145        -0.00000    -0.00000     0.00000     0.00000
    -33.995         0.00000     0.00000     0.00000     0.00000
    -33.845         0.00000     0.00000     0.00000     0.00000
    -33.695         0.00000     0.00000     0.00000     0.00000
    -33.545        -0.00000    -0.00000     0.00000     0.00000
    -33.395        -0.00000    -0.00000     0.00000     0.00000
    -33.245        -0.00000    -0.00000     0.00000     0.00000
    -33.095        -0.00000    -0.00000     0.00000     0.00000
    -32.945        -0.00000    -0.00000     0.00000     0.00000
    -32.795        -0.00000    -0.00000     0.00000     0.00000
    -32.645        -0.00076    -0.00076     0.00000     0.00000
    -32.495        -0.00076    -0.00076     0.00000     0.00000
    -32.345        -0.00076    -0.00076     0.00000     0.00000
    -32.195        -0.00076    -0.00076     0.00000     0.00000
    -32.045        -0.00076    -0.00076     0.00000     0.00000
    -31.895        -0.00076    -0.00076     0.00000     0.00000
    -31.745        -0.00076    -0.00076     0.00000     0.00000
    -31.595        -0.00076    -0.00076     0.00000     0.00000
    -31.445        -0.00076    -0.00076     0.00000     0.00000
    -31.295        -0.00076    -0.00076     0.00000     0.00000
    -31.145        -0.00076    -0.00076     0.00000     0.00000
    -30.995        -0.00076    -0.00076     0.00000     0.00000
    -30.845        -0.00076    -0.00076     0.00000     0.00000
    -30.695        -0.00076    -0.00076     0.00000     0.00000
    -30.545        -0.00151    -0.00151     0.00000     0.00000
    -30.395        -0.00151    -0.00151     0.00000     0.00000
    -30.245        -0.00225    -0.00225     0.00000     0.00000
    -30.095        -0.00225    -0.00225     0.00000     0.00000
    -29.945        -0.00299    -0.00299     0.00000     0.00000
    -29.795        -0.00299    -0.00299     0.00000     0.00000
    -29.645        -0.00442    -0.00442     0.00000     0.00000
    -29.495        -0.00442    -0.00442     0.00000     0.00000
    -29.345        -0.00442    -0.00442     0.00000     0.00000
    -29.195        -0.00443    -0.00443     0.00000     0.00000
    -29.045        -0.00443    -0.00443     0.00000     0.00000
    -28.895        -0.00443    -0.00443     0.00000     0.00000
    -28.745        -0.00443    -0.00443     0.00000     0.00000
    -28.595        -0.00519    -0.00519     0.00000     0.00000
    -28.445        -0.00519    -0.00519     0.00000     0.00000
    -28.295        -0.00594    -0.00594     0.00000     0.00000
    -28.145        -0.00669    -0.00669     0.00000     0.00000
    -27.995        -0.00670    -0.00670     0.00000     0.00000
    -27.845        -0.00746    -0.00746     0.00000     0.00000
    -27.695        -0.00823    -0.00823     0.00000     0.00000
    -27.545        -0.00823    -0.00823     0.00000     0.00000
    -27.395        -0.00902    -0.00902     0.00000     0.00000
    -27.245        -0.00979    -0.00979     0.00000     0.00000
    -27.095        -0.00980    -0.00980     0.00000     0.00000
    -26.945        -0.01059    -0.01059     0.00000     0.00000
    -26.795        -0.01060    -0.01060     0.00000     0.00000
    -26.645        -0.01140    -0.01140     0.00000     0.00000
    -26.495        -0.01348    -0.01348     0.00000     0.00000
    -26.345        -0.01495    -0.01495     0.00000     0.00000
    -26.195        -0.01705    -0.01705     0.00000     0.00000
    -26.045        -0.01706    -0.01706     0.00000     0.00000
    -25.895        -0.01791    -0.01791     0.00000     0.00000
    -25.745        -0.01793    -0.01793     0.00000     0.00000
    -25.595        -0.01880    -0.01880     0.00000     0.00000
    -25.445        -0.01968    -0.01968     0.00000     0.00000
    -25.295        -0.01970    -0.01970     0.00000     0.00000
    -25.145        -0.02124    -0.02124     0.00000     0.00000
    -24.995        -0.02217    -0.02217     0.00000     0.00000
    -24.845        -0.02433    -0.02433     0.00000     0.00000
    -24.695        -0.02528    -0.02528     0.00000     0.00000
    -24.545        -0.02624    -0.02624     0.00000     0.00000
    -24.395        -0.02722    -0.02722     0.00000     0.00000
    -24.245        -0.02724    -0.02724     0.00000     0.00000
    -24.095        -0.02825    -0.02825     0.00000     0.00000
    -23.945        -0.02828    -0.02828     0.00000     0.00000
    -23.795        -0.02831    -0.02831     0.00000     0.00000
    -23.645        -0.02938    -0.02938    -0.00000     0.00000
    -23.495        -0.03212    -0.03161    -0.00050     0.00000
    -23.345        -0.03322    -0.03272    -0.00050     0.00000
    -23.195        -0.03434    -0.03384    -0.00050     0.00000
    -23.045        -0.03606    -0.03556    -0.00050     0.00000
    -22.895        -0.03782    -0.03732    -0.00050     0.00000
    -22.745        -0.03839    -0.03737    -0.00102     0.00000
    -22.595        -0.03958    -0.03856    -0.00102     0.00000
    -22.445        -0.04184    -0.04034    -0.00151     0.00000
    -22.295        -0.04415    -0.04215    -0.00200     0.00000
    -22.145        -0.04543    -0.04342    -0.00200     0.00000
    -21.995        -0.04647    -0.04348    -0.00299     0.00000
    -21.845        -0.04705    -0.04355    -0.00349     0.00000
    -21.695        -0.04940    -0.04490    -0.00449     0.00000
    -21.545        -0.05332    -0.04735    -0.00597     0.00000
    -21.395        -0.05730    -0.04985    -0.00746     0.00000
    -21.245        -0.05974    -0.05127    -0.00847     0.00000
    -21.095        -0.06330    -0.05380    -0.00951     0.00000
    -20.945        -0.06581    -0.05526    -0.01055     0.00000
    -20.795        -0.06883    -0.05673    -0.01210     0.00000
    -20.645        -0.07252    -0.05884    -0.01368     0.00000
    -20.495        -0.07517    -0.05893    -0.01624     0.00000
    -20.345        -0.07788    -0.05901    -0.01887     0.00000
    -20.195        -0.08364    -0.06114    -0.02250     0.00000
    -20.045        -0.08850    -0.06275    -0.02575     0.00000
    -19.895        -0.09242    -0.06285    -0.02957     0.00000
    -19.745        -0.09743    -0.06296    -0.03447     0.00000
    -19.595        -0.10636    -0.06310    -0.04327     0.00000
    -19.445        -0.11824    -0.06322    -0.05501     0.00000
    -19.295        -0.13294    -0.06559    -0.06736     0.00000
    -19.145        -0.14444    -0.06729    -0.07715     0.00000
    -18.995        -0.15688    -0.06742    -0.08946     0.00000
    -18.845        -0.17115    -0.06916    -0.10200     0.00000
    -18.695        -0.18177    -0.06928    -0.11249     0.00000
    -18.545        -0.19399    -0.06941    -0.12458     0.00000
    -18.395        -0.21040    -0.07118    -0.13922     0.00000
    -18.245        -0.22954    -0.07373    -0.15582     0.00000
    -18.095        -0.25125    -0.07555    -0.17570     0.00000
    -17.945        -0.26715    -0.07570    -0.19145     0.00000
    -17.795        -0.28751    -0.07752    -0.20998     0.00000
    -17.645        -0.30547    -0.07936    -0.22611     0.00000
    -17.495        -0.32268    -0.08204    -0.24064     0.00000
    -17.345        -0.34059    -0.08220    -0.25839     0.00000
    -17.195        -0.35734    -0.08237    -0.27497     0.00000
    -17.045        -0.37210    -0.08255    -0.28954     0.00000
    -16.895        -0.39495    -0.08445    -0.31050     0.00000
    -16.745        -0.41486    -0.08785    -0.32702     0.00000
    -16.595        -0.43202    -0.08805    -0.34397     0.00000
    -16.445        -0.45357    -0.09087    -0.36270     0.00000
    -16.295        -0.47364    -0.09373    -0.37991     0.00000
    -16.145        -0.49456    -0.09660    -0.39795     0.00000
    -15.995        -0.50896    -0.09682    -0.41214     0.00000
    -15.845        -0.52761    -0.09972    -0.42788     0.00000
    -15.695        -0.55056    -0.10167    -0.44889     0.00000
    -15.545        -0.56996    -0.10360    -0.46637     0.00000
    -15.395        -0.59063    -0.10555    -0.48508     0.00000
    -15.245        -0.61384    -0.10923    -0.50460     0.00000
    -15.095        -0.63085    -0.11119    -0.51966     0.00000
    -14.945        -0.64922    -0.11142    -0.53780     0.00000
    -14.795        -0.66434    -0.11163    -0.55271     0.00000
    -14.645        -0.68083    -0.11359    -0.56725     0.00000
    -14.495        -0.70048    -0.11385    -0.58663     0.00000
    -14.345        -0.71824    -0.11767    -0.60056     0.00000
    -14.195        -0.73821    -0.11792    -0.62029     0.00000
    -14.045        -0.75250    -0.11989    -0.63261     0.00000
    -13.895        -0.77085    -0.12185    -0.64901     0.00000
    -13.745        -0.78810    -0.12493    -0.66318     0.00000
    -13.595        -0.80344    -0.12886    -0.67457     0.00000
    -13.445        -0.82168    -0.13281    -0.68886     0.00000
    -13.295        -0.84114    -0.13745    -0.70368     0.00000
    -13.145        -0.85909    -0.14143    -0.71766     0.00000
    -12.995        -0.87488    -0.14454    -0.73034     0.00000
    -12.845        -0.89296    -0.14650    -0.74646     0.00000
    -12.695        -0.91150    -0.14960    -0.76190     0.00000
    -12.545        -0.93199    -0.15494    -0.77705     0.00000
    -12.395        -0.94996    -0.15690    -0.79306     0.00000
    -12.245        -0.96362    -0.15721    -0.80641     0.00000
    -12.095        -0.98166    -0.15916    -0.82250     0.00000
    -11.945        -1.00237    -0.16406    -0.83831     0.00000
    -11.795        -1.02124    -0.16894    -0.85229     0.00000
    -11.645        -1.04091    -0.17514    -0.86577     0.00000
    -11.495        -1.06278    -0.18195    -0.88083     0.00000
    -11.345        -1.08415    -0.18611    -0.89804     0.00000
    -11.195        -1.10930    -0.19482    -0.91449     0.00000
    -11.045        -1.13256    -0.20071    -0.93185     0.00000
    -10.895        -1.15599    -0.20895    -0.94704    -0.00000
    -10.745        -1.17365    -0.21737    -0.95628    -0.00000
    -10.595        -1.19931    -0.22686    -0.97245     0.00000
    -10.445        -1.22434    -0.23660    -0.98774     0.00000
    -10.295        -1.24776    -0.24702    -1.00073     0.00000
    -10.145        -1.27669    -0.25897    -1.01753    -0.00018
    -9.9950        -1.30475    -0.26995    -1.03443    -0.00038
    -9.8450        -1.33283    -0.28121    -1.04979    -0.00182
    -9.6950        -1.36724    -0.29421    -1.06766    -0.00537
    -9.5450        -1.40679    -0.30533    -1.08931    -0.01214
    -9.3950        -1.45190    -0.31735    -1.10966    -0.02490
    -9.2450        -1.50359    -0.33238    -1.12716    -0.04406
    -9.0950        -1.57015    -0.34963    -1.14723    -0.07329
    -8.9450        -1.65062    -0.36812    -1.16783    -0.11466
    -8.7950        -1.74905    -0.38073    -1.19250    -0.17582
    -8.6450        -1.88490    -0.40130    -1.22109    -0.26250
    -8.4950        -2.04168    -0.42212    -1.24830    -0.37126
    -8.3450        -2.23988    -0.44370    -1.27824    -0.51795
    -8.1950        -2.47664    -0.46686    -1.30434    -0.70545
    -8.0450        -2.75601    -0.48878    -1.33478    -0.93246
    -7.8950        -3.08897    -0.51555    -1.36230    -1.21112
    -7.7450        -3.46714    -0.54079    -1.39653    -1.52982
    -7.5950        -3.88610    -0.56431    -1.43144    -1.89036
    -7.4450        -4.36061    -0.59135    -1.46656    -2.30269
    -7.2950        -4.90042    -0.62010    -1.50454    -2.77578
    -7.1450        -5.46666    -0.64993    -1.54391    -3.27283
    -6.9950        -6.08453    -0.67858    -1.58724    -3.81870
    -6.8450        -6.72236    -0.71269    -1.63111    -4.37856
    -6.6950        -7.38282    -0.74772    -1.67421    -4.96089
    -6.5450        -8.07167    -0.78342    -1.72602    -5.56223
    -6.3950        -8.75606    -0.82188    -1.77679    -6.15739
    -6.2450        -9.44884    -0.86313    -1.82799    -6.75771
    -6.0950       -10.13574    -0.91173    -1.88589    -7.33812
    -5.9450       -10.81351    -0.95890    -1.94357    -7.91104
    -5.7950       -11.47380    -1.00387    -2.00268    -8.46725
    -5.6450       -12.11133    -1.05413    -2.06216    -8.99504
    -5.4950       -12.73098    -1.10835    -2.12589    -9.49674
    -5.3450       -13.34995    -1.16493    -2.19252    -9.99249
    -5.1950       -13.95479    -1.22745    -2.26257   -10.46477
    -5.0450       -14.55630    -1.29109    -2.33469   -10.93052
    -4.8950       -15.12871    -1.35970    -2.40924   -11.35977
    -4.7450       -15.69926    -1.43064    -2.48978   -11.77884
    -4.5950       -16.28536    -1.50614    -2.57881   -12.20041
    -4.4450       -16.85884    -1.58474    -2.66840   -12.60571
    -4.2950       -17.43696    -1.66921    -2.76227   -13.00548
    -4.1450       -18.03060    -1.75881    -2.86516   -13.40663
    -3.9950       -18.65438    -1.85401    -2.97681   -13.82356
    -3.8450       -19.30808    -1.95782    -3.09414   -14.25611
    -3.6950       -19.97304    -2.06788    -3.21469   -14.69048
    -3.5450       -20.67115    -2.18328    -3.34917   -15.13870
    -3.3950       -21.39702    -2.30465    -3.49016   -15.60221
    -3.2450       -22.14497    -2.43230    -3.64535   -16.06733
    -3.0950       -22.93227    -2.57232    -3.80862   -16.55133
    -2.9450       -23.75862    -2.72048    -3.98505   -17.05309
    -2.7950       -24.63087    -2.87888    -4.17118   -17.58081
    -2.6450       -25.56187    -3.04964    -4.37423   -18.13800
    -2.4950       -26.56835    -3.24128    -4.59016   -18.73691
    -2.3450       -27.64861    -3.43996    -4.82575   -19.38290
    -2.1950       -28.82113    -3.65634    -5.07689   -20.08791
    -2.0450       -30.14549    -3.90197    -5.34796   -20.89556
    -1.8950       -31.63416    -4.16649    -5.65047   -21.81719
    -1.7450       -33.33201    -4.45683    -5.98965   -22.88553
    -1.5950       -35.24591    -4.77224    -6.36366   -24.11002
    -1.4450       -37.39293    -5.11048    -6.78295   -25.49950
    -1.2950       -39.80445    -5.48215    -7.25130   -27.07100
    -1.1450       -42.47414    -5.89781    -7.76479   -28.81154
   -0.99500       -45.42323    -6.36452    -8.34601   -30.71270
   -0.84500       -48.73375    -6.90622    -9.03930   -32.78823
   -0.69500       -52.47711    -7.54026    -9.86694   -35.06991
   -0.54500       -56.87210    -8.27448   -10.85232   -37.74531
   -0.39500       -62.25161    -9.09457   -11.95660   -41.20043
   -0.25300       -66.43665    -9.61500   -12.62339   -44.19826
   -0.21500       -66.72259    -9.64485   -12.66046   -44.41728
   -0.20900       -67.01233    -9.67439   -12.69629   -44.64165
   -0.20300       -67.30816    -9.70381   -12.73166   -44.87268
   -0.19700       -67.60850    -9.73268   -12.76567   -45.11015
   -0.19100       -67.91484    -9.76131   -12.79936   -45.35416
   -0.18500       -68.22621    -9.78945   -12.83192   -45.60484
   -0.17900       -68.54408    -9.81687   -12.86381   -45.86340
   -0.17300       -68.87004    -9.84403   -12.89508   -46.13093
   -0.16700       -69.20172    -9.87074   -12.92481   -46.40617
   -0.16100       -69.54436    -9.89650   -12.95415   -46.69371
   -0.15500       -69.89519    -9.92172   -12.98244   -46.99103
   -0.14900       -70.25627    -9.94615   -13.00972   -47.30040
   -0.14300       -70.62903    -9.97024   -13.03609   -47.62270
   -0.13700       -71.01448    -9.99367   -13.06130   -47.95950
   -0.13100       -71.41480   -10.01625   -13.08606   -48.31249
   -0.12500       -71.82917   -10.03820   -13.10954   -48.68142
   -0.11900       -72.25930   -10.05928   -13.13211   -49.06791
   -0.11300       -72.70992   -10.07963   -13.15372   -49.47657
   -0.10700       -73.17934   -10.09901   -13.17385   -49.90648
   -0.10100       -73.67308   -10.11728   -13.19330   -50.36250
   -0.95000E-01   -74.19144   -10.13476   -13.21169   -50.84498
   -0.89000E-01   -74.73902   -10.15124   -13.22910   -51.35868
   -0.83000E-01   -75.31642   -10.16669   -13.24501   -51.90472
   -0.77000E-01   -75.92496   -10.18095   -13.25997   -52.48404
   -0.71000E-01   -76.57101   -10.19430   -13.27374   -53.10297
   -0.65000E-01   -77.25660   -10.20669   -13.28640   -53.76350
   -0.59000E-01   -77.98438   -10.21776   -13.29787   -54.46875
   -0.53000E-01   -78.75987   -10.22770   -13.30827   -55.22391
   -0.47000E-01   -79.58669   -10.23666   -13.31751   -56.03253
   -0.41000E-01   -80.47390   -10.24451   -13.32565   -56.90375
   -0.35000E-01   -81.42777   -10.25116   -13.33253   -57.84407
   -0.29000E-01   -82.44078   -10.25671   -13.33819   -58.84588
   -0.23000E-01   -83.47146   -10.26119   -13.34271   -59.86756
   -0.19700E-01   -83.57200   -10.26157   -13.34309   -59.96733
   -0.19100E-01   -83.67165   -10.26194   -13.34349   -60.06622
   -0.18500E-01   -83.77017   -10.26229   -13.34386   -60.16402
   -0.17900E-01   -83.86749   -10.26264   -13.34422   -60.26063
   -0.17300E-01   -83.96315   -10.26297   -13.34456   -60.35562
   -0.16700E-01   -84.05748   -10.26330   -13.34489   -60.44929
   -0.16100E-01   -84.14964   -10.26363   -13.34519   -60.54082
   -0.15500E-01   -84.23981   -10.26393   -13.34550   -60.63038
   -0.14900E-01   -84.32800   -10.26422   -13.34581   -60.71797
   -0.14300E-01   -84.41392   -10.26450   -13.34609   -60.80334
   -0.13700E-01   -84.49740   -10.26476   -13.34636   -60.88628
   -0.13100E-01   -84.57829   -10.26500   -13.34663   -60.96667
   -0.12500E-01   -84.65629   -10.26524   -13.34688   -61.04417
   -0.11900E-01   -84.73140   -10.26547   -13.34712   -61.11881
   -0.11300E-01   -84.80345   -10.26569   -13.34733   -61.19043
   -0.10700E-01   -84.87245   -10.26589   -13.34755   -61.25900
   -0.10100E-01   -84.93805   -10.26609   -13.34776   -61.32420
   -0.95000E-02   -85.00034   -10.26627   -13.34794   -61.38613
   -0.89000E-02   -85.05928   -10.26644   -13.34812   -61.44472
   -0.83000E-02   -85.11464   -10.26661   -13.34828   -61.49975
   -0.77000E-02   -85.16628   -10.26676   -13.34843   -61.55109
   -0.71000E-02   -85.21434   -10.26690   -13.34857   -61.59887
   -0.65000E-02   -85.25848   -10.26703   -13.34869   -61.64276
   -0.59000E-02   -85.29881   -10.26714   -13.34881   -61.68287
   -0.53000E-02   -85.33526   -10.26725   -13.34891   -61.71910
   -0.47000E-02   -85.36767   -10.26734   -13.34900   -61.75133
   -0.41000E-02   -85.39606   -10.26742   -13.34908   -61.77956
   -0.35000E-02   -85.42041   -10.26748   -13.34915   -61.80377
   -0.29000E-02   -85.44064   -10.26754   -13.34921   -61.82389
   -0.23000E-02   -85.45675   -10.26758   -13.34925   -61.83992
   -0.17000E-02   -85.46870   -10.26761   -13.34929   -61.85180
   -0.11000E-02   -85.47647   -10.26764   -13.34931   -61.85952
   -0.50000E-03   -85.48004   -10.26765   -13.34932   -61.86307
    0.10000E-03   -85.47940   -10.26764   -13.34932   -61.86243
    0.70000E-03   -85.47455   -10.26763   -13.34930   -61.85762
    0.13000E-02   -85.46551   -10.26761   -13.34928   -61.84863
    0.19000E-02   -85.45230   -10.26757   -13.34924   -61.83549
    0.25000E-02   -85.43496   -10.26752   -13.34919   -61.81825
    0.31000E-02   -85.41347   -10.26746   -13.34913   -61.79688
    0.37000E-02   -85.38787   -10.26739   -13.34906   -61.77143
    0.43000E-02   -85.35827   -10.26731   -13.34898   -61.74199
    0.49000E-02   -85.32456   -10.26722   -13.34888   -61.70846
    0.55000E-02   -85.28681   -10.26711   -13.34877   -61.67093
    0.61000E-02   -85.24521   -10.26699   -13.34865   -61.62957
    0.67000E-02   -85.19977   -10.26686   -13.34852   -61.58439
    0.73000E-02   -85.15066   -10.26672   -13.34838   -61.53556
    0.79000E-02   -85.09776   -10.26656   -13.34822   -61.48297
    0.85000E-02   -85.04128   -10.26640   -13.34805   -61.42683
    0.91000E-02   -84.98125   -10.26623   -13.34787   -61.36715
    0.97000E-02   -84.91780   -10.26603   -13.34768   -61.30409
    0.10300E-01   -84.85096   -10.26583   -13.34748   -61.23765
    0.10900E-01   -84.78081   -10.26563   -13.34727   -61.16791
    0.11500E-01   -84.70756   -10.26540   -13.34704   -61.09512
    0.12100E-01   -84.63130   -10.26517   -13.34680   -61.01933
    0.12700E-01   -84.55243   -10.26494   -13.34656   -60.94093
    0.13300E-01   -84.47086   -10.26468   -13.34630   -60.85988
    0.13900E-01   -84.38635   -10.26441   -13.34603   -60.77591
    0.14500E-01   -84.29952   -10.26413   -13.34574   -60.68965
    0.15100E-01   -84.21054   -10.26384   -13.34545   -60.60125
    0.15700E-01   -84.11953   -10.26353   -13.34514   -60.51086
    0.16300E-01   -84.02670   -10.26322   -13.34483   -60.41866
    0.16900E-01   -83.93192   -10.26287   -13.34450   -60.32454
    0.17500E-01   -83.83579   -10.26253   -13.34415   -60.22910
    0.18100E-01   -83.73823   -10.26218   -13.34379   -60.13226
    0.18700E-01   -83.63991   -10.26182   -13.34343   -60.03466
    0.19300E-01   -83.54040   -10.26146   -13.34303   -59.93592
    0.20200E-01   -83.14649   -10.25987   -13.34143   -59.54520
    0.25000E-01   -82.11830   -10.25499   -13.33652   -58.52679
    0.31000E-01   -81.12865   -10.24891   -13.33051   -57.54924
    0.37000E-01   -80.20398   -10.24173   -13.32335   -56.63889
    0.43000E-01   -79.34615   -10.23329   -13.31509   -55.79777
    0.49000E-01   -78.54798   -10.22372   -13.30562   -55.01864
    0.55000E-01   -77.80207   -10.21295   -13.29521   -54.29390
    0.61000E-01   -77.10266   -10.20115   -13.28362   -53.61789
    0.67000E-01   -76.44798   -10.18830   -13.27118   -52.98850
    0.73000E-01   -75.83281   -10.17399   -13.25741   -52.40141
    0.79000E-01   -75.25560   -10.15888   -13.24249   -51.85423
    0.85000E-01   -74.71313   -10.14245   -13.22674   -51.34395
    0.91000E-01   -74.20233   -10.12476   -13.21010   -50.86747
    0.97000E-01   -73.72089   -10.10629   -13.19255   -50.42204
    0.10300       -73.26633   -10.08646   -13.17426   -50.00562
    0.10900       -72.83571   -10.06550   -13.15457   -49.61564
    0.11500       -72.42863   -10.04361   -13.13436   -49.25066
    0.12100       -72.04052   -10.02052   -13.11304   -48.90696
    0.12700       -71.67024    -9.99623   -13.09123   -48.58278
    0.13300       -71.31815    -9.97102   -13.06839   -48.27874
    0.13900       -70.98034    -9.94511   -13.04464   -47.99059
    0.14500       -70.65658    -9.91813   -13.02038   -47.71807
    0.15100       -70.34507    -9.88976   -12.99543   -47.45987
    0.15700       -70.04456    -9.86089   -12.97009   -47.21358
    0.16300       -69.75508    -9.83089   -12.94378   -46.98042
    0.16900       -69.47397    -9.79959   -12.91717   -46.75721
    0.17500       -69.20260    -9.76792   -12.89021   -46.54447
    0.18100       -68.93798    -9.73540   -12.86226   -46.34032
    0.18700       -68.68080    -9.70197   -12.83412   -46.14471
    0.19300       -68.42964    -9.66786   -12.80522   -45.95656
    0.19900       -68.18493    -9.63311   -12.77609   -45.77573
    0.20500       -67.94461    -9.59731   -12.74656   -45.60074
    0.21100       -67.70936    -9.56027   -12.71660   -45.43249
    0.21700       -67.47986    -9.52315   -12.68654   -45.27018
    0.29500       -62.50507    -8.44183   -11.85656   -42.20669
    0.44500       -58.87550    -7.36229   -11.06985   -40.44336
    0.59500       -56.06811    -6.42101   -10.40934   -39.23775
    0.74500       -53.80795    -5.64176    -9.84462   -38.32157
    0.89500       -51.92048    -5.00246    -9.34908   -37.56893
     1.0450       -50.30072    -4.45822    -8.90861   -36.93389
     1.1950       -48.88190    -3.98138    -8.51661   -36.38391
     1.3450       -47.63871    -3.56098    -8.16829   -35.90944
     1.4950       -46.52857    -3.18342    -7.85630   -35.48885
     1.6450       -45.53850    -2.84231    -7.57241   -35.12378
     1.7950       -44.64839    -2.53380    -7.31158   -34.80302
     1.9450       -43.84080    -2.25243    -7.07093   -34.51743
     2.0950       -43.10445    -1.99394    -6.84775   -34.26276
     2.2450       -42.43473    -1.75796    -6.64156   -34.03520
     2.3950       -41.81359    -1.53978    -6.44691   -33.82690
     2.5450       -41.24641    -1.33900    -6.26569   -33.64171
     2.6950       -40.72068    -1.15258    -6.09554   -33.47256
     2.8450       -40.23949    -0.97937    -5.93542   -33.32470
     2.9950       -39.78699    -0.81839    -5.78507   -33.18354
     3.1450       -39.37303    -0.66770    -5.64403   -33.06130
     3.2950       -38.98645    -0.52743    -5.51197   -32.94705
     3.4450       -38.62517    -0.39655    -5.38872   -32.83991
     3.5950       -38.28983    -0.27486    -5.27140   -32.74358
     3.7450       -37.97131    -0.16053    -5.15928   -32.65151
     3.8950       -37.67461    -0.05352    -5.05416   -32.56693
     4.0450       -37.39436     0.04813    -4.95495   -32.48755
     4.1950       -37.13504     0.14226    -4.86405   -32.41325
     4.3450       -36.88832     0.23241    -4.77636   -32.34437
     4.4950       -36.65386     0.31823    -4.69470   -32.27740
     4.6450       -36.43235     0.39948    -4.61609   -32.21574
     4.7950       -36.21910     0.47717    -4.54388   -32.15240
     4.9450       -36.01965     0.55046    -4.47592   -32.09419
     5.0950       -35.82563     0.62083    -4.40931   -32.03715
     5.2450       -35.63916     0.68916    -4.34628   -31.98204
     5.3950       -35.46425     0.75404    -4.28836   -31.92993
     5.5450       -35.29510     0.81631    -4.23183   -31.87959
     5.6950       -35.13351     0.87623    -4.17956   -31.83018
     5.8450       -34.98076     0.93510    -4.13389   -31.78198
     5.9950       -34.82899     0.99124    -4.08533   -31.73491
     6.1450       -34.68515     1.04555    -4.04230   -31.68840
     6.2950       -34.54529     1.09805    -3.99920   -31.64414
     6.4450       -34.41656     1.14917    -3.96455   -31.60118
     6.5950       -34.28884     1.19839    -3.92840   -31.55883
     6.7450       -34.16429     1.24620    -3.89258   -31.51791
     6.8950       -34.04802     1.29247    -3.86261   -31.47788
     7.0450       -33.93720     1.33651    -3.83552   -31.43819
     7.1950       -33.82768     1.38017    -3.80848   -31.39937
     7.3450       -33.72137     1.42268    -3.78212   -31.36193
     7.4950       -33.62323     1.46356    -3.76158   -31.32521
     7.6450       -33.52549     1.50273    -3.73898   -31.28924
     7.7950       -33.43937     1.54144    -3.72750   -31.25331
     7.9450       -33.35257     1.57904    -3.71288   -31.21872
     8.0950       -33.26711     1.61497    -3.69731   -31.18477
     8.2450       -33.18586     1.65021    -3.68467   -31.15141
     8.3950       -33.10518     1.68549    -3.67197   -31.11870
     8.5450       -33.03522     1.71546    -3.66399   -31.08669
     8.6950       -32.96123     1.74526    -3.65129   -31.05519
     8.8450       -32.89414     1.77467    -3.64461   -31.02419
     8.9950       -32.82453     1.80453    -3.63527   -30.99379
     9.1450       -32.75813     1.83166    -3.62591   -30.96388
     9.2950       -32.68806     1.85761    -3.61118   -30.93448
     9.4450       -32.63717     1.87437    -3.60602   -30.90552
     9.5950       -32.58230     1.89723    -3.60246   -30.87707
     9.7450       -32.52977     1.91506    -3.59581   -30.84902
     9.8950       -32.48081     1.93287    -3.59232   -30.82136
     10.045       -32.42423     1.95156    -3.58163   -30.79416
     10.195       -32.37303     1.97090    -3.57652   -30.76740
     10.345       -32.33004     1.98236    -3.57135   -30.74106
     10.495       -32.28363     1.99936    -3.56794   -30.71506
     10.645       -32.25298     2.00283    -3.56636   -30.68944
     10.795       -32.22094     2.00809    -3.56484   -30.66420
     10.945       -32.18573     2.01686    -3.56330   -30.63929
     11.095       -32.15091     2.02562    -3.56186   -30.61468
     11.245       -32.11644     2.03442    -3.56045   -30.59041
     11.395       -32.08777     2.03778    -3.55909   -30.56645
     11.545       -32.05954     2.03908    -3.55573   -30.54289
     11.695       -32.02574     2.04630    -3.55238   -30.51966
     11.845       -31.99611     2.05170    -3.55111   -30.49670
     11.995       -31.96890     2.05503    -3.54989   -30.47404
     12.145       -31.94202     2.05840    -3.54870   -30.45172
     12.295       -31.91761     2.05948    -3.54749   -30.42960
     12.445       -31.89354     2.06054    -3.54634   -30.40773
     12.595       -31.86987     2.06155    -3.54522   -30.38619
     12.745       -31.84642     2.06256    -3.54416   -30.36483
     12.895       -31.82329     2.06355    -3.54311   -30.34372
     13.045       -31.80042     2.06454    -3.54206   -30.32290
     13.195       -31.77777     2.06552    -3.54103   -30.30226
     13.345       -31.75540     2.06649    -3.54002   -30.28187
     13.495       -31.73344     2.06737    -3.53902   -30.26178
     13.645       -31.71165     2.06825    -3.53806   -30.24184
     13.795       -31.69024     2.06901    -3.53710   -30.22215
     13.945       -31.66899     2.06981    -3.53618   -30.20263
     14.095       -31.64798     2.07066    -3.53526   -30.18338
     14.245       -31.62720     2.07145    -3.53438   -30.16428
     14.395       -31.60409     2.07488    -3.53349   -30.14547
     14.545       -31.58385     2.07558    -3.53261   -30.12683
     14.695       -31.56376     2.07633    -3.53176   -30.10833
     14.845       -31.54387     2.07705    -3.53093   -30.09000
     14.995       -31.52429     2.07775    -3.53012   -30.07192
     15.145       -31.50491     2.07843    -3.52930   -30.05405
     15.295       -31.48569     2.07912    -3.52850   -30.03632
     15.445       -31.46668     2.07982    -3.52772   -30.01878
     15.595       -31.44791     2.08050    -3.52697   -30.00144
     15.745       -31.42930     2.08117    -3.52623   -29.98424
     15.895       -31.41086     2.08179    -3.52547   -29.96718
     16.045       -31.39254     2.08244    -3.52472   -29.95026
     16.195       -31.37448     2.08303    -3.52399   -29.93352
     16.345       -31.35666     2.08366    -3.52327   -29.91705
     16.495       -31.33898     2.08425    -3.52259   -29.90065
     16.645       -31.32141     2.08483    -3.52189   -29.88435
     16.795       -31.30411     2.08539    -3.52122   -29.86828
     16.945       -31.28686     2.08596    -3.52054   -29.85228
     17.095       -31.26980     2.08653    -3.51987   -29.83646
     17.245       -31.25292     2.08708    -3.51921   -29.82079
     17.395       -31.23625     2.08760    -3.51857   -29.80528
     17.545       -31.21968     2.08815    -3.51794   -29.78989
     17.695       -31.20327     2.08865    -3.51730   -29.77461
     17.845       -31.18705     2.08915    -3.51671   -29.75949
     17.995       -31.17086     2.08966    -3.51609   -29.74444
     18.145       -31.15489     2.09015    -3.51549   -29.72956
     18.295       -31.13910     2.09063    -3.51489   -29.71485
     18.445       -31.12345     2.09107    -3.51430   -29.70023
     18.595       -31.10788     2.09153    -3.51371   -29.68571
     18.745       -31.09243     2.09199    -3.51312   -29.67130
     18.895       -31.07715     2.09241    -3.51256   -29.65701
     19.045       -31.06203     2.09285    -3.51199   -29.64289
     19.195       -31.04693     2.09328    -3.51145   -29.62876
     19.345       -31.03197     2.09371    -3.51089   -29.61479
     19.495       -31.01716     2.09413    -3.51035   -29.60094
     19.645       -31.00252     2.09454    -3.50983   -29.58723
     19.795       -30.98799     2.09493    -3.50929   -29.57363
     19.945       -30.97351     2.09533    -3.50876   -29.56008
     20.095       -30.95916     2.09576    -3.50825   -29.54667
     20.245       -30.94491     2.09615    -3.50774   -29.53332
     20.395       -30.93085     2.09653    -3.50723   -29.52015
     20.545       -30.91690     2.09689    -3.50672   -29.50707
     20.695       -30.90302     2.09725    -3.50623   -29.49404
     20.845       -30.88921     2.09761    -3.50574   -29.48109
     20.995       -30.87551     2.09801    -3.50525   -29.46827
     21.145       -30.86198     2.09837    -3.50477   -29.45558
     21.295       -30.84849     2.09870    -3.50429   -29.44290
     21.445       -30.83514     2.09905    -3.50382   -29.43036
     21.595       -30.82194     2.09939    -3.50336   -29.41797
     21.745       -30.80880     2.09972    -3.50291   -29.40562
     21.895       -30.79572     2.10005    -3.50244   -29.39332
     22.045       -30.78270     2.10039    -3.50199   -29.38110
     22.195       -30.76982     2.10068    -3.50155   -29.36895
     22.345       -30.75704     2.10099    -3.50111   -29.35692
     22.495       -30.74429     2.10132    -3.50067   -29.34494
     22.645       -30.73166     2.10167    -3.50023   -29.33309
     22.795       -30.71907     2.10199    -3.49979   -29.32127
     22.945       -30.70660     2.10231    -3.49937   -29.30953
     23.095       -30.69426     2.10260    -3.49894   -29.29792
     23.245       -30.68200     2.10288    -3.49852   -29.28637
     23.395       -30.66988     2.10316    -3.49811   -29.27494
     23.545       -30.65775     2.10347    -3.49769   -29.26353
     23.695       -30.64571     2.10375    -3.49727   -29.25219
     23.845       -30.63378     2.10405    -3.49686   -29.24097
     23.995       -30.62191     2.10434    -3.49646   -29.22978
     24.145       -30.61017     2.10463    -3.49607   -29.21873
     24.295       -30.59842     2.10492    -3.49567   -29.20767
     24.445       -30.58680     2.10519    -3.49529   -29.19670
     24.595       -30.57525     2.10546    -3.49489   -29.18582
     24.745       -30.56379     2.10574    -3.49450   -29.17502
     24.895       -30.55236     2.10600    -3.49412   -29.16424
     25.045       -30.54102     2.10629    -3.49373   -29.15357
     25.195       -30.52975     2.10655    -3.49336   -29.14294
     25.345       -30.51857     2.10680    -3.49299   -29.13238
     25.495       -30.50745     2.10706    -3.49263   -29.12188
     25.645       -30.49631     2.10734    -3.49226   -29.11139
     25.795       -30.48535     2.10760    -3.49189   -29.10106
     25.945       -30.47443     2.10785    -3.49153   -29.09076
     26.095       -30.46357     2.10811    -3.49118   -29.08050
     26.245       -30.45275     2.10836    -3.49082   -29.07029
     26.395       -30.44200     2.10860    -3.49045   -29.06015
     26.545       -30.43127     2.10886    -3.49010   -29.05003
     26.695       -30.42068     2.10912    -3.48976   -29.04003
     26.845       -30.41010     2.10937    -3.48941   -29.03006
     26.995       -30.39964     2.10958    -3.48906   -29.02017
     27.145       -30.38922     2.10982    -3.48871   -29.01033
     27.295       -30.37886     2.11005    -3.48837   -29.00054
     27.445       -30.36860     2.11028    -3.48803   -28.99084
     27.595       -30.35833     2.11050    -3.48770   -28.98113
     27.745       -30.34811     2.11073    -3.48737   -28.97147
     27.895       -30.33797     2.11097    -3.48704   -28.96190
     28.045       -30.32785     2.11120    -3.48670   -28.95235
     28.195       -30.31780     2.11144    -3.48637   -28.94288
     28.345       -30.30787     2.11166    -3.48605   -28.93348
     28.495       -30.29799     2.11186    -3.48572   -28.92413
     28.645       -30.28813     2.11209    -3.48541   -28.91481
     28.795       -30.27833     2.11230    -3.48509   -28.90553
     28.945       -30.26855     2.11251    -3.48476   -28.89630
     29.095       -30.25881     2.11273    -3.48446   -28.88708
     29.245       -30.24916     2.11296    -3.48414   -28.87798
     29.395       -30.23957     2.11315    -3.48382   -28.86891
     29.545       -30.23002     2.11335    -3.48351   -28.85986
     29.695       -30.22054     2.11354    -3.48321   -28.85088
     29.845       -30.21109     2.11375    -3.48290   -28.84194
     29.995       -30.20171     2.11396    -3.48262   -28.83305
     30.145       -30.19237     2.11416    -3.48232   -28.82421
     35.794       -29.57796     2.12655    -3.46314   -28.24137
     49.810       -28.97426     2.13765    -3.44513   -27.66678
     69.316       -28.38256     2.14786    -3.42786   -27.10256
     96.460       -27.80222     2.15784    -3.41124   -26.54883
     134.23       -27.23458     2.16747    -3.39491   -26.00713
     186.80       -26.68039     2.17691    -3.37910   -25.47820
     259.95       -26.14054     2.18613    -3.36368   -24.96298
     361.74       -25.61483     2.19522    -3.34864   -24.46141
     503.40       -25.10351     2.20417    -3.33399   -23.97369
     700.53       -24.60652     2.21307    -3.31976   -23.49983
     974.85       -24.12356     2.22193    -3.30588   -23.03961
     1356.6       -23.65458     2.23064    -3.29235   -22.59287
     1887.8       -23.19910     2.23929    -3.27923   -22.15916
     2627.1       -22.75674     2.24782    -3.26641   -21.73815
     3655.9       -22.32738     2.25621    -3.25396   -21.32963
     5087.5       -21.91069     2.26439    -3.24183   -20.93325
     7079.7       -21.50651     2.27244    -3.23007   -20.54888
     9852.1       -21.11523     2.28036    -3.21864   -20.17695
     13710.       -20.73633     2.28812    -3.20753   -19.81693
     19079.       -20.37017     2.29570    -3.19681   -19.46905
     26550.       -20.01657     2.30299    -3.18644   -19.13313
     36947.       -19.67603     2.31010    -3.17646   -18.80968
     51416.       -19.34893     2.31699    -3.16681   -18.49912
     71550.       -19.03523     2.32358    -3.15758   -18.20123
     99568.       -18.73403     2.32995    -3.14869   -17.91529
    0.13856E+06   -18.44602     2.33602    -3.14017   -17.64188
    0.19282E+06   -18.17076     2.34187    -3.13203   -17.38061
    0.26832E+06   -17.90790     2.34746    -3.12422   -17.13114
    0.37340E+06   -17.65679     2.35276    -3.11676   -16.89279
    0.51962E+06   -17.41692     2.35786    -3.10966   -16.66512
    0.72310E+06   -17.18764     2.36276    -3.10284   -16.44756
    0.10063E+07   -16.96858     2.36744    -3.09633   -16.23969
    0.14003E+07   -16.75990     2.37192    -3.09013   -16.04169
    0.19487E+07   -16.56117     2.37623    -3.08422   -15.85318
    0.27118E+07   -16.37171     2.38029    -3.07855   -15.67345
    0.37737E+07   -16.19121     2.38416    -3.07317   -15.50221
    0.52514E+07   -16.01927     2.38787    -3.06804   -15.33911
    0.73079E+07   -15.85578     2.39140    -3.06313   -15.18405
    0.10170E+08   -15.70017     2.39474    -3.05846   -15.03645
    0.14152E+08   -15.55192     2.39794    -3.05406   -14.89580
    0.19694E+08   -15.41103     2.40095    -3.04983   -14.76216
    0.27406E+08   -15.27696     2.40385    -3.04583   -14.63499
    0.38138E+08   -15.15001     2.40658    -3.04203   -14.51457
    0.53073E+08   -15.03014     2.40917    -3.03843   -14.40088
    0.73856E+08   -14.91726     2.41161    -3.03507   -14.29381
    0.10278E+09   -14.81076     2.41391    -3.03184   -14.19283
    0.14302E+09   -14.71120     2.41609    -3.02887   -14.09842
    0.19903E+09   -14.61897     2.41812    -3.02609   -14.01100
    0.27697E+09   -14.53366     2.42004    -3.02352   -13.93018
    0.38543E+09   -14.45607     2.42178    -3.02119   -13.85666
    0.53637E+09   -14.38513     2.42340    -3.01907   -13.78946
    0.74641E+09   -14.32016     2.42489    -3.01712   -13.72793
    0.10387E+10   -14.26041     2.42629    -3.01534   -13.67136
    0.14454E+10   -14.20547     2.42758    -3.01372   -13.61934
    0.20115E+10   -14.15487     2.42878    -3.01222   -13.57144
    0.27992E+10   -14.10821     2.42990    -3.01082   -13.52728
    0.38953E+10   -14.06530     2.43092    -3.00955   -13.48667
    0.54207E+10   -14.02576     2.43187    -3.00837   -13.44926
    0.75434E+10   -13.98930     2.43275    -3.00728   -13.41477
    0.10497E+11   -13.95567     2.43356    -3.00628   -13.38295
    0.14608E+11   -13.92476     2.43432    -3.00536   -13.35373
    0.20329E+11   -13.89628     2.43503    -3.00452   -13.32679
    0.28289E+11   -13.86999     2.43568    -3.00374   -13.30193
    0.39367E+11   -13.84578     2.43630    -3.00301   -13.27906
    0.54783E+11   -13.82353     2.43685    -3.00235   -13.25803
    0.10000E+12   -13.56351     2.44373    -2.99469   -13.01255
