    -44.945         0.00000     0.00000     0.00000     0.00000
    -44.795         0.00000     0.00000     0.00000     0.00000
    -44.645         0.00000     0.00000     0.00000     0.00000
    -44.495         0.00000     0.00000     0.00000     0.00000
    -44.345         0.00000     0.00000     0.00000     0.00000
    -44.195         0.00000     0.00000     0.00000     0.00000
    -44.045         0.00000     0.00000     0.00000     0.00000
    -43.895         0.00000     0.00000     0.00000     0.00000
    -43.745         0.00000     0.00000     0.00000     0.00000
    -43.595         0.00000     0.00000     0.00000     0.00000
    -43.445         0.00000     0.00000     0.00000     0.00000
    -43.295         0.00000     0.00000     0.00000     0.00000
    -43.145         0.00000     0.00000     0.00000     0.00000
    -42.995         0.00000     0.00000     0.00000     0.00000
    -42.845         0.00000     0.00000     0.00000     0.00000
    -42.695         0.00000     0.00000     0.00000     0.00000
    -42.545         0.00000     0.00000     0.00000     0.00000
    -42.395         0.00000     0.00000     0.00000     0.00000
    -42.245         0.00000     0.00000     0.00000     0.00000
    -42.095         0.00000     0.00000     0.00000     0.00000
    -41.945         0.00000     0.00000     0.00000     0.00000
    -41.795         0.00000     0.00000     0.00000     0.00000
    -41.645         0.00000     0.00000     0.00000     0.00000
    -41.495         0.00000     0.00000     0.00000     0.00000
    -41.345         0.00000     0.00000     0.00000     0.00000
    -41.195         0.00000     0.00000     0.00000     0.00000
    -41.045         0.00000     0.00000     0.00000     0.00000
    -40.895         0.00000     0.00000     0.00000     0.00000
    -40.745         0.00000     0.00000     0.00000     0.00000
    -40.595         0.00000     0.00000     0.00000     0.00000
    -40.445         0.00000     0.00000     0.00000     0.00000
    -40.295         0.00000     0.00000     0.00000     0.00000
    -40.145         0.00000     0.00000     0.00000     0.00000
    -39.995         0.00000     0.00000     0.00000     0.00000
    -39.845         0.00000     0.00000     0.00000     0.00000
    -39.695         0.00000     0.00000     0.00000     0.00000
    -39.545         0.00000     0.00000     0.00000     0.00000
    -39.395         0.00000     0.00000     0.00000     0.00000
    -39.245         0.00000     0.00000     0.00000     0.00000
    -39.095         0.00000     0.00000     0.00000     0.00000
    -38.945         0.00000     0.00000     0.00000     0.00000
    -38.795         0.00000     0.00000     0.00000     0.00000
    -38.645         0.00000     0.00000     0.00000     0.00000
    -38.495         0.00000     0.00000     0.00000     0.00000
    -38.345         0.00000     0.00000     0.00000     0.00000
    -38.195         0.00000     0.00000     0.00000     0.00000
    -38.045         0.00000     0.00000     0.00000     0.00000
    -37.895         0.00000     0.00000     0.00000     0.00000
    -37.745         0.00000     0.00000     0.00000     0.00000
    -37.595         0.00000     0.00000     0.00000     0.00000
    -37.445         0.00000     0.00000     0.00000     0.00000
    -37.295         0.00000     0.00000     0.00000     0.00000
    -37.145         0.00000     0.00000     0.00000     0.00000
    -36.995         0.00000     0.00000     0.00000     0.00000
    -36.845         0.00000     0.00000     0.00000     0.00000
    -36.695         0.00000     0.00000     0.00000     0.00000
    -36.545         0.00000     0.00000     0.00000     0.00000
    -36.395         0.00000     0.00000     0.00000     0.00000
    -36.245         0.00000     0.00000     0.00000     0.00000
    -36.095         0.00000     0.00000     0.00000     0.00000
    -35.945         0.00000     0.00000     0.00000     0.00000
    -35.795         0.00000     0.00000     0.00000     0.00000
    -35.645         0.00000     0.00000     0.00000     0.00000
    -35.495         0.00000     0.00000     0.00000     0.00000
    -35.345         0.00000     0.00000     0.00000     0.00000
    -35.195         0.00000     0.00000     0.00000     0.00000
    -35.045         0.00000     0.00000     0.00000     0.00000
    -34.895         0.00000     0.00000     0.00000     0.00000
    -34.745        -0.00000    -0.00000     0.00000     0.00000
    -34.595        -0.00000    -0.00000     0.00000     0.00000
    -34.445        -0.00000    -0.00000     0.00000     0.00000
    -34.295        -0.00000    -0.00000     0.00000     0.00000
    -34.145        -0.00000    -0.00000     0.00000     0.00000
    -33.995         0.00000     0.00000     0.00000     0.00000
    -33.845         0.00000     0.00000     0.00000     0.00000
    -33.695         0.00000     0.00000     0.00000     0.00000
    -33.545        -0.00000    -0.00000     0.00000     0.00000
    -33.395        -0.00000    -0.00000     0.00000     0.00000
    -33.245        -0.00000    -0.00000     0.00000     0.00000
    -33.095        -0.00000    -0.00000     0.00000     0.00000
    -32.945        -0.00000    -0.00000     0.00000     0.00000
    -32.795        -0.00000    -0.00000     0.00000     0.00000
    -32.645        -0.00000    -0.00000     0.00000     0.00000
    -32.495        -0.00000    -0.00000     0.00000     0.00000
    -32.345        -0.00000    -0.00000     0.00000     0.00000
    -32.195        -0.00000    -0.00000     0.00000     0.00000
    -32.045        -0.00000    -0.00000     0.00000     0.00000
    -31.895        -0.00000    -0.00000     0.00000     0.00000
    -31.745        -0.00000    -0.00000     0.00000     0.00000
    -31.595        -0.00000    -0.00000     0.00000     0.00000
    -31.445        -0.00000    -0.00000     0.00000     0.00000
    -31.295        -0.00000    -0.00000     0.00000     0.00000
    -31.145        -0.00000    -0.00000     0.00000     0.00000
    -30.995        -0.00000    -0.00000     0.00000     0.00000
    -30.845        -0.00000    -0.00000     0.00000     0.00000
    -30.695        -0.00000    -0.00000     0.00000     0.00000
    -30.545        -0.00000    -0.00000     0.00000     0.00000
    -30.395        -0.00001    -0.00001     0.00000     0.00000
    -30.245        -0.00001    -0.00001     0.00000     0.00000
    -30.095        -0.00001    -0.00001     0.00000     0.00000
    -29.945        -0.00001    -0.00001     0.00000     0.00000
    -29.795        -0.00001    -0.00001     0.00000     0.00000
    -29.645        -0.00001    -0.00001     0.00000     0.00000
    -29.495        -0.00001    -0.00001     0.00000     0.00000
    -29.345        -0.00001    -0.00001     0.00000     0.00000
    -29.195        -0.00001    -0.00001     0.00000     0.00000
    -29.045        -0.00002    -0.00002     0.00000     0.00000
    -28.895        -0.00002    -0.00002     0.00000     0.00000
    -28.745        -0.00002    -0.00002     0.00000     0.00000
    -28.595        -0.00003    -0.00003     0.00000     0.00000
    -28.445        -0.00003    -0.00003     0.00000     0.00000
    -28.295        -0.00004    -0.00004     0.00000     0.00000
    -28.145        -0.00004    -0.00004     0.00000     0.00000
    -27.995        -0.00005    -0.00005     0.00000     0.00000
    -27.845        -0.00005    -0.00005     0.00000     0.00000
    -27.695        -0.00006    -0.00006     0.00000     0.00000
    -27.545        -0.00007    -0.00007     0.00000     0.00000
    -27.395        -0.00008    -0.00008     0.00000     0.00000
    -27.245        -0.00009    -0.00009     0.00000     0.00000
    -27.095        -0.00009    -0.00009     0.00000     0.00000
    -26.945        -0.00010    -0.00010     0.00000     0.00000
    -26.795        -0.00011    -0.00011     0.00000     0.00000
    -26.645        -0.00013    -0.00013     0.00000     0.00000
    -26.495        -0.00014    -0.00014     0.00000     0.00000
    -26.345        -0.00015    -0.00015     0.00000     0.00000
    -26.195        -0.00016    -0.00016     0.00000     0.00000
    -26.045        -0.00017    -0.00017     0.00000     0.00000
    -25.895        -0.00019    -0.00019     0.00000     0.00000
    -25.745        -0.00021    -0.00021     0.00000     0.00000
    -25.595        -0.00022    -0.00022     0.00000     0.00000
    -25.445        -0.00024    -0.00024     0.00000     0.00000
    -25.295        -0.00027    -0.00027     0.00000     0.00000
    -25.145        -0.00029    -0.00029     0.00000     0.00000
    -24.995        -0.00032    -0.00032     0.00000     0.00000
    -24.845        -0.00034    -0.00034     0.00000     0.00000
    -24.695        -0.00037    -0.00037     0.00000     0.00000
    -24.545        -0.00039    -0.00039     0.00000     0.00000
    -24.395        -0.00042    -0.00042     0.00000     0.00000
    -24.245        -0.00044    -0.00044     0.00000     0.00000
    -24.095        -0.00047    -0.00047     0.00000     0.00000
    -23.945        -0.00050    -0.00050     0.00000     0.00000
    -23.795        -0.00053    -0.00053     0.00000     0.00000
    -23.645        -0.00057    -0.00057    -0.00000     0.00000
    -23.495        -0.00061    -0.00061    -0.00000     0.00000
    -23.345        -0.00065    -0.00065    -0.00000     0.00000
    -23.195        -0.00068    -0.00068    -0.00000     0.00000
    -23.045        -0.00073    -0.00073    -0.00000     0.00000
    -22.895        -0.00078    -0.00078    -0.00000     0.00000
    -22.745        -0.00082    -0.00082    -0.00000     0.00000
    -22.595        -0.00087    -0.00087    -0.00000     0.00000
    -22.445        -0.00093    -0.00093    -0.00000     0.00000
    -22.295        -0.00098    -0.00098    -0.00000     0.00000
    -22.145        -0.00104    -0.00104    -0.00000     0.00000
    -21.995        -0.00110    -0.00109    -0.00000     0.00000
    -21.845        -0.00116    -0.00116    -0.00000     0.00000
    -21.695        -0.00174    -0.00122    -0.00052     0.00000
    -21.545        -0.00180    -0.00128    -0.00052     0.00000
    -21.395        -0.00188    -0.00136    -0.00052     0.00000
    -21.245        -0.00195    -0.00143    -0.00052     0.00000
    -21.095        -0.00203    -0.00151    -0.00052     0.00000
    -20.945        -0.00267    -0.00159    -0.00107     0.00000
    -20.795        -0.00276    -0.00168    -0.00107     0.00000
    -20.645        -0.00284    -0.00176    -0.00107     0.00000
    -20.495        -0.00355    -0.00185    -0.00170     0.00000
    -20.345        -0.00528    -0.00193    -0.00335     0.00000
    -20.195        -0.00610    -0.00203    -0.00407     0.00000
    -20.045        -0.00621    -0.00213    -0.00408     0.00000
    -19.895        -0.00770    -0.00223    -0.00547     0.00000
    -19.745        -0.01031    -0.00234    -0.00797     0.00000
    -19.595        -0.01161    -0.00247    -0.00914     0.00000
    -19.445        -0.01552    -0.00259    -0.01292     0.00000
    -19.295        -0.02005    -0.00270    -0.01734     0.00000
    -19.145        -0.02623    -0.00282    -0.02342     0.00000
    -18.995        -0.02983    -0.00295    -0.02688     0.00000
    -18.845        -0.03790    -0.00307    -0.03484     0.00000
    -18.695        -0.05083    -0.00318    -0.04764     0.00000
    -18.545        -0.05711    -0.00331    -0.05380     0.00000
    -18.395        -0.06556    -0.00344    -0.06212     0.00000
    -18.245        -0.07510    -0.00357    -0.07153     0.00000
    -18.095        -0.08583    -0.00371    -0.08211     0.00000
    -17.945        -0.09638    -0.00385    -0.09252     0.00000
    -17.795        -0.10759    -0.00398    -0.10361     0.00000
    -17.645        -0.11905    -0.00413    -0.11492     0.00000
    -17.495        -0.13285    -0.00427    -0.12858     0.00000
    -17.345        -0.14730    -0.00442    -0.14288     0.00000
    -17.195        -0.16148    -0.00459    -0.15690     0.00000
    -17.045        -0.17284    -0.00476    -0.16808     0.00000
    -16.895        -0.18514    -0.00491    -0.18023     0.00000
    -16.745        -0.19604    -0.00510    -0.19094     0.00000
    -16.595        -0.21402    -0.00529    -0.20873     0.00000
    -16.445        -0.22600    -0.00546    -0.22054     0.00000
    -16.295        -0.24096    -0.00566    -0.23530     0.00000
    -16.145        -0.25275    -0.00585    -0.24691     0.00000
    -15.995        -0.26838    -0.00605    -0.26233     0.00000
    -15.845        -0.28157    -0.00625    -0.27532     0.00000
    -15.695        -0.29534    -0.00644    -0.28890     0.00000
    -15.545        -0.30874    -0.00662    -0.30212     0.00000
    -15.395        -0.32386    -0.00685    -0.31702     0.00000
    -15.245        -0.33585    -0.00705    -0.32880     0.00000
    -15.095        -0.34885    -0.00729    -0.34156     0.00000
    -14.945        -0.36007    -0.00750    -0.35258     0.00000
    -14.795        -0.37237    -0.00770    -0.36467     0.00000
    -14.645        -0.38863    -0.00793    -0.38070     0.00000
    -14.495        -0.40315    -0.00818    -0.39498     0.00000
    -14.345        -0.41340    -0.00841    -0.40499     0.00000
    -14.195        -0.42800    -0.00864    -0.41936     0.00000
    -14.045        -0.44007    -0.00887    -0.43121     0.00000
    -13.895        -0.45273    -0.00911    -0.44362     0.00000
    -13.745        -0.46758    -0.00936    -0.45822     0.00000
    -13.595        -0.47979    -0.00961    -0.47018     0.00000
    -13.445        -0.49147    -0.00987    -0.48160     0.00000
    -13.295        -0.50618    -0.01014    -0.49604     0.00000
    -13.145        -0.51585    -0.01042    -0.50543     0.00000
    -12.995        -0.52830    -0.01069    -0.51761     0.00000
    -12.845        -0.54072    -0.01098    -0.52974     0.00000
    -12.695        -0.55315    -0.01123    -0.54191     0.00000
    -12.545        -0.56289    -0.01150    -0.55139     0.00000
    -12.395        -0.57659    -0.01180    -0.56479     0.00000
    -12.245        -0.58338    -0.01208    -0.57130     0.00000
    -12.095        -0.59708    -0.01238    -0.58471     0.00000
    -11.945        -0.60906    -0.01268    -0.59638     0.00000
    -11.795        -0.62102    -0.01294    -0.60807     0.00000
    -11.645        -0.63149    -0.01321    -0.61827     0.00000
    -11.495        -0.64414    -0.01352    -0.63062     0.00000
    -11.345        -0.65458    -0.01378    -0.64080     0.00000
    -11.195        -0.66868    -0.01693    -0.65175     0.00000
    -11.045        -0.68373    -0.01728    -0.66645     0.00000
    -10.895        -0.69761    -0.01753    -0.68007    -0.00000
    -10.745        -0.71204    -0.01778    -0.69426    -0.00000
    -10.595        -0.72401    -0.01809    -0.70592     0.00000
    -10.445        -0.73726    -0.01832    -0.71894     0.00000
    -10.295        -0.75475    -0.01856    -0.73619     0.00000
    -10.145        -0.77239    -0.01874    -0.75346    -0.00018
    -9.9950        -0.78945    -0.02194    -0.76713    -0.00038
    -9.8450        -0.80325    -0.02506    -0.77705    -0.00114
    -9.6950        -0.82726    -0.02674    -0.79535    -0.00517
    -9.5450        -0.85282    -0.02685    -0.81452    -0.01145
    -9.3950        -0.88152    -0.02701    -0.83044    -0.02407
    -9.2450        -0.92280    -0.02868    -0.85058    -0.04354
    -9.0950        -0.97745    -0.03029    -0.87249    -0.07467
    -8.9450        -1.04058    -0.03023    -0.89147    -0.11888
    -8.7950        -1.13375    -0.03657    -0.91170    -0.18547
    -8.6450        -1.25159    -0.03932    -0.93536    -0.27691
    -8.4950        -1.38878    -0.04187    -0.95837    -0.38855
    -8.3450        -1.57467    -0.04897    -0.98383    -0.54187
    -8.1950        -1.79153    -0.05500    -1.00905    -0.72748
    -8.0450        -2.06508    -0.06573    -1.03724    -0.96210
    -7.8950        -2.37976    -0.07150    -1.06614    -1.24212
    -7.7450        -2.73723    -0.08015    -1.09354    -1.56354
    -7.5950        -3.14306    -0.08659    -1.12358    -1.93289
    -7.4450        -3.59748    -0.09486    -1.15433    -2.34829
    -7.2950        -4.12676    -0.10726    -1.18948    -2.83002
    -7.1450        -4.67795    -0.12029    -1.22229    -3.33537
    -6.9950        -5.27135    -0.13134    -1.25810    -3.88190
    -6.8450        -5.89404    -0.14154    -1.29574    -4.45675
    -6.6950        -6.54973    -0.15608    -1.33362    -5.06003
    -6.5450        -7.20056    -0.17687    -1.37843    -5.64526
    -6.3950        -7.84863    -0.19736    -1.41964    -6.23162
    -6.2450        -8.52172    -0.21979    -1.46376    -6.83816
    -6.0950        -9.18516    -0.23959    -1.51482    -7.43075
    -5.9450        -9.82543    -0.26604    -1.56686    -7.99253
    -5.7950       -10.45762    -0.29114    -1.61875    -8.54774
    -5.6450       -11.07387    -0.32056    -1.67306    -9.08025
    -5.4950       -11.67387    -0.35187    -1.72846    -9.59354
    -5.3450       -12.25953    -0.38311    -1.78764   -10.08879
    -5.1950       -12.83200    -0.41949    -1.85021   -10.56230
    -5.0450       -13.39533    -0.46065    -1.91597   -11.01871
    -4.8950       -13.93749    -0.50142    -1.97918   -11.45689
    -4.7450       -14.48099    -0.54770    -2.04134   -11.89195
    -4.5950       -15.01251    -0.59651    -2.11156   -12.30444
    -4.4450       -15.55766    -0.65397    -2.18607   -12.71762
    -4.2950       -16.10784    -0.71838    -2.26190   -13.12756
    -4.1450       -16.65862    -0.78073    -2.34375   -13.53414
    -3.9950       -17.23123    -0.85000    -2.42965   -13.95159
    -3.8450       -17.82666    -0.93046    -2.51784   -14.37836
    -3.6950       -18.45671    -1.01038    -2.61800   -14.82833
    -3.5450       -19.10942    -1.10112    -2.72566   -15.28265
    -3.3950       -19.78574    -1.19862    -2.83333   -15.75379
    -3.2450       -20.48372    -1.30229    -2.95414   -16.22729
    -3.0950       -21.21399    -1.41361    -3.08918   -16.71121
    -2.9450       -21.98976    -1.53695    -3.22994   -17.22287
    -2.7950       -22.80130    -1.66744    -3.38199   -17.75187
    -2.6450       -23.67340    -1.80726    -3.55124   -18.31489
    -2.4950       -24.62027    -1.96076    -3.73710   -18.92242
    -2.3450       -25.65120    -2.12505    -3.94116   -19.58498
    -2.1950       -26.78841    -2.30670    -4.16485   -20.31687
    -2.0450       -28.06120    -2.50810    -4.40762   -21.14548
    -1.8950       -29.50882    -2.73092    -4.67481   -22.10309
    -1.7450       -31.13774    -2.97812    -4.97272   -23.18691
    -1.5950       -32.99246    -3.25177    -5.30534   -24.43535
    -1.4450       -35.10023    -3.56675    -5.68339   -25.85010
    -1.2950       -37.45103    -3.92352    -6.10263   -27.42488
    -1.1450       -40.08927    -4.33830    -6.58129   -29.16968
   -0.99500       -43.01694    -4.80169    -7.14259   -31.07266
   -0.84500       -46.28354    -5.32931    -7.81161   -33.14262
   -0.69500       -49.98213    -5.94005    -8.62312   -35.41896
   -0.54500       -54.33937    -6.65583    -9.59293   -38.09062
   -0.39500       -59.70258    -7.46419   -10.71792   -41.52047
   -0.25300       -63.89494    -7.96214   -11.43055   -44.50225
   -0.21500       -64.18222    -7.99106   -11.46996   -44.72120
   -0.20900       -64.47203    -8.01963   -11.50856   -44.94385
   -0.20300       -64.76721    -8.04761   -11.54687   -45.17273
   -0.19700       -65.06969    -8.07584   -11.58425   -45.40960
   -0.19100       -65.37601    -8.10371   -11.62049   -45.65181
   -0.18500       -65.68909    -8.13134   -11.65591   -45.90184
   -0.17900       -66.00770    -8.15845   -11.68989   -46.15935
   -0.17300       -66.33221    -8.18528   -11.72307   -46.42385
   -0.16700       -66.66477    -8.21166   -11.75475   -46.69836
   -0.16100       -67.00669    -8.23792   -11.78611   -46.98265
   -0.15500       -67.35760    -8.26299   -11.81636   -47.27825
   -0.14900       -67.71861    -8.28766   -11.84595   -47.58499
   -0.14300       -68.09169    -8.31209   -11.87479   -47.90481
   -0.13700       -68.47609    -8.33581   -11.90240   -48.23788
   -0.13100       -68.87640    -8.35872   -11.92904   -48.58863
   -0.12500       -69.29201    -8.38107   -11.95428   -48.95666
   -0.11900       -69.72394    -8.40262   -11.97820   -49.34312
   -0.11300       -70.17294    -8.42368   -12.00116   -49.74809
   -0.10700       -70.64133    -8.44348   -12.02303   -50.17482
   -0.10100       -71.13269    -8.46239   -12.04402   -50.62629
   -0.95000E-01   -71.64861    -8.48061   -12.06331   -51.10468
   -0.89000E-01   -72.19139    -8.49772   -12.08155   -51.61212
   -0.83000E-01   -72.76106    -8.51376   -12.09877   -52.14854
   -0.77000E-01   -73.36345    -8.52876   -12.11458   -52.72011
   -0.71000E-01   -74.00048    -8.54269   -12.12931   -53.32847
   -0.65000E-01   -74.67519    -8.55548   -12.14271   -53.97700
   -0.59000E-01   -75.39272    -8.56710   -12.15489   -54.67073
   -0.53000E-01   -76.15763    -8.57750   -12.16591   -55.41422
   -0.47000E-01   -76.97703    -8.58687   -12.17572   -56.21444
   -0.41000E-01   -77.85884    -8.59496   -12.18417   -57.07970
   -0.35000E-01   -78.81031    -8.60198   -12.19128   -58.01705
   -0.29000E-01   -79.82305    -8.60774   -12.19722   -59.01808
   -0.23000E-01   -80.85635    -8.61235   -12.20188   -60.04213
   -0.19700E-01   -80.95717    -8.61277   -12.20230   -60.14211
   -0.19100E-01   -81.05707    -8.61315   -12.20268   -60.24125
   -0.18500E-01   -81.15590    -8.61353   -12.20305   -60.33932
   -0.17900E-01   -81.25346    -8.61388   -12.20340   -60.43617
   -0.17300E-01   -81.34959    -8.61423   -12.20375   -60.53160
   -0.16700E-01   -81.44419    -8.61457   -12.20410   -60.62552
   -0.16100E-01   -81.53715    -8.61490   -12.20442   -60.71784
   -0.15500E-01   -81.62799    -8.61520   -12.20474   -60.80805
   -0.14900E-01   -81.71664    -8.61549   -12.20505   -60.89610
   -0.14300E-01   -81.80298    -8.61579   -12.20532   -60.98186
   -0.13700E-01   -81.88695    -8.61607   -12.20561   -61.06527
   -0.13100E-01   -81.96807    -8.61633   -12.20588   -61.14586
   -0.12500E-01   -82.04662    -8.61659   -12.20614   -61.22389
   -0.11900E-01   -82.12227    -8.61682   -12.20638   -61.29906
   -0.11300E-01   -82.19468    -8.61704   -12.20661   -61.37103
   -0.10700E-01   -82.26411    -8.61725   -12.20683   -61.44003
   -0.10100E-01   -82.33036    -8.61745   -12.20704   -61.50587
   -0.95000E-02   -82.39304    -8.61764   -12.20723   -61.56817
   -0.89000E-02   -82.45237    -8.61782   -12.20741   -61.62714
   -0.83000E-02   -82.50815    -8.61799   -12.20758   -61.68259
   -0.77000E-02   -82.56013    -8.61814   -12.20774   -61.73425
   -0.71000E-02   -82.60842    -8.61828   -12.20788   -61.78225
   -0.65000E-02   -82.65286    -8.61840   -12.20802   -61.82644
   -0.59000E-02   -82.69347    -8.61852   -12.20814   -61.86681
   -0.53000E-02   -82.73010    -8.61863   -12.20825   -61.90322
   -0.47000E-02   -82.76273    -8.61873   -12.20834   -61.93566
   -0.41000E-02   -82.79125    -8.61881   -12.20842   -61.96402
   -0.35000E-02   -82.81571    -8.61888   -12.20849   -61.98834
   -0.29000E-02   -82.83607    -8.61894   -12.20855   -62.00858
   -0.23000E-02   -82.85224    -8.61898   -12.20860   -62.02466
   -0.17000E-02   -82.86422    -8.61902   -12.20863   -62.03657
   -0.11000E-02   -82.87200    -8.61904   -12.20865   -62.04430
   -0.50000E-03   -82.87556    -8.61905   -12.20866   -62.04784
    0.10000E-03   -82.87491    -8.61905   -12.20866   -62.04720
    0.70000E-03   -82.87005    -8.61903   -12.20865   -62.04237
    0.13000E-02   -82.86100    -8.61901   -12.20862   -62.03337
    0.19000E-02   -82.84775    -8.61897   -12.20858   -62.02019
    0.25000E-02   -82.83031    -8.61892   -12.20853   -62.00286
    0.31000E-02   -82.80878    -8.61886   -12.20847   -61.98145
    0.37000E-02   -82.78313    -8.61878   -12.20839   -61.95595
    0.43000E-02   -82.75337    -8.61869   -12.20830   -61.92637
    0.49000E-02   -82.71963    -8.61859   -12.20820   -61.89283
    0.55000E-02   -82.68187    -8.61848   -12.20809   -61.85530
    0.61000E-02   -82.64022    -8.61836   -12.20796   -61.81390
    0.67000E-02   -82.59483    -8.61822   -12.20783   -61.76878
    0.73000E-02   -82.54571    -8.61808   -12.20768   -61.71996
    0.79000E-02   -82.49294    -8.61791   -12.20751   -61.66752
    0.85000E-02   -82.43656    -8.61774   -12.20734   -61.61148
    0.91000E-02   -82.37678    -8.61755   -12.20716   -61.55206
    0.97000E-02   -82.31347    -8.61736   -12.20697   -61.48915
    0.10300E-01   -82.24688    -8.61716   -12.20675   -61.42297
    0.10900E-01   -82.17710    -8.61694   -12.20654   -61.35363
    0.11500E-01   -82.10415    -8.61671   -12.20631   -61.28113
    0.12100E-01   -82.02796    -8.61646   -12.20606   -61.20543
    0.12700E-01   -81.94916    -8.61620   -12.20581   -61.12716
    0.13300E-01   -81.86760    -8.61593   -12.20553   -61.04614
    0.13900E-01   -81.78360    -8.61566   -12.20525   -60.96269
    0.14500E-01   -81.69727    -8.61536   -12.20496   -60.87694
    0.15100E-01   -81.60855    -8.61505   -12.20465   -60.78885
    0.15700E-01   -81.51790    -8.61473   -12.20433   -60.69883
    0.16300E-01   -81.42527    -8.61441   -12.20400   -60.60686
    0.16900E-01   -81.33099    -8.61406   -12.20366   -60.51327
    0.17500E-01   -81.23533    -8.61371   -12.20332   -60.41831
    0.18100E-01   -81.13819    -8.61333   -12.20294   -60.32192
    0.18700E-01   -81.03997    -8.61296   -12.20256   -60.22444
    0.19300E-01   -80.94056    -8.61255   -12.20218   -60.12582
    0.20200E-01   -80.54790    -8.61090   -12.20055   -59.73645
    0.25000E-01   -79.52381    -8.60581   -12.19554   -58.72246
    0.31000E-01   -78.53566    -8.59952   -12.18940   -57.74675
    0.37000E-01   -77.60883    -8.59190   -12.18190   -56.83504
    0.43000E-01   -76.74808    -8.58308   -12.17341   -55.99159
    0.49000E-01   -75.94560    -8.57301   -12.16366   -55.20892
    0.55000E-01   -75.19368    -8.56181   -12.15306   -54.47881
    0.61000E-01   -74.49068    -8.54943   -12.14119   -53.80005
    0.67000E-01   -73.83066    -8.53558   -12.12832   -53.16675
    0.73000E-01   -73.21128    -8.52061   -12.11430   -52.57637
    0.79000E-01   -72.62766    -8.50429   -12.09926   -52.02410
    0.85000E-01   -72.07955    -8.48672   -12.08322   -51.50961
    0.91000E-01   -71.56210    -8.46797   -12.06638   -51.02775
    0.97000E-01   -71.07426    -8.44788   -12.04839   -50.57798
    0.10300       -70.61500    -8.42680   -12.02953   -50.15866
    0.10900       -70.17874    -8.40419   -12.00969   -49.76486
    0.11500       -69.76471    -8.38066   -11.98897   -49.39507
    0.12100       -69.37327    -8.35639   -11.96756   -49.04932
    0.12700       -68.99985    -8.33056   -11.94580   -48.72349
    0.13300       -68.64300    -8.30377   -11.92302   -48.41621
    0.13900       -68.30090    -8.27583   -11.89970   -48.12537
    0.14500       -67.97279    -8.24651   -11.87551   -47.85076
    0.15100       -67.65706    -8.21625   -11.85062   -47.59019
    0.15700       -67.35372    -8.18500   -11.82513   -47.34360
    0.16300       -67.05947    -8.15241   -11.79920   -47.10786
    0.16900       -66.77585    -8.11899   -11.77251   -46.88435
    0.17500       -66.50060    -8.08495   -11.74516   -46.67048
    0.18100       -66.23189    -8.04969   -11.71729   -46.46491
    0.18700       -65.96962    -8.01294   -11.68895   -46.26774
    0.19300       -65.71453    -7.97546   -11.65983   -46.07925
    0.19900       -65.46433    -7.93653   -11.63074   -45.89707
    0.20500       -65.21943    -7.89714   -11.60136   -45.72094
    0.21100       -64.97839    -7.85683   -11.57117   -45.55039
    0.21700       -64.74203    -7.81578   -11.54086   -45.38539
    0.29500       -59.65124    -6.64765   -10.71217   -42.29142
    0.44500       -55.98368    -5.55371    -9.92165   -40.50832
    0.59500       -53.18638    -4.62404    -9.25590   -39.30644
    0.74500       -50.95277    -3.86592    -8.69663   -38.39021
    0.89500       -49.11131    -3.25235    -8.21648   -37.64248
     1.0450       -47.54374    -2.73811    -7.79744   -37.00819
     1.1950       -46.17807    -2.29323    -7.42433   -36.46051
     1.3450       -44.97852    -1.90014    -7.09432   -35.98406
     1.4950       -43.92332    -1.54702    -6.79926   -35.57704
     1.6450       -42.97862    -1.23379    -6.53200   -35.21284
     1.7950       -42.13487    -0.95053    -6.28770   -34.89664
     1.9450       -41.37883    -0.69439    -6.06538   -34.61906
     2.0950       -40.70349    -0.46415    -5.86236   -34.37698
     2.2450       -40.08472    -0.25669    -5.67100   -34.15703
     2.3950       -39.52530    -0.06672    -5.49504   -33.96354
     2.5450       -39.03128     0.10332    -5.33903   -33.79558
     2.6950       -38.57234     0.26013    -5.18900   -33.64346
     2.8450       -38.14627     0.40681    -5.05039   -33.50270
     2.9950       -37.75966     0.53753    -4.92261   -33.37458
     3.1450       -37.39148     0.66367    -4.80218   -33.25297
     3.2950       -37.05915     0.78102    -4.69118   -33.14900
     3.4450       -36.74312     0.88911    -4.58524   -33.04699
     3.5950       -36.45225     0.99193    -4.49135   -32.95283
     3.7450       -36.17611     1.08914    -4.40099   -32.86426
     3.8950       -35.92827     1.17524    -4.31881   -32.78470
     4.0450       -35.69907     1.25826    -4.24750   -32.70982
     4.1950       -35.47429     1.33935    -4.17402   -32.63963
     4.3450       -35.26670     1.41549    -4.11242   -32.56978
     4.4950       -35.06763     1.49009    -4.05388   -32.50385
     4.6450       -34.88044     1.55783    -3.99831   -32.43996
     4.7950       -34.70024     1.62568    -3.94557   -32.38035
     4.9450       -34.52950     1.69059    -3.89799   -32.32210
     5.0950       -34.36430     1.75279    -3.85030   -32.26679
     5.2450       -34.20844     1.81250    -3.80726   -32.21369
     5.3950       -34.05169     1.87215    -3.76197   -32.16186
     5.5450       -33.90649     1.92991    -3.72544   -32.11096
     5.6950       -33.76157     1.98351    -3.68292   -32.06216
     5.8450       -33.62469     2.03799    -3.64806   -32.01462
     5.9950       -33.49695     2.08835    -3.61681   -31.96848
     6.1450       -33.37495     2.13727    -3.58897   -31.92324
     6.2950       -33.25980     2.18076    -3.56102   -31.87954
     6.4450       -33.14877     2.22258    -3.53490   -31.83644
     6.5950       -33.03958     2.26503    -3.50990   -31.79471
     6.7450       -32.92943     2.30969    -3.48619   -31.75292
     6.8950       -32.82593     2.35024    -3.46307   -31.71310
     7.0450       -32.73041     2.38865    -3.44545   -31.67361
     7.1950       -32.63711     2.42829    -3.43041   -31.63499
     7.3450       -32.54932     2.46105    -3.41263   -31.59775
     7.4950       -32.46400     2.49871    -3.40148   -31.56122
     7.6450       -32.37790     2.53377    -3.38623   -31.52544
     7.7950       -32.29352     2.56693    -3.37005   -31.49039
     7.9450       -32.21497     2.59666    -3.35566   -31.45597
     8.0950       -32.13836     2.62932    -3.34548   -31.42219
     8.2450       -32.07072     2.65599    -3.33772   -31.38899
     8.3950       -32.00938     2.67832    -3.33125   -31.35645
     8.5450       -31.95139     2.69667    -3.32347   -31.32459
     8.6950       -31.89190     2.71976    -3.31839   -31.29327
     8.8450       -31.83953     2.73905    -3.31615   -31.26243
     8.9950       -31.78616     2.75998    -3.31396   -31.23217
     9.1450       -31.73354     2.77937    -3.31050   -31.20242
     9.2950       -31.67819     2.80038    -3.30542   -31.17316
     9.4450       -31.62269     2.82058    -3.29893   -31.14434
     9.5950       -31.57726     2.83430    -3.29554   -31.11602
     9.7450       -31.53163     2.85022    -3.29375   -31.08810
     9.8950       -31.48500     2.86278    -3.28719   -31.06059
     10.045       -31.44194     2.87543    -3.28385   -31.03352
     10.195       -31.40372     2.88545    -3.28227   -31.00690
     10.345       -31.37068     2.89068    -3.28068   -30.98068
     10.495       -31.33320     2.90077    -3.27918   -30.95480
     10.645       -31.29241     2.91100    -3.27409   -30.92931
     10.795       -31.25879     2.91624    -3.27085   -30.90418
     10.945       -31.22192     2.92497    -3.26750   -30.87939
     11.095       -31.19082     2.93024    -3.26616   -30.85490
     11.245       -31.16204     2.93355    -3.26484   -30.83075
     11.395       -31.13358     2.93690    -3.26357   -30.80690
     11.545       -31.09958     2.94414    -3.26027   -30.78345
     11.695       -31.06993     2.94946    -3.25905   -30.76034
     11.845       -31.04471     2.95064    -3.25787   -30.73749
     11.995       -31.01986     2.95180    -3.25673   -30.71494
     12.145       -30.99318     2.95515    -3.25561   -30.69272
     12.295       -30.96673     2.95845    -3.25447   -30.67070
     12.445       -30.94284     2.95950    -3.25339   -30.64894
     12.595       -30.91705     2.96280    -3.25234   -30.62750
     12.745       -30.89377     2.96381    -3.25135   -30.60624
     12.895       -30.87081     2.96478    -3.25037   -30.58522
     13.045       -30.84810     2.96577    -3.24937   -30.56450
     13.195       -30.82561     2.96674    -3.24840   -30.54395
     13.345       -30.80340     2.96772    -3.24745   -30.52366
     13.495       -30.78159     2.96859    -3.24651   -30.50367
     13.645       -30.75995     2.96946    -3.24560   -30.48381
     13.795       -30.73869     2.97022    -3.24470   -30.46422
     13.945       -30.71759     2.97102    -3.24383   -30.44478
     14.095       -30.69672     2.97186    -3.24296   -30.42562
     14.245       -30.67607     2.97266    -3.24213   -30.40660
     14.395       -30.65579     2.97339    -3.24129   -30.38789
     14.545       -30.63570     2.97409    -3.24046   -30.36933
     14.695       -30.61573     2.97484    -3.23966   -30.35091
     14.845       -30.59598     2.97556    -3.23888   -30.33267
     14.995       -30.57652     2.97626    -3.23811   -30.31468
     15.145       -30.55727     2.97694    -3.23733   -30.29688
     15.295       -30.53818     2.97763    -3.23657   -30.27924
     15.445       -30.51928     2.97833    -3.23584   -30.26178
     15.595       -30.50064     2.97901    -3.23513   -30.24452
     15.745       -30.48214     2.97969    -3.23443   -30.22740
     15.895       -30.46381     2.98030    -3.23371   -30.21041
     16.045       -30.44561     2.98096    -3.23300   -30.19357
     16.195       -30.42766     2.98155    -3.23230   -30.17690
     16.345       -30.40994     2.98219    -3.23162   -30.16050
     16.495       -30.39237     2.98278    -3.23097   -30.14418
     16.645       -30.37490     2.98337    -3.23032   -30.12795
     16.795       -30.35770     2.98393    -3.22967   -30.11196
     16.945       -30.34055     2.98450    -3.22903   -30.09603
     17.095       -30.32359     2.98508    -3.22839   -30.08028
     17.245       -30.30682     2.98563    -3.22777   -30.06468
     17.395       -30.29024     2.98615    -3.22716   -30.04924
     17.545       -30.27376     2.98671    -3.22656   -30.03392
     17.695       -30.25744     2.98722    -3.22595   -30.01871
     17.845       -30.24132     2.98772    -3.22539   -30.00365
     17.995       -30.22522     2.98824    -3.22480   -29.98866
     18.145       -30.20935     2.98873    -3.22423   -29.97385
     18.295       -30.19365     2.98922    -3.22366   -29.95921
     18.445       -30.17808     2.98966    -3.22310   -29.94465
     18.595       -30.16260     2.99013    -3.22253   -29.93019
     18.745       -30.14723     2.99059    -3.22198   -29.91585
     18.895       -30.13205     2.99102    -3.22144   -29.90162
     19.045       -30.11701     2.99146    -3.22090   -29.88756
     19.195       -30.10199     2.99189    -3.22038   -29.87350
     19.345       -30.08711     2.99233    -3.21985   -29.85959
     19.495       -30.07238     2.99276    -3.21934   -29.84580
     19.645       -30.05783     2.99317    -3.21885   -29.83215
     19.795       -30.04338     2.99357    -3.21833   -29.81861
     19.945       -30.02897     2.99398    -3.21783   -29.80512
     20.095       -30.01470     2.99441    -3.21734   -29.79177
     20.245       -30.00052     2.99481    -3.21685   -29.77848
     20.395       -29.98654     2.99519    -3.21636   -29.76537
     20.545       -29.97266     2.99555    -3.21587   -29.75234
     20.695       -29.95886     2.99592    -3.21541   -29.73937
     20.845       -29.94513     2.99629    -3.21494   -29.72648
     20.995       -29.93150     2.99669    -3.21448   -29.71371
     21.145       -29.91804     2.99705    -3.21402   -29.70107
     21.295       -29.90462     2.99739    -3.21356   -29.68845
     21.445       -29.89134     2.99774    -3.21311   -29.67597
     21.595       -29.87822     2.99809    -3.21268   -29.66363
     21.745       -29.86515     2.99842    -3.21224   -29.65133
     21.895       -29.85213     2.99876    -3.21180   -29.63909
     22.045       -29.83918     2.99910    -3.21136   -29.62691
     22.195       -29.82637     2.99940    -3.21095   -29.61482
     22.345       -29.81365     2.99971    -3.21052   -29.60284
     22.495       -29.80096     3.00005    -3.21011   -29.59091
     22.645       -29.78840     3.00040    -3.20969   -29.57912
     22.795       -29.77587     3.00074    -3.20927   -29.56734
     22.945       -29.76346     3.00106    -3.20886   -29.55566
     23.095       -29.75119     3.00135    -3.20845   -29.54409
     23.245       -29.73898     3.00165    -3.20805   -29.53258
     23.395       -29.72693     3.00193    -3.20766   -29.52120
     23.545       -29.71486     3.00224    -3.20725   -29.50985
     23.695       -29.70287     3.00253    -3.20685   -29.49855
     23.845       -29.69101     3.00284    -3.20646   -29.48738
     23.995       -29.67920     3.00313    -3.20609   -29.47625
     24.145       -29.66751     3.00343    -3.20571   -29.46524
     24.295       -29.65583     3.00372    -3.20533   -29.45423
     24.445       -29.64426     3.00400    -3.20496   -29.44330
     24.595       -29.63277     3.00428    -3.20459   -29.43246
     24.745       -29.62136     3.00456    -3.20421   -29.42171
     24.895       -29.60999     3.00484    -3.20384   -29.41098
     25.045       -29.59871     3.00512    -3.20348   -29.40035
     25.195       -29.58749     3.00539    -3.20312   -29.38976
     25.345       -29.57637     3.00565    -3.20277   -29.37925
     25.495       -29.56530     3.00591    -3.20242   -29.36879
     25.645       -29.55421     3.00619    -3.20206   -29.35834
     25.795       -29.54331     3.00646    -3.20172   -29.34805
     25.945       -29.53245     3.00671    -3.20137   -29.33779
     26.095       -29.52164     3.00698    -3.20104   -29.32758
     26.245       -29.51087     3.00724    -3.20069   -29.31741
     26.395       -29.50017     3.00749    -3.20034   -29.30732
     26.545       -29.48950     3.00775    -3.20001   -29.29724
     26.695       -29.47896     3.00801    -3.19968   -29.28729
     26.845       -29.46843     3.00827    -3.19934   -29.27736
     26.995       -29.45802     3.00849    -3.19901   -29.26750
     27.145       -29.44764     3.00873    -3.19867   -29.25771
     27.295       -29.43733     3.00898    -3.19835   -29.24796
     27.445       -29.42712     3.00920    -3.19803   -29.23830
     27.595       -29.41691     3.00943    -3.19770   -29.22864
     27.745       -29.40673     3.00967    -3.19739   -29.21901
     27.895       -29.39664     3.00991    -3.19707   -29.20948
     28.045       -29.38658     3.01015    -3.19675   -29.19997
     28.195       -29.37658     3.01039    -3.19643   -29.19054
     28.345       -29.36670     3.01062    -3.19613   -29.18118
     28.495       -29.35687     3.01082    -3.19582   -29.17187
     28.645       -29.34705     3.01105    -3.19551   -29.16259
     28.795       -29.33729     3.01127    -3.19521   -29.15335
     28.945       -29.32756     3.01148    -3.19489   -29.14415
     29.095       -29.31786     3.01171    -3.19460   -29.13498
     29.245       -29.30826     3.01195    -3.19430   -29.12591
     29.395       -29.29872     3.01215    -3.19399   -29.11688
     29.545       -29.28921     3.01235    -3.19369   -29.10787
     29.695       -29.27978     3.01255    -3.19340   -29.09893
     29.845       -29.27038     3.01276    -3.19311   -29.09003
     29.995       -29.26103     3.01298    -3.19284   -29.08117
     30.145       -29.25174     3.01318    -3.19256   -29.07237
     35.794       -28.64010     3.02591    -3.17416   -28.49186
     49.810       -28.03895     3.03736    -3.15684   -27.91947
     69.316       -27.44961     3.04793    -3.14020   -27.35735
     96.460       -26.87146     3.05826    -3.12414   -26.80558
     134.23       -26.30586     3.06820    -3.10834   -26.26573
     186.80       -25.75357     3.07795    -3.09300   -25.73852
     259.95       -25.21551     3.08745    -3.07802   -25.22493
     361.74       -24.69146     3.09680    -3.06339   -24.72487
     503.40       -24.18172     3.10599    -3.04911   -24.23859
     700.53       -23.68622     3.11510    -3.03524   -23.76608
     974.85       -23.20465     3.12415    -3.02168   -23.30712
     1356.6       -22.73700     3.13303    -3.00846   -22.86157
     1887.8       -22.28274     3.14185    -2.99563   -22.42896
     2627.1       -21.84155     3.15053    -2.98307   -22.00901
     3655.9       -21.41328     3.15906    -2.97087   -21.60147
     5087.5       -20.99763     3.16736    -2.95897   -21.20602
     7079.7       -20.59442     3.17552    -2.94742   -20.82252
     9852.1       -20.20406     3.18355    -2.93620   -20.45141
     13710.       -19.82603     3.19141    -2.92528   -20.09216
     19079.       -19.46069     3.19908    -2.91475   -19.74502
     26550.       -19.10788     3.20645    -2.90454   -19.40979
     36947.       -18.76807     3.21365    -2.89473   -19.08699
     51416.       -18.44166     3.22060    -2.88523   -18.77704
     71550.       -18.12861     3.22727    -2.87615   -18.47973
     99568.       -17.82802     3.23369    -2.86738   -18.19433
    0.13856E+06   -17.54058     3.23983    -2.85898   -17.92142
    0.19282E+06   -17.26586     3.24574    -2.85096   -17.66063
    0.26832E+06   -17.00349     3.25137    -2.84327   -17.41160
    0.37340E+06   -16.75285     3.25673    -2.83591   -17.17367
    0.51962E+06   -16.51341     3.26188    -2.82891   -16.94639
    0.72310E+06   -16.28455     3.26683    -2.82219   -16.72919
    0.10063E+07   -16.06588     3.27155    -2.81576   -16.52167
    0.14003E+07   -15.85757     3.27607    -2.80964   -16.32400
    0.19487E+07   -15.65919     3.28042    -2.80381   -16.13581
    0.27118E+07   -15.47006     3.28452    -2.79822   -15.95636
    0.37737E+07   -15.28987     3.28843    -2.79290   -15.78540
    0.52514E+07   -15.11822     3.29217    -2.78784   -15.62255
    0.73079E+07   -14.95500     3.29573    -2.78299   -15.46773
    0.10170E+08   -14.79965     3.29910    -2.77838   -15.32036
    0.14152E+08   -14.65164     3.30233    -2.77404   -15.17993
    0.19694E+08   -14.51098     3.30537    -2.76986   -15.04649
    0.27406E+08   -14.37712     3.30830    -2.76591   -14.91951
    0.38138E+08   -14.25037     3.31105    -2.76216   -14.79927
    0.53073E+08   -14.13069     3.31367    -2.75861   -14.68575
    0.73856E+08   -14.01799     3.31613    -2.75528   -14.57884
    0.10278E+09   -13.91165     3.31845    -2.75210   -14.47800
    0.14302E+09   -13.81225     3.32065    -2.74916   -14.38374
    0.19903E+09   -13.72015     3.32270    -2.74642   -14.29644
    0.27697E+09   -13.63498     3.32464    -2.74388   -14.21575
    0.38543E+09   -13.55751     3.32639    -2.74158   -14.14232
    0.53637E+09   -13.48669     3.32803    -2.73949   -14.07523
    0.74641E+09   -13.42181     3.32953    -2.73756   -14.01378
    0.10387E+10   -13.36215     3.33094    -2.73579   -13.95729
    0.14454E+10   -13.30730     3.33224    -2.73420   -13.90535
    0.20115E+10   -13.25677     3.33346    -2.73271   -13.85751
    0.27992E+10   -13.21019     3.33458    -2.73134   -13.81342
    0.38953E+10   -13.16733     3.33561    -2.73008   -13.77286
    0.54207E+10   -13.12785     3.33656    -2.72892   -13.73550
    0.75434E+10   -13.09145     3.33745    -2.72784   -13.70106
    0.10497E+11   -13.05786     3.33827    -2.72685   -13.66929
    0.14608E+11   -13.02700     3.33904    -2.72594   -13.64010
    0.20329E+11   -12.99856     3.33975    -2.72511   -13.61320
    0.28289E+11   -12.97231     3.34041    -2.72434   -13.58837
    0.39367E+11   -12.94813     3.34103    -2.72363   -13.56553
    0.54783E+11   -12.92591     3.34158    -2.72297   -13.54453
    0.10000E+12   -12.66624     3.34852    -2.71540   -13.29935
