    -44.945         0.00000     0.00000     0.00000     0.00000
    -44.795         0.00000     0.00000     0.00000     0.00000
    -44.645         0.00000     0.00000     0.00000     0.00000
    -44.495         0.00000     0.00000     0.00000     0.00000
    -44.345         0.00000     0.00000     0.00000     0.00000
    -44.195         0.00000     0.00000     0.00000     0.00000
    -44.045         0.00000     0.00000     0.00000     0.00000
    -43.895         0.00000     0.00000     0.00000     0.00000
    -43.745         0.00000     0.00000     0.00000     0.00000
    -43.595         0.00000     0.00000     0.00000     0.00000
    -43.445         0.00000     0.00000     0.00000     0.00000
    -43.295         0.00000     0.00000     0.00000     0.00000
    -43.145         0.00000     0.00000     0.00000     0.00000
    -42.995         0.00000     0.00000     0.00000     0.00000
    -42.845         0.00000     0.00000     0.00000     0.00000
    -42.695         0.00000     0.00000     0.00000     0.00000
    -42.545         0.00000     0.00000     0.00000     0.00000
    -42.395         0.00000     0.00000     0.00000     0.00000
    -42.245         0.00000     0.00000     0.00000     0.00000
    -42.095         0.00000     0.00000     0.00000     0.00000
    -41.945         0.00000     0.00000     0.00000     0.00000
    -41.795         0.00000     0.00000     0.00000     0.00000
    -41.645         0.00000     0.00000     0.00000     0.00000
    -41.495         0.00000     0.00000     0.00000     0.00000
    -41.345         0.00000     0.00000     0.00000     0.00000
    -41.195         0.00000     0.00000     0.00000     0.00000
    -41.045         0.00000     0.00000     0.00000     0.00000
    -40.895         0.00000     0.00000     0.00000     0.00000
    -40.745         0.00000     0.00000     0.00000     0.00000
    -40.595         0.00000     0.00000     0.00000     0.00000
    -40.445         0.00000     0.00000     0.00000     0.00000
    -40.295         0.00000     0.00000     0.00000     0.00000
    -40.145         0.00000     0.00000     0.00000     0.00000
    -39.995         0.00000     0.00000     0.00000     0.00000
    -39.845         0.00000     0.00000     0.00000     0.00000
    -39.695         0.00000     0.00000     0.00000     0.00000
    -39.545         0.00000     0.00000     0.00000     0.00000
    -39.395         0.00000     0.00000     0.00000     0.00000
    -39.245         0.00000     0.00000     0.00000     0.00000
    -39.095         0.00000     0.00000     0.00000     0.00000
    -38.945         0.00000     0.00000     0.00000     0.00000
    -38.795         0.00000     0.00000     0.00000     0.00000
    -38.645         0.00000     0.00000     0.00000     0.00000
    -38.495         0.00000     0.00000     0.00000     0.00000
    -38.345        -0.00083    -0.00083     0.00000     0.00000
    -38.195        -0.00083    -0.00083     0.00000     0.00000
    -38.045        -0.00083    -0.00083     0.00000     0.00000
    -37.895        -0.00083    -0.00083     0.00000     0.00000
    -37.745        -0.00083    -0.00083     0.00000     0.00000
    -37.595        -0.00083    -0.00083     0.00000     0.00000
    -37.445        -0.00083    -0.00083     0.00000     0.00000
    -37.295        -0.00083    -0.00083     0.00000     0.00000
    -37.145        -0.00083    -0.00083     0.00000     0.00000
    -36.995        -0.00083    -0.00083     0.00000     0.00000
    -36.845        -0.00083    -0.00083     0.00000     0.00000
    -36.695        -0.00083    -0.00083     0.00000     0.00000
    -36.545        -0.00165    -0.00165     0.00000     0.00000
    -36.395        -0.00165    -0.00165     0.00000     0.00000
    -36.245        -0.00165    -0.00165     0.00000     0.00000
    -36.095        -0.00165    -0.00165     0.00000     0.00000
    -35.945        -0.00244    -0.00244     0.00000     0.00000
    -35.795        -0.00244    -0.00244     0.00000     0.00000
    -35.645        -0.00244    -0.00244     0.00000     0.00000
    -35.495        -0.00323    -0.00323     0.00000     0.00000
    -35.345        -0.00323    -0.00323     0.00000     0.00000
    -35.195        -0.00480    -0.00480     0.00000     0.00000
    -35.045        -0.00480    -0.00480     0.00000     0.00000
    -34.895        -0.00637    -0.00637     0.00000     0.00000
    -34.745        -0.00714    -0.00714     0.00000     0.00000
    -34.595        -0.00714    -0.00714     0.00000     0.00000
    -34.445        -0.00791    -0.00791     0.00000     0.00000
    -34.295        -0.00791    -0.00791     0.00000     0.00000
    -34.145        -0.01022    -0.01022     0.00000     0.00000
    -33.995        -0.01022    -0.01022     0.00000     0.00000
    -33.845        -0.01176    -0.01176     0.00000     0.00000
    -33.695        -0.01252    -0.01252     0.00000     0.00000
    -33.545        -0.01253    -0.01253     0.00000     0.00000
    -33.395        -0.01329    -0.01329     0.00000     0.00000
    -33.245        -0.01329    -0.01329     0.00000     0.00000
    -33.095        -0.01405    -0.01405     0.00000     0.00000
    -32.945        -0.01554    -0.01554     0.00000     0.00000
    -32.795        -0.01630    -0.01630     0.00000     0.00000
    -32.645        -0.01778    -0.01778     0.00000     0.00000
    -32.495        -0.02072    -0.02072     0.00000     0.00000
    -32.345        -0.02072    -0.02072     0.00000     0.00000
    -32.195        -0.02220    -0.02220     0.00000     0.00000
    -32.045        -0.02295    -0.02295     0.00000     0.00000
    -31.895        -0.02295    -0.02295     0.00000     0.00000
    -31.745        -0.02295    -0.02295     0.00000     0.00000
    -31.595        -0.02513    -0.02513     0.00000     0.00000
    -31.445        -0.02731    -0.02731     0.00000     0.00000
    -31.295        -0.03084    -0.03084     0.00000     0.00000
    -31.145        -0.03084    -0.03084     0.00000     0.00000
    -30.995        -0.03160    -0.03160     0.00000     0.00000
    -30.845        -0.03233    -0.03233     0.00000     0.00000
    -30.695        -0.03306    -0.03306     0.00000     0.00000
    -30.545        -0.03452    -0.03452     0.00000     0.00000
    -30.395        -0.03452    -0.03452     0.00000     0.00000
    -30.245        -0.03734    -0.03734     0.00000     0.00000
    -30.095        -0.03878    -0.03878     0.00000     0.00000
    -29.945        -0.04089    -0.04089     0.00000     0.00000
    -29.795        -0.04302    -0.04302     0.00000     0.00000
    -29.645        -0.04446    -0.04446     0.00000     0.00000
    -29.495        -0.04589    -0.04589     0.00000     0.00000
    -29.345        -0.04802    -0.04802     0.00000     0.00000
    -29.195        -0.05148    -0.05148     0.00000     0.00000
    -29.045        -0.05291    -0.05291     0.00000     0.00000
    -28.895        -0.05364    -0.05364     0.00000     0.00000
    -28.745        -0.05574    -0.05574     0.00000     0.00000
    -28.595        -0.05649    -0.05649     0.00000     0.00000
    -28.445        -0.05725    -0.05725     0.00000     0.00000
    -28.295        -0.05866    -0.05866     0.00000     0.00000
    -28.145        -0.06075    -0.06075     0.00000     0.00000
    -27.995        -0.06076    -0.06076     0.00000     0.00000
    -27.845        -0.06286    -0.06286     0.00000     0.00000
    -27.695        -0.06431    -0.06431     0.00000     0.00000
    -27.545        -0.06507    -0.06507     0.00000     0.00000
    -27.395        -0.06718    -0.06718     0.00000     0.00000
    -27.245        -0.06719    -0.06719     0.00000     0.00000
    -27.095        -0.06929    -0.06929     0.00000     0.00000
    -26.945        -0.07073    -0.07073     0.00000     0.00000
    -26.795        -0.07154    -0.07154     0.00000     0.00000
    -26.645        -0.07155    -0.07155     0.00000     0.00000
    -26.495        -0.07156    -0.07156     0.00000     0.00000
    -26.345        -0.07238    -0.07238     0.00000     0.00000
    -26.195        -0.07448    -0.07448     0.00000     0.00000
    -26.045        -0.07658    -0.07658     0.00000     0.00000
    -25.895        -0.07659    -0.07659     0.00000     0.00000
    -25.745        -0.07809    -0.07809     0.00000     0.00000
    -25.595        -0.07897    -0.07897     0.00000     0.00000
    -25.445        -0.07984    -0.07984     0.00000     0.00000
    -25.295        -0.07986    -0.07986     0.00000     0.00000
    -25.145        -0.08141    -0.08141     0.00000     0.00000
    -24.995        -0.08290    -0.08233    -0.00057     0.00000
    -24.845        -0.08293    -0.08236    -0.00057     0.00000
    -24.695        -0.08387    -0.08331    -0.00057     0.00000
    -24.545        -0.08543    -0.08486    -0.00057     0.00000
    -24.395        -0.08640    -0.08584    -0.00057     0.00000
    -24.245        -0.08856    -0.08800    -0.00057     0.00000
    -24.095        -0.08958    -0.08901    -0.00057     0.00000
    -23.945        -0.08961    -0.08904    -0.00057     0.00000
    -23.795        -0.09240    -0.09184    -0.00057     0.00000
    -23.645        -0.09522    -0.09466    -0.00057     0.00000
    -23.495        -0.09687    -0.09630    -0.00057     0.00000
    -23.345        -0.09798    -0.09741    -0.00057     0.00000
    -23.195        -0.09909    -0.09853    -0.00057     0.00000
    -23.045        -0.10024    -0.09967    -0.00057     0.00000
    -22.895        -0.10078    -0.09972    -0.00106     0.00000
    -22.745        -0.10083    -0.09977    -0.00106     0.00000
    -22.595        -0.10088    -0.09982    -0.00106     0.00000
    -22.445        -0.10093    -0.09987    -0.00106     0.00000
    -22.295        -0.10218    -0.10112    -0.00106     0.00000
    -22.145        -0.10608    -0.10404    -0.00204     0.00000
    -21.995        -0.10845    -0.10590    -0.00254     0.00000
    -21.845        -0.10976    -0.10722    -0.00254     0.00000
    -21.695        -0.11221    -0.10967    -0.00254     0.00000
    -21.545        -0.11329    -0.10973    -0.00355     0.00000
    -21.395        -0.11521    -0.11114    -0.00407     0.00000
    -21.245        -0.11679    -0.11121    -0.00559     0.00000
    -21.095        -0.11824    -0.11265    -0.00559     0.00000
    -20.945        -0.11887    -0.11273    -0.00614     0.00000
    -20.795        -0.11896    -0.11282    -0.00614     0.00000
    -20.645        -0.12013    -0.11290    -0.00722     0.00000
    -20.495        -0.12327    -0.11299    -0.01029     0.00000
    -20.345        -0.12787    -0.11307    -0.01481     0.00000
    -20.195        -0.13307    -0.11462    -0.01845     0.00000
    -20.045        -0.13689    -0.11472    -0.02217     0.00000
    -19.895        -0.14177    -0.11482    -0.02694     0.00000
    -19.745        -0.15258    -0.11647    -0.03611     0.00000
    -19.595        -0.16585    -0.11814    -0.04770     0.00000
    -19.445        -0.17884    -0.11982    -0.05902     0.00000
    -19.295        -0.19222    -0.11993    -0.07229     0.00000
    -19.145        -0.20559    -0.12162    -0.08397     0.00000
    -18.995        -0.21898    -0.12175    -0.09723     0.00000
    -18.845        -0.23601    -0.12346    -0.11255     0.00000
    -18.695        -0.25707    -0.12358    -0.13349     0.00000
    -18.545        -0.28008    -0.12371    -0.15637     0.00000
    -18.395        -0.30246    -0.12384    -0.17862     0.00000
    -18.245        -0.32873    -0.12638    -0.20235     0.00000
    -18.095        -0.36229    -0.12821    -0.23408     0.00000
    -17.945        -0.38301    -0.12835    -0.25467     0.00000
    -17.795        -0.41165    -0.13017    -0.28147     0.00000
    -17.645        -0.44813    -0.13032    -0.31781     0.00000
    -17.495        -0.47824    -0.13046    -0.34778     0.00000
    -17.345        -0.51054    -0.13061    -0.37993     0.00000
    -17.195        -0.55120    -0.13077    -0.42043     0.00000
    -17.045        -0.58483    -0.13094    -0.45389     0.00000
    -16.895        -0.62169    -0.13281    -0.48888     0.00000
    -16.745        -0.65417    -0.13471    -0.51946     0.00000
    -16.595        -0.68196    -0.13490    -0.54706     0.00000
    -16.445        -0.71559    -0.13680    -0.57879     0.00000
    -16.295        -0.74548    -0.13699    -0.60849     0.00000
    -16.145        -0.77850    -0.13718    -0.64132     0.00000
    -15.995        -0.81855    -0.13738    -0.68117     0.00000
    -15.845        -0.84823    -0.13757    -0.71065     0.00000
    -15.695        -0.88564    -0.13777    -0.74787     0.00000
    -15.545        -0.91408    -0.13795    -0.77614     0.00000
    -15.395        -0.94178    -0.13817    -0.80361     0.00000
    -15.245        -0.97359    -0.13838    -0.83522     0.00000
    -15.095        -1.00715    -0.14033    -0.86682     0.00000
    -14.945        -1.03811    -0.14055    -0.89756     0.00000
    -14.795        -1.07089    -0.14074    -0.93015     0.00000
    -14.645        -1.09624    -0.14097    -0.95527     0.00000
    -14.495        -1.12348    -0.14122    -0.98226     0.00000
    -14.345        -1.14920    -0.14145    -1.00775     0.00000
    -14.195        -1.17484    -0.14338    -1.03145     0.00000
    -14.045        -1.20330    -0.14644    -1.05686     0.00000
    -13.895        -1.22376    -0.14668    -1.07708     0.00000
    -13.745        -1.25005    -0.14862    -1.10142     0.00000
    -13.595        -1.27190    -0.14887    -1.12302     0.00000
    -13.445        -1.29946    -0.14913    -1.15033     0.00000
    -13.295        -1.32593    -0.15224    -1.17370     0.00000
    -13.145        -1.34284    -0.15251    -1.19034     0.00000
    -12.995        -1.36493    -0.15445    -1.21047     0.00000
    -12.845        -1.38565    -0.15474    -1.23092     0.00000
    -12.695        -1.41020    -0.15499    -1.25521     0.00000
    -12.545        -1.43368    -0.15692    -1.27676     0.00000
    -12.395        -1.45466    -0.15723    -1.29744     0.00000
    -12.245        -1.47623    -0.15751    -1.31872     0.00000
    -12.095        -1.49536    -0.15944    -1.33592     0.00000
    -11.945        -1.51987    -0.16432    -1.35555     0.00000
    -11.795        -1.54412    -0.16621    -1.37791     0.00000
    -11.645        -1.56767    -0.17033    -1.39734     0.00000
    -11.495        -1.59333    -0.17348    -1.41985     0.00000
    -11.345        -1.61759    -0.17661    -1.44098     0.00000
    -11.195        -1.64104    -0.17975    -1.46129     0.00000
    -11.045        -1.66235    -0.18295    -1.47941     0.00000
    -10.895        -1.68289    -0.18608    -1.49681    -0.00000
    -10.745        -1.70534    -0.19032    -1.51502    -0.00000
    -10.595        -1.72884    -0.19554    -1.53330    -0.00000
    -10.445        -1.75856    -0.20427    -1.55409    -0.00020
    -10.295        -1.78058    -0.20743    -1.57296    -0.00020
    -10.145        -1.80471    -0.21522    -1.58930    -0.00020
    -9.9950        -1.82939    -0.21957    -1.60943    -0.00039
    -9.8450        -1.85701    -0.22906    -1.62530    -0.00266
    -9.6950        -1.88962    -0.23866    -1.64592    -0.00504
    -9.5450        -1.93086    -0.24842    -1.66997    -0.01247
    -9.3950        -1.97041    -0.26101    -1.68690    -0.02250
    -9.2450        -2.02359    -0.27439    -1.70849    -0.04071
    -9.0950        -2.09720    -0.28970    -1.73452    -0.07298
    -8.9450        -2.17022    -0.30210    -1.75516    -0.11296
    -8.7950        -2.27631    -0.32050    -1.78042    -0.17539
    -8.6450        -2.40028    -0.33917    -1.80194    -0.25917
    -8.4950        -2.56405    -0.36356    -1.82806    -0.37243
    -8.3450        -2.75372    -0.38911    -1.85253    -0.51208
    -8.1950        -2.99297    -0.41345    -1.87709    -0.70242
    -8.0450        -3.26893    -0.43718    -1.90332    -0.92842
    -7.8950        -3.57795    -0.46144    -1.93448    -1.18203
    -7.7450        -3.94435    -0.48973    -1.96355    -1.49107
    -7.5950        -4.35272    -0.51965    -1.99459    -1.83848
    -7.4450        -4.83493    -0.55004    -2.02888    -2.25601
    -7.2950        -5.35342    -0.58285    -2.06422    -2.70635
    -7.1450        -5.90749    -0.61505    -2.09977    -3.19267
    -6.9950        -6.51035    -0.64832    -2.13770    -3.72433
    -6.8450        -7.15021    -0.68499    -2.17907    -4.28615
    -6.6950        -7.80530    -0.72992    -2.22012    -4.85527
    -6.5450        -8.47694    -0.77056    -2.26528    -5.44110
    -6.3950        -9.13928    -0.81309    -2.31606    -6.01014
    -6.2450        -9.81277    -0.85982    -2.36561    -6.58734
    -6.0950       -10.48192    -0.90758    -2.42025    -7.15408
    -5.9450       -11.14928    -0.95428    -2.47355    -7.72145
    -5.7950       -11.79935    -1.00751    -2.53092    -8.26092
    -5.6450       -12.44483    -1.06470    -2.59281    -8.78732
    -5.4950       -13.07755    -1.12671    -2.66107    -9.28976
    -5.3450       -13.69973    -1.18966    -2.72865    -9.78142
    -5.1950       -14.30120    -1.25661    -2.79688   -10.24771
    -5.0450       -14.89582    -1.32880    -2.87003   -10.69699
    -4.8950       -15.49124    -1.40340    -2.94974   -11.13810
    -4.7450       -16.07535    -1.48261    -3.02858   -11.56416
    -4.5950       -16.65748    -1.57230    -3.11589   -11.96929
    -4.4450       -17.24150    -1.66267    -3.20224   -12.37658
    -4.2950       -17.83492    -1.75790    -3.29892   -12.77810
    -4.1450       -18.43688    -1.85790    -3.39486   -13.18412
    -3.9950       -19.07272    -1.96592    -3.50161   -13.60519
    -3.8450       -19.72700    -2.08180    -3.61114   -14.03406
    -3.6950       -20.40563    -2.19915    -3.73362   -14.47286
    -3.5450       -21.11586    -2.32713    -3.85578   -14.93296
    -3.3950       -21.85139    -2.46755    -3.98930   -15.39454
    -3.2450       -22.61270    -2.61773    -4.13322   -15.86176
    -3.0950       -23.40465    -2.77395    -4.28476   -16.34595
    -2.9450       -24.24364    -2.95025    -4.44675   -16.84664
    -2.7950       -25.12182    -3.12888    -4.62022   -17.37272
    -2.6450       -26.06785    -3.32893    -4.81058   -17.92834
    -2.4950       -27.08003    -3.53949    -5.01429   -18.52624
    -2.3450       -28.17181    -3.76426    -5.23910   -19.16845
    -2.1950       -29.37993    -4.00988    -5.48703   -19.88303
    -2.0450       -30.72648    -4.27387    -5.75657   -20.69603
    -1.8950       -32.24185    -4.55646    -6.05712   -21.62828
    -1.7450       -33.94635    -4.85753    -6.38446   -22.70436
    -1.5950       -35.86327    -5.18644    -6.74178   -23.93505
    -1.4450       -38.01781    -5.54741    -7.14152   -25.32888
    -1.2950       -40.41290    -5.94592    -7.58721   -26.87977
    -1.1450       -43.07630    -6.38855    -8.08326   -28.60448
   -0.99500       -46.01994    -6.88989    -8.64186   -30.48819
   -0.84500       -49.29938    -7.45444    -9.30576   -32.53918
   -0.69500       -53.02522    -8.09433   -10.11624   -34.81465
   -0.54500       -57.33327    -8.81015   -11.07859   -37.44453
   -0.39500       -62.60954    -9.60775   -12.17889   -40.82289
   -0.25300       -66.72792   -10.11359   -12.85626   -43.75808
   -0.21500       -67.00977   -10.14327   -12.89337   -43.97313
   -0.20900       -67.29487   -10.17281   -12.93014   -44.19192
   -0.20300       -67.58381   -10.20140   -12.96579   -44.41662
   -0.19700       -67.87784   -10.22954   -13.00047   -44.64783
   -0.19100       -68.17777   -10.25815   -13.03453   -44.88509
   -0.18500       -68.48649   -10.28594   -13.06800   -45.13254
   -0.17900       -68.79838   -10.31312   -13.09974   -45.38551
   -0.17300       -69.11890   -10.33979   -13.13122   -45.64789
   -0.16700       -69.44626   -10.36586   -13.16172   -45.91868
   -0.16100       -69.78327   -10.39122   -13.19116   -46.20089
   -0.15500       -70.12905   -10.41623   -13.21988   -46.49294
   -0.14900       -70.48487   -10.44018   -13.24747   -46.79722
   -0.14300       -70.85204   -10.46363   -13.27371   -47.11471
   -0.13700       -71.23279   -10.48655   -13.29914   -47.44710
   -0.13100       -71.62985   -10.50911   -13.32351   -47.79724
   -0.12500       -72.04047   -10.53072   -13.34683   -48.16292
   -0.11900       -72.46896   -10.55127   -13.36934   -48.54835
   -0.11300       -72.91635   -10.57125   -13.39078   -48.95432
   -0.10700       -73.38500   -10.59056   -13.41095   -49.38349
   -0.10100       -73.87498   -10.60854   -13.43009   -49.83636
   -0.95000E-01   -74.39040   -10.62587   -13.44812   -50.31641
   -0.89000E-01   -74.93350   -10.64219   -13.46522   -50.82609
   -0.83000E-01   -75.50602   -10.65758   -13.48083   -51.36762
   -0.77000E-01   -76.11095   -10.67154   -13.49564   -51.94376
   -0.71000E-01   -76.75196   -10.68476   -13.50916   -52.55804
   -0.65000E-01   -77.43263   -10.69692   -13.52164   -53.21408
   -0.59000E-01   -78.15718   -10.70812   -13.53299   -53.91607
   -0.53000E-01   -78.92918   -10.71809   -13.54329   -54.66781
   -0.47000E-01   -79.75386   -10.72686   -13.55242   -55.47459
   -0.41000E-01   -80.64061   -10.73458   -13.56036   -56.34566
   -0.35000E-01   -81.59589   -10.74115   -13.56716   -57.28757
   -0.29000E-01   -82.61047   -10.74664   -13.57280   -58.29102
   -0.23000E-01   -83.64286   -10.75107   -13.57722   -59.31456
   -0.19700E-01   -83.74342   -10.75146   -13.57760   -59.41436
   -0.19100E-01   -83.84310   -10.75183   -13.57798   -59.51329
   -0.18500E-01   -83.94156   -10.75218   -13.57834   -59.61103
   -0.17900E-01   -84.03921   -10.75252   -13.57869   -59.70800
   -0.17300E-01   -84.13521   -10.75285   -13.57902   -59.80334
   -0.16700E-01   -84.22955   -10.75317   -13.57935   -59.89703
   -0.16100E-01   -84.32221   -10.75350   -13.57966   -59.98906
   -0.15500E-01   -84.41286   -10.75378   -13.57995   -60.07913
   -0.14900E-01   -84.50154   -10.75407   -13.58023   -60.16724
   -0.14300E-01   -84.58804   -10.75434   -13.58050   -60.25320
   -0.13700E-01   -84.67211   -10.75460   -13.58078   -60.33674
   -0.13100E-01   -84.75356   -10.75484   -13.58103   -60.41769
   -0.12500E-01   -84.83199   -10.75508   -13.58127   -60.49564
   -0.11900E-01   -84.90767   -10.75532   -13.58151   -60.57085
   -0.11300E-01   -84.98035   -10.75555   -13.58173   -60.64308
   -0.10700E-01   -85.04972   -10.75575   -13.58193   -60.71204
   -0.10100E-01   -85.11589   -10.75595   -13.58213   -60.77781
   -0.95000E-02   -85.17847   -10.75613   -13.58232   -60.84002
   -0.89000E-02   -85.23766   -10.75631   -13.58248   -60.89887
   -0.83000E-02   -85.29331   -10.75647   -13.58264   -60.95420
   -0.77000E-02   -85.34541   -10.75662   -13.58279   -61.00600
   -0.71000E-02   -85.39377   -10.75676   -13.58292   -61.05409
   -0.65000E-02   -85.43838   -10.75689   -13.58305   -61.09845
   -0.59000E-02   -85.47898   -10.75700   -13.58316   -61.13882
   -0.53000E-02   -85.51559   -10.75710   -13.58326   -61.17523
   -0.47000E-02   -85.54827   -10.75718   -13.58336   -61.20773
   -0.41000E-02   -85.57687   -10.75726   -13.58344   -61.23617
   -0.35000E-02   -85.60136   -10.75733   -13.58351   -61.26052
   -0.29000E-02   -85.62175   -10.75738   -13.58356   -61.28080
   -0.23000E-02   -85.63793   -10.75743   -13.58361   -61.29690
   -0.17000E-02   -85.64991   -10.75746   -13.58364   -61.30881
   -0.11000E-02   -85.65769   -10.75748   -13.58366   -61.31654
   -0.50000E-03   -85.66124   -10.75749   -13.58367   -61.32008
    0.10000E-03   -85.66057   -10.75749   -13.58367   -61.31941
    0.70000E-03   -85.65568   -10.75748   -13.58366   -61.31454
    0.13000E-02   -85.64657   -10.75745   -13.58363   -61.30549
    0.19000E-02   -85.63320   -10.75741   -13.58360   -61.29219
    0.25000E-02   -85.61568   -10.75737   -13.58355   -61.27477
    0.31000E-02   -85.59405   -10.75731   -13.58349   -61.25326
    0.37000E-02   -85.56834   -10.75723   -13.58341   -61.22769
    0.43000E-02   -85.53846   -10.75715   -13.58333   -61.19798
    0.49000E-02   -85.50460   -10.75705   -13.58323   -61.16431
    0.55000E-02   -85.46674   -10.75694   -13.58313   -61.12667
    0.61000E-02   -85.42499   -10.75682   -13.58301   -61.08516
    0.67000E-02   -85.37949   -10.75670   -13.58288   -61.03991
    0.73000E-02   -85.33011   -10.75655   -13.58274   -60.99082
    0.79000E-02   -85.27703   -10.75641   -13.58259   -60.93804
    0.85000E-02   -85.22041   -10.75624   -13.58242   -60.88175
    0.91000E-02   -85.16027   -10.75607   -13.58225   -60.82194
    0.97000E-02   -85.09670   -10.75589   -13.58207   -60.75875
    0.10300E-01   -85.02982   -10.75569   -13.58186   -60.69227
    0.10900E-01   -84.95961   -10.75548   -13.58167   -60.62246
    0.11500E-01   -84.88639   -10.75526   -13.58144   -60.54969
    0.12100E-01   -84.81014   -10.75503   -13.58121   -60.47390
    0.12700E-01   -84.73126   -10.75479   -13.58096   -60.39552
    0.13300E-01   -84.64958   -10.75454   -13.58070   -60.31434
    0.13900E-01   -84.56531   -10.75426   -13.58044   -60.23061
    0.14500E-01   -84.47856   -10.75398   -13.58016   -60.14442
    0.15100E-01   -84.38972   -10.75368   -13.57987   -60.05617
    0.15700E-01   -84.29875   -10.75338   -13.57956   -59.96580
    0.16300E-01   -84.20614   -10.75307   -13.57925   -59.87382
    0.16900E-01   -84.11176   -10.75275   -13.57893   -59.78008
    0.17500E-01   -84.01570   -10.75241   -13.57859   -59.68470
    0.18100E-01   -83.91863   -10.75205   -13.57824   -59.58833
    0.18700E-01   -83.82054   -10.75169   -13.57788   -59.49097
    0.19300E-01   -83.72151   -10.75133   -13.57752   -59.39266
    0.20200E-01   -83.32871   -10.74977   -13.57597   -59.00297
    0.25000E-01   -82.30621   -10.74494   -13.57114   -57.99013
    0.31000E-01   -81.32195   -10.73897   -13.56524   -57.01775
    0.37000E-01   -80.40430   -10.73176   -13.55822   -56.11432
    0.43000E-01   -79.55233   -10.72340   -13.55012   -55.27882
    0.49000E-01   -78.75778   -10.71376   -13.54093   -54.50310
    0.55000E-01   -78.01568   -10.70312   -13.53067   -53.78189
    0.61000E-01   -77.31976   -10.69122   -13.51917   -53.10937
    0.67000E-01   -76.66937   -10.67822   -13.50660   -52.48455
    0.73000E-01   -76.05799   -10.66430   -13.49307   -51.90062
    0.79000E-01   -75.48386   -10.64896   -13.47886   -51.35605
    0.85000E-01   -74.94174   -10.63254   -13.46354   -50.84565
    0.91000E-01   -74.43180   -10.61501   -13.44695   -50.36985
    0.97000E-01   -73.94855   -10.59641   -13.42957   -49.92257
    0.10300       -73.49396   -10.57664   -13.41158   -49.50574
    0.10900       -73.06211   -10.55578   -13.39225   -49.11408
    0.11500       -72.65162   -10.53370   -13.37216   -48.74576
    0.12100       -72.26225   -10.51064   -13.35135   -48.40026
    0.12700       -71.89120   -10.48642   -13.32945   -48.07533
    0.13300       -71.53650   -10.46125   -13.30694   -47.76831
    0.13900       -71.19591   -10.43525   -13.28383   -47.47683
    0.14500       -70.86897   -10.40806   -13.25991   -47.20101
    0.15100       -70.55587   -10.38008   -13.23537   -46.94042
    0.15700       -70.25282   -10.35072   -13.20998   -46.69211
    0.16300       -69.96159   -10.32041   -13.18436   -46.45682
    0.16900       -69.67700   -10.28908   -13.15788   -46.23004
    0.17500       -69.40016   -10.25645   -13.13083   -46.01288
    0.18100       -69.13271   -10.22330   -13.10329   -45.80613
    0.18700       -68.87193   -10.18952   -13.07528   -45.60713
    0.19300       -68.61609   -10.15440   -13.04681   -45.41488
    0.19900       -68.36681   -10.11873   -13.01832   -45.22975
    0.20500       -68.12303   -10.08262   -12.98916   -45.05126
    0.21100       -67.88358   -10.04511   -12.95957   -44.87890
    0.21700       -67.64968   -10.00753   -12.92991   -44.71224
    0.29500       -62.61160    -8.91852   -12.11289   -41.58019
    0.44500       -58.93938    -7.84933   -11.30847   -39.78158
    0.59500       -56.08759    -6.90551   -10.61905   -38.56303
    0.74500       -53.78700    -6.12796   -10.02925   -37.62979
    0.89500       -51.86715    -5.48974    -9.50907   -36.86835
     1.0450       -50.22086    -4.94396    -9.04999   -36.22690
     1.1950       -48.76792    -4.46241    -8.63746   -35.66806
     1.3450       -47.47766    -4.03325    -8.26418   -35.18024
     1.4950       -46.32885    -3.64837    -7.93012   -34.75036
     1.6450       -45.30527    -3.30565    -7.62387   -34.37574
     1.7950       -44.38305    -2.99338    -7.34632   -34.04334
     1.9450       -43.54681    -2.71054    -7.09074   -33.74553
     2.0950       -42.79175    -2.45218    -6.85402   -33.48554
     2.2450       -42.11044    -2.21717    -6.64187   -33.25139
     2.3950       -41.48805    -2.00399    -6.44476   -33.03930
     2.5450       -40.92388    -1.80982    -6.26311   -32.85095
     2.6950       -40.41225    -1.63244    -6.09432   -32.68550
     2.8450       -39.93724    -1.46790    -5.93513   -32.53421
     2.9950       -39.50361    -1.31814    -5.79046   -32.39501
     3.1450       -39.09860    -1.17994    -5.65368   -32.26498
     3.2950       -38.72253    -1.05073    -5.52557   -32.14623
     3.4450       -38.37736    -0.93091    -5.40655   -32.03989
     3.5950       -38.05343    -0.81992    -5.29353   -31.93998
     3.7450       -37.75618    -0.71567    -5.18926   -31.85125
     3.8950       -37.47548    -0.61734    -5.09059   -31.76756
     4.0450       -37.20472    -0.52306    -4.99482   -31.68684
     4.1950       -36.95524    -0.43431    -4.90648   -31.61445
     4.3450       -36.71432    -0.35085    -4.82069   -31.54279
     4.4950       -36.48472    -0.27173    -4.74152   -31.47147
     4.6450       -36.26890    -0.19637    -4.66390   -31.40862
     4.7950       -36.06465    -0.12451    -4.59366   -31.34648
     4.9450       -35.86644    -0.05536    -4.52435   -31.28672
     5.0950       -35.67852     0.01224    -4.46113   -31.22963
     5.2450       -35.49795     0.07553    -4.39860   -31.17488
     5.3950       -35.32740     0.13150    -4.33829   -31.12061
     5.5450       -35.16254     0.19135    -4.28448   -31.06941
     5.6950       -35.00555     0.24764    -4.23367   -31.01952
     5.8450       -34.85475     0.30377    -4.18662   -30.97190
     5.9950       -34.71281     0.35478    -4.14236   -30.92524
     6.1450       -34.57322     0.40688    -4.10036   -30.87974
     6.2950       -34.44251     0.45719    -4.06393   -30.83577
     6.4450       -34.31746     0.50563    -4.03029   -30.79280
     6.5950       -34.19180     0.55329    -3.99466   -30.75043
     6.7450       -34.07303     0.59915    -3.96269   -30.70949
     6.8950       -33.96169     0.64345    -3.93616   -30.66897
     7.0450       -33.85400     0.68612    -3.91034   -30.62977
     7.1950       -33.74738     0.72990    -3.88579   -30.59148
     7.3450       -33.65040     0.77149    -3.86786   -30.55403
     7.4950       -33.55658     0.81231    -3.85159   -30.51729
     7.6450       -33.46017     0.85091    -3.82977   -30.48131
     7.7950       -33.37155     0.88987    -3.81535   -30.44607
     7.9450       -33.28341     0.92797    -3.79991   -30.41147
     8.0950       -33.19793     0.96496    -3.78538   -30.37751
     8.2450       -33.11595     0.99998    -3.77179   -30.34413
     8.3950       -33.03497     1.03464    -3.75820   -30.31142
     8.5450       -32.95652     1.06747    -3.74462   -30.27938
     8.6950       -32.87947     1.10146    -3.73306   -30.24787
     8.8450       -32.80766     1.13434    -3.72514   -30.21686
     8.9950       -32.74000     1.16496    -3.71852   -30.18644
     9.1450       -32.67222     1.19360    -3.70929   -30.15653
     9.2950       -32.60774     1.22063    -3.70125   -30.12711
     9.4450       -32.54917     1.24667    -3.69770   -30.09814
     9.5950       -32.49497     1.26890    -3.69420   -30.06967
     9.7450       -32.44128     1.29107    -3.69074   -30.04160
     9.8950       -32.39238     1.31049    -3.68894   -30.01393
     10.045       -32.34304     1.32918    -3.68550   -29.98672
     10.195       -32.29772     1.34607    -3.68383   -29.95996
     10.345       -32.24863     1.36542    -3.68045   -29.93360
     10.495       -32.20957     1.37688    -3.67886   -29.90759
     10.645       -32.16834     1.39094    -3.67732   -29.88196
     10.795       -32.12956     1.40113    -3.67399   -29.85670
     10.945       -32.09018     1.41408    -3.67248   -29.83178
     11.095       -32.05538     1.42285    -3.67107   -29.80716
     11.245       -32.01903     1.43158    -3.66774   -29.78287
     11.395       -31.98657     1.43874    -3.66641   -29.75890
     11.545       -31.95278     1.44762    -3.66509   -29.73532
     11.695       -31.92708     1.44881    -3.66381   -29.71208
     11.845       -31.89748     1.45421    -3.66258   -29.68911
     11.995       -31.87032     1.45750    -3.66139   -29.66644
     12.145       -31.84348     1.46083    -3.66022   -29.64410
     12.295       -31.81911     1.46190    -3.65903   -29.62197
     12.445       -31.79279     1.46522    -3.65791   -29.60010
     12.595       -31.76915     1.46621    -3.65681   -29.57855
     12.745       -31.74573     1.46722    -3.65577   -29.55718
     12.895       -31.72263     1.46819    -3.65475   -29.53607
     13.045       -31.69978     1.46917    -3.65372   -29.51523
     13.195       -31.67715     1.47014    -3.65271   -29.49458
     13.345       -31.65481     1.47110    -3.65172   -29.47419
     13.495       -31.63287     1.47197    -3.65075   -29.45410
     13.645       -31.61110     1.47284    -3.64980   -29.43414
     13.795       -31.58971     1.47359    -3.64885   -29.41444
     13.945       -31.56848     1.47439    -3.64795   -29.39491
     14.095       -31.54748     1.47522    -3.64705   -29.37565
     14.245       -31.52672     1.47601    -3.64618   -29.35655
     14.395       -31.50632     1.47674    -3.64532   -29.33774
     14.545       -31.48609     1.47744    -3.64446   -29.31908
     14.695       -31.46601     1.47819    -3.64363   -29.30057
     14.845       -31.44614     1.47891    -3.64281   -29.28224
     14.995       -31.42658     1.47960    -3.64201   -29.26416
     15.145       -31.40721     1.48028    -3.64121   -29.24628
     15.295       -31.38800     1.48097    -3.64042   -29.22855
     15.445       -31.36899     1.48167    -3.63966   -29.21100
     15.595       -31.35023     1.48235    -3.63893   -29.19365
     15.745       -31.33162     1.48302    -3.63819   -29.17645
     15.895       -31.31319     1.48364    -3.63745   -29.15938
     16.045       -31.29488     1.48429    -3.63671   -29.14245
     16.195       -31.27683     1.48487    -3.63599   -29.12571
     16.345       -31.25900     1.48551    -3.63529   -29.10922
     16.495       -31.24134     1.48610    -3.63462   -29.09282
     16.645       -31.22377     1.48668    -3.63394   -29.07651
     16.795       -31.20647     1.48724    -3.63327   -29.06044
     16.945       -31.18923     1.48781    -3.63261   -29.04444
     17.095       -31.17217     1.48839    -3.63195   -29.02862
     17.245       -31.15530     1.48894    -3.63130   -29.01294
     17.395       -31.13862     1.48946    -3.63066   -28.99742
     17.545       -31.12205     1.49002    -3.63004   -28.98203
     17.695       -31.10564     1.49052    -3.62942   -28.96675
     17.845       -31.08942     1.49103    -3.62883   -28.95162
     17.995       -31.07324     1.49154    -3.62822   -28.93656
     18.145       -31.05727     1.49203    -3.62763   -28.92167
     18.295       -31.04148     1.49252    -3.62704   -28.90696
     18.445       -31.02583     1.49296    -3.62646   -28.89233
     18.595       -31.01026     1.49343    -3.62588   -28.87781
     18.745       -30.99481     1.49389    -3.62530   -28.86340
     18.895       -30.97954     1.49431    -3.62475   -28.84910
     19.045       -30.96442     1.49475    -3.62420   -28.83497
     19.195       -30.94931     1.49519    -3.62366   -28.82084
     19.345       -30.93435     1.49562    -3.62311   -28.80686
     19.495       -30.91954     1.49605    -3.62258   -28.79301
     19.645       -30.90490     1.49646    -3.62207   -28.77929
     19.795       -30.89037     1.49686    -3.62154   -28.76568
     19.945       -30.87588     1.49727    -3.62102   -28.75213
     20.095       -30.86153     1.49769    -3.62052   -28.73871
     20.245       -30.84728     1.49809    -3.62001   -28.72536
     20.395       -30.83322     1.49848    -3.61951   -28.71219
     20.545       -30.81927     1.49884    -3.61901   -28.69910
     20.695       -30.80539     1.49920    -3.61853   -28.68607
     20.845       -30.79158     1.49957    -3.61805   -28.67311
     20.995       -30.77788     1.49997    -3.61757   -28.66028
     21.145       -30.76435     1.50033    -3.61710   -28.64758
     21.295       -30.75085     1.50067    -3.61662   -28.63490
     21.445       -30.73750     1.50102    -3.61616   -28.62236
     21.595       -30.72431     1.50137    -3.61571   -28.60997
     21.745       -30.71116     1.50170    -3.61526   -28.59761
     21.895       -30.69808     1.50204    -3.61480   -28.58531
     22.045       -30.68506     1.50238    -3.61435   -28.57308
     22.195       -30.67218     1.50267    -3.61392   -28.56093
     22.345       -30.65939     1.50299    -3.61349   -28.54889
     22.495       -30.64665     1.50332    -3.61306   -28.53691
     22.645       -30.63402     1.50367    -3.61263   -28.52507
     22.795       -30.62143     1.50400    -3.61220   -28.51324
     22.945       -30.60895     1.50432    -3.61178   -28.50150
     23.095       -30.59662     1.50462    -3.61135   -28.48988
     23.245       -30.58435     1.50491    -3.61094   -28.47832
     23.395       -30.57223     1.50519    -3.61054   -28.46689
     23.545       -30.56010     1.50550    -3.61012   -28.45548
     23.695       -30.54805     1.50579    -3.60971   -28.44413
     23.845       -30.53612     1.50609    -3.60931   -28.43291
     23.995       -30.52425     1.50639    -3.60892   -28.42172
     24.145       -30.51251     1.50669    -3.60853   -28.41066
     24.295       -30.50076     1.50698    -3.60813   -28.39960
     24.445       -30.48913     1.50725    -3.60776   -28.38863
     24.595       -30.47758     1.50753    -3.60737   -28.37774
     24.745       -30.46611     1.50781    -3.60699   -28.36693
     24.895       -30.45468     1.50808    -3.60661   -28.35616
     25.045       -30.44334     1.50837    -3.60623   -28.34548
     25.195       -30.43206     1.50864    -3.60585   -28.33485
     25.345       -30.42089     1.50889    -3.60549   -28.32429
     25.495       -30.40976     1.50916    -3.60513   -28.31378
     25.645       -30.39862     1.50944    -3.60477   -28.30329
     25.795       -30.38766     1.50971    -3.60441   -28.29296
     25.945       -30.37674     1.50996    -3.60405   -28.28265
     26.095       -30.36588     1.51023    -3.60371   -28.27240
     26.245       -30.35505     1.51048    -3.60336   -28.26218
     26.395       -30.34430     1.51073    -3.60299   -28.25204
     26.545       -30.33357     1.51099    -3.60264   -28.24192
     26.695       -30.32297     1.51125    -3.60231   -28.23192
     26.845       -30.31240     1.51151    -3.60196   -28.22195
     26.995       -30.30194     1.51173    -3.60162   -28.21205
     27.145       -30.29151     1.51197    -3.60127   -28.20221
     27.295       -30.28114     1.51221    -3.60094   -28.19241
     27.445       -30.27088     1.51244    -3.60061   -28.18271
     27.595       -30.26061     1.51266    -3.60028   -28.17300
     27.745       -30.25039     1.51290    -3.59995   -28.16333
     27.895       -30.24025     1.51314    -3.59963   -28.15376
     28.045       -30.23013     1.51338    -3.59930   -28.14421
     28.195       -30.22008     1.51362    -3.59897   -28.13473
     28.345       -30.21015     1.51384    -3.59866   -28.12533
     28.495       -30.20027     1.51405    -3.59833   -28.11598
     28.645       -30.19040     1.51428    -3.59802   -28.10666
     28.795       -30.18059     1.51449    -3.59771   -28.09738
     28.945       -30.17082     1.51471    -3.59739   -28.08814
     29.095       -30.16107     1.51494    -3.59708   -28.07892
     29.245       -30.15141     1.51517    -3.59677   -28.06981
     29.395       -30.14183     1.51537    -3.59646   -28.06074
     29.545       -30.13227     1.51557    -3.59615   -28.05169
     29.695       -30.12279     1.51577    -3.59585   -28.04271
     29.845       -30.11334     1.51598    -3.59555   -28.03377
     29.995       -30.10395     1.51619    -3.59527   -28.02488
     30.145       -30.09462     1.51640    -3.59498   -28.01603
     35.794       -29.47996     1.52910    -3.57606   -27.43300
     49.810       -28.87594     1.54055    -3.55828   -26.85821
     69.316       -28.28390     1.55113    -3.54121   -26.29383
     96.460       -27.70321     1.56147    -3.52477   -25.73991
     134.23       -27.13524     1.57145    -3.50862   -25.19807
     186.80       -26.58070     1.58123    -3.49296   -24.66897
     259.95       -26.04048     1.59076    -3.47768   -24.15356
     361.74       -25.51444     1.60016    -3.46277   -23.65183
     503.40       -25.00279     1.60939    -3.44823   -23.16395
     700.53       -24.50550     1.61854    -3.43412   -22.68993
     974.85       -24.02229     1.62763    -3.42034   -22.22958
     1356.6       -23.55305     1.63655    -3.40690   -21.78270
     1887.8       -23.09735     1.64539    -3.39388   -21.34886
     2627.1       -22.65477     1.65410    -3.38113   -20.92774
     3655.9       -22.22522     1.66266    -3.36876   -20.51911
     5087.5       -21.80835     1.67098    -3.35671   -20.12263
     7079.7       -21.40400     1.67917    -3.34501   -19.73817
     9852.1       -21.01255     1.68723    -3.33365   -19.36614
     13710.       -20.63352     1.69511    -3.32260   -19.00603
     19079.       -20.26722     1.70279    -3.31194   -18.65808
     26550.       -19.91351     1.71018    -3.30161   -18.32208
     36947.       -19.57288     1.71739    -3.29169   -17.99858
     51416.       -19.24568     1.72436    -3.28208   -17.68796
     71550.       -18.93190     1.73102    -3.27290   -17.39002
     99568.       -18.63063     1.73746    -3.26405   -17.10404
    0.13856E+06   -18.34256     1.74359    -3.25556   -16.83059
    0.19282E+06   -18.06725     1.74950    -3.24746   -16.56929
    0.26832E+06   -17.80434     1.75514    -3.23969   -16.31979
    0.37340E+06   -17.55319     1.76050    -3.23226   -16.08142
    0.51962E+06   -17.31328     1.76564    -3.22519   -15.85373
    0.72310E+06   -17.08398     1.77059    -3.21841   -15.63615
    0.10063E+07   -16.86489     1.77530    -3.21193   -15.42827
    0.14003E+07   -16.65619     1.77982    -3.20575   -15.23026
    0.19487E+07   -16.45745     1.78417    -3.19986   -15.04176
    0.27118E+07   -16.26798     1.78826    -3.19422   -14.86202
    0.37737E+07   -16.08748     1.79216    -3.18886   -14.69078
    0.52514E+07   -15.91552     1.79590    -3.18375   -14.52768
    0.73079E+07   -15.75202     1.79946    -3.17886   -14.37262
    0.10170E+08   -15.59640     1.80282    -3.17421   -14.22502
    0.14152E+08   -15.44816     1.80604    -3.16983   -14.08437
    0.19694E+08   -15.30727     1.80908    -3.16561   -13.95073
    0.27406E+08   -15.17320     1.81199    -3.16163   -13.82356
    0.38138E+08   -15.04624     1.81474    -3.15784   -13.70314
    0.53073E+08   -14.92637     1.81735    -3.15426   -13.58946
    0.73856E+08   -14.81350     1.81980    -3.15091   -13.48239
    0.10278E+09   -14.70700     1.82211    -3.14770   -13.38141
    0.14302E+09   -14.60745     1.82430    -3.14474   -13.28701
    0.19903E+09   -14.51522     1.82634    -3.14197   -13.19959
    0.27697E+09   -14.42992     1.82827    -3.13941   -13.11878
    0.38543E+09   -14.35234     1.83001    -3.13709   -13.04526
    0.53637E+09   -14.28141     1.83164    -3.13498   -12.97807
    0.74641E+09   -14.21645     1.83313    -3.13304   -12.91655
    0.10387E+10   -14.15671     1.83453    -3.13126   -12.85998
    0.14454E+10   -14.10178     1.83583    -3.12964   -12.80797
    0.20115E+10   -14.05119     1.83703    -3.12815   -12.76007
    0.27992E+10   -14.00454     1.83815    -3.12676   -12.71593
    0.38953E+10   -13.96163     1.83917    -3.12549   -12.67531
    0.54207E+10   -13.92210     1.84012    -3.12432   -12.63791
    0.75434E+10   -13.88565     1.84100    -3.12323   -12.60343
    0.10497E+11   -13.85203     1.84182    -3.12223   -12.57161
    0.14608E+11   -13.82113     1.84258    -3.12132   -12.54239
    0.20329E+11   -13.79266     1.84328    -3.12048   -12.51547
    0.28289E+11   -13.76638     1.84394    -3.11970   -12.49061
    0.39367E+11   -13.74217     1.84455    -3.11898   -12.46774
    0.54783E+11   -13.71993     1.84510    -3.11832   -12.44671
    0.10000E+12   -13.46001     1.85198    -3.11069   -12.20130
