    -44.945         0.00000     0.00000     0.00000     0.00000
    -44.795         0.00000     0.00000     0.00000     0.00000
    -44.645         0.00000     0.00000     0.00000     0.00000
    -44.495         0.00000     0.00000     0.00000     0.00000
    -44.345         0.00000     0.00000     0.00000     0.00000
    -44.195         0.00000     0.00000     0.00000     0.00000
    -44.045         0.00000     0.00000     0.00000     0.00000
    -43.895         0.00000     0.00000     0.00000     0.00000
    -43.745         0.00000     0.00000     0.00000     0.00000
    -43.595         0.00000     0.00000     0.00000     0.00000
    -43.445         0.00000     0.00000     0.00000     0.00000
    -43.295         0.00000     0.00000     0.00000     0.00000
    -43.145         0.00000     0.00000     0.00000     0.00000
    -42.995         0.00000     0.00000     0.00000     0.00000
    -42.845         0.00000     0.00000     0.00000     0.00000
    -42.695         0.00000     0.00000     0.00000     0.00000
    -42.545         0.00000     0.00000     0.00000     0.00000
    -42.395         0.00000     0.00000     0.00000     0.00000
    -42.245         0.00000     0.00000     0.00000     0.00000
    -42.095         0.00000     0.00000     0.00000     0.00000
    -41.945         0.00000     0.00000     0.00000     0.00000
    -41.795         0.00000     0.00000     0.00000     0.00000
    -41.645         0.00000     0.00000     0.00000     0.00000
    -41.495         0.00000     0.00000     0.00000     0.00000
    -41.345         0.00000     0.00000     0.00000     0.00000
    -41.195         0.00000     0.00000     0.00000     0.00000
    -41.045         0.00000     0.00000     0.00000     0.00000
    -40.895         0.00000     0.00000     0.00000     0.00000
    -40.745         0.00000     0.00000     0.00000     0.00000
    -40.595         0.00000     0.00000     0.00000     0.00000
    -40.445         0.00000     0.00000     0.00000     0.00000
    -40.295         0.00000     0.00000     0.00000     0.00000
    -40.145         0.00000     0.00000     0.00000     0.00000
    -39.995         0.00000     0.00000     0.00000     0.00000
    -39.845         0.00000     0.00000     0.00000     0.00000
    -39.695         0.00000     0.00000     0.00000     0.00000
    -39.545         0.00000     0.00000     0.00000     0.00000
    -39.395         0.00000     0.00000     0.00000     0.00000
    -39.245         0.00000     0.00000     0.00000     0.00000
    -39.095         0.00000     0.00000     0.00000     0.00000
    -38.945         0.00000     0.00000     0.00000     0.00000
    -38.795         0.00000     0.00000     0.00000     0.00000
    -38.645         0.00000     0.00000     0.00000     0.00000
    -38.495         0.00000     0.00000     0.00000     0.00000
    -38.345         0.00000     0.00000     0.00000     0.00000
    -38.195         0.00000     0.00000     0.00000     0.00000
    -38.045         0.00000     0.00000     0.00000     0.00000
    -37.895         0.00000     0.00000     0.00000     0.00000
    -37.745         0.00000     0.00000     0.00000     0.00000
    -37.595         0.00000     0.00000     0.00000     0.00000
    -37.445         0.00000     0.00000     0.00000     0.00000
    -37.295         0.00000     0.00000     0.00000     0.00000
    -37.145         0.00000     0.00000     0.00000     0.00000
    -36.995         0.00000     0.00000     0.00000     0.00000
    -36.845         0.00000     0.00000     0.00000     0.00000
    -36.695         0.00000     0.00000     0.00000     0.00000
    -36.545         0.00000     0.00000     0.00000     0.00000
    -36.395         0.00000     0.00000     0.00000     0.00000
    -36.245         0.00000     0.00000     0.00000     0.00000
    -36.095         0.00000     0.00000     0.00000     0.00000
    -35.945         0.00000     0.00000     0.00000     0.00000
    -35.795         0.00000     0.00000     0.00000     0.00000
    -35.645         0.00000     0.00000     0.00000     0.00000
    -35.495         0.00000     0.00000     0.00000     0.00000
    -35.345         0.00000     0.00000     0.00000     0.00000
    -35.195         0.00000     0.00000     0.00000     0.00000
    -35.045         0.00000     0.00000     0.00000     0.00000
    -34.895         0.00000     0.00000     0.00000     0.00000
    -34.745         0.00000     0.00000     0.00000     0.00000
    -34.595         0.00000     0.00000     0.00000     0.00000
    -34.445         0.00000     0.00000     0.00000     0.00000
    -34.295         0.00000     0.00000     0.00000     0.00000
    -34.145         0.00000     0.00000     0.00000     0.00000
    -33.995         0.00000     0.00000     0.00000     0.00000
    -33.845         0.00000     0.00000     0.00000     0.00000
    -33.695         0.00000     0.00000     0.00000     0.00000
    -33.545         0.00000     0.00000     0.00000     0.00000
    -33.395         0.00000     0.00000     0.00000     0.00000
    -33.245         0.00000     0.00000     0.00000     0.00000
    -33.095         0.00000     0.00000     0.00000     0.00000
    -32.945         0.00000     0.00000     0.00000     0.00000
    -32.795         0.00000     0.00000     0.00000     0.00000
    -32.645         0.00000     0.00000     0.00000     0.00000
    -32.495         0.00000     0.00000     0.00000     0.00000
    -32.345         0.00000     0.00000     0.00000     0.00000
    -32.195         0.00000     0.00000     0.00000     0.00000
    -32.045         0.00000     0.00000     0.00000     0.00000
    -31.895         0.00000     0.00000     0.00000     0.00000
    -31.745         0.00000     0.00000     0.00000     0.00000
    -31.595         0.00000     0.00000     0.00000     0.00000
    -31.445         0.00000     0.00000     0.00000     0.00000
    -31.295         0.00000     0.00000     0.00000     0.00000
    -31.145         0.00000     0.00000     0.00000     0.00000
    -30.995         0.00000     0.00000     0.00000     0.00000
    -30.845         0.00000     0.00000     0.00000     0.00000
    -30.695         0.00000     0.00000     0.00000     0.00000
    -30.545         0.00000     0.00000     0.00000     0.00000
    -30.395         0.00000     0.00000     0.00000     0.00000
    -30.245         0.00000     0.00000     0.00000     0.00000
    -30.095         0.00000     0.00000     0.00000     0.00000
    -29.945         0.00000     0.00000     0.00000     0.00000
    -29.795         0.00000     0.00000     0.00000     0.00000
    -29.645         0.00000     0.00000     0.00000     0.00000
    -29.495         0.00000     0.00000     0.00000     0.00000
    -29.345        -0.00067     0.00000    -0.00067     0.00000
    -29.195        -0.00067     0.00000    -0.00067     0.00000
    -29.045        -0.00067     0.00000    -0.00067     0.00000
    -28.895        -0.00133     0.00000    -0.00133     0.00000
    -28.745        -0.00133     0.00000    -0.00133     0.00000
    -28.595        -0.00133     0.00000    -0.00133     0.00000
    -28.445        -0.00133     0.00000    -0.00133     0.00000
    -28.295        -0.00133     0.00000    -0.00133     0.00000
    -28.145        -0.00133     0.00000    -0.00133     0.00000
    -27.995        -0.00133     0.00000    -0.00133     0.00000
    -27.845        -0.00133     0.00000    -0.00133     0.00000
    -27.695        -0.00133     0.00000    -0.00133     0.00000
    -27.545        -0.00133     0.00000    -0.00133     0.00000
    -27.395        -0.00198     0.00000    -0.00198     0.00000
    -27.245        -0.00262     0.00000    -0.00262     0.00000
    -27.095        -0.00391     0.00000    -0.00391     0.00000
    -26.945        -0.00518     0.00000    -0.00518     0.00000
    -26.795        -0.00826    -0.00056    -0.00770     0.00000
    -26.645        -0.01017    -0.00056    -0.00961     0.00000
    -26.495        -0.01207    -0.00056    -0.01151     0.00000
    -26.345        -0.01339    -0.00056    -0.01283     0.00000
    -26.195        -0.01839    -0.00056    -0.01783     0.00000
    -26.045        -0.02341    -0.00056    -0.02285     0.00000
    -25.895        -0.02968    -0.00056    -0.02912     0.00000
    -25.745        -0.03481    -0.00056    -0.03425     0.00000
    -25.595        -0.04356    -0.00056    -0.04300     0.00000
    -25.445        -0.05242    -0.00056    -0.05186     0.00000
    -25.295        -0.06134    -0.00056    -0.06078     0.00000
    -25.145        -0.07142    -0.00163    -0.06979     0.00000
    -24.995        -0.08055    -0.00163    -0.07892     0.00000
    -24.845        -0.09446    -0.00163    -0.09283     0.00000
    -24.695        -0.11438    -0.00163    -0.11275     0.00000
    -24.545        -0.13142    -0.00268    -0.12874     0.00000
    -24.395        -0.14874    -0.00268    -0.14605     0.00000
    -24.245        -0.17131    -0.00320    -0.16811     0.00000
    -24.095        -0.19345    -0.00372    -0.18973     0.00000
    -23.945        -0.21455    -0.00425    -0.21030     0.00000
    -23.795        -0.23754    -0.00425    -0.23329     0.00000
    -23.645        -0.26630    -0.00425    -0.26206     0.00000
    -23.495        -0.29451    -0.00476    -0.28975     0.00000
    -23.345        -0.32449    -0.00528    -0.31921     0.00000
    -23.195        -0.35667    -0.00581    -0.35086     0.00000
    -23.045        -0.38397    -0.00581    -0.37816     0.00000
    -22.895        -0.40843    -0.00685    -0.40158     0.00000
    -22.745        -0.43512    -0.00737    -0.42775     0.00000
    -22.595        -0.46350    -0.00737    -0.45613     0.00000
    -22.445        -0.49658    -0.00935    -0.48724     0.00000
    -22.295        -0.52596    -0.00987    -0.51609     0.00000
    -22.145        -0.55032    -0.01184    -0.53848     0.00000
    -21.995        -0.58172    -0.01333    -0.56839     0.00000
    -21.845        -0.60960    -0.01624    -0.59336     0.00000
    -21.695        -0.63393    -0.01821    -0.61572     0.00000
    -21.545        -0.65255    -0.01820    -0.63434     0.00000
    -21.395        -0.67116    -0.01872    -0.65244     0.00000
    -21.245        -0.69180    -0.01973    -0.67207     0.00000
    -21.095        -0.71188    -0.02122    -0.69066     0.00000
    -20.945        -0.73253    -0.02175    -0.71078     0.00000
    -20.795        -0.74647    -0.02274    -0.72373     0.00000
    -20.645        -0.76306    -0.02326    -0.73979     0.00000
    -20.495        -0.78409    -0.02521    -0.75888     0.00000
    -20.345        -0.80210    -0.02761    -0.77448     0.00000
    -20.195        -0.81850    -0.03046    -0.78805     0.00000
    -20.045        -0.83255    -0.03193    -0.80062     0.00000
    -19.895        -0.84512    -0.03386    -0.81127     0.00000
    -19.745        -0.85956    -0.03670    -0.82287     0.00000
    -19.595        -0.87367    -0.03770    -0.83597     0.00000
    -19.445        -0.88387    -0.03918    -0.84468     0.00000
    -19.295        -0.89797    -0.04111    -0.85686     0.00000
    -19.145        -0.91173    -0.04213    -0.86960     0.00000
    -18.995        -0.92394    -0.04213    -0.88181     0.00000
    -18.845        -0.94043    -0.04493    -0.89550     0.00000
    -18.695        -0.95144    -0.04552    -0.90592     0.00000
    -18.545        -0.96650    -0.04876    -0.91774     0.00000
    -18.395        -0.97941    -0.05072    -0.92870     0.00000
    -18.245        -0.99369    -0.05396    -0.93973     0.00000
    -18.095        -1.00689    -0.05760    -0.94929     0.00000
    -17.945        -1.01874    -0.06040    -0.95834     0.00000
    -17.795        -1.03228    -0.06237    -0.96991     0.00000
    -17.645        -1.04139    -0.06305    -0.97833     0.00000
    -17.495        -1.05534    -0.06630    -0.98904     0.00000
    -17.345        -1.06378    -0.06788    -0.99590     0.00000
    -17.195        -1.07621    -0.07115    -1.00505     0.00000
    -17.045        -1.08871    -0.07277    -1.01594     0.00000
    -16.895        -1.10102    -0.07524    -1.02578     0.00000
    -16.745        -1.11248    -0.07813    -1.03435     0.00000
    -16.595        -1.12024    -0.07898    -1.04126     0.00000
    -16.445        -1.12777    -0.08069    -1.04708     0.00000
    -16.295        -1.13569    -0.08283    -1.05285     0.00000
    -16.145        -1.14545    -0.08574    -1.05971     0.00000
    -15.995        -1.15127    -0.08712    -1.06415     0.00000
    -15.845        -1.16636    -0.09163    -1.07473     0.00000
    -15.695        -1.17990    -0.09579    -1.08411     0.00000
    -15.545        -1.18870    -0.09768    -1.09102     0.00000
    -15.395        -1.19645    -0.09962    -1.09683     0.00000
    -15.245        -1.20494    -0.10234    -1.10260     0.00000
    -15.095        -1.21754    -0.10550    -1.11204     0.00000
    -14.945        -1.23055    -0.10907    -1.12148     0.00000
    -14.795        -1.23988    -0.11264    -1.12724     0.00000
    -14.645        -1.25365    -0.11770    -1.13595     0.00000
    -14.495        -1.26715    -0.12168    -1.14546     0.00000
    -14.345        -1.27719    -0.12300    -1.15420     0.00000
    -14.195        -1.28853    -0.12747    -1.16107     0.00000
    -14.045        -1.29561    -0.13019    -1.16542     0.00000
    -13.895        -1.30693    -0.13365    -1.17327     0.00000
    -13.745        -1.31797    -0.13684    -1.18113     0.00000
    -13.595        -1.33067    -0.14077    -1.18990     0.00000
    -13.445        -1.34521    -0.14441    -1.20080     0.00000
    -13.295        -1.35293    -0.14778    -1.20515     0.00000
    -13.145        -1.36788    -0.15321    -1.21468     0.00000
    -12.995        -1.37801    -0.15769    -1.22032     0.00000
    -12.845        -1.39205    -0.16221    -1.22983     0.00000
    -12.695        -1.40408    -0.16550    -1.23858     0.00000
    -12.545        -1.41800    -0.16989    -1.24811     0.00000
    -12.395        -1.43085    -0.17402    -1.25683     0.00000
    -12.245        -1.44094    -0.17853    -1.26241     0.00000
    -12.095        -1.45262    -0.18246    -1.27016     0.00000
    -11.945        -1.46341    -0.18776    -1.27565     0.00000
    -11.795        -1.47516    -0.19090    -1.28426     0.00000
    -11.645        -1.49171    -0.19640    -1.29531     0.00000
    -11.495        -1.50799    -0.20165    -1.30633     0.00000
    -11.345        -1.52123    -0.20728    -1.31395     0.00000
    -11.195        -1.53694    -0.21273    -1.32421     0.00000
    -11.045        -1.55605    -0.21888    -1.33717     0.00000
    -10.895        -1.57639    -0.22570    -1.35070     0.00000
    -10.745        -1.59874    -0.23343    -1.36531     0.00000
    -10.595        -1.62260    -0.24074    -1.38186     0.00000
    -10.445        -1.64315    -0.24894    -1.39422     0.00000
    -10.295        -1.66335    -0.25618    -1.40717     0.00000
    -10.145        -1.68970    -0.26419    -1.42551     0.00000
    -9.9950        -1.71262    -0.27149    -1.44077    -0.00036
    -9.8450        -1.74541    -0.28148    -1.46281    -0.00112
    -9.6950        -1.77856    -0.29187    -1.48204    -0.00465
    -9.5450        -1.81379    -0.30183    -1.50376    -0.00820
    -9.3950        -1.85471    -0.31172    -1.52647    -0.01653
    -9.2450        -1.90775    -0.32293    -1.55252    -0.03230
    -9.0950        -1.97233    -0.34036    -1.57717    -0.05480
    -8.9450        -2.04847    -0.35415    -1.60451    -0.08981
    -8.7950        -2.13839    -0.36599    -1.63298    -0.13942
    -8.6450        -2.26609    -0.38670    -1.66033    -0.21906
    -8.4950        -2.42419    -0.40801    -1.68954    -0.32664
    -8.3450        -2.62535    -0.43043    -1.72180    -0.47311
    -8.1950        -2.85733    -0.45718    -1.75543    -0.64472
    -8.0450        -3.14143    -0.49042    -1.78798    -0.86302
    -7.8950        -3.47787    -0.52560    -1.82629    -1.12599
    -7.7450        -3.86555    -0.56323    -1.85931    -1.44300
    -7.5950        -4.29724    -0.60727    -1.89893    -1.79104
    -7.4450        -4.80040    -0.65535    -1.93986    -2.20520
    -7.2950        -5.34958    -0.71222    -1.97946    -2.65790
    -7.1450        -5.94231    -0.77542    -2.02183    -3.14505
    -6.9950        -6.57911    -0.84027    -2.06673    -3.67210
    -6.8450        -7.25234    -0.90558    -2.11182    -4.23494
    -6.6950        -7.95409    -0.98283    -2.16044    -4.81081
    -6.5450        -8.65842    -1.05241    -2.21171    -5.39431
    -6.3950        -9.38607    -1.13006    -2.26321    -5.99279
    -6.2450       -10.09606    -1.20495    -2.31630    -6.57480
    -6.0950       -10.81903    -1.28509    -2.36646    -7.16747
    -5.9450       -11.51747    -1.36844    -2.42168    -7.72736
    -5.7950       -12.20460    -1.44878    -2.47914    -8.27668
    -5.6450       -12.87938    -1.53464    -2.54020    -8.80453
    -5.4950       -13.53724    -1.62026    -2.60295    -9.31403
    -5.3450       -14.18009    -1.70337    -2.66804    -9.80869
    -5.1950       -14.79358    -1.78932    -2.73576   -10.26849
    -5.0450       -15.40066    -1.88087    -2.80570   -10.71409
    -4.8950       -15.99876    -1.97037    -2.87670   -11.15169
    -4.7450       -16.58425    -2.06504    -2.94907   -11.57015
    -4.5950       -17.16584    -2.15720    -3.02693   -11.98171
    -4.4450       -17.75147    -2.24835    -3.10851   -12.39461
    -4.2950       -18.34876    -2.34907    -3.19698   -12.80271
    -4.1450       -18.95681    -2.45819    -3.28706   -13.21156
    -3.9950       -19.57837    -2.56689    -3.38066   -13.63082
    -3.8450       -20.22210    -2.68279    -3.48080   -14.05851
    -3.6950       -20.89212    -2.80211    -3.58905   -14.50097
    -3.5450       -21.59001    -2.93136    -3.70516   -14.95349
    -3.3950       -22.31617    -3.07210    -3.82919   -15.41488
    -3.2450       -23.05725    -3.21220    -3.95834   -15.88671
    -3.0950       -23.83005    -3.36057    -4.09906   -16.37042
    -2.9450       -24.63765    -3.52103    -4.25296   -16.86366
    -2.7950       -25.48837    -3.68808    -4.41931   -17.38097
    -2.6450       -26.38802    -3.86713    -4.59124   -17.92966
    -2.4950       -27.34243    -4.05959    -4.77609   -18.50675
    -2.3450       -28.38133    -4.26619    -4.97607   -19.13907
    -2.1950       -29.51821    -4.48597    -5.19311   -19.83914
    -2.0450       -30.77691    -4.72385    -5.43065   -20.62240
    -1.8950       -32.19514    -4.97673    -5.70037   -21.51804
    -1.7450       -33.80723    -5.25648    -5.99747   -22.55327
    -1.5950       -35.61217    -5.55763    -6.32780   -23.72675
    -1.4450       -37.63770    -5.88654    -6.69714   -25.05401
    -1.2950       -39.90821    -6.25382    -7.11835   -26.53604
    -1.1450       -42.43428    -6.65707    -7.60388   -28.17334
   -0.99500       -45.22839    -7.10317    -8.15835   -29.96686
   -0.84500       -48.33299    -7.60194    -8.80571   -31.92534
   -0.69500       -51.85478    -8.16107    -9.60974   -34.08397
   -0.54500       -56.02248    -8.82234   -10.59660   -36.60355
   -0.39500       -61.14918    -9.59135   -11.72056   -39.83727
   -0.25300       -65.16663   -10.09290   -12.42294   -42.65079
   -0.21500       -65.44245   -10.12228   -12.46245   -42.85772
   -0.20900       -65.72157   -10.15159   -12.50091   -43.06907
   -0.20300       -66.00565   -10.18034   -12.53861   -43.28670
   -0.19700       -66.29455   -10.20852   -12.57544   -43.51059
   -0.19100       -66.58798   -10.23610   -12.61230   -43.73958
   -0.18500       -66.88815   -10.26383   -12.64828   -43.97605
   -0.17900       -67.19422   -10.29094   -12.68307   -44.22022
   -0.17300       -67.50870   -10.31760   -12.71686   -44.47424
   -0.16700       -67.83016   -10.34368   -12.74987   -44.73662
   -0.16100       -68.15767   -10.36898   -12.78108   -45.00761
   -0.15500       -68.49571   -10.39426   -12.81188   -45.28958
   -0.14900       -68.84363   -10.41856   -12.84158   -45.58349
   -0.14300       -69.20290   -10.44237   -12.87052   -45.89000
   -0.13700       -69.57376   -10.46573   -12.89788   -46.21016
   -0.13100       -69.95955   -10.48810   -12.92441   -46.54704
   -0.12500       -70.36021   -10.50970   -12.94972   -46.90079
   -0.11900       -70.77752   -10.53096   -12.97352   -47.27303
   -0.11300       -71.21356   -10.55139   -12.99653   -47.66563
   -0.10700       -71.66993   -10.57086   -13.01846   -48.08061
   -0.10100       -72.14849   -10.58956   -13.03889   -48.52005
   -0.95000E-01   -72.65416   -10.60727   -13.05813   -48.98877
   -0.89000E-01   -73.18674   -10.62400   -13.07668   -49.48606
   -0.83000E-01   -73.74851   -10.63953   -13.09373   -50.01524
   -0.77000E-01   -74.34410   -10.65434   -13.10963   -50.58014
   -0.71000E-01   -74.97573   -10.66813   -13.12462   -51.18299
   -0.65000E-01   -75.64467   -10.68079   -13.13827   -51.82562
   -0.59000E-01   -76.35708   -10.69238   -13.15067   -52.51403
   -0.53000E-01   -77.11423   -10.70286   -13.16171   -53.24967
   -0.47000E-01   -77.92232   -10.71212   -13.17155   -54.03865
   -0.41000E-01   -78.78982   -10.72041   -13.18005   -54.88935
   -0.35000E-01   -79.72634   -10.72741   -13.18733   -55.81161
   -0.29000E-01   -80.72653   -10.73331   -13.19325   -56.79996
   -0.23000E-01   -81.75668   -10.73802   -13.19805   -57.82061
   -0.19700E-01   -81.85783   -10.73842   -13.19847   -57.92094
   -0.19100E-01   -81.95814   -10.73881   -13.19886   -58.02048
   -0.18500E-01   -82.05749   -10.73920   -13.19923   -58.11906
   -0.17900E-01   -82.15616   -10.73956   -13.19960   -58.21699
   -0.17300E-01   -82.25304   -10.73992   -13.19996   -58.31316
   -0.16700E-01   -82.34892   -10.74027   -13.20030   -58.40835
   -0.16100E-01   -82.44290   -10.74061   -13.20064   -58.50165
   -0.15500E-01   -82.53517   -10.74091   -13.20095   -58.59331
   -0.14900E-01   -82.62533   -10.74122   -13.20124   -58.68287
   -0.14300E-01   -82.71320   -10.74151   -13.20154   -58.77016
   -0.13700E-01   -82.79879   -10.74178   -13.20182   -58.85518
   -0.13100E-01   -82.88186   -10.74206   -13.20209   -58.93771
   -0.12500E-01   -82.96215   -10.74232   -13.20235   -59.01749
   -0.11900E-01   -83.03963   -10.74256   -13.20260   -59.09448
   -0.11300E-01   -83.11416   -10.74279   -13.20283   -59.16854
   -0.10700E-01   -83.18536   -10.74301   -13.20305   -59.23930
   -0.10100E-01   -83.25327   -10.74321   -13.20326   -59.30680
   -0.95000E-02   -83.31771   -10.74341   -13.20346   -59.37084
   -0.89000E-02   -83.37878   -10.74359   -13.20364   -59.43155
   -0.83000E-02   -83.43625   -10.74376   -13.20381   -59.48868
   -0.77000E-02   -83.48983   -10.74391   -13.20397   -59.54195
   -0.71000E-02   -83.53968   -10.74406   -13.20412   -59.59150
   -0.65000E-02   -83.58558   -10.74419   -13.20425   -59.63714
   -0.59000E-02   -83.62757   -10.74431   -13.20438   -59.67888
   -0.53000E-02   -83.66551   -10.74442   -13.20449   -59.71660
   -0.47000E-02   -83.69930   -10.74452   -13.20459   -59.75019
   -0.41000E-02   -83.72892   -10.74460   -13.20468   -59.77964
   -0.35000E-02   -83.75429   -10.74467   -13.20475   -59.80488
   -0.29000E-02   -83.77542   -10.74473   -13.20480   -59.82589
   -0.23000E-02   -83.79223   -10.74478   -13.20485   -59.84259
   -0.17000E-02   -83.80470   -10.74482   -13.20488   -59.85500
   -0.11000E-02   -83.81282   -10.74484   -13.20491   -59.86307
   -0.50000E-03   -83.81656   -10.74485   -13.20492   -59.86679
    0.10000E-03   -83.81592   -10.74485   -13.20492   -59.86615
    0.70000E-03   -83.81093   -10.74483   -13.20490   -59.86119
    0.13000E-02   -83.80155   -10.74481   -13.20488   -59.85187
    0.19000E-02   -83.78778   -10.74477   -13.20484   -59.83818
    0.25000E-02   -83.76971   -10.74472   -13.20479   -59.82020
    0.31000E-02   -83.74731   -10.74465   -13.20472   -59.79793
    0.37000E-02   -83.72068   -10.74457   -13.20465   -59.77146
    0.43000E-02   -83.68970   -10.74448   -13.20456   -59.74065
    0.49000E-02   -83.65467   -10.74438   -13.20447   -59.70583
    0.55000E-02   -83.61542   -10.74426   -13.20436   -59.66679
    0.61000E-02   -83.57221   -10.74414   -13.20423   -59.62384
    0.67000E-02   -83.52486   -10.74400   -13.20409   -59.57677
    0.73000E-02   -83.47388   -10.74385   -13.20394   -59.52609
    0.79000E-02   -83.41900   -10.74368   -13.20378   -59.47153
    0.85000E-02   -83.36029   -10.74352   -13.20360   -59.41317
    0.91000E-02   -83.29804   -10.74333   -13.20342   -59.35129
    0.97000E-02   -83.23218   -10.74313   -13.20322   -59.28583
    0.10300E-01   -83.16287   -10.74291   -13.20301   -59.21695
    0.10900E-01   -83.09038   -10.74269   -13.20278   -59.14492
    0.11500E-01   -83.01481   -10.74245   -13.20255   -59.06982
    0.12100E-01   -82.93637   -10.74220   -13.20231   -58.99186
    0.12700E-01   -82.85489   -10.74194   -13.20206   -58.91089
    0.13300E-01   -82.77060   -10.74166   -13.20180   -58.82714
    0.13900E-01   -82.68392   -10.74137   -13.20153   -58.74102
    0.14500E-01   -82.59502   -10.74107   -13.20124   -58.65271
    0.15100E-01   -82.50391   -10.74075   -13.20095   -58.56222
    0.15700E-01   -82.41082   -10.74043   -13.20063   -58.46977
    0.16300E-01   -82.31607   -10.74008   -13.20032   -58.37567
    0.16900E-01   -82.21952   -10.73973   -13.19998   -58.27981
    0.17500E-01   -82.12158   -10.73937   -13.19963   -58.18257
    0.18100E-01   -82.02228   -10.73899   -13.19927   -58.08402
    0.18700E-01   -81.92197   -10.73860   -13.19890   -57.98447
    0.19300E-01   -81.82065   -10.73821   -13.19852   -57.88392
    0.20200E-01   -81.42347   -10.73654   -13.19695   -57.48997
    0.25000E-01   -80.39392   -10.73139   -13.19201   -56.47053
    0.31000E-01   -79.41279   -10.72494   -13.18579   -55.50207
    0.37000E-01   -78.50378   -10.71718   -13.17842   -54.60817
    0.43000E-01   -77.66428   -10.70824   -13.17002   -53.78602
    0.49000E-01   -76.88435   -10.69809   -13.16033   -53.02593
    0.55000E-01   -76.15617   -10.68665   -13.14961   -52.31991
    0.61000E-01   -75.47700   -10.67386   -13.13768   -51.66545
    0.67000E-01   -74.84192   -10.65999   -13.12470   -51.05724
    0.73000E-01   -74.24706   -10.64479   -13.11068   -50.49159
    0.79000E-01   -73.68781   -10.62835   -13.09567   -49.96379
    0.85000E-01   -73.16456   -10.61085   -13.07969   -49.47402
    0.91000E-01   -72.67146   -10.59174   -13.06248   -49.01724
    0.97000E-01   -72.20716   -10.57163   -13.04433   -48.59121
    0.10300       -71.76829   -10.55033   -13.02535   -48.19261
    0.10900       -71.35373   -10.52799   -13.00549   -47.82025
    0.11500       -70.96111   -10.50457   -12.98505   -47.47150
    0.12100       -70.58743   -10.47956   -12.96354   -47.14433
    0.12700       -70.23227   -10.45347   -12.94153   -46.83728
    0.13300       -69.89201   -10.42672   -12.91837   -46.54692
    0.13900       -69.56591   -10.39839   -12.89453   -46.27300
    0.14500       -69.25261   -10.36959   -12.87049   -46.01252
    0.15100       -68.95099   -10.33948   -12.84541   -45.76610
    0.15700       -68.65859   -10.30811   -12.81993   -45.53055
    0.16300       -68.37621   -10.27600   -12.79389   -45.30633
    0.16900       -68.10246   -10.24284   -12.76765   -45.09197
    0.17500       -67.83546   -10.20900   -12.74084   -44.88562
    0.18100       -67.57604   -10.17360   -12.71336   -44.68908
    0.18700       -67.32229   -10.13817   -12.68536   -44.49876
    0.19300       -67.07365   -10.10169   -12.65664   -44.31532
    0.19900       -66.83056   -10.06414   -12.62784   -44.13858
    0.20500       -66.59310   -10.02612   -12.59882   -43.96816
    0.21100       -66.35955    -9.98709   -12.56987   -43.80259
    0.21700       -66.13117    -9.94792   -12.54006   -43.64318
    0.29500       -61.19855    -8.83654   -11.74726   -40.61475
    0.44500       -57.64344    -7.77162   -11.00780   -38.86403
    0.59500       -54.90264    -6.84579   -10.38285   -37.67400
    0.74500       -52.70736    -6.08861    -9.84397   -36.77478
    0.89500       -50.86970    -5.46790    -9.36089   -36.04091
     1.0450       -49.28431    -4.94218    -8.92196   -35.42016
     1.1950       -47.88694    -4.48109    -8.51978   -34.88608
     1.3450       -46.65213    -4.07452    -8.15727   -34.42033
     1.4950       -45.54510    -3.70741    -7.82615   -34.01155
     1.6450       -44.56075    -3.38198    -7.52884   -33.64993
     1.7950       -43.66925    -3.08788    -7.25725   -33.32413
     1.9450       -42.86095    -2.82034    -7.00922   -33.03138
     2.0950       -42.12925    -2.57792    -6.78372   -32.76761
     2.2450       -41.46174    -2.35865    -6.57532   -32.52777
     2.3950       -40.84944    -2.15762    -6.38501   -32.30682
     2.5450       -40.28674    -1.97372    -6.20673   -32.10629
     2.6950       -39.76428    -1.80410    -6.03981   -31.92037
     2.8450       -39.29052    -1.64622    -5.88542   -31.75887
     2.9950       -38.84436    -1.50098    -5.73943   -31.60395
     3.1450       -38.44099    -1.36705    -5.60368   -31.47026
     3.2950       -38.06507    -1.24306    -5.47625   -31.34576
     3.4450       -37.71376    -1.12627    -5.35435   -31.23314
     3.5950       -37.38533    -1.01530    -5.23837   -31.13166
     3.7450       -37.07441    -0.91234    -5.12892   -31.03315
     3.8950       -36.77342    -0.81425    -5.02554   -30.93363
     4.0450       -36.50967    -0.72538    -4.92938   -30.85491
     4.1950       -36.25168    -0.63729    -4.83576   -30.77863
     4.3450       -36.00257    -0.55468    -4.74961   -30.69828
     4.4950       -35.77090    -0.47599    -4.66535   -30.62956
     4.6450       -35.55250    -0.40074    -4.58431   -30.56746
     4.7950       -35.34905    -0.33015    -4.50934   -30.50956
     4.9450       -35.14890    -0.26192    -4.43598   -30.45101
     5.0950       -34.96204    -0.19748    -4.36767   -30.39690
     5.2450       -34.78429    -0.13544    -4.30537   -30.34348
     5.3950       -34.61233    -0.07600    -4.24298   -30.29335
     5.5450       -34.45243    -0.01891    -4.18827   -30.24525
     5.6950       -34.30317     0.03460    -4.13988   -30.19789
     5.8450       -34.15755     0.08607    -4.09088   -30.15274
     5.9950       -34.02009     0.13573    -4.04769   -30.10814
     6.1450       -33.89384     0.18376    -4.01195   -30.06566
     6.2950       -33.76670     0.22861    -3.97173   -30.02358
     6.4450       -33.65261     0.27041    -3.94012   -29.98290
     6.5950       -33.54281     0.31188    -3.91148   -29.94322
     6.7450       -33.43756     0.34951    -3.88342   -29.90365
     6.8950       -33.33727     0.38606    -3.85722   -29.86610
     7.0450       -33.24101     0.42102    -3.83248   -29.82955
     7.1950       -33.14328     0.45187    -3.80146   -29.79368
     7.3450       -33.05239     0.48425    -3.77874   -29.75790
     7.4950       -32.96416     0.51594    -3.75669   -29.72340
     7.6450       -32.88233     0.54274    -3.73538   -29.68968
     7.7950       -32.80228     0.57270    -3.71839   -29.65658
     7.9450       -32.72746     0.59224    -3.69553   -29.62417
     8.0950       -32.65105     0.61718    -3.67578   -29.59244
     8.2450       -32.58246     0.63746    -3.65860   -29.56132
     8.3950       -32.50854     0.66181    -3.63965   -29.53071
     8.5450       -32.44572     0.68272    -3.62774   -29.50070
     8.6950       -32.38869     0.69720    -3.61466   -29.47124
     8.8450       -32.33838     0.71166    -3.60784   -29.44220
     8.9950       -32.29425     0.72041    -3.60106   -29.41360
     9.1450       -32.23451     0.73682    -3.58577   -29.38556
     9.2950       -32.18628     0.74924    -3.57757   -29.35795
     9.4450       -32.14226     0.75936    -3.57082   -29.33080
     9.5950       -32.09454     0.77071    -3.56116   -29.30408
     9.7450       -32.04847     0.78211    -3.55288   -29.27769
     9.8950       -32.00411     0.79094    -3.54323   -29.25182
     10.045       -31.96933     0.79675    -3.53971   -29.22638
     10.195       -31.93492     0.80088    -3.53448   -29.20132
     10.345       -31.90104     0.80668    -3.53107   -29.17665
     10.495       -31.86259     0.81244    -3.52272   -29.15232
     10.645       -31.83482     0.81471    -3.52116   -29.12837
     10.795       -31.79693     0.82215    -3.51436   -29.10473
     10.945       -31.76441     0.82613    -3.50917   -29.08137
     11.095       -31.73409     0.82825    -3.50399   -29.05836
     11.245       -31.70229     0.83219    -3.49881   -29.03567
     11.395       -31.67470     0.83612    -3.49753   -29.01329
     11.545       -31.64181     0.84364    -3.49423   -28.99123
     11.695       -31.61286     0.84555    -3.48901   -28.96940
     11.845       -31.58418     0.84944    -3.48576   -28.94786
     11.995       -31.55589     0.85527    -3.48461   -28.92655
     12.145       -31.53202     0.85705    -3.48350   -28.90557
     12.295       -31.50418     0.86089    -3.48025   -28.88482
     12.445       -31.48102     0.86259    -3.47923   -28.86437
     12.595       -31.45590     0.86646    -3.47824   -28.84413
     12.745       -31.43328     0.86808    -3.47727   -28.82410
     12.895       -31.40876     0.86968    -3.47402   -28.80442
     13.045       -31.38681     0.87123    -3.47310   -28.78493
     13.195       -31.36269     0.87276    -3.46987   -28.76559
     13.345       -31.33881     0.87424    -3.46653   -28.74652
     13.495       -31.31768     0.87570    -3.46568   -28.72770
     13.645       -31.29440     0.87954    -3.46488   -28.70906
     13.795       -31.27377     0.88093    -3.46407   -28.69063
     13.945       -31.25336     0.88232    -3.46330   -28.67238
     14.095       -31.23322     0.88365    -3.46255   -28.65432
     14.245       -31.21328     0.88498    -3.46179   -28.63648
     14.395       -31.19356     0.88628    -3.46105   -28.61879
     14.545       -31.17410     0.88758    -3.46035   -28.60133
     14.695       -31.15489     0.88883    -3.45964   -28.58407
     14.845       -31.13584     0.89006    -3.45895   -28.56696
     14.995       -31.11706     0.89128    -3.45830   -28.55005
     15.145       -31.09850     0.89247    -3.45766   -28.53330
     15.295       -31.08008     0.89365    -3.45703   -28.51671
     15.445       -31.06198     0.89478    -3.45642   -28.50034
     15.595       -31.04396     0.89592    -3.45580   -28.48408
     15.745       -31.02621     0.89703    -3.45521   -28.46803
     15.895       -31.00861     0.89810    -3.45462   -28.45209
     16.045       -30.99111     0.89919    -3.45405   -28.43625
     16.195       -30.97383     0.90026    -3.45348   -28.42061
     16.345       -30.95666     0.90131    -3.45292   -28.40505
     16.495       -30.93980     0.90235    -3.45240   -28.38975
     16.645       -30.92307     0.90336    -3.45187   -28.37456
     16.795       -30.90643     0.90437    -3.45135   -28.35945
     16.945       -30.88999     0.90537    -3.45085   -28.34451
     17.095       -30.87377     0.90635    -3.45037   -28.32975
     17.245       -30.85763     0.90730    -3.44986   -28.31508
     17.395       -30.84161     0.90827    -3.44937   -28.30051
     17.545       -30.82574     0.90922    -3.44889   -28.28607
     17.695       -30.81002     0.91016    -3.44841   -28.27177
     17.845       -30.79448     0.91107    -3.44796   -28.25760
     17.995       -30.77911     0.91197    -3.44751   -28.24357
     18.145       -30.76385     0.91285    -3.44706   -28.22964
     18.295       -30.74874     0.91374    -3.44661   -28.21586
     18.445       -30.73370     0.91461    -3.44618   -28.20213
     18.595       -30.71884     0.91547    -3.44574   -28.18856
     18.745       -30.70410     0.91632    -3.44532   -28.17509
     18.895       -30.68948     0.91715    -3.44490   -28.16172
     19.045       -30.67494     0.91798    -3.44448   -28.14843
     19.195       -30.66058     0.91879    -3.44410   -28.13527
     19.345       -30.64630     0.91961    -3.44370   -28.12221
     19.495       -30.63222     0.92040    -3.44329   -28.10933
     19.645       -30.61822     0.92119    -3.44291   -28.09651
     19.795       -30.60431     0.92198    -3.44253   -28.08377
     19.945       -30.59053     0.92276    -3.44216   -28.07113
     20.095       -30.57685     0.92353    -3.44179   -28.05859
     20.245       -30.56327     0.92430    -3.44143   -28.04614
     20.395       -30.54980     0.92504    -3.44106   -28.03379
     20.545       -30.53643     0.92580    -3.44073   -28.02149
     20.695       -30.52312     0.92654    -3.44036   -28.00930
     20.845       -30.50996     0.92726    -3.44003   -27.99720
     20.995       -30.49694     0.92800    -3.43971   -27.98523
     21.145       -30.48399     0.92870    -3.43937   -27.97332
     21.295       -30.47113     0.92941    -3.43905   -27.96149
     21.445       -30.45837     0.93011    -3.43872   -27.94976
     21.595       -30.44567     0.93082    -3.43840   -27.93808
     21.745       -30.43309     0.93150    -3.43807   -27.92652
     21.895       -30.42059     0.93218    -3.43773   -27.91504
     22.045       -30.40822     0.93287    -3.43746   -27.90363
     22.195       -30.39593     0.93353    -3.43716   -27.89230
     22.345       -30.38373     0.93421    -3.43685   -27.88109
     22.495       -30.37159     0.93487    -3.43655   -27.86990
     22.645       -30.35949     0.93552    -3.43627   -27.85874
     22.795       -30.34749     0.93618    -3.43598   -27.84769
     22.945       -30.33566     0.93682    -3.43571   -27.83678
     23.095       -30.32385     0.93746    -3.43542   -27.82589
     23.245       -30.31214     0.93809    -3.43514   -27.81509
     23.395       -30.30047     0.93872    -3.43487   -27.80431
     23.545       -30.28883     0.93933    -3.43457   -27.79359
     23.695       -30.27730     0.93994    -3.43428   -27.78296
     23.845       -30.26591     0.94056    -3.43403   -27.77244
     23.995       -30.25457     0.94116    -3.43376   -27.76197
     24.145       -30.24331     0.94177    -3.43349   -27.75159
     24.295       -30.23215     0.94235    -3.43323   -27.74127
     24.445       -30.22105     0.94295    -3.43298   -27.73101
     24.595       -30.21003     0.94353    -3.43273   -27.72083
     24.745       -30.19904     0.94411    -3.43248   -27.71067
     24.895       -30.18815     0.94469    -3.43225   -27.70059
     25.045       -30.17733     0.94527    -3.43201   -27.69058
     25.195       -30.16658     0.94584    -3.43178   -27.68065
     25.345       -30.15588     0.94641    -3.43152   -27.67076
     25.495       -30.14524     0.94697    -3.43128   -27.66094
     25.645       -30.13468     0.94753    -3.43104   -27.65117
     25.795       -30.12417     0.94808    -3.43081   -27.64144
     25.945       -30.11370     0.94863    -3.43056   -27.63177
     26.095       -30.10334     0.94918    -3.43033   -27.62218
     26.245       -30.09303     0.94972    -3.43010   -27.61265
     26.395       -30.08283     0.95024    -3.42988   -27.60319
     26.545       -30.07267     0.95077    -3.42966   -27.59378
     26.695       -30.06258     0.95129    -3.42945   -27.58442
     26.845       -30.05251     0.95181    -3.42924   -27.57508
     26.995       -30.04246     0.95233    -3.42902   -27.56578
     27.145       -30.03250     0.95286    -3.42881   -27.55655
     27.295       -30.02263     0.95337    -3.42861   -27.54739
     27.445       -30.01282     0.95388    -3.42840   -27.53830
     27.595       -30.00305     0.95438    -3.42819   -27.52924
     27.745       -29.99335     0.95488    -3.42800   -27.52023
     27.895       -29.98371     0.95537    -3.42779   -27.51129
     28.045       -29.97406     0.95586    -3.42757   -27.50235
     28.195       -29.96451     0.95635    -3.42738   -27.49348
     28.345       -29.95498     0.95684    -3.42718   -27.48463
     28.495       -29.94555     0.95732    -3.42699   -27.47588
     28.645       -29.93614     0.95779    -3.42679   -27.46715
     28.795       -29.92678     0.95828    -3.42661   -27.45846
     28.945       -29.91749     0.95876    -3.42642   -27.44983
     29.095       -29.90830     0.95924    -3.42624   -27.44130
     29.245       -29.89910     0.95972    -3.42606   -27.43276
     29.395       -29.88998     0.96018    -3.42587   -27.42428
     29.545       -29.88090     0.96064    -3.42569   -27.41585
     29.695       -29.87187     0.96110    -3.42549   -27.40748
     29.845       -29.86288     0.96156    -3.42530   -27.39913
     29.995       -29.85392     0.96202    -3.42512   -27.39081
     30.145       -29.84504     0.96246    -3.42495   -27.38255
     35.794       -29.25921     0.99169    -3.41405   -26.83685
     49.810       -28.68371     1.01954    -3.40446   -26.29880
     69.316       -28.11934     1.04643    -3.39557   -25.77020
     96.460       -27.56634     1.07251    -3.38734   -25.25150
     134.23       -27.02572     1.09785    -3.37950   -24.74406
     186.80       -26.49815     1.12256    -3.37210   -24.24860
     259.95       -25.98399     1.14650    -3.36484   -23.76566
     361.74       -25.48337     1.16972    -3.35779   -23.29530
     503.40       -24.99646     1.19232    -3.35095   -22.83783
     700.53       -24.52332     1.21419    -3.34421   -22.39329
     974.85       -24.06351     1.23538    -3.33759   -21.96129
     1356.6       -23.61711     1.25591    -3.33119   -21.54183
     1887.8       -23.18354     1.27583    -3.32493   -21.13444
     2627.1       -22.76289     1.29508    -3.31883   -20.73914
     3655.9       -22.35442     1.31367    -3.31299   -20.35510
     5087.5       -21.95788     1.33171    -3.30718   -19.98241
     7079.7       -21.57363     1.34913    -3.30168   -19.62109
     9852.1       -21.20152     1.36603    -3.29636   -19.27120
     13710.       -20.84163     1.38244    -3.29119   -18.93287
     19079.       -20.49352     1.39828    -3.28627   -18.60553
     26550.       -20.15756     1.41366    -3.28154   -18.28968
     36947.       -19.83380     1.42853    -3.27711   -17.98522
     51416.       -19.52257     1.44297    -3.27282   -17.69273
     71550.       -19.22411     1.45690    -3.26871   -17.41230
     99568.       -18.93764     1.47039    -3.26487   -17.14317
    0.13856E+06   -18.66340     1.48343    -3.26122   -16.88561
    0.19282E+06   -18.40152     1.49593    -3.25780   -16.63965
    0.26832E+06   -18.15111     1.50797    -3.25448   -16.40460
    0.37340E+06   -17.91209     1.51945    -3.25141   -16.18013
    0.51962E+06   -17.68365     1.53049    -3.24853   -15.96561
    0.72310E+06   -17.46517     1.54105    -3.24580   -15.76043
    0.10063E+07   -17.25677     1.55115    -3.24329   -15.56463
    0.14003E+07   -17.05830     1.56076    -3.24090   -15.37815
    0.19487E+07   -16.86925     1.56995    -3.23871   -15.20049
    0.27118E+07   -16.68918     1.57874    -3.23661   -15.03131
    0.37737E+07   -16.51751     1.58716    -3.23468   -14.86999
    0.52514E+07   -16.35415     1.59517    -3.23294   -14.71638
    0.73079E+07   -16.19866     1.60281    -3.23126   -14.57020
    0.10170E+08   -16.05074     1.61009    -3.22977   -14.43106
    0.14152E+08   -15.90993     1.61699    -3.22836   -14.29856
    0.19694E+08   -15.77594     1.62358    -3.22707   -14.17244
    0.27406E+08   -15.64843     1.62987    -3.22586   -14.05244
    0.38138E+08   -15.52775     1.63583    -3.22472   -13.93886
    0.53073E+08   -15.41387     1.64152    -3.22372   -13.83167
    0.73856E+08   -15.30647     1.64693    -3.22283   -13.73057
    0.10278E+09   -15.20540     1.65206    -3.22206   -13.63539
    0.14302E+09   -15.11076     1.65694    -3.22135   -13.54634
    0.19903E+09   -15.02309     1.66158    -3.22069   -13.46398
    0.27697E+09   -14.94191     1.66597    -3.22006   -13.38782
    0.38543E+09   -14.86804     1.67010    -3.21951   -13.31863
    0.53637E+09   -14.80038     1.67402    -3.21899   -13.25540
    0.74641E+09   -14.73823     1.67770    -3.21854   -13.19738
    0.10387E+10   -14.68113     1.68110    -3.21813   -13.14410
    0.14454E+10   -14.62855     1.68424    -3.21775   -13.09504
    0.20115E+10   -14.58018     1.68711    -3.21741   -13.04988
    0.27992E+10   -14.53569     1.68971    -3.21712   -13.00828
    0.38953E+10   -14.49461     1.69211    -3.21687   -12.96985
    0.54207E+10   -14.45677     1.69432    -3.21661   -12.93448
    0.75434E+10   -14.42195     1.69633    -3.21636   -12.90192
    0.10497E+11   -14.39009     1.69818    -3.21617   -12.87210
    0.14608E+11   -14.36060     1.69989    -3.21597   -12.84452
    0.20329E+11   -14.33335     1.70146    -3.21579   -12.81902
    0.28289E+11   -14.30829     1.70292    -3.21563   -12.79558
    0.39367E+11   -14.28525     1.70424    -3.21548   -12.77401
    0.54783E+11   -14.26404     1.70547    -3.21537   -12.75415
    0.10000E+12   -14.01651     1.71969    -3.21391   -12.52229
