    -44.945         0.00000     0.00000     0.00000     0.00000
    -44.795         0.00000     0.00000     0.00000     0.00000
    -44.645         0.00000     0.00000     0.00000     0.00000
    -44.495         0.00000     0.00000     0.00000     0.00000
    -44.345         0.00000     0.00000     0.00000     0.00000
    -44.195         0.00000     0.00000     0.00000     0.00000
    -44.045         0.00000     0.00000     0.00000     0.00000
    -43.895         0.00000     0.00000     0.00000     0.00000
    -43.745         0.00000     0.00000     0.00000     0.00000
    -43.595         0.00000     0.00000     0.00000     0.00000
    -43.445         0.00000     0.00000     0.00000     0.00000
    -43.295         0.00000     0.00000     0.00000     0.00000
    -43.145         0.00000     0.00000     0.00000     0.00000
    -42.995         0.00000     0.00000     0.00000     0.00000
    -42.845         0.00000     0.00000     0.00000     0.00000
    -42.695         0.00000     0.00000     0.00000     0.00000
    -42.545         0.00000     0.00000     0.00000     0.00000
    -42.395         0.00000     0.00000     0.00000     0.00000
    -42.245         0.00000     0.00000     0.00000     0.00000
    -42.095         0.00000     0.00000     0.00000     0.00000
    -41.945         0.00000     0.00000     0.00000     0.00000
    -41.795         0.00000     0.00000     0.00000     0.00000
    -41.645         0.00000     0.00000     0.00000     0.00000
    -41.495         0.00000     0.00000     0.00000     0.00000
    -41.345         0.00000     0.00000     0.00000     0.00000
    -41.195         0.00000     0.00000     0.00000     0.00000
    -41.045         0.00000     0.00000     0.00000     0.00000
    -40.895         0.00000     0.00000     0.00000     0.00000
    -40.745         0.00000     0.00000     0.00000     0.00000
    -40.595         0.00000     0.00000     0.00000     0.00000
    -40.445         0.00000     0.00000     0.00000     0.00000
    -40.295         0.00000     0.00000     0.00000     0.00000
    -40.145         0.00000     0.00000     0.00000     0.00000
    -39.995         0.00000     0.00000     0.00000     0.00000
    -39.845         0.00000     0.00000     0.00000     0.00000
    -39.695         0.00000     0.00000     0.00000     0.00000
    -39.545         0.00000     0.00000     0.00000     0.00000
    -39.395         0.00000     0.00000     0.00000     0.00000
    -39.245         0.00000     0.00000     0.00000     0.00000
    -39.095         0.00000     0.00000     0.00000     0.00000
    -38.945         0.00000     0.00000     0.00000     0.00000
    -38.795         0.00000     0.00000     0.00000     0.00000
    -38.645         0.00000     0.00000     0.00000     0.00000
    -38.495         0.00000     0.00000     0.00000     0.00000
    -38.345         0.00000     0.00000     0.00000     0.00000
    -38.195         0.00000     0.00000     0.00000     0.00000
    -38.045         0.00000     0.00000     0.00000     0.00000
    -37.895         0.00000     0.00000     0.00000     0.00000
    -37.745         0.00000     0.00000     0.00000     0.00000
    -37.595         0.00000     0.00000     0.00000     0.00000
    -37.445         0.00000     0.00000     0.00000     0.00000
    -37.295         0.00000     0.00000     0.00000     0.00000
    -37.145         0.00000     0.00000     0.00000     0.00000
    -36.995         0.00000     0.00000     0.00000     0.00000
    -36.845         0.00000     0.00000     0.00000     0.00000
    -36.695         0.00000     0.00000     0.00000     0.00000
    -36.545         0.00000     0.00000     0.00000     0.00000
    -36.395         0.00000     0.00000     0.00000     0.00000
    -36.245         0.00000     0.00000     0.00000     0.00000
    -36.095         0.00000     0.00000     0.00000     0.00000
    -35.945         0.00000     0.00000     0.00000     0.00000
    -35.795         0.00000     0.00000     0.00000     0.00000
    -35.645         0.00000     0.00000     0.00000     0.00000
    -35.495         0.00000     0.00000     0.00000     0.00000
    -35.345         0.00000     0.00000     0.00000     0.00000
    -35.195         0.00000     0.00000     0.00000     0.00000
    -35.045         0.00000     0.00000     0.00000     0.00000
    -34.895         0.00000     0.00000     0.00000     0.00000
    -34.745         0.00000     0.00000     0.00000     0.00000
    -34.595         0.00000     0.00000     0.00000     0.00000
    -34.445         0.00000     0.00000     0.00000     0.00000
    -34.295         0.00000     0.00000     0.00000     0.00000
    -34.145         0.00000     0.00000     0.00000     0.00000
    -33.995         0.00000     0.00000     0.00000     0.00000
    -33.845         0.00000     0.00000     0.00000     0.00000
    -33.695         0.00000     0.00000     0.00000     0.00000
    -33.545         0.00000     0.00000     0.00000     0.00000
    -33.395         0.00000     0.00000     0.00000     0.00000
    -33.245         0.00000     0.00000     0.00000     0.00000
    -33.095         0.00000     0.00000     0.00000     0.00000
    -32.945         0.00000     0.00000     0.00000     0.00000
    -32.795         0.00000     0.00000     0.00000     0.00000
    -32.645         0.00000     0.00000     0.00000     0.00000
    -32.495         0.00000     0.00000     0.00000     0.00000
    -32.345         0.00000     0.00000     0.00000     0.00000
    -32.195         0.00000     0.00000     0.00000     0.00000
    -32.045         0.00000     0.00000     0.00000     0.00000
    -31.895         0.00000     0.00000     0.00000     0.00000
    -31.745         0.00000     0.00000     0.00000     0.00000
    -31.595         0.00000     0.00000     0.00000     0.00000
    -31.445         0.00000     0.00000     0.00000     0.00000
    -31.295         0.00000     0.00000     0.00000     0.00000
    -31.145         0.00000     0.00000     0.00000     0.00000
    -30.995         0.00000     0.00000     0.00000     0.00000
    -30.845         0.00000     0.00000     0.00000     0.00000
    -30.695         0.00000     0.00000     0.00000     0.00000
    -30.545         0.00000     0.00000     0.00000     0.00000
    -30.395         0.00000     0.00000     0.00000     0.00000
    -30.245         0.00000     0.00000     0.00000     0.00000
    -30.095         0.00000     0.00000     0.00000     0.00000
    -29.945         0.00000     0.00000     0.00000     0.00000
    -29.795         0.00000     0.00000     0.00000     0.00000
    -29.645         0.00000     0.00000     0.00000     0.00000
    -29.495         0.00000     0.00000     0.00000     0.00000
    -29.345         0.00000     0.00000     0.00000     0.00000
    -29.195         0.00000     0.00000     0.00000     0.00000
    -29.045         0.00000     0.00000     0.00000     0.00000
    -28.895         0.00000     0.00000     0.00000     0.00000
    -28.745         0.00000     0.00000     0.00000     0.00000
    -28.595        -0.00000     0.00000    -0.00000     0.00000
    -28.445        -0.00064     0.00000    -0.00064     0.00000
    -28.295        -0.00126     0.00000    -0.00126     0.00000
    -28.145        -0.00191     0.00000    -0.00191     0.00000
    -27.995        -0.00314     0.00000    -0.00314     0.00000
    -27.845        -0.00377     0.00000    -0.00377     0.00000
    -27.695        -0.00440     0.00000    -0.00440     0.00000
    -27.545        -0.00440     0.00000    -0.00440     0.00000
    -27.395        -0.00497    -0.00058    -0.00440     0.00000
    -27.245        -0.00562    -0.00058    -0.00505     0.00000
    -27.095        -0.00753    -0.00058    -0.00696     0.00000
    -26.945        -0.01244    -0.00058    -0.01186     0.00000
    -26.795        -0.01495    -0.00058    -0.01438     0.00000
    -26.645        -0.01687    -0.00058    -0.01629     0.00000
    -26.495        -0.02184    -0.00058    -0.02126     0.00000
    -26.345        -0.02683    -0.00058    -0.02626     0.00000
    -26.195        -0.03478    -0.00169    -0.03309     0.00000
    -26.045        -0.04223    -0.00169    -0.04053     0.00000
    -25.895        -0.05273    -0.00169    -0.05104     0.00000
    -25.745        -0.06077    -0.00280    -0.05798     0.00000
    -25.595        -0.07723    -0.00335    -0.07388     0.00000
    -25.445        -0.09620    -0.00335    -0.09285     0.00000
    -25.295        -0.11803    -0.00444    -0.11360     0.00000
    -25.145        -0.14292    -0.00553    -0.13739     0.00000
    -24.995        -0.16797    -0.00553    -0.16244     0.00000
    -24.845        -0.20275    -0.00715    -0.19560     0.00000
    -24.695        -0.23842    -0.00715    -0.23127     0.00000
    -24.545        -0.28621    -0.00768    -0.27853     0.00000
    -24.395        -0.33401    -0.00821    -0.32581     0.00000
    -24.245        -0.38125    -0.00923    -0.37202     0.00000
    -24.095        -0.43709    -0.00923    -0.42786     0.00000
    -23.945        -0.50528    -0.00923    -0.49605     0.00000
    -23.795        -0.58221    -0.00976    -0.57245     0.00000
    -23.645        -0.64731    -0.01080    -0.63651     0.00000
    -23.495        -0.72405    -0.01080    -0.71325     0.00000
    -23.345        -0.80711    -0.01183    -0.79528     0.00000
    -23.195        -0.87460    -0.01235    -0.86225     0.00000
    -23.045        -0.95680    -0.01339    -0.94341     0.00000
    -22.895        -1.02835    -0.01492    -1.01342     0.00000
    -22.745        -1.11678    -0.01594    -1.10084     0.00000
    -22.595        -1.19136    -0.01938    -1.17198     0.00000
    -22.445        -1.27532    -0.02137    -1.25395     0.00000
    -22.295        -1.35826    -0.02430    -1.33396     0.00000
    -22.145        -1.44428    -0.02482    -1.41946     0.00000
    -21.995        -1.51309    -0.02727    -1.48582     0.00000
    -21.845        -1.59210    -0.03203    -1.56007     0.00000
    -21.695        -1.65920    -0.03540    -1.62380     0.00000
    -21.545        -1.72298    -0.03688    -1.68610     0.00000
    -21.395        -1.79862    -0.03931    -1.75931     0.00000
    -21.245        -1.87801    -0.04173    -1.83628     0.00000
    -21.095        -1.93795    -0.04225    -1.89570     0.00000
    -20.945        -1.99992    -0.04608    -1.95384     0.00000
    -20.795        -2.06769    -0.04754    -2.02015     0.00000
    -20.645        -2.13183    -0.05446    -2.07737     0.00000
    -20.495        -2.19773    -0.06007    -2.13767     0.00000
    -20.345        -2.25624    -0.06291    -2.19333     0.00000
    -20.195        -2.31033    -0.06933    -2.24100     0.00000
    -20.045        -2.36541    -0.07127    -2.29414     0.00000
    -19.895        -2.42224    -0.07854    -2.34371     0.00000
    -19.745        -2.46857    -0.08271    -2.38585     0.00000
    -19.595        -2.52201    -0.08996    -2.43205     0.00000
    -19.445        -2.56647    -0.09544    -2.47103     0.00000
    -19.295        -2.61579    -0.10178    -2.51401     0.00000
    -19.145        -2.65692    -0.10852    -2.54840     0.00000
    -18.995        -2.70357    -0.11266    -2.59091     0.00000
    -18.845        -2.74715    -0.11847    -2.62867     0.00000
    -18.695        -2.78830    -0.12430    -2.66400     0.00000
    -18.545        -2.82643    -0.13137    -2.69506     0.00000
    -18.395        -2.86527    -0.13924    -2.72603     0.00000
    -18.245        -2.89913    -0.14668    -2.75245     0.00000
    -18.095        -2.93956    -0.15857    -2.78100     0.00000
    -17.945        -2.98243    -0.17081    -2.81162     0.00000
    -17.795        -3.02308    -0.18180    -2.84128     0.00000
    -17.645        -3.05681    -0.18994    -2.86688     0.00000
    -17.495        -3.08972    -0.19685    -2.89287     0.00000
    -17.345        -3.12001    -0.20256    -2.91745     0.00000
    -17.195        -3.15133    -0.21064    -2.94069     0.00000
    -17.045        -3.18376    -0.22106    -2.96270     0.00000
    -16.895        -3.21379    -0.22752    -2.98627     0.00000
    -16.745        -3.24768    -0.23708    -3.01059     0.00000
    -16.595        -3.28088    -0.24889    -3.03199     0.00000
    -16.445        -3.30955    -0.25417    -3.05538     0.00000
    -16.295        -3.33629    -0.26404    -3.07225     0.00000
    -16.145        -3.36759    -0.27568    -3.09191     0.00000
    -15.995        -3.40291    -0.28622    -3.11669     0.00000
    -15.845        -3.42695    -0.29376    -3.13319     0.00000
    -15.695        -3.45500    -0.30570    -3.14930     0.00000
    -15.545        -3.48539    -0.31689    -3.16850     0.00000
    -15.395        -3.50867    -0.32442    -3.18425     0.00000
    -15.245        -3.53778    -0.33664    -3.20115     0.00000
    -15.095        -3.56275    -0.34774    -3.21502     0.00000
    -14.945        -3.58816    -0.35846    -3.22970     0.00000
    -14.795        -3.61173    -0.36844    -3.24330     0.00000
    -14.645        -3.63935    -0.37946    -3.25990     0.00000
    -14.495        -3.66171    -0.38735    -3.27436     0.00000
    -14.345        -3.68767    -0.40003    -3.28764     0.00000
    -14.195        -3.71069    -0.40967    -3.30102     0.00000
    -14.045        -3.73529    -0.41859    -3.31670     0.00000
    -13.895        -3.75857    -0.42850    -3.33007     0.00000
    -13.745        -3.77917    -0.44037    -3.33879     0.00000
    -13.595        -3.80177    -0.44995    -3.35182     0.00000
    -13.445        -3.82971    -0.46242    -3.36729     0.00000
    -13.295        -3.85304    -0.47266    -3.38038     0.00000
    -13.145        -3.87689    -0.48385    -3.39304     0.00000
    -12.995        -3.90058    -0.49720    -3.40338     0.00000
    -12.845        -3.92368    -0.50710    -3.41657     0.00000
    -12.695        -3.94748    -0.51763    -3.42985     0.00000
    -12.545        -3.97086    -0.52881    -3.44205     0.00000
    -12.395        -3.99306    -0.53997    -3.45309     0.00000
    -12.245        -4.01530    -0.55054    -3.46477     0.00000
    -12.095        -4.03963    -0.56318    -3.47645     0.00000
    -11.945        -4.06522    -0.57352    -3.49170     0.00000
    -11.795        -4.08756    -0.58358    -3.50398     0.00000
    -11.645        -4.11346    -0.59710    -3.51636     0.00000
    -11.495        -4.13708    -0.60777    -3.52931     0.00000
    -11.345        -4.16032    -0.61652    -3.54380     0.00000
    -11.195        -4.18734    -0.62895    -3.55839     0.00000
    -11.045        -4.21525    -0.64387    -3.57138     0.00000
    -10.895        -4.23912    -0.65475    -3.58437     0.00000
    -10.745        -4.26484    -0.66807    -3.59678     0.00000
    -10.595        -4.29314    -0.68169    -3.61145     0.00000
    -10.445        -4.31968    -0.69406    -3.62562     0.00000
    -10.295        -4.35030    -0.70723    -3.64307     0.00000
    -10.145        -4.38271    -0.72131    -3.66141     0.00000
    -9.9950        -4.41572    -0.73521    -3.68052     0.00000
    -9.8450        -4.45166    -0.74814    -3.70226    -0.00127
    -9.6950        -4.49187    -0.76333    -3.72472    -0.00381
    -9.5450        -4.53389    -0.77970    -3.74615    -0.00804
    -9.3950        -4.58692    -0.80035    -3.76971    -0.01685
    -9.2450        -4.64357    -0.81984    -3.79257    -0.03116
    -9.0950        -4.71416    -0.84133    -3.81853    -0.05431
    -8.9450        -4.79630    -0.86266    -3.84359    -0.09006
    -8.7950        -4.89873    -0.89064    -3.87228    -0.13581
    -8.6450        -5.02132    -0.91757    -3.89916    -0.20459
    -8.4950        -5.16380    -0.94936    -3.92766    -0.28677
    -8.3450        -5.34074    -0.98253    -3.95750    -0.40071
    -8.1950        -5.55874    -1.02364    -3.99074    -0.54436
    -8.0450        -5.81073    -1.06679    -4.02783    -0.71611
    -7.8950        -6.12249    -1.11382    -4.06434    -0.94432
    -7.7450        -6.46807    -1.16674    -4.10201    -1.19932
    -7.5950        -6.87805    -1.22611    -4.13973    -1.51221
    -7.4450        -7.34442    -1.29445    -4.18050    -1.86947
    -7.2950        -7.86724    -1.36366    -4.22326    -2.28032
    -7.1450        -8.43152    -1.43459    -4.27298    -2.72395
    -6.9950        -9.03672    -1.51504    -4.32052    -3.20116
    -6.8450        -9.67763    -1.59878    -4.37268    -3.70617
    -6.6950       -10.35454    -1.68615    -4.42985    -4.23854
    -6.5450       -11.03329    -1.77217    -4.48800    -4.77311
    -6.3950       -11.73170    -1.86097    -4.54528    -5.32545
    -6.2450       -12.42181    -1.94661    -4.60711    -5.86809
    -6.0950       -13.11133    -2.04608    -4.67285    -6.39241
    -5.9450       -13.78887    -2.14280    -4.73416    -6.91191
    -5.7950       -14.46077    -2.23742    -4.79931    -7.42404
    -5.6450       -15.12687    -2.33486    -4.86966    -7.92235
    -5.4950       -15.79774    -2.43339    -4.94245    -8.42189
    -5.3450       -16.42604    -2.53189    -5.01542    -8.87873
    -5.1950       -17.05727    -2.62725    -5.09590    -9.33413
    -5.0450       -17.68625    -2.73106    -5.17846    -9.77673
    -4.8950       -18.30158    -2.83527    -5.26123   -10.20507
    -4.7450       -18.89463    -2.93797    -5.34744   -10.60923
    -4.5950       -19.48986    -3.04545    -5.43693   -11.00747
    -4.4450       -20.07818    -3.15502    -5.53014   -11.39301
    -4.2950       -20.68122    -3.27148    -5.63076   -11.77898
    -4.1450       -21.30124    -3.38497    -5.73450   -12.18176
    -3.9950       -21.92645    -3.50944    -5.83641   -12.58060
    -3.8450       -22.58676    -3.63814    -5.95254   -12.99608
    -3.6950       -23.26538    -3.77319    -6.07027   -13.42193
    -3.5450       -23.97842    -3.91802    -6.20219   -13.85822
    -3.3950       -24.70207    -4.06653    -6.33754   -14.29800
    -3.2450       -25.45742    -4.23229    -6.48464   -14.74050
    -3.0950       -26.24229    -4.40080    -6.64460   -15.19689
    -2.9450       -27.07456    -4.57945    -6.82063   -15.67448
    -2.7950       -27.95022    -4.77618    -7.00701   -16.16702
    -2.6450       -28.88556    -4.98429    -7.21011   -16.69116
    -2.4950       -29.87025    -5.20576    -7.42404   -17.24045
    -2.3450       -30.95148    -5.44671    -7.66223   -17.84255
    -2.1950       -32.12165    -5.70113    -7.91299   -18.50752
    -2.0450       -33.42652    -5.97465    -8.19465   -19.25722
    -1.8950       -34.88681    -6.26801    -8.49821   -20.12059
    -1.7450       -36.53379    -6.58893    -8.84005   -21.10481
    -1.5950       -38.38178    -6.94259    -9.20769   -22.23150
    -1.4450       -40.43888    -7.32166    -9.61082   -23.50640
    -1.2950       -42.73365    -7.74298   -10.05152   -24.93915
    -1.1450       -45.28359    -8.20512   -10.54290   -26.53557
   -0.99500       -48.10078    -8.71298   -11.09588   -28.29192
   -0.84500       -51.22503    -9.26946   -11.75087   -30.20471
   -0.69500       -54.74257    -9.88072   -12.53198   -32.32987
   -0.54500       -58.86764   -10.58613   -13.46588   -34.81563
   -0.39500       -63.94382   -11.37945   -14.53715   -38.02722
   -0.25300       -67.91511   -11.87499   -15.22701   -40.81312
   -0.21500       -68.18505   -11.90367   -15.26519   -41.01619
   -0.20900       -68.46129   -11.93231   -15.30311   -41.22587
   -0.20300       -68.73947   -11.96050   -15.33986   -41.43911
   -0.19700       -69.02195   -11.98798   -15.37607   -41.65790
   -0.19100       -69.31099   -12.01513   -15.41200   -41.88386
   -0.18500       -69.60433   -12.04191   -15.44657   -42.11585
   -0.17900       -69.90397   -12.06796   -15.48060   -42.35541
   -0.17300       -70.21099   -12.09341   -15.51292   -42.60466
   -0.16700       -70.52565   -12.11917   -15.54417   -42.86231
   -0.16100       -70.84787   -12.14368   -15.57494   -43.12924
   -0.15500       -71.17763   -12.16767   -15.60459   -43.40537
   -0.14900       -71.51810   -12.19141   -15.63329   -43.69340
   -0.14300       -71.86937   -12.21369   -15.66022   -43.99546
   -0.13700       -72.23316   -12.23615   -15.68662   -44.31039
   -0.13100       -72.61027   -12.25765   -15.71226   -44.64036
   -0.12500       -73.00269   -12.27869   -15.73609   -44.98792
   -0.11900       -73.41245   -12.29901   -15.75917   -45.35428
   -0.11300       -73.83995   -12.31836   -15.78060   -45.74098
   -0.10700       -74.28763   -12.33675   -15.80120   -46.14968
   -0.10100       -74.75793   -12.35414   -15.82081   -46.58297
   -0.95000E-01   -75.25292   -12.37092   -15.83909   -47.04291
   -0.89000E-01   -75.77447   -12.38668   -15.85631   -47.53148
   -0.83000E-01   -76.32775   -12.40153   -15.87234   -48.05388
   -0.77000E-01   -76.91312   -12.41538   -15.88749   -48.61024
   -0.71000E-01   -77.53679   -12.42832   -15.90129   -49.20719
   -0.65000E-01   -78.19816   -12.44009   -15.91375   -49.84433
   -0.59000E-01   -78.90552   -12.45085   -15.92526   -50.52941
   -0.53000E-01   -79.65881   -12.46040   -15.93540   -51.26301
   -0.47000E-01   -80.46492   -12.46915   -15.94441   -52.05136
   -0.41000E-01   -81.33265   -12.47686   -15.95228   -52.90351
   -0.35000E-01   -82.27199   -12.48339   -15.95896   -53.82964
   -0.29000E-01   -83.27923   -12.48885   -15.96457   -54.82582
   -0.23000E-01   -84.31826   -12.49317   -15.96902   -55.85607
   -0.19700E-01   -84.42035   -12.49356   -15.96939   -55.95740
   -0.19100E-01   -84.52194   -12.49391   -15.96977   -56.05826
   -0.18500E-01   -84.62224   -12.49425   -15.97012   -56.15786
   -0.17900E-01   -84.72150   -12.49457   -15.97047   -56.25645
   -0.17300E-01   -84.81957   -12.49490   -15.97080   -56.35386
   -0.16700E-01   -84.91623   -12.49522   -15.97112   -56.44989
   -0.16100E-01   -85.01109   -12.49553   -15.97145   -56.54412
   -0.15500E-01   -85.10446   -12.49582   -15.97175   -56.63689
   -0.14900E-01   -85.19538   -12.49610   -15.97203   -56.72725
   -0.14300E-01   -85.28392   -12.49637   -15.97231   -56.81524
   -0.13700E-01   -85.37019   -12.49662   -15.97257   -56.90100
   -0.13100E-01   -85.45380   -12.49688   -15.97282   -56.98411
   -0.12500E-01   -85.53489   -12.49711   -15.97306   -57.06472
   -0.11900E-01   -85.61279   -12.49733   -15.97329   -57.14216
   -0.11300E-01   -85.68779   -12.49754   -15.97351   -57.21674
   -0.10700E-01   -85.75960   -12.49774   -15.97372   -57.28814
   -0.10100E-01   -85.82805   -12.49793   -15.97392   -57.35619
   -0.95000E-02   -85.89298   -12.49811   -15.97410   -57.42077
   -0.89000E-02   -85.95434   -12.49828   -15.97427   -57.48178
   -0.83000E-02   -86.01208   -12.49844   -15.97443   -57.53921
   -0.77000E-02   -86.06597   -12.49859   -15.97458   -57.59280
   -0.71000E-02   -86.11593   -12.49872   -15.97471   -57.64249
   -0.65000E-02   -86.16204   -12.49885   -15.97484   -57.68836
   -0.59000E-02   -86.20424   -12.49896   -15.97495   -57.73033
   -0.53000E-02   -86.24231   -12.49906   -15.97506   -57.76819
   -0.47000E-02   -86.27619   -12.49915   -15.97515   -57.80189
   -0.41000E-02   -86.30586   -12.49923   -15.97523   -57.83141
   -0.35000E-02   -86.33133   -12.49929   -15.97530   -57.85674
   -0.29000E-02   -86.35247   -12.49935   -15.97535   -57.87777
   -0.23000E-02   -86.36930   -12.49939   -15.97540   -57.89451
   -0.17000E-02   -86.38179   -12.49943   -15.97543   -57.90693
   -0.11000E-02   -86.38991   -12.49945   -15.97545   -57.91500
   -0.50000E-03   -86.39363   -12.49946   -15.97546   -57.91871
    0.10000E-03   -86.39296   -12.49946   -15.97546   -57.91804
    0.70000E-03   -86.38790   -12.49945   -15.97545   -57.91300
    0.13000E-02   -86.37849   -12.49942   -15.97543   -57.90364
    0.19000E-02   -86.36470   -12.49939   -15.97539   -57.88992
    0.25000E-02   -86.34660   -12.49934   -15.97534   -57.87192
    0.31000E-02   -86.32417   -12.49928   -15.97528   -57.84961
    0.37000E-02   -86.29750   -12.49921   -15.97522   -57.82308
    0.43000E-02   -86.26665   -12.49913   -15.97514   -57.79238
    0.49000E-02   -86.23158   -12.49904   -15.97504   -57.75750
    0.55000E-02   -86.19233   -12.49893   -15.97494   -57.71846
    0.61000E-02   -86.14916   -12.49881   -15.97482   -57.67553
    0.67000E-02   -86.10195   -12.49868   -15.97470   -57.62857
    0.73000E-02   -86.05109   -12.49855   -15.97456   -57.57797
    0.79000E-02   -85.99623   -12.49840   -15.97441   -57.52342
    0.85000E-02   -85.93763   -12.49825   -15.97425   -57.46514
    0.91000E-02   -85.87553   -12.49807   -15.97407   -57.40339
    0.97000E-02   -85.80976   -12.49788   -15.97389   -57.33798
    0.10300E-01   -85.74075   -12.49768   -15.97370   -57.26937
    0.10900E-01   -85.66842   -12.49748   -15.97348   -57.19746
    0.11500E-01   -85.59299   -12.49727   -15.97326   -57.12246
    0.12100E-01   -85.51464   -12.49704   -15.97303   -57.04456
    0.12700E-01   -85.43342   -12.49682   -15.97279   -56.96381
    0.13300E-01   -85.34942   -12.49655   -15.97254   -56.88032
    0.13900E-01   -85.26301   -12.49629   -15.97228   -56.79444
    0.14500E-01   -85.17415   -12.49602   -15.97201   -56.70611
    0.15100E-01   -85.08331   -12.49574   -15.97173   -56.61584
    0.15700E-01   -84.99017   -12.49543   -15.97145   -56.52328
    0.16300E-01   -84.89529   -12.49514   -15.97117   -56.42898
    0.16900E-01   -84.79910   -12.49482   -15.97086   -56.33342
    0.17500E-01   -84.70156   -12.49448   -15.97053   -56.23655
    0.18100E-01   -84.60293   -12.49413   -15.97021   -56.13859
    0.18700E-01   -84.50315   -12.49378   -15.96986   -56.03951
    0.19300E-01   -84.40262   -12.49340   -15.96950   -55.93971
    0.20200E-01   -84.00666   -12.49188   -15.96800   -55.54677
    0.25000E-01   -82.98203   -12.48716   -15.96323   -54.53164
    0.31000E-01   -82.00532   -12.48121   -15.95744   -53.56667
    0.37000E-01   -81.09893   -12.47407   -15.95058   -52.67428
    0.43000E-01   -80.26253   -12.46582   -15.94270   -51.85401
    0.49000E-01   -79.48691   -12.45638   -15.93369   -51.09683
    0.55000E-01   -78.76420   -12.44599   -15.92363   -50.39459
    0.61000E-01   -78.08710   -12.43426   -15.91236   -49.74048
    0.67000E-01   -77.45298   -12.42136   -15.90016   -49.13146
    0.73000E-01   -76.85798   -12.40716   -15.88698   -48.56384
    0.79000E-01   -76.30055   -12.39193   -15.87257   -48.03605
    0.85000E-01   -75.77793   -12.37571   -15.85756   -47.54466
    0.91000E-01   -75.28472   -12.35836   -15.84157   -47.08479
    0.97000E-01   -74.82170   -12.33970   -15.82447   -46.65753
    0.10300       -74.38320   -12.31988   -15.80646   -46.25687
    0.10900       -73.96834   -12.29934   -15.78743   -45.88157
    0.11500       -73.57638   -12.27765   -15.76795   -45.53079
    0.12100       -73.20284   -12.25461   -15.74775   -45.20049
    0.12700       -72.84653   -12.23045   -15.72642   -44.88966
    0.13300       -72.50676   -12.20530   -15.70478   -44.59668
    0.13900       -72.18030   -12.17954   -15.68251   -44.31825
    0.14500       -71.86784   -12.15188   -15.65976   -44.05620
    0.15100       -71.56641   -12.12340   -15.63617   -43.80684
    0.15700       -71.27518   -12.09376   -15.61243   -43.56899
    0.16300       -70.99353   -12.06341   -15.58795   -43.34217
    0.16900       -70.72017   -12.03227   -15.56254   -43.12535
    0.17500       -70.45386   -11.99971   -15.53643   -42.91771
    0.18100       -70.19710   -11.96650   -15.51084   -42.71976
    0.18700       -69.94556   -11.93283   -15.48460   -42.52812
    0.19300       -69.69947   -11.89778   -15.45768   -42.34402
    0.19900       -69.45768   -11.86192   -15.43026   -42.16550
    0.20500       -69.22191   -11.82541   -15.40288   -41.99363
    0.21100       -68.99102   -11.78795   -15.37499   -41.82807
    0.21700       -68.76562   -11.74973   -15.34706   -41.66883
    0.29500       -63.85312   -10.65039   -14.56312   -38.63962
    0.44500       -60.25867    -9.58022   -13.78713   -36.89132
    0.59500       -57.49139    -8.67980   -13.10455   -35.70704
    0.74500       -55.26036    -7.94380   -12.51320   -34.80336
    0.89500       -53.37334    -7.33467   -11.97827   -34.06041
     1.0450       -51.73159    -6.80350   -11.49588   -33.43221
     1.1950       -50.27633    -6.33385   -11.05869   -32.88379
     1.3450       -48.98418    -5.91077   -10.66935   -32.40407
     1.4950       -47.83053    -5.53406   -10.32287   -31.97360
     1.6450       -46.79103    -5.19670   -10.01035   -31.58397
     1.7950       -45.84784    -4.89182    -9.72614   -31.22988
     1.9450       -44.98096    -4.61351    -9.46869   -30.89876
     2.0950       -44.18754    -4.36058    -9.23620   -30.59075
     2.2450       -43.45540    -4.13164    -9.02014   -30.30362
     2.3950       -42.77522    -3.92282    -8.82288   -30.02951
     2.5450       -42.13764    -3.73250    -8.63776   -29.76738
     2.6950       -41.53827    -3.55451    -8.46428   -29.51949
     2.8450       -40.98627    -3.39065    -8.30466   -29.29097
     2.9950       -40.47307    -3.23900    -8.15601   -29.07807
     3.1450       -39.99035    -3.09682    -8.01602   -28.87751
     3.2950       -39.53977    -2.96405    -7.88376   -28.69196
     3.4450       -39.12870    -2.84109    -7.75902   -28.52859
     3.5950       -38.73830    -2.72626    -7.63993   -28.37212
     3.7450       -38.37490    -2.61699    -7.52624   -28.23167
     3.8950       -38.03814    -2.51400    -7.41844   -28.10571
     4.0450       -37.71230    -2.41654    -7.31528   -27.98048
     4.1950       -37.41382    -2.32371    -7.21799   -27.87212
     4.3450       -37.13046    -2.23591    -7.12491   -27.76965
     4.4950       -36.86954    -2.15187    -7.03712   -27.68055
     4.6450       -36.62015    -2.07231    -6.95271   -27.59513
     4.7950       -36.38852    -1.99573    -6.87192   -27.52087
     4.9450       -36.16282    -1.92273    -6.79470   -27.44539
     5.0950       -35.95207    -1.85423    -6.71976   -27.37807
     5.2450       -35.75632    -1.78837    -6.64974   -27.31821
     5.3950       -35.56014    -1.72490    -6.58348   -27.25175
     5.5450       -35.38249    -1.66401    -6.52129   -27.19719
     5.6950       -35.21476    -1.60687    -6.46191   -27.14598
     5.8450       -35.05424    -1.55149    -6.40573   -27.09701
     5.9950       -34.90033    -1.49832    -6.35244   -27.04956
     6.1450       -34.75137    -1.44673    -6.30300   -27.00164
     6.2950       -34.60446    -1.39716    -6.25221   -26.95509
     6.4450       -34.46821    -1.34981    -6.20555   -26.91284
     6.5950       -34.33835    -1.30405    -6.16429   -26.87001
     6.7450       -34.21197    -1.25952    -6.12462   -26.82783
     6.8950       -34.09392    -1.21774    -6.08742   -26.78876
     7.0450       -33.97957    -1.17630    -6.05346   -26.74980
     7.1950       -33.87336    -1.13679    -6.02297   -26.71360
     7.3450       -33.76260    -1.09783    -5.98895   -26.67582
     7.4950       -33.65856    -1.06027    -5.95726   -26.64103
     7.6450       -33.55410    -1.02358    -5.92420   -26.60631
     7.7950       -33.45919    -0.98891    -5.89738   -26.57291
     7.9450       -33.36771    -0.95578    -5.87250   -26.53944
     8.0950       -33.27919    -0.92470    -5.84705   -26.50743
     8.2450       -33.18981    -0.89417    -5.81960   -26.47604
     8.3950       -33.11273    -0.86513    -5.80244   -26.44516
     8.5450       -33.03374    -0.83739    -5.78351   -26.41284
     8.6950       -32.96323    -0.81379    -5.76633   -26.38311
     8.8450       -32.89115    -0.79072    -5.74662   -26.35381
     8.9950       -32.82472    -0.76940    -5.73034   -26.32498
     9.1450       -32.76228    -0.75476    -5.71080   -26.29671
     9.2950       -32.70393    -0.73746    -5.69760   -26.26887
     9.4450       -32.64058    -0.71681    -5.68228   -26.24149
     9.5950       -32.58624    -0.70036    -5.67135   -26.21454
     9.7450       -32.53625    -0.69018    -5.65812   -26.18795
     9.8950       -32.48442    -0.67653    -5.64602   -26.16187
     10.045       -32.44194    -0.67068    -5.63505   -26.13621
     10.195       -32.40093    -0.66327    -5.62672   -26.11094
     10.345       -32.35612    -0.65305    -5.61700   -26.08607
     10.495       -32.31946    -0.65067    -5.60727   -26.06152
     10.645       -32.28270    -0.64488    -5.60045   -26.03738
     10.795       -32.24625    -0.63740    -5.59530   -26.01355
     10.945       -32.20708    -0.63161    -5.58548   -25.99000
     11.095       -32.17123    -0.62579    -5.57863   -25.96681
     11.245       -32.13333    -0.62183    -5.56757   -25.94393
     11.395       -32.10164    -0.61787    -5.56240   -25.92138
     11.545       -32.07621    -0.61589    -5.56119   -25.89914
     11.695       -32.04179    -0.61197    -5.55267   -25.87714
     11.845       -32.01496    -0.61009    -5.54945   -25.85542
     11.995       -31.98638    -0.60824    -5.54419   -25.83395
     12.145       -31.96235    -0.60644    -5.54310   -25.81281
     12.295       -31.93652    -0.60257    -5.54206   -25.79189
     12.445       -31.91096    -0.60085    -5.53883   -25.77128
     12.595       -31.88175    -0.59918    -5.53168   -25.75088
     12.745       -31.85897    -0.59754    -5.53074   -25.73070
     12.895       -31.82811    -0.59365    -5.52360   -25.71086
     13.045       -31.80600    -0.59208    -5.52270   -25.69122
     13.195       -31.77940    -0.58823    -5.51943   -25.67174
     13.345       -31.75785    -0.58674    -5.51859   -25.65252
     13.495       -31.73421    -0.58290    -5.51776   -25.63355
     13.645       -31.71320    -0.58145    -5.51698   -25.61477
     13.795       -31.69244    -0.58005    -5.51619   -25.59620
     13.945       -31.67190    -0.57866    -5.51543   -25.57782
     14.095       -31.64903    -0.57731    -5.51209   -25.55962
     14.245       -31.62894    -0.57597    -5.51134   -25.54163
     14.395       -31.60909    -0.57466    -5.51062   -25.52381
     14.545       -31.58951    -0.57336    -5.50993   -25.50622
     14.695       -31.57018    -0.57210    -5.50924   -25.48883
     14.845       -31.55102    -0.57085    -5.50857   -25.47159
     14.995       -31.53211    -0.56963    -5.50793   -25.45455
     15.145       -31.51344    -0.56844    -5.50732   -25.43768
     15.295       -31.49491    -0.56725    -5.50670   -25.42097
     15.445       -31.47670    -0.56611    -5.50611   -25.40448
     15.595       -31.45858    -0.56496    -5.50551   -25.38811
     15.745       -31.44071    -0.56385    -5.50493   -25.37193
     15.895       -31.42300    -0.56276    -5.50436   -25.35588
     16.045       -31.40539    -0.56167    -5.50380   -25.33992
     16.195       -31.38802    -0.56060    -5.50324   -25.32417
     16.345       -31.37075    -0.55954    -5.50270   -25.30851
     16.495       -31.35381    -0.55850    -5.50220   -25.29310
     16.645       -31.33698    -0.55748    -5.50169   -25.27781
     16.795       -31.32024    -0.55647    -5.50118   -25.26259
     16.945       -31.30370    -0.55546    -5.50070   -25.24753
     17.095       -31.28738    -0.55448    -5.50023   -25.23267
     17.245       -31.27114    -0.55352    -5.49973   -25.21789
     17.395       -31.25502    -0.55255    -5.49926   -25.20322
     17.545       -31.23906    -0.55160    -5.49879   -25.18868
     17.695       -31.22325    -0.55066    -5.49831   -25.17427
     17.845       -31.20762    -0.54974    -5.49787   -25.16001
     17.995       -31.19216    -0.54884    -5.49744   -25.14588
     18.145       -31.17680    -0.54795    -5.49701   -25.13184
     18.295       -31.16161    -0.54707    -5.49657   -25.11797
     18.445       -31.14650    -0.54619    -5.49615   -25.10416
     18.595       -31.13155    -0.54533    -5.49573   -25.09049
     18.745       -31.11672    -0.54448    -5.49532   -25.07692
     18.895       -31.10201    -0.54364    -5.49491   -25.06346
     19.045       -31.08739    -0.54281    -5.49450   -25.05007
     19.195       -31.07296    -0.54199    -5.49414   -25.03683
     19.345       -31.05860    -0.54117    -5.49374   -25.02368
     19.495       -31.04444    -0.54038    -5.49335   -25.01071
     19.645       -31.03036    -0.53959    -5.49298   -24.99779
     19.795       -31.01638    -0.53879    -5.49261   -24.98497
     19.945       -31.00252    -0.53801    -5.49225   -24.97225
     20.095       -30.98877    -0.53724    -5.49190   -24.95963
     20.245       -30.97510    -0.53648    -5.49155   -24.94708
     20.395       -30.96155    -0.53572    -5.49119   -24.93464
     20.545       -30.94810    -0.53497    -5.49086   -24.92227
     20.695       -30.93472    -0.53422    -5.49051   -24.90999
     20.845       -30.92148    -0.53350    -5.49018   -24.89780
     20.995       -30.90839    -0.53276    -5.48988   -24.88576
     21.145       -30.89537    -0.53206    -5.48955   -24.87376
     21.295       -30.88243    -0.53134    -5.48924   -24.86185
     21.445       -30.86961    -0.53064    -5.48892   -24.85004
     21.595       -30.85685    -0.52993    -5.48862   -24.83829
     21.745       -30.84420    -0.52925    -5.48830   -24.82665
     21.895       -30.83162    -0.52856    -5.48797   -24.81508
     22.045       -30.81918    -0.52788    -5.48771   -24.80359
     22.195       -30.80681    -0.52721    -5.48741   -24.79219
     22.345       -30.79455    -0.52654    -5.48711   -24.78090
     22.495       -30.78233    -0.52587    -5.48683   -24.76963
     22.645       -30.77017    -0.52522    -5.48655   -24.75840
     22.795       -30.75809    -0.52456    -5.48627   -24.74726
     22.945       -30.74620    -0.52392    -5.48600   -24.73628
     23.095       -30.73432    -0.52327    -5.48573   -24.72532
     23.245       -30.72255    -0.52265    -5.48546   -24.71444
     23.395       -30.71081    -0.52202    -5.48520   -24.70360
     23.545       -30.69912    -0.52140    -5.48490   -24.69281
     23.695       -30.68753    -0.52079    -5.48463   -24.68211
     23.845       -30.67607    -0.52017    -5.48438   -24.67152
     23.995       -30.66467    -0.51957    -5.48412   -24.66098
     24.145       -30.65334    -0.51896    -5.48386   -24.65053
     24.295       -30.64212    -0.51837    -5.48360   -24.64014
     24.445       -30.63096    -0.51778    -5.48337   -24.62982
     24.595       -30.61987    -0.51720    -5.48312   -24.61956
     24.745       -30.60883    -0.51661    -5.48288   -24.60934
     24.895       -30.59788    -0.51603    -5.48266   -24.59919
     25.045       -30.58701    -0.51546    -5.48243   -24.58912
     25.195       -30.57620    -0.51488    -5.48220   -24.57912
     25.345       -30.56543    -0.51431    -5.48195   -24.56917
     25.495       -30.55474    -0.51375    -5.48171   -24.55928
     25.645       -30.54413    -0.51319    -5.48149   -24.54946
     25.795       -30.53357    -0.51264    -5.48126   -24.53967
     25.945       -30.52305    -0.51208    -5.48102   -24.52994
     26.095       -30.51264    -0.51154    -5.48080   -24.52030
     26.245       -30.50227    -0.51100    -5.48057   -24.51070
     26.395       -30.49201    -0.51048    -5.48036   -24.50118
     26.545       -30.48180    -0.50995    -5.48015   -24.49170
     26.695       -30.47165    -0.50942    -5.47994   -24.48228
     26.845       -30.46152    -0.50890    -5.47974   -24.47288
     26.995       -30.45142    -0.50838    -5.47952   -24.46353
     27.145       -30.44141    -0.50786    -5.47932   -24.45423
     27.295       -30.43149    -0.50734    -5.47913   -24.44502
     27.445       -30.42163    -0.50684    -5.47893   -24.43587
     27.595       -30.41181    -0.50633    -5.47873   -24.42675
     27.745       -30.40205    -0.50583    -5.47854   -24.41768
     27.895       -30.39235    -0.50534    -5.47834   -24.40868
     28.045       -30.38266    -0.50485    -5.47813   -24.39969
     28.195       -30.37306    -0.50436    -5.47794   -24.39076
     28.345       -30.36348    -0.50387    -5.47775   -24.38186
     28.495       -30.35400    -0.50339    -5.47756   -24.37304
     28.645       -30.34454    -0.50291    -5.47737   -24.36426
     28.795       -30.33514    -0.50242    -5.47720   -24.35552
     28.945       -30.32580    -0.50195    -5.47702   -24.34684
     29.095       -30.31656    -0.50147    -5.47685   -24.33824
     29.245       -30.30731    -0.50099    -5.47667   -24.32965
     29.395       -30.29814    -0.50053    -5.47649   -24.32112
     29.545       -30.28901    -0.50006    -5.47631   -24.31263
     29.695       -30.27993    -0.49960    -5.47612   -24.30420
     29.845       -30.27089    -0.49915    -5.47594   -24.29580
     29.995       -30.26188    -0.49869    -5.47576   -24.28743
     30.145       -30.25295    -0.49824    -5.47559   -24.27911
     35.794       -29.66415    -0.46900    -5.46510   -23.73004
     49.810       -29.08591    -0.44114    -5.45588   -23.18889
     69.316       -28.51901    -0.41427    -5.44734   -22.65741
     96.460       -27.96377    -0.38820    -5.43946   -22.13610
     134.23       -27.42100    -0.36289    -5.43194   -21.62617
     186.80       -26.89145    -0.33820    -5.42483   -21.12842
     259.95       -26.37554    -0.31428    -5.41785   -20.64341
     361.74       -25.87328    -0.29108    -5.41108   -20.17113
     503.40       -25.38487    -0.26850    -5.40447   -19.71189
     700.53       -24.91034    -0.24666    -5.39798   -19.26571
     974.85       -24.44928    -0.22549    -5.39160   -18.83220
     1356.6       -24.00175    -0.20498    -5.38543   -18.41134
     1887.8       -23.56720    -0.18509    -5.37940   -18.00271
     2627.1       -23.14563    -0.16586    -5.37352   -17.60625
     3655.9       -22.73636    -0.14729    -5.36790   -17.22117
     5087.5       -22.33909    -0.12928    -5.36229   -16.84753
     7079.7       -21.95422    -0.11188    -5.35700   -16.48534
     9852.1       -21.58154    -0.09500    -5.35190   -16.13464
     13710.       -21.22115    -0.07863    -5.34694   -15.79558
     19079.       -20.87260    -0.06280    -5.34221   -15.46758
     26550.       -20.53624    -0.04745    -5.33766   -15.15113
     36947.       -20.21214    -0.03260    -5.33341   -14.84613
     51416.       -19.90061    -0.01818    -5.32927   -14.55316
     71550.       -19.60191    -0.00427    -5.32533   -14.27231
     99568.       -19.31523     0.00919    -5.32164   -14.00278
    0.13856E+06   -19.04083     0.02220    -5.31815   -13.74488
    0.19282E+06   -18.77880     0.03468    -5.31488   -13.49860
    0.26832E+06   -18.52830     0.04671    -5.31171   -13.26329
    0.37340E+06   -18.28924     0.05815    -5.30878   -13.03861
    0.51962E+06   -18.06078     0.06917    -5.30605   -12.82390
    0.72310E+06   -17.84227     0.07971    -5.30344   -12.61854
    0.10063E+07   -17.63385     0.08978    -5.30105   -12.42258
    0.14003E+07   -17.43539     0.09937    -5.29879   -12.23597
    0.19487E+07   -17.24638     0.10855    -5.29672   -12.05820
    0.27118E+07   -17.06634     0.11731    -5.29474   -11.88891
    0.37737E+07   -16.89471     0.12571    -5.29291   -11.72751
    0.52514E+07   -16.73141     0.13370    -5.29129   -11.57382
    0.73079E+07   -16.57598     0.14132    -5.28973   -11.42757
    0.10170E+08   -16.42813     0.14858    -5.28833   -11.28838
    0.14152E+08   -16.28739     0.15547    -5.28702   -11.15585
    0.19694E+08   -16.15347     0.16203    -5.28583   -11.02967
    0.27406E+08   -16.02605     0.16831    -5.28470   -10.90966
    0.38138E+08   -15.90546     0.17425    -5.28367   -10.79605
    0.53073E+08   -15.79165     0.17992    -5.28273   -10.68884
    0.73856E+08   -15.68432     0.18531    -5.28191   -10.58773
    0.10278E+09   -15.58332     0.19043    -5.28120   -10.49255
    0.14302E+09   -15.48873     0.19530    -5.28054   -10.40349
    0.19903E+09   -15.40111     0.19993    -5.27992   -10.32111
    0.27697E+09   -15.31998     0.20430    -5.27933   -10.24495
    0.38543E+09   -15.24617     0.20841    -5.27882   -10.17577
    0.53637E+09   -15.17857     0.21232    -5.27835   -10.11254
    0.74641E+09   -15.11648     0.21599    -5.27794   -10.05453
    0.10387E+10   -15.05943     0.21938    -5.27756   -10.00125
    0.14454E+10   -15.00690     0.22250    -5.27720    -9.95220
    0.20115E+10   -14.95858     0.22536    -5.27689    -9.90705
    0.27992E+10   -14.91413     0.22796    -5.27662    -9.86547
    0.38953E+10   -14.87308     0.23035    -5.27639    -9.82705
    0.54207E+10   -14.83530     0.23255    -5.27615    -9.79170
    0.75434E+10   -14.80051     0.23456    -5.27592    -9.75915
    0.10497E+11   -14.76868     0.23640    -5.27574    -9.72934
    0.14608E+11   -14.73923     0.23810    -5.27556    -9.70178
    0.20329E+11   -14.71202     0.23967    -5.27539    -9.67630
    0.28289E+11   -14.68700     0.24113    -5.27524    -9.65288
    0.39367E+11   -14.66399     0.24244    -5.27510    -9.63133
    0.54783E+11   -14.64281     0.24367    -5.27500    -9.61148
    0.10000E+12   -14.39571     0.25786    -5.27369    -9.37988
