    -44.945         0.00000     0.00000     0.00000     0.00000
    -44.795         0.00000     0.00000     0.00000     0.00000
    -44.645         0.00000     0.00000     0.00000     0.00000
    -44.495         0.00000     0.00000     0.00000     0.00000
    -44.345         0.00000     0.00000     0.00000     0.00000
    -44.195         0.00000     0.00000     0.00000     0.00000
    -44.045         0.00000     0.00000     0.00000     0.00000
    -43.895         0.00000     0.00000     0.00000     0.00000
    -43.745         0.00000     0.00000     0.00000     0.00000
    -43.595         0.00000     0.00000     0.00000     0.00000
    -43.445         0.00000     0.00000     0.00000     0.00000
    -43.295         0.00000     0.00000     0.00000     0.00000
    -43.145         0.00000     0.00000     0.00000     0.00000
    -42.995         0.00000     0.00000     0.00000     0.00000
    -42.845         0.00000     0.00000     0.00000     0.00000
    -42.695         0.00000     0.00000     0.00000     0.00000
    -42.545         0.00000     0.00000     0.00000     0.00000
    -42.395         0.00000     0.00000     0.00000     0.00000
    -42.245         0.00000     0.00000     0.00000     0.00000
    -42.095         0.00000     0.00000     0.00000     0.00000
    -41.945         0.00000     0.00000     0.00000     0.00000
    -41.795         0.00000     0.00000     0.00000     0.00000
    -41.645         0.00000     0.00000     0.00000     0.00000
    -41.495         0.00000     0.00000     0.00000     0.00000
    -41.345         0.00000     0.00000     0.00000     0.00000
    -41.195         0.00000     0.00000     0.00000     0.00000
    -41.045         0.00000     0.00000     0.00000     0.00000
    -40.895         0.00000     0.00000     0.00000     0.00000
    -40.745         0.00000     0.00000     0.00000     0.00000
    -40.595         0.00000     0.00000     0.00000     0.00000
    -40.445         0.00000     0.00000     0.00000     0.00000
    -40.295         0.00000     0.00000     0.00000     0.00000
    -40.145         0.00000     0.00000     0.00000     0.00000
    -39.995         0.00000     0.00000     0.00000     0.00000
    -39.845         0.00000     0.00000     0.00000     0.00000
    -39.695         0.00000     0.00000     0.00000     0.00000
    -39.545         0.00000     0.00000     0.00000     0.00000
    -39.395         0.00000     0.00000     0.00000     0.00000
    -39.245         0.00000     0.00000     0.00000     0.00000
    -39.095         0.00000     0.00000     0.00000     0.00000
    -38.945         0.00000     0.00000     0.00000     0.00000
    -38.795         0.00000     0.00000     0.00000     0.00000
    -38.645         0.00000     0.00000     0.00000     0.00000
    -38.495         0.00000     0.00000     0.00000     0.00000
    -38.345         0.00000     0.00000     0.00000     0.00000
    -38.195         0.00000     0.00000     0.00000     0.00000
    -38.045         0.00000     0.00000     0.00000     0.00000
    -37.895         0.00000     0.00000     0.00000     0.00000
    -37.745         0.00000     0.00000     0.00000     0.00000
    -37.595         0.00000     0.00000     0.00000     0.00000
    -37.445         0.00000     0.00000     0.00000     0.00000
    -37.295         0.00000     0.00000     0.00000     0.00000
    -37.145         0.00000     0.00000     0.00000     0.00000
    -36.995         0.00000     0.00000     0.00000     0.00000
    -36.845         0.00000     0.00000     0.00000     0.00000
    -36.695         0.00000     0.00000     0.00000     0.00000
    -36.545         0.00000     0.00000     0.00000     0.00000
    -36.395         0.00000     0.00000     0.00000     0.00000
    -36.245         0.00000     0.00000     0.00000     0.00000
    -36.095         0.00000     0.00000     0.00000     0.00000
    -35.945         0.00000     0.00000     0.00000     0.00000
    -35.795         0.00000     0.00000     0.00000     0.00000
    -35.645         0.00000     0.00000     0.00000     0.00000
    -35.495         0.00000     0.00000     0.00000     0.00000
    -35.345         0.00000     0.00000     0.00000     0.00000
    -35.195         0.00000     0.00000     0.00000     0.00000
    -35.045         0.00000     0.00000     0.00000     0.00000
    -34.895         0.00000     0.00000     0.00000     0.00000
    -34.745         0.00000     0.00000     0.00000     0.00000
    -34.595         0.00000     0.00000     0.00000     0.00000
    -34.445         0.00000     0.00000     0.00000     0.00000
    -34.295         0.00000     0.00000     0.00000     0.00000
    -34.145         0.00000     0.00000     0.00000     0.00000
    -33.995         0.00000     0.00000     0.00000     0.00000
    -33.845         0.00000     0.00000     0.00000     0.00000
    -33.695         0.00000     0.00000     0.00000     0.00000
    -33.545         0.00000     0.00000     0.00000     0.00000
    -33.395         0.00000     0.00000     0.00000     0.00000
    -33.245         0.00000     0.00000     0.00000     0.00000
    -33.095         0.00000     0.00000     0.00000     0.00000
    -32.945         0.00000     0.00000     0.00000     0.00000
    -32.795         0.00000     0.00000     0.00000     0.00000
    -32.645         0.00000     0.00000     0.00000     0.00000
    -32.495         0.00000     0.00000     0.00000     0.00000
    -32.345         0.00000     0.00000     0.00000     0.00000
    -32.195         0.00000     0.00000     0.00000     0.00000
    -32.045         0.00000     0.00000     0.00000     0.00000
    -31.895         0.00000     0.00000     0.00000     0.00000
    -31.745         0.00000     0.00000     0.00000     0.00000
    -31.595         0.00000     0.00000     0.00000     0.00000
    -31.445         0.00000     0.00000     0.00000     0.00000
    -31.295         0.00000     0.00000     0.00000     0.00000
    -31.145         0.00000     0.00000     0.00000     0.00000
    -30.995         0.00000     0.00000     0.00000     0.00000
    -30.845        -0.00067     0.00000    -0.00067     0.00000
    -30.695        -0.00067     0.00000    -0.00067     0.00000
    -30.545        -0.00067     0.00000    -0.00067     0.00000
    -30.395        -0.00067     0.00000    -0.00067     0.00000
    -30.245        -0.00067     0.00000    -0.00067     0.00000
    -30.095        -0.00067     0.00000    -0.00067     0.00000
    -29.945        -0.00067     0.00000    -0.00067     0.00000
    -29.795        -0.00067     0.00000    -0.00067     0.00000
    -29.645        -0.00067     0.00000    -0.00067     0.00000
    -29.495        -0.00067     0.00000    -0.00067     0.00000
    -29.345        -0.00067     0.00000    -0.00067     0.00000
    -29.195        -0.00067     0.00000    -0.00067     0.00000
    -29.045        -0.00133     0.00000    -0.00133     0.00000
    -28.895        -0.00133     0.00000    -0.00133     0.00000
    -28.745        -0.00133     0.00000    -0.00133     0.00000
    -28.595        -0.00133     0.00000    -0.00133     0.00000
    -28.445        -0.00133     0.00000    -0.00133     0.00000
    -28.295        -0.00195     0.00000    -0.00195     0.00000
    -28.145        -0.00322     0.00000    -0.00322     0.00000
    -27.995        -0.00384     0.00000    -0.00384     0.00000
    -27.845        -0.00448     0.00000    -0.00448     0.00000
    -27.695        -0.00634     0.00000    -0.00634     0.00000
    -27.545        -0.00819    -0.00059    -0.00760     0.00000
    -27.395        -0.00946    -0.00059    -0.00886     0.00000
    -27.245        -0.01135    -0.00059    -0.01076     0.00000
    -27.095        -0.01321    -0.00117    -0.01204     0.00000
    -26.945        -0.01987    -0.00174    -0.01813     0.00000
    -26.795        -0.02423    -0.00174    -0.02248     0.00000
    -26.645        -0.03217    -0.00231    -0.02986     0.00000
    -26.495        -0.04072    -0.00231    -0.03841     0.00000
    -26.345        -0.05228    -0.00231    -0.04996     0.00000
    -26.195        -0.07089    -0.00344    -0.06744     0.00000
    -26.045        -0.08781    -0.00344    -0.08437     0.00000
    -25.895        -0.11414    -0.00344    -0.11070     0.00000
    -25.745        -0.13303    -0.00344    -0.12959     0.00000
    -25.595        -0.15479    -0.00344    -0.15134     0.00000
    -25.445        -0.18315    -0.00400    -0.17915     0.00000
    -25.295        -0.21787    -0.00400    -0.21387     0.00000
    -25.145        -0.25556    -0.00400    -0.25156     0.00000
    -24.995        -0.29856    -0.00455    -0.29401     0.00000
    -24.845        -0.34269    -0.00455    -0.33814     0.00000
    -24.695        -0.39320    -0.00510    -0.38810     0.00000
    -24.545        -0.45006    -0.00564    -0.44442     0.00000
    -24.395        -0.51441    -0.00617    -0.50823     0.00000
    -24.245        -0.58319    -0.00669    -0.57650     0.00000
    -24.095        -0.65349    -0.00770    -0.64578     0.00000
    -23.945        -0.71775    -0.00823    -0.70953     0.00000
    -23.795        -0.78802    -0.00926    -0.77875     0.00000
    -23.645        -0.87030    -0.01030    -0.86000     0.00000
    -23.495        -0.95364    -0.01030    -0.94334     0.00000
    -23.345        -1.01801    -0.01133    -1.00668     0.00000
    -23.195        -1.09644    -0.01236    -1.08408     0.00000
    -23.045        -1.17045    -0.01338    -1.15707     0.00000
    -22.895        -1.24036    -0.01442    -1.22594     0.00000
    -22.745        -1.31214    -0.01592    -1.29622     0.00000
    -22.595        -1.37884    -0.01794    -1.36091     0.00000
    -22.445        -1.46116    -0.02042    -1.44074     0.00000
    -22.295        -1.53118    -0.02145    -1.50973     0.00000
    -22.145        -1.59358    -0.02342    -1.57016     0.00000
    -21.995        -1.66774    -0.02491    -1.64283     0.00000
    -21.845        -1.73574    -0.02641    -1.70933     0.00000
    -21.695        -1.79833    -0.02838    -1.76995     0.00000
    -21.545        -1.85343    -0.03032    -1.82310     0.00000
    -21.395        -1.91238    -0.03228    -1.88010     0.00000
    -21.245        -1.96710    -0.03280    -1.93430     0.00000
    -21.095        -2.03042    -0.03664    -1.99379     0.00000
    -20.945        -2.07491    -0.03860    -2.03631     0.00000
    -20.795        -2.12882    -0.04101    -2.08781     0.00000
    -20.645        -2.18094    -0.04387    -2.13707     0.00000
    -20.495        -2.23825    -0.04629    -2.19197     0.00000
    -20.345        -2.28399    -0.04958    -2.23441     0.00000
    -20.195        -2.33209    -0.05151    -2.28059     0.00000
    -20.045        -2.38233    -0.05482    -2.32750     0.00000
    -19.895        -2.43473    -0.05810    -2.37664     0.00000
    -19.745        -2.48251    -0.06137    -2.42113     0.00000
    -19.595        -2.52298    -0.06599    -2.45699     0.00000
    -19.445        -2.56108    -0.06882    -2.49225     0.00000
    -19.295        -2.60712    -0.07428    -2.53283     0.00000
    -19.145        -2.64246    -0.07842    -2.56404     0.00000
    -18.995        -2.68164    -0.08385    -2.59779     0.00000
    -18.845        -2.71487    -0.08796    -2.62690     0.00000
    -18.695        -2.74704    -0.09207    -2.65498     0.00000
    -18.545        -2.78171    -0.09745    -2.68426     0.00000
    -18.395        -2.81953    -0.10068    -2.71885     0.00000
    -18.245        -2.85096    -0.10521    -2.74575     0.00000
    -18.095        -2.88344    -0.11138    -2.77206     0.00000
    -17.945        -2.91150    -0.11628    -2.79523     0.00000
    -17.795        -2.94397    -0.12036    -2.82361     0.00000
    -17.645        -2.97907    -0.12853    -2.85055     0.00000
    -17.495        -3.00563    -0.13383    -2.87180     0.00000
    -17.345        -3.03342    -0.13996    -2.89346     0.00000
    -17.195        -3.05983    -0.14566    -2.91417     0.00000
    -17.045        -3.08837    -0.15134    -2.93703     0.00000
    -16.895        -3.12058    -0.15662    -2.96396     0.00000
    -16.745        -3.15085    -0.16542    -2.98543     0.00000
    -16.595        -3.17904    -0.17302    -3.00603     0.00000
    -16.445        -3.20731    -0.17828    -3.02903     0.00000
    -16.295        -3.23152    -0.18435    -3.04717     0.00000
    -16.145        -3.25631    -0.19150    -3.06480     0.00000
    -15.995        -3.28081    -0.19753    -3.08328     0.00000
    -15.845        -3.31074    -0.20582    -3.10492     0.00000
    -15.695        -3.33786    -0.21485    -3.12301     0.00000
    -15.545        -3.36229    -0.22277    -3.13952     0.00000
    -15.395        -3.38443    -0.22880    -3.15563     0.00000
    -15.245        -3.40702    -0.23525    -3.17177     0.00000
    -15.095        -3.43180    -0.24423    -3.18757     0.00000
    -14.945        -3.45374    -0.24998    -3.20376     0.00000
    -14.795        -3.47683    -0.25643    -3.22041     0.00000
    -14.645        -3.49921    -0.26292    -3.23629     0.00000
    -14.495        -3.51879    -0.26728    -3.25152     0.00000
    -14.345        -3.54084    -0.27483    -3.26601     0.00000
    -14.195        -3.56761    -0.28446    -3.28316     0.00000
    -14.045        -3.58850    -0.29199    -3.29651     0.00000
    -13.895        -3.61549    -0.30222    -3.31327     0.00000
    -13.745        -3.63589    -0.30878    -3.32711     0.00000
    -13.595        -3.66358    -0.32099    -3.34259     0.00000
    -13.445        -3.68773    -0.32893    -3.35879     0.00000
    -13.295        -3.70703    -0.33561    -3.37142     0.00000
    -13.145        -3.72748    -0.34393    -3.38356     0.00000
    -12.995        -3.74904    -0.35225    -3.39679     0.00000
    -12.845        -3.77032    -0.35901    -3.41131     0.00000
    -12.695        -3.79535    -0.36861    -3.42674     0.00000
    -12.545        -3.81942    -0.37765    -3.44177     0.00000
    -12.395        -3.84117    -0.38516    -3.45601     0.00000
    -12.245        -3.86336    -0.39453    -3.46883     0.00000
    -12.095        -3.89115    -0.40715    -3.48400     0.00000
    -11.945        -3.91451    -0.41660    -3.49791     0.00000
    -11.795        -3.94058    -0.42693    -3.51365     0.00000
    -11.645        -3.96694    -0.43789    -3.52904     0.00000
    -11.495        -3.99435    -0.44831    -3.54604     0.00000
    -11.345        -4.02274    -0.45901    -3.56374     0.00000
    -11.195        -4.05208    -0.47087    -3.58121     0.00000
    -11.045        -4.08195    -0.48253    -3.59942     0.00000
    -10.895        -4.11570    -0.49607    -3.61963     0.00000
    -10.745        -4.14546    -0.50779    -3.63767     0.00000
    -10.595        -4.17950    -0.52270    -3.65680     0.00000
    -10.445        -4.21141    -0.53298    -3.67843     0.00000
    -10.295        -4.25155    -0.54892    -3.70262     0.00000
    -10.145        -4.28981    -0.56247    -3.72698    -0.00036
    -9.9950        -4.33059    -0.57881    -3.75142    -0.00036
    -9.8450        -4.37002    -0.59149    -3.77640    -0.00212
    -9.6950        -4.41820    -0.60719    -3.80669    -0.00433
    -9.5450        -4.47330    -0.62545    -3.83780    -0.01005
    -9.3950        -4.53650    -0.64422    -3.87177    -0.02051
    -9.2450        -4.61297    -0.66574    -3.90901    -0.03821
    -9.0950        -4.69881    -0.68587    -3.94580    -0.06714
    -8.9450        -4.79516    -0.70788    -3.97817    -0.10911
    -8.7950        -4.91060    -0.73306    -4.01504    -0.16250
    -8.6450        -5.04642    -0.75678    -4.05322    -0.23642
    -8.4950        -5.21978    -0.78314    -4.09463    -0.34201
    -8.3450        -5.43557    -0.81485    -4.14232    -0.47840
    -8.1950        -5.67437    -0.84812    -4.19231    -0.63393
    -8.0450        -5.96026    -0.88195    -4.23962    -0.83868
    -7.8950        -6.29146    -0.92043    -4.28559    -1.08544
    -7.7450        -6.66864    -0.96384    -4.33277    -1.37204
    -7.5950        -7.09937    -1.00959    -4.38018    -1.70960
    -7.4450        -7.58999    -1.06172    -4.43710    -2.09118
    -7.2950        -8.11582    -1.11118    -4.49310    -2.51154
    -7.1450        -8.68364    -1.16520    -4.54672    -2.97171
    -6.9950        -9.28305    -1.22224    -4.60228    -3.45853
    -6.8450        -9.92490    -1.28380    -4.66021    -3.98089
    -6.6950       -10.60492    -1.34993    -4.71788    -4.53711
    -6.5450       -11.27217    -1.41507    -4.78608    -5.07102
    -6.3950       -11.94490    -1.48477    -4.84877    -5.61136
    -6.2450       -12.61806    -1.55401    -4.91616    -6.14789
    -6.0950       -13.28834    -1.63280    -4.97839    -6.67715
    -5.9450       -13.95103    -1.71056    -5.04522    -7.19525
    -5.7950       -14.62454    -1.79112    -5.11589    -7.71752
    -5.6450       -15.27927    -1.87413    -5.18992    -8.21522
    -5.4950       -15.91429    -1.95533    -5.26463    -8.69433
    -5.3450       -16.53813    -2.04133    -5.33719    -9.15961
    -5.1950       -17.14589    -2.12479    -5.41597    -9.60513
    -5.0450       -17.74223    -2.21324    -5.49703   -10.03195
    -4.8950       -18.33741    -2.30783    -5.58078   -10.44880
    -4.7450       -18.92371    -2.39963    -5.66355   -10.86053
    -4.5950       -19.50685    -2.50059    -5.75261   -11.25365
    -4.4450       -20.09431    -2.60489    -5.84645   -11.64297
    -4.2950       -20.68492    -2.71263    -5.94017   -12.03212
    -4.1450       -21.29181    -2.82510    -6.04144   -12.42527
    -3.9950       -21.91582    -2.93895    -6.14900   -12.82787
    -3.8450       -22.55701    -3.05804    -6.25908   -13.23988
    -3.6950       -23.22674    -3.18384    -6.37911   -13.66380
    -3.5450       -23.91941    -3.32021    -6.50899   -14.09022
    -3.3950       -24.64103    -3.46036    -6.64910   -14.53157
    -3.2450       -25.39356    -3.60617    -6.79969   -14.98770
    -3.0950       -26.18285    -3.76653    -6.96137   -15.45495
    -2.9450       -27.00199    -3.93312    -7.13707   -15.93180
    -2.7950       -27.87090    -4.11477    -7.31869   -16.43744
    -2.6450       -28.79093    -4.30488    -7.51946   -16.96659
    -2.4950       -29.78108    -4.50962    -7.73629   -17.53517
    -2.3450       -30.85648    -4.72648    -7.97348   -18.15652
    -2.1950       -32.03466    -4.96590    -8.23429   -18.83448
    -2.0450       -33.33924    -5.21621    -8.52551   -19.59752
    -1.8950       -34.80760    -5.48557    -8.84973   -20.47231
    -1.7450       -36.46773    -5.78344    -9.20860   -21.47569
    -1.5950       -38.33718    -6.10640    -9.60805   -22.62274
    -1.4450       -40.43211    -6.46125   -10.05747   -23.91339
    -1.2950       -42.78092    -6.85747   -10.56572   -25.35772
    -1.1450       -45.37790    -7.28326   -11.13574   -26.95889
   -0.99500       -48.25106    -7.75556   -11.78251   -28.71300
   -0.84500       -51.42326    -8.27391   -12.52156   -30.62779
   -0.69500       -54.99344    -8.85400   -13.40005   -32.73938
   -0.54500       -59.15070    -9.52735   -14.40822   -35.21514
   -0.39500       -64.20619   -10.29315   -15.50989   -38.40315
   -0.25300       -68.14316   -10.78116   -16.19046   -41.17154
   -0.21500       -68.41264   -10.80940   -16.22867   -41.37457
   -0.20900       -68.68714   -10.83745   -16.26562   -41.58407
   -0.20300       -68.96528   -10.86548   -16.30174   -41.79806
   -0.19700       -69.24827   -10.89294   -16.33725   -42.01808
   -0.19100       -69.53404   -10.91928   -16.37191   -42.24285
   -0.18500       -69.82588   -10.94576   -16.40546   -42.47466
   -0.17900       -70.12481   -10.97171   -16.43776   -42.71534
   -0.17300       -70.42873   -10.99703   -16.46949   -42.96221
   -0.16700       -70.74169   -11.02221   -16.50008   -43.21940
   -0.16100       -71.06111   -11.04684   -16.52984   -43.48444
   -0.15500       -71.39084   -11.07082   -16.55898   -43.76105
   -0.14900       -71.72901   -11.09407   -16.58733   -44.04760
   -0.14300       -72.07890   -11.11683   -16.61430   -44.34777
   -0.13700       -72.43940   -11.13873   -16.64037   -44.66029
   -0.13100       -72.81328   -11.16000   -16.66544   -44.98784
   -0.12500       -73.20288   -11.18073   -16.68957   -45.33257
   -0.11900       -73.60775   -11.20066   -16.71234   -45.69475
   -0.11300       -74.03094   -11.22013   -16.73450   -46.07631
   -0.10700       -74.47464   -11.23857   -16.75516   -46.48092
   -0.10100       -74.94058   -11.25608   -16.77484   -46.90967
   -0.95000E-01   -75.43183   -11.27289   -16.79330   -47.36564
   -0.89000E-01   -75.94815   -11.28870   -16.81076   -47.84869
   -0.83000E-01   -76.49421   -11.30350   -16.82709   -48.36362
   -0.77000E-01   -77.07293   -11.31754   -16.84217   -48.91322
   -0.71000E-01   -77.68723   -11.33038   -16.85626   -49.50058
   -0.65000E-01   -78.34224   -11.34228   -16.86893   -50.13104
   -0.59000E-01   -79.04061   -11.35304   -16.88056   -50.80700
   -0.53000E-01   -79.78524   -11.36279   -16.89081   -51.53164
   -0.47000E-01   -80.58458   -11.37150   -16.90003   -52.31305
   -0.41000E-01   -81.44560   -11.37914   -16.90809   -53.15837
   -0.35000E-01   -82.37610   -11.38568   -16.91486   -54.07556
   -0.29000E-01   -83.37320   -11.39104   -16.92052   -55.06164
   -0.23000E-01   -84.39985   -11.39542   -16.92501   -56.07942
   -0.19700E-01   -84.50067   -11.39579   -16.92539   -56.17948
   -0.19100E-01   -84.60075   -11.39615   -16.92576   -56.27884
   -0.18500E-01   -84.69994   -11.39649   -16.92611   -56.37735
   -0.17900E-01   -84.79819   -11.39683   -16.92646   -56.47490
   -0.17300E-01   -84.89532   -11.39716   -16.92678   -56.57138
   -0.16700E-01   -84.99080   -11.39748   -16.92709   -56.66623
   -0.16100E-01   -85.08477   -11.39779   -16.92740   -56.75958
   -0.15500E-01   -85.17686   -11.39808   -16.92770   -56.85108
   -0.14900E-01   -85.26707   -11.39837   -16.92799   -56.94071
   -0.14300E-01   -85.35498   -11.39865   -16.92826   -57.02806
   -0.13700E-01   -85.44068   -11.39891   -16.92853   -57.11324
   -0.13100E-01   -85.52364   -11.39916   -16.92880   -57.19569
   -0.12500E-01   -85.60403   -11.39939   -16.92904   -57.27560
   -0.11900E-01   -85.68135   -11.39961   -16.92927   -57.35247
   -0.11300E-01   -85.75578   -11.39982   -16.92950   -57.42646
   -0.10700E-01   -85.82691   -11.40003   -16.92970   -57.49718
   -0.10100E-01   -85.89499   -11.40022   -16.92991   -57.56487
   -0.95000E-02   -85.95954   -11.40040   -16.93010   -57.62905
   -0.89000E-02   -86.02058   -11.40057   -16.93027   -57.68974
   -0.83000E-02   -86.07798   -11.40073   -16.93043   -57.74682
   -0.77000E-02   -86.13149   -11.40087   -16.93059   -57.80003
   -0.71000E-02   -86.18134   -11.40101   -16.93073   -57.84960
   -0.65000E-02   -86.22729   -11.40113   -16.93086   -57.89529
   -0.59000E-02   -86.26923   -11.40124   -16.93098   -57.93701
   -0.53000E-02   -86.30717   -11.40134   -16.93108   -57.97474
   -0.47000E-02   -86.34102   -11.40143   -16.93118   -58.00841
   -0.41000E-02   -86.37066   -11.40151   -16.93126   -58.03789
   -0.35000E-02   -86.39604   -11.40158   -16.93132   -58.06314
   -0.29000E-02   -86.41720   -11.40164   -16.93138   -58.08418
   -0.23000E-02   -86.43403   -11.40168   -16.93143   -58.10092
   -0.17000E-02   -86.44650   -11.40171   -16.93146   -58.11333
   -0.11000E-02   -86.45462   -11.40174   -16.93149   -58.12140
   -0.50000E-03   -86.45836   -11.40175   -16.93150   -58.12511
    0.10000E-03   -86.45769   -11.40175   -16.93149   -58.12445
    0.70000E-03   -86.45266   -11.40173   -16.93148   -58.11944
    0.13000E-02   -86.44322   -11.40172   -16.93145   -58.11004
    0.19000E-02   -86.42944   -11.40168   -16.93142   -58.09633
    0.25000E-02   -86.41129   -11.40164   -16.93137   -58.07828
    0.31000E-02   -86.38877   -11.40157   -16.93131   -58.05589
    0.37000E-02   -86.36209   -11.40150   -16.93124   -58.02934
    0.43000E-02   -86.33105   -11.40142   -16.93116   -57.99847
    0.49000E-02   -86.29586   -11.40133   -16.93107   -57.96346
    0.55000E-02   -86.25651   -11.40122   -16.93096   -57.92433
    0.61000E-02   -86.21298   -11.40111   -16.93084   -57.88102
    0.67000E-02   -86.16553   -11.40099   -16.93071   -57.83383
    0.73000E-02   -86.11408   -11.40085   -16.93058   -57.78266
    0.79000E-02   -86.05888   -11.40070   -16.93042   -57.72777
    0.85000E-02   -85.99975   -11.40054   -16.93026   -57.66895
    0.91000E-02   -85.93702   -11.40037   -16.93008   -57.60657
    0.97000E-02   -85.87075   -11.40018   -16.92990   -57.54067
    0.10300E-01   -85.80110   -11.39998   -16.92969   -57.47144
    0.10900E-01   -85.72834   -11.39978   -16.92947   -57.39908
    0.11500E-01   -85.65238   -11.39956   -16.92925   -57.32357
    0.12100E-01   -85.57314   -11.39934   -16.92903   -57.24477
    0.12700E-01   -85.49103   -11.39912   -16.92878   -57.16313
    0.13300E-01   -85.40647   -11.39886   -16.92854   -57.07907
    0.13900E-01   -85.31919   -11.39860   -16.92827   -56.99232
    0.14500E-01   -85.22952   -11.39833   -16.92799   -56.90320
    0.15100E-01   -85.13752   -11.39806   -16.92770   -56.81177
    0.15700E-01   -85.04370   -11.39777   -16.92741   -56.71852
    0.16300E-01   -84.94828   -11.39746   -16.92709   -56.62373
    0.16900E-01   -84.85099   -11.39713   -16.92677   -56.52708
    0.17500E-01   -84.75249   -11.39681   -16.92643   -56.42924
    0.18100E-01   -84.65258   -11.39647   -16.92610   -56.33001
    0.18700E-01   -84.55173   -11.39613   -16.92575   -56.22985
    0.19300E-01   -84.45000   -11.39575   -16.92538   -56.12886
    0.20200E-01   -84.04958   -11.39424   -16.92382   -55.73152
    0.25000E-01   -83.01376   -11.38960   -16.91901   -54.70514
    0.31000E-01   -82.02700   -11.38374   -16.91317   -53.73009
    0.37000E-01   -81.11199   -11.37674   -16.90618   -52.82906
    0.43000E-01   -80.26508   -11.36863   -16.89806   -51.99839
    0.49000E-01   -79.47819   -11.35914   -16.88890   -51.23014
    0.55000E-01   -78.74570   -11.34881   -16.87863   -50.51825
    0.61000E-01   -78.06095   -11.33726   -16.86731   -49.85639
    0.67000E-01   -77.41956   -11.32472   -16.85483   -49.24002
    0.73000E-01   -76.81844   -11.31101   -16.84148   -48.66594
    0.79000E-01   -76.25564   -11.29620   -16.82727   -48.13217
    0.85000E-01   -75.72694   -11.28027   -16.81220   -47.63446
    0.91000E-01   -75.22944   -11.26318   -16.79589   -47.17038
    0.97000E-01   -74.76282   -11.24502   -16.77899   -46.73881
    0.10300       -74.32271   -11.22549   -16.76133   -46.33589
    0.10900       -73.90566   -11.20503   -16.74265   -45.95797
    0.11500       -73.51174   -11.18364   -16.72340   -45.60470
    0.12100       -73.13862   -11.16133   -16.70338   -45.27392
    0.12700       -72.78318   -11.13793   -16.68269   -44.96256
    0.13300       -72.44344   -11.11354   -16.66131   -44.66859
    0.13900       -72.11936   -11.08795   -16.63949   -44.39191
    0.14500       -71.80746   -11.06144   -16.61653   -44.12949
    0.15100       -71.50742   -11.03376   -16.59333   -43.88032
    0.15700       -71.21796   -11.00450   -16.56966   -43.64380
    0.16300       -70.93964   -10.97492   -16.54553   -43.41920
    0.16900       -70.66837   -10.94401   -16.52131   -43.20305
    0.17500       -70.40425   -10.91217   -16.49611   -42.99597
    0.18100       -70.14706   -10.87918   -16.47082   -42.79707
    0.18700       -69.89712   -10.84605   -16.44476   -42.60631
    0.19300       -69.65222   -10.81105   -16.41877   -42.42240
    0.19900       -69.41310   -10.77567   -16.39201   -42.24541
    0.20500       -69.17834   -10.73929   -16.36470   -42.07435
    0.21100       -68.94815   -10.70207   -16.33699   -41.90909
    0.21700       -68.72245   -10.66415   -16.30910   -41.74919
    0.29500       -63.81758    -9.55901   -15.54018   -38.71839
    0.44500       -60.23573    -8.47718   -14.80324   -36.95531
    0.59500       -57.45465    -7.53666   -14.16400   -35.75399
    0.74500       -55.19000    -6.73908   -13.60662   -34.84430
    0.89500       -53.27473    -6.06568   -13.11223   -34.09682
     1.0450       -51.61447    -5.48449   -12.67140   -33.45858
     1.1950       -50.15633    -4.97328   -12.27734   -32.90571
     1.3450       -48.86567    -4.52037   -11.92239   -32.42291
     1.4950       -47.70779    -4.11397   -11.60100   -31.99282
     1.6450       -46.66218    -3.74851   -11.30854   -31.60512
     1.7950       -45.71345    -3.42087   -11.04343   -31.24915
     1.9450       -44.85083    -3.12877   -10.79660   -30.92545
     2.0950       -44.05766    -2.86630   -10.56883   -30.62252
     2.2450       -43.32887    -2.62800   -10.36040   -30.34047
     2.3950       -42.65234    -2.40972   -10.16891   -30.07371
     2.5450       -42.02800    -2.21309    -9.99234   -29.82257
     2.6950       -41.44333    -2.03130    -9.82520   -29.58684
     2.8450       -40.90031    -1.86566    -9.67073   -29.36392
     2.9950       -40.39458    -1.71258    -9.52311   -29.15889
     3.1450       -39.92745    -1.56955    -9.38548   -28.97242
     3.2950       -39.48805    -1.43648    -9.25462   -28.79694
     3.4450       -39.07803    -1.31262    -9.13161   -28.63379
     3.5950       -38.69750    -1.19713    -9.01656   -28.48381
     3.7450       -38.33869    -1.08855    -8.90620   -28.34394
     3.8950       -38.00351    -0.98627    -8.80225   -28.21498
     4.0450       -37.69541    -0.88966    -8.70266   -28.10309
     4.1950       -37.40648    -0.79692    -8.60992   -27.99964
     4.3450       -37.13812    -0.71022    -8.52108   -27.90681
     4.4950       -36.88029    -0.62838    -8.43506   -27.81686
     4.6450       -36.63916    -0.55131    -8.35491   -27.73293
     4.7950       -36.41257    -0.47732    -8.27696   -27.65829
     4.9450       -36.19505    -0.40643    -8.20352   -27.58510
     5.0950       -35.99530    -0.33869    -8.13204   -27.52458
     5.2450       -35.80556    -0.27373    -8.06477   -27.46706
     5.3950       -35.62117    -0.21169    -7.99946   -27.41003
     5.5450       -35.44654    -0.15190    -7.93972   -27.35493
     5.6950       -35.28377    -0.09449    -7.88485   -27.30442
     5.8450       -35.12923    -0.03899    -7.83871   -27.25153
     5.9950       -34.98288     0.01477    -7.79008   -27.20756
     6.1450       -34.84029     0.06638    -7.74240   -27.16427
     6.2950       -34.69981     0.11613    -7.69598   -27.11997
     6.4450       -34.57187     0.16403    -7.65748   -27.07843
     6.5950       -34.44845     0.21066    -7.62128   -27.03783
     6.7450       -34.33044     0.25518    -7.58653   -26.99910
     6.8950       -34.21377     0.29802    -7.55100   -26.96079
     7.0450       -34.10092     0.34003    -7.51751   -26.92343
     7.1950       -33.99389     0.38046    -7.48704   -26.88731
     7.3450       -33.89407     0.41996    -7.46353   -26.85049
     7.4950       -33.79172     0.45835    -7.43431   -26.81576
     7.6450       -33.69197     0.49605    -7.40691   -26.78111
     7.7950       -33.60284     0.53232    -7.38812   -26.74704
     7.9450       -33.51777     0.56777    -7.37114   -26.71440
     8.0950       -33.42883     0.60189    -7.34829   -26.68244
     8.2450       -33.34506     0.63456    -7.32850   -26.65112
     8.3950       -33.26258     0.66646    -7.30873   -26.62030
     8.5450       -33.18559     0.69804    -7.29355   -26.59009
     8.6950       -33.11114     0.72866    -7.27937   -26.56043
     8.8450       -33.03681     0.75845    -7.26406   -26.53119
     8.9950       -32.96031     0.78734    -7.24523   -26.50241
     9.1450       -32.88924     0.81592    -7.23096   -26.47420
     9.2950       -32.82705     0.84362    -7.22425   -26.44641
     9.4450       -32.76078     0.87040    -7.21209   -26.41909
     9.5950       -32.69787     0.89677    -7.20245   -26.39220
     9.7450       -32.63995     0.92141    -7.19572   -26.36565
     9.8950       -32.58324     0.93786    -7.18147   -26.33963
     10.045       -32.52573     0.96300    -7.17469   -26.31403
     10.195       -32.46586     0.98665    -7.16370   -26.28881
     10.345       -32.40704     1.00964    -7.15269   -26.26399
     10.495       -32.35129     1.03120    -7.14299   -26.23950
     10.645       -32.29858     1.05300    -7.13617   -26.21540
     10.795       -32.24797     1.07303    -7.12938   -26.19162
     10.945       -32.19621     1.09442    -7.12251   -26.16812
     11.095       -32.14589     1.11473    -7.11565   -26.14497
     11.245       -32.09581     1.13507    -7.10875   -26.12213
     11.395       -32.05114     1.15397    -7.10549   -26.09963
     11.545       -32.00215     1.17383    -7.09855   -26.07743
     11.695       -31.95480     1.19400    -7.09333   -26.05547
     11.845       -31.90809     1.21383    -7.08813   -26.03380
     11.995       -31.87163     1.22561    -7.08488   -26.01236
     12.145       -31.82507     1.24401    -7.07782   -25.99126
     12.295       -31.78780     1.25936    -7.07678   -25.97038
     12.445       -31.74705     1.27631    -7.07356   -25.94981
     12.595       -31.70507     1.28927    -7.06489   -25.92945
     12.745       -31.67210     1.30115    -7.06394   -25.90930
     12.895       -31.63204     1.31815    -7.06069   -25.88951
     13.045       -31.59773     1.33196    -7.05978   -25.86991
     13.195       -31.56547     1.34391    -7.05893   -25.85045
     13.345       -31.53346     1.35589    -7.05808   -25.83127
     13.495       -31.50172     1.36785    -7.05724   -25.81233
     13.645       -31.47029     1.37731    -7.05401   -25.79359
     13.795       -31.44495     1.38332    -7.05322   -25.77505
     13.945       -31.41788     1.39127    -7.05246   -25.75670
     14.095       -31.39293     1.39733    -7.05173   -25.73854
     14.245       -31.36808     1.40347    -7.05097   -25.72058
     14.395       -31.34345     1.40960    -7.05025   -25.70280
     14.545       -31.31423     1.42058    -7.04956   -25.68525
     14.695       -31.29233     1.42443    -7.04887   -25.66789
     14.845       -31.27322     1.42565    -7.04820   -25.65068
     14.995       -31.25167     1.42955    -7.04755   -25.63367
     15.145       -31.22800     1.43578    -7.04694   -25.61684
     15.295       -31.20679     1.43968    -7.04631   -25.60015
     15.445       -31.18584     1.44358    -7.04572   -25.58370
     15.595       -31.16496     1.44751    -7.04512   -25.56735
     15.745       -31.14428     1.45146    -7.04454   -25.55121
     15.895       -31.12662     1.45253    -7.04396   -25.53519
     16.045       -31.10905     1.45361    -7.04340   -25.51925
     16.195       -31.09171     1.45467    -7.04284   -25.50354
     16.345       -31.07154     1.45865    -7.04229   -25.48790
     16.495       -31.05463     1.45968    -7.04179   -25.47252
     16.645       -31.03785     1.46068    -7.04127   -25.45726
     16.795       -31.02114     1.46168    -7.04075   -25.44207
     16.945       -31.00464     1.46267    -7.04027   -25.42705
     17.095       -30.98837     1.46364    -7.03979   -25.41221
     17.245       -30.97217     1.46459    -7.03930   -25.39746
     17.395       -30.95608     1.46555    -7.03882   -25.38281
     17.545       -30.94015     1.46649    -7.03834   -25.36829
     17.695       -30.92437     1.46742    -7.03787   -25.35391
     17.845       -30.90878     1.46832    -7.03743   -25.33968
     17.995       -30.89336     1.46921    -7.03699   -25.32557
     18.145       -30.87804     1.47008    -7.03656   -25.31157
     18.295       -30.86288     1.47096    -7.03612   -25.29772
     18.445       -30.84780     1.47182    -7.03569   -25.28393
     18.595       -30.83288     1.47268    -7.03527   -25.27029
     18.745       -30.81808     1.47351    -7.03485   -25.25674
     18.895       -30.80341     1.47434    -7.03445   -25.24330
     19.045       -30.78882     1.47516    -7.03404   -25.22994
     19.195       -30.77442     1.47597    -7.03367   -25.21672
     19.345       -30.76008     1.47678    -7.03327   -25.20359
     19.495       -30.74596     1.47756    -7.03287   -25.19064
     19.645       -30.73190     1.47835    -7.03250   -25.17775
     19.795       -30.71795     1.47913    -7.03212   -25.16495
     19.945       -30.70412     1.47990    -7.03176   -25.15226
     20.095       -30.69039     1.48066    -7.03140   -25.13965
     20.245       -30.67675     1.48142    -7.03105   -25.12712
     20.395       -30.66323     1.48216    -7.03069   -25.11471
     20.545       -30.64981     1.48291    -7.03036   -25.10236
     20.695       -30.63646     1.48365    -7.03000   -25.09010
     20.845       -30.62325     1.48436    -7.02968   -25.07793
     20.995       -30.61019     1.48509    -7.02937   -25.06591
     21.145       -30.59719     1.48578    -7.02904   -25.05393
     21.295       -30.58428     1.48649    -7.02872   -25.04204
     21.445       -30.57148     1.48718    -7.02840   -25.03026
     21.595       -30.55874     1.48788    -7.02810   -25.01853
     21.745       -30.54612     1.48856    -7.02777   -25.00691
     21.895       -30.53356     1.48924    -7.02744   -24.99535
     22.045       -30.52115     1.48991    -7.02717   -24.98389
     22.195       -30.50881     1.49057    -7.02688   -24.97250
     22.345       -30.49657     1.49124    -7.02658   -24.96124
     22.495       -30.48438     1.49190    -7.02629   -24.94999
     22.645       -30.47224     1.49255    -7.02601   -24.93877
     22.795       -30.46020     1.49320    -7.02572   -24.92767
     22.945       -30.44833     1.49383    -7.02546   -24.91670
     23.095       -30.43647     1.49447    -7.02518   -24.90577
     23.245       -30.42473     1.49509    -7.02491   -24.89491
     23.395       -30.41302     1.49571    -7.02465   -24.88409
     23.545       -30.40134     1.49633    -7.02435   -24.87332
     23.695       -30.38978     1.49692    -7.02407   -24.86263
     23.845       -30.37834     1.49754    -7.02382   -24.85206
     23.995       -30.36696     1.49814    -7.02356   -24.84154
     24.145       -30.35566     1.49874    -7.02329   -24.83111
     24.295       -30.34445     1.49932    -7.02303   -24.82074
     24.445       -30.33331     1.49991    -7.02279   -24.81042
     24.595       -30.32225     1.50048    -7.02254   -24.80019
     24.745       -30.31123     1.50106    -7.02230   -24.78998
     24.895       -30.30029     1.50163    -7.02208   -24.77985
     25.045       -30.28945     1.50220    -7.02184   -24.76980
     25.195       -30.27866     1.50277    -7.02161   -24.75981
     25.345       -30.26791     1.50333    -7.02136   -24.74988
     25.495       -30.25724     1.50389    -7.02112   -24.74001
     25.645       -30.24666     1.50444    -7.02089   -24.73021
     25.795       -30.23611     1.50499    -7.02067   -24.72044
     25.945       -30.22561     1.50554    -7.02043   -24.71073
     26.095       -30.21523     1.50608    -7.02020   -24.70110
     26.245       -30.20488     1.50661    -7.01997   -24.69152
     26.395       -30.19465     1.50713    -7.01976   -24.68201
     26.545       -30.18445     1.50765    -7.01955   -24.67255
     26.695       -30.17432     1.50817    -7.01934   -24.66315
     26.845       -30.16421     1.50869    -7.01914   -24.65376
     26.995       -30.15414     1.50921    -7.01892   -24.64442
     27.145       -30.14414     1.50972    -7.01871   -24.63514
     27.295       -30.13424     1.51023    -7.01852   -24.62594
     27.445       -30.12439     1.51073    -7.01832   -24.61681
     27.595       -30.11459     1.51124    -7.01812   -24.60771
     27.745       -30.10485     1.51173    -7.01794   -24.59864
     27.895       -30.09517     1.51222    -7.01773   -24.58966
     28.045       -30.08549     1.51270    -7.01751   -24.58068
     28.195       -30.07591     1.51318    -7.01733   -24.57177
     28.345       -30.06634     1.51366    -7.01713   -24.56287
     28.495       -30.05688     1.51414    -7.01694   -24.55408
     28.645       -30.04744     1.51461    -7.01675   -24.54531
     28.795       -30.03805     1.51510    -7.01657   -24.53658
     28.945       -30.02873     1.51557    -7.01639   -24.52791
     29.095       -30.01950     1.51605    -7.01622   -24.51934
     29.245       -30.01027     1.51652    -7.01604   -24.51076
     29.395       -30.00111     1.51698    -7.01585   -24.50224
     29.545       -29.99201     1.51744    -7.01567   -24.49377
     29.695       -29.98295     1.51789    -7.01548   -24.48536
     29.845       -29.97393     1.51834    -7.01530   -24.47698
     29.995       -29.96493     1.51880    -7.01511   -24.46862
     30.145       -29.95602     1.51924    -7.01494   -24.46032
     35.794       -29.36821     1.54823    -7.00429   -23.91215
     49.810       -28.79090     1.57586    -6.99492   -23.37184
     69.316       -28.22482     1.60254    -6.98619   -22.84117
     96.460       -27.67030     1.62843    -6.97816   -22.32057
     134.23       -27.12821     1.65360    -6.97048   -21.81132
     186.80       -26.59930     1.67815    -6.96322   -21.31422
     259.95       -26.08391     1.70195    -6.95610   -20.82977
     361.74       -25.58218     1.72504    -6.94921   -20.35802
     503.40       -25.09423     1.74753    -6.94250   -19.89926
     700.53       -24.62012     1.76928    -6.93590   -19.45351
     974.85       -24.15943     1.79037    -6.92941   -19.02039
     1356.6       -23.71226     1.81080    -6.92315   -18.59992
     1887.8       -23.27800     1.83063    -6.91702   -18.19161
     2627.1       -22.85672     1.84980    -6.91104   -17.79548
     3655.9       -22.44769     1.86831    -6.90532   -17.41068
     5087.5       -22.05066     1.88628    -6.89962   -17.03732
     7079.7       -21.66597     1.90364    -6.89424   -16.67537
     9852.1       -21.29345     1.92047    -6.88904   -16.32488
     13710.       -20.93322     1.93681    -6.88401   -15.98602
     19079.       -20.58480     1.95260    -6.87921   -15.65819
     26550.       -20.24856     1.96792    -6.87459   -15.34190
     36947.       -19.92458     1.98275    -6.87026   -15.03706
     51416.       -19.61313     1.99713    -6.86606   -14.74420
     71550.       -19.31449     2.01102    -6.86205   -14.46347
     99568.       -19.02788     2.02447    -6.85830   -14.19405
    0.13856E+06   -18.75351     2.03746    -6.85474   -13.93623
    0.19282E+06   -18.49152     2.04991    -6.85141   -13.69003
    0.26832E+06   -18.24104     2.06192    -6.84818   -13.45478
    0.37340E+06   -18.00197     2.07335    -6.84518   -13.23014
    0.51962E+06   -17.77352     2.08436    -6.84240   -13.01548
    0.72310E+06   -17.55501     2.09489    -6.83974   -12.81016
    0.10063E+07   -17.34659     2.10495    -6.83731   -12.61423
    0.14003E+07   -17.14811     2.11453    -6.83498   -12.42765
    0.19487E+07   -16.95906     2.12370    -6.83286   -12.24989
    0.27118E+07   -16.77901     2.13245    -6.83083   -12.08063
    0.37737E+07   -16.60735     2.14084    -6.82896   -11.91924
    0.52514E+07   -16.44402     2.14882    -6.82729   -11.76556
    0.73079E+07   -16.28854     2.15644    -6.82566   -11.61932
    0.10170E+08   -16.14067     2.16370    -6.82422   -11.48014
    0.14152E+08   -15.99988     2.17058    -6.82287   -11.34760
    0.19694E+08   -15.86593     2.17713    -6.82163   -11.22142
    0.27406E+08   -15.73846     2.18341    -6.82047   -11.10140
    0.38138E+08   -15.61783     2.18935    -6.81939   -10.98779
    0.53073E+08   -15.50397     2.19501    -6.81842   -10.88056
    0.73856E+08   -15.39659     2.20040    -6.81756   -10.77944
    0.10278E+09   -15.29555     2.20551    -6.81683   -10.68424
    0.14302E+09   -15.20093     2.21038    -6.81614   -10.59517
    0.19903E+09   -15.11328     2.21500    -6.81550   -10.51278
    0.27697E+09   -15.03212     2.21938    -6.81489   -10.43660
    0.38543E+09   -14.95829     2.22349    -6.81436   -10.36742
    0.53637E+09   -14.89066     2.22740    -6.81387   -10.30418
    0.74641E+09   -14.82854     2.23106    -6.81345   -10.24616
    0.10387E+10   -14.77146     2.23445    -6.81305   -10.19286
    0.14454E+10   -14.71891     2.23757    -6.81268   -10.14380
    0.20115E+10   -14.67057     2.24043    -6.81237   -10.09863
    0.27992E+10   -14.62610     2.24303    -6.81209   -10.05704
    0.38953E+10   -14.58504     2.24542    -6.81185   -10.01861
    0.54207E+10   -14.54723     2.24762    -6.81159    -9.98325
    0.75434E+10   -14.51242     2.24963    -6.81136    -9.95069
    0.10497E+11   -14.48058     2.25147    -6.81118    -9.92087
    0.14608E+11   -14.45111     2.25317    -6.81098    -9.89329
    0.20329E+11   -14.42388     2.25474    -6.81081    -9.86781
    0.28289E+11   -14.39883     2.25619    -6.81065    -9.84437
    0.39367E+11   -14.37581     2.25750    -6.81050    -9.82281
    0.54783E+11   -14.35462     2.25873    -6.81040    -9.80294
    0.10000E+12   -14.10729     2.27290    -6.80902    -9.57117
