#"Time (ps)"	"Potential Energy (kJ/mole)"	"Kinetic Energy (kJ/mole)"	"Temperature (K)"	"Box Volume (nm^3)"	"Density (g/mL)"	"Speed (ns/day)"	"Time Remaining"
100.99999999994601	-79443.12910393687	7500.177056672677	290.3795132282133	29.564612136376798	1.1293319728873792	0	--
101.99999999994368	-79572.52969103341	7594.616417269884	294.03586098541757	29.25140799442493	1.141424090012627	134	4:15
102.99999999994135	-79604.10947606916	7754.51846518357	300.22668534683197	29.29068372771387	1.139893560082167	135	4:14
103.99999999993902	-79294.79107001907	7382.8004235136705	285.83511789680495	29.62478767266318	1.127038010214473	134	4:14
104.99999999993669	-79390.41606666744	7518.159145325311	291.0757141459147	29.844086510127426	1.1187563653621777	134	4:14
105.99999999993436	-79425.28747954709	7697.646105122443	298.0247948973263	29.311611615356277	1.1390796995321995	134	4:13
106.99999999993203	-79431.28490784191	7510.499536831374	290.7791620286537	29.395125953937324	1.1358434661564147	134	4:13
107.9999999999297	-79123.8858219861	7514.237204919637	290.9238709111077	29.742091692302882	1.1225929264506063	134	4:12
108.99999999992737	-79392.55580772276	7920.274973322283	306.6441730653261	29.435418604958095	1.1342886676665316	134	4:11
109.99999999992504	-79316.79725947569	7677.162233136487	297.23173404938007	29.53843497594425	1.1303327945036885	134	4:11
110.99999999992271	-79328.4020102793	7964.814776203479	308.3685918600018	29.64964800576191	1.1260930229301918	134	4:10
111.99999999992038	-78952.2134719347	7756.697185641556	300.31103746029146	29.557644206438503	1.1295982020228676	134	4:09
112.99999999991805	-79716.67339339555	7794.4906050994705	301.77426088321783	29.686508781558167	1.124694789720979	134	4:09
113.99999999991572	-79213.94154221786	7603.015861585469	294.36105684857085	29.77305693278195	1.121425382250959	134	4:08
114.99999999991338	-79353.68551787449	7524.100906400238	291.3057574736412	29.64434605482346	1.1262944269331225	134	4:08
115.99999999991105	-79420.62886448283	7773.772961624032	300.97214925542886	29.371432264046916	1.136759741624673	134	4:07
116.99999999990872	-79564.80495312659	7562.020377342893	292.7738611505275	29.49293299065759	1.1320766829871036	134	4:06
117.9999999999064	-79410.22032959518	7530.02664936886	291.53518063868677	29.373781814553308	1.1366688144691761	134	4:05
118.99999999990406	-79324.53918844945	7364.301536249475	285.11890842088843	29.292023676978438	1.1398414162100206	134	4:05
119.99999999990173	-79547.5730506255	8005.268209360274	309.9348013160879	29.450881650753605	1.1336931147787963	134	4:04
120.9999999998994	-79570.18626709832	7794.380566322481	301.7700005829267	29.808749206626008	1.1200826146775351	134	4:04
121.99999999989707	-79271.10140602652	7684.925739298375	297.5323087055781	29.67472526567306	1.125141393987806	134	4:03
122.99999999989474	-79449.98175247235	7451.98249179985	288.51359537290523	29.866787969966254	1.117906009350569	134	4:02
123.99999999989241	-79771.80863695496	7615.531853940358	294.84563044464977	29.754038987256113	1.122142165839233	134	4:02
124.99999999989008	-79183.795088729	7629.774683830366	295.3970608947848	29.68595818445589	1.1247156498760837	134	4:01
125.99999999988775	-79163.15525333231	7596.096325510287	294.0931576373797	29.521567464472273	1.1309786240790114	134	4:00
126.99999999988542	-79466.66618949885	7745.937832381345	299.894474526011	29.714382627935844	1.1236397595632603	134	4:00
127.99999999988309	-79318.88228807377	7544.459213526912	292.09395690799124	29.595949323329094	1.1281361981960876	134	3:59
128.99999999988785	-79443.8008789802	7656.190774835422	296.4197956368421	29.659970367662016	1.125701116277158	134	3:58
129.99999999989262	-79393.6572587564	7606.911751947762	294.51189152066524	29.942666134092867	1.1150731067868576	134	3:58
130.9999999998974	-79645.43687641562	7719.158487826678	298.85767593077827	29.684252787077522	1.1247802661941857	134	3:57
131.99999999990217	-79219.35279625806	7448.723831617155	288.3874319302989	29.56283881338676	1.1293997157169342	134	3:56
132.99999999990695	-79702.09355488568	7686.496287894966	297.59311462169626	29.414264672741474	1.1351044169588176	134	3:56
133.99999999991172	-79681.3265702845	7466.445499654197	289.07355031114565	29.5135747558577	1.1312849096667907	134	3:55
134.9999999999165	-79683.12410346704	7619.131825399425	294.98500821560384	29.58345302680545	1.1286127323058461	134	3:54
135.99999999992127	-79923.86459329448	7771.8005718648	300.89578551443253	29.379918044489266	1.1364314121321086	134	3:54
136.99999999992605	-80005.2804207436	7661.343724648674	296.61929906818176	29.187252607468153	1.143933010778873	134	3:53
137.99999999993082	-79694.29928541437	7820.86068479562	302.7952142351317	29.352617592275035	1.1374883908279314	134	3:52
138.9999999999356	-79456.49708374424	7588.733788692159	293.80810705241106	29.60318250082104	1.1278605518409563	134	3:52
139.99999999994037	-79589.43827359544	7596.768721980761	294.1191903774494	29.43842616964478	1.134172783531907	134	3:51
140.99999999994515	-79426.60526170049	7671.301620385602	297.0048324889287	29.786739899167593	1.1209102394101749	134	3:51
141.99999999994992	-79808.36031825675	7651.07924443254	296.2218958140746	29.60670245919243	1.1277264598326793	134	3:50
142.9999999999547	-79817.79916000454	7332.960407974981	283.9054941903172	29.77894977689689	1.1212034676094536	134	3:49
143.99999999995947	-79750.71853664209	7483.301277481615	289.7261445797375	29.711976170018982	1.123730766360642	134	3:49
144.99999999996425	-79727.6308887027	7797.325141588402	301.88400380257355	29.957536315921818	1.1145196120109309	134	3:48
145.99999999996902	-79739.1753372438	7694.781658781881	297.91389397755387	29.7877357755513	1.1208727646573404	134	3:47
146.9999999999738	-79690.60733626926	7591.831777989685	293.9280499040804	29.635688534557456	1.1266234530941068	134	3:47
147.99999999997857	-79326.17041355031	7749.904345860603	300.04804346773284	29.778353636866033	1.1212259132516114	134	3:46
148.99999999998334	-79160.44117640617	7751.110423484587	300.0947383964954	29.571163627668803	1.1290817693891564	134	3:45
149.99999999998812	-79265.2230536092	7654.820697658064	296.36675124324444	29.637176798900494	1.1265668784235623	134	3:45
150.9999999999929	-79464.60653111813	7834.3299279004	303.3166942251059	29.525704356948307	1.130820160900489	134	3:44
151.99999999999767	-79423.70219238961	7773.1996439314735	300.94995248444167	29.771475256334853	1.1214849604915067	134	3:43
153.00000000000244	-79555.44124076294	7748.535510233698	299.99504714244256	29.387814282266476	1.1361260633721944	134	3:43
154.00000000000722	-79717.72566827279	7583.643740558662	293.6110389447992	29.438735271062313	1.1341608749219791	134	3:42
155.000000000012	-79657.36368967438	7798.386931433755	301.9251124345584	29.670675526328193	1.1252949641135597	134	3:41
156.00000000001677	-79504.497144439	7614.82658730584	294.8183250916588	29.43157422155966	1.134436829653729	134	3:41
157.00000000002154	-79603.26470901372	7582.654440406647	293.5727368494742	29.31670635063872	1.1388817472293276	134	3:40
158.00000000002632	-79758.44774019782	7483.723139850776	289.74247755274337	29.28544989299463	1.1400972794893398	134	3:40
159.0000000000311	-79991.60575375563	7711.109866900049	298.5460626702948	29.134559745038917	1.1460019318572325	134	3:39
160.00000000003587	-80066.76355068918	7642.222207051208	295.8789836156023	29.541136401516262	1.1302294298302902	134	3:38
161.00000000004064	-79959.98106376964	7228.145146802959	279.84742938890804	29.321377348171193	1.1387003194004806	134	3:38
162.00000000004542	-79926.07427071672	7538.437868473676	291.8608323787533	29.76819117105269	1.1216086849137181	134	3:37
163.0000000000502	-79948.30150974591	7531.215122760319	291.5811939957434	29.57839463877272	1.1288057434955476	134	3:36
164.00000000005497	-80163.1818229293	7500.467741656474	290.390767491074	29.625577324420437	1.1270079697013207	134	3:36
165.00000000005974	-79948.04209233858	7536.6532489199435	291.79173841558486	29.73730420178715	1.1227736557780512	134	3:35
166.00000000006452	-79498.93595450433	7406.158055623291	286.7394402602512	29.662564558392198	1.125602666145004	134	3:34
167.0000000000693	-79595.70892739744	7486.502588372989	289.8500876668546	29.84199863312557	1.1188346384602577	134	3:34
168.00000000007407	-79472.9175921251	7605.511539951724	294.4576804167469	29.67553937151981	1.125110527347918	134	3:33
169.00000000007884	-79135.51919548554	7649.07684059468	296.1443700373722	29.802193546119817	1.12032900195602	134	3:32
170.00000000008362	-79451.37725723255	7728.543819943738	299.22104177548357	29.636498292173332	1.126592670377729	134	3:32
171.0000000000884	-79691.4524477316	7781.818124160944	301.28362861967025	29.579945656570455	1.1287465548202649	134	3:31
172.00000000009317	-79369.31535776844	7563.881825235134	292.84592962688004	29.737158024763175	1.1227791749238774	134	3:31
173.00000000009794	-79493.19912656644	7503.935666355787	290.52503289287574	29.565619917511498	1.1292934781945476	134	3:30
174.00000000010272	-79797.42247351984	7739.617562655978	299.6497767232184	29.521518464370352	1.130980501288272	134	3:29
175.0000000001075	-79652.04610500197	7808.754376231129	302.3265021018868	29.76852549027703	1.1215960885442513	134	3:29
176.00000000011227	-79356.10717378001	7648.2187434357	296.1111476436281	29.912020944974486	1.116215511250306	134	3:28
177.00000000011704	-79459.5474938706	7472.686006415485	289.3151599827504	29.925376503101997	1.1157173493928674	134	3:27
178.00000000012182	-79412.91318526462	7624.727687866607	295.2016596102354	29.844601406983045	1.118737063910405	134	3:27
179.0000000001266	-79312.97355834607	7600.257373919339	294.25425826239297	29.70645186462651	1.1239397388747805	134	3:26
180.00000000013137	-79446.90891896948	7300.547004512436	282.6505653735168	29.648906356798978	1.1261211914471876	134	3:25
181.00000000013614	-79771.5521062435	7716.238236483177	298.7446144447331	29.691293212857968	1.1245135572998752	134	3:25
182.00000000014091	-79779.28233893041	7792.502094102869	301.69727298668164	29.55160292167618	1.1298291277165944	134	3:24
183.0000000001457	-79710.32804417319	7798.968388156601	301.94762431912693	29.764571279518634	1.1217450921122263	134	3:23
184.00000000015046	-79481.08438544915	7443.317882429451	288.1781332855068	29.52270647669414	1.130934989919775	134	3:23
185.00000000015524	-79712.69028705411	7467.08570234422	289.0983366254008	29.93244075351679	1.1154540328523574	134	3:22
186.00000000016001	-79478.12223068278	7641.418402080279	295.84786321745366	29.82841634897009	1.1193440966160237	134	3:22
187.0000000001648	-79576.80793147985	7717.431178482577	298.7908008099985	29.544162482003134	1.1301136653294221	134	3:21
188.00000000016956	-79538.82559147105	7758.770349780539	300.3913028178918	29.58269139529898	1.1286417893988618	134	3:20
189.00000000017434	-79557.08208260246	7799.525924313113	301.969210086571	29.77162390304441	1.1214793610304312	134	3:20
190.0000000001791	-79609.30506778858	7764.880126562163	300.627851101269	30.084472116465278	1.1098171050623524	134	3:19
191.0000000001839	-79591.19432243195	7544.4769562108595	292.0946438400315	29.587927244918703	1.1284420660916188	134	3:18
192.00000000018866	-79626.63484115846	7492.176079236184	290.06974454998027	29.83085179643403	1.1192527112355464	134	3:18
193.00000000019344	-79690.55230918806	7443.6354726684585	288.19042922176436	29.606818814210975	1.1277220278592892	134	3:17
194.0000000001982	-79651.708052948	7618.279457925375	294.95200765437227	29.26715442155485	1.1408099766280855	134	3:16
195.000000000203	-79638.56090396794	7788.678182933667	301.5492250865387	29.607085744067927	1.1277118606080379	134	3:16
196.00000000020776	-79659.82207429636	7513.972259381839	290.91361318576116	29.48460339992217	1.1323965019557525	134	3:15
197.00000000021254	-79776.33925388122	7662.795050097121	296.6754890986399	28.9884475796072	1.151778192327641	134	3:14
198.0000000002173	-79624.18627900677	7532.41596191994	291.627686110263	29.50248194347923	1.131710268159462	134	3:14
199.0000000002221	-79458.78327985201	7557.5246093769565	292.5998014045147	29.371214333970148	1.136768176214232	134	3:13
200.00000000022686	-79428.59097809112	7657.467362394231	296.46922045323225	29.24484312197999	1.1416803165044314	134	3:13
201.00000000023164	-79439.88793169314	7747.872599745419	299.96938166502173	29.578072029667084	1.1288180554207798	134	3:12
202.0000000002364	-79597.30086823498	7594.279538542516	294.02281826920824	29.60832105857486	1.127664810360971	134	3:11
203.0000000002412	-79463.7148037868	7321.014207006439	283.44298083950434	29.709156303372534	1.1238374261013389	134	3:11
204.00000000024596	-79375.40086989148	7277.3024265808035	281.75062005569555	29.386771162137475	1.1361663915851596	134	3:10
205.00000000025074	-79506.55284867657	7630.204944681277	295.4137190263868	29.305918977407902	1.1393009643329648	134	3:09
206.0000000002555	-79378.3946307812	7614.021366030186	294.7871498593545	29.8713900954505	1.1177337795441158	134	3:09
207.0000000002603	-79634.44490278821	7655.64568362791	296.3986916924543	29.630357878212127	1.1268261385454175	134	3:08
208.00000000026506	-79380.54883111286	7856.013028880632	304.1561848478394	29.46724471255407	1.133063578808235	134	3:07
209.00000000026984	-79412.30551283972	7832.412717813473	303.24246683986	29.83493279297423	1.1190996133058861	134	3:07
210.0000000002746	-79366.65501396867	7736.7400507634375	299.5383699529048	29.393778845466176	1.1358955215373578	134	3:06
211.00000000027939	-79551.93036408757	8016.840117633023	310.3828234182291	29.545203106205687	1.1300738611139103	134	3:05
212.00000000028416	-79404.02433255748	7846.930461783129	303.8045409609409	29.560279670749463	1.1294974920234928	134	3:05
213.00000000028894	-79546.9717687513	7793.3706979335875	301.7309021604527	29.652072860027662	1.1260009345462472	134	3:04
214.0000000002937	-79514.13257508562	7812.365696761249	302.46631926749814	29.799907328617493	1.1204149524170195	134	3:04
215.00000000029848	-79315.77092278528	7577.361297242149	293.36780564265865	29.52854453760829	1.1307113938210005	134	3:03
216.00000000030326	-79483.14141836428	7838.702281802106	303.4859758284661	29.631982872922904	1.1267643442833544	134	3:02
217.00000000030803	-79445.303818654	7782.780588385663	301.32089172572245	29.75100399458629	1.1222566390599837	134	3:02
218.0000000003128	-79510.83079500456	7797.728201133243	301.8996087987687	29.832416443786165	1.119194008790362	134	3:01
219.00000000031758	-79542.13746166264	7880.493835953646	305.1039924512574	29.864957907312984	1.1179745123112605	134	3:00
220.00000000032236	-79308.25622818069	7565.545202865696	292.910329544779	29.53420715891917	1.1304946014622062	134	3:00
221.00000000032713	-79501.60040361615	7618.282761660292	294.95213556294425	29.61009894567789	1.1275971016806803	134	2:59
222.0000000003319	-79352.33556732279	7643.015011785469	295.9096781246892	29.483224551941642	1.1324494609740965	134	2:58
223.00000000033668	-79149.72352787678	7584.779223400579	293.65500070095817	29.744890335365092	1.1224873037076788	134	2:58
224.00000000034146	-79760.59495990784	7753.095324413134	300.1715865243573	29.361196902985178	1.1371560179220739	134	2:57
225.00000000034623	-79720.62966397707	7720.3860224946375	298.90520159806044	29.895778945099995	1.116821937068042	134	2:56
226.000000000351	-79485.959220002	7589.149069502719	293.8241852114615	29.589746088943173	1.1283727021943177	134	2:56
227.00000000035578	-79263.24226665942	7738.529352073978	299.60764517662915	29.817935823031387	1.1197375281033186	134	2:55
228.00000000036056	-79519.02254772538	7876.936983776301	304.9662841016974	29.583979214411396	1.1285926585345882	134	2:55
229.00000000036533	-79648.10547205442	7751.869628281802	300.1241320385108	29.69961942063444	1.1241983029731133	134	2:54
230.0000000003701	-79567.28246356186	7562.484424921005	292.791827381035	29.92223769428821	1.1158343868780232	134	2:53
231.00000000037488	-79716.78415843792	7735.779319342719	299.50117393470634	29.61936744662674	1.1272442536725087	134	2:53
232.00000000037966	-79593.16549220416	7545.060644983006	292.11724214141185	29.602513297633497	1.1278860485908035	134	2:52
233.00000000038443	-79764.52457279913	7706.324780859091	298.3608015831459	29.818279579091897	1.1197246193585184	134	2:51
234.0000000003892	-79734.05922221625	7479.933230608141	289.5957460832407	29.591883708192587	1.1282911923035484	134	2:51
235.00000000039398	-79608.05779760258	7664.8934992712175	296.75673340062156	29.403193893545637	1.1355318021745144	134	2:50
236.00000000039876	-79370.43293016747	7451.74555105161	288.504421890917	29.46150591123727	1.1332842880543164	134	2:49
237.00000000040353	-79576.24765111029	7694.4865526858775	297.902468545346	29.359928033369346	1.1372051632305353	134	2:49
238.0000000004083	-79559.76702005332	7904.000552700178	306.01408682834665	29.27226259835997	1.140610898779488	134	2:48
239.00000000041308	-79775.46950834664	7713.72208695522	298.64719830780496	29.52591359973973	1.1308121470598247	134	2:47
240.00000000041786	-79682.36273026737	7696.832856742476	297.99330888480625	29.8073594798583	1.1201348369749415	134	2:47
241.00000000042263	-79940.48253346587	7608.167502245047	294.5605095942529	29.653185661320183	1.125958678873968	134	2:46
242.0000000004274	-79619.82961216572	7500.486456353782	290.39149205592804	29.91585575968944	1.1160724272716298	134	2:46
243.00000000043218	-79246.78411417565	7682.140259432275	297.4244650798192	29.696569654926893	1.1243137554133356	134	2:45
244.00000000043696	-79383.83338938077	7884.440168752613	305.25678007060856	29.784975739659448	1.1209766307503566	134	2:44
245.00000000044173	-79296.97035605408	7743.45726968202	299.79843618135334	29.90871432713112	1.1163389166928193	134	2:44
246.0000000004465	-79238.62473921027	7722.7036114645325	298.9949301940464	29.785914657278095	1.1209412950985622	134	2:43
247.00000000045128	-79085.63444844302	7679.98465224559	297.34100782796355	29.56282566518036	1.1294002180227942	134	2:42
248.00000000045605	-79560.7921051975	7841.4248226515465	303.59138268494837	29.472640636632878	1.1328561347205781	134	2:42
249.00000000046083	-79476.63221888043	7497.567451565063	290.27847883193954	29.456761454200738	1.1334668206325567	134	2:41
250.0000000004656	-79606.19561008536	7951.051343842373	307.8357219345096	29.54783570319563	1.1299731759376739	134	2:40
251.00000000047038	-79408.85812964462	7667.969821985578	296.8758374011777	29.595368168676544	1.1281583510409705	134	2:40
252.00000000047515	-79358.85659492458	7582.888620546787	293.5818034507808	29.78197459203427	1.121089592244661	134	2:39
253.00000000047993	-79506.85348449461	7198.443946844825	278.69750720427595	29.75821412742079	1.1219847269281813	134	2:38
254.0000000004847	-79524.77786069777	7382.05787625142	285.8063691738172	29.527715825666366	1.1307431278718312	134	2:38
255.00000000048948	-79552.71676629828	7494.226157836216	290.1491161196724	29.51766735224144	1.131128058094645	134	2:37
256.00000000049425	-79509.03520949904	7678.359944183323	297.27810505477646	29.587084299885927	1.12847421574938	134	2:37
257.000000000499	-79803.8449740211	7696.594479022914	297.98407976852707	29.522410382459434	1.1309463326023677	134	2:36
258.0000000005038	-79603.05737716676	7671.700330548499	297.02026909291095	29.396255395221846	1.1357998256149175	134	2:35
259.0000000005086	-79749.6504692815	7658.073305505023	296.4926803614753	29.260933059827646	1.1410525318300024	134	2:35
260.00000000051335	-79612.90545394726	7613.3480344475865	294.7610809151524	29.350263920045098	1.1375796089118524	134	2:34
261.0000000005181	-79642.07790942557	7353.809709688721	284.7127031451242	29.0984767094874	1.1474230106601593	134	2:33
262.0000000005229	-79865.84849721845	7497.540169512509	290.27742257032327	29.015744344759966	1.15069464890892	134	2:33
263.0000000005277	-79634.74788422836	7424.199676357549	287.4379460431248	29.50323292914508	1.131681461208328	134	2:32
264.00000000053245	-79844.54747179616	7588.357289219166	293.7935303653713	29.37461260466306	1.1366366665317096	134	2:31
265.0000000005372	-79751.67269712305	7740.129592175033	299.66960063955776	29.193308605542537	1.143695707902241	134	2:31
266.000000000542	-79474.0477456114	7537.73607823503	291.833661619137	29.276577924777975	1.140442774336911	134	2:30
267.0000000005468	-79668.7202221404	7629.842470863803	295.39968536159716	29.474612868564535	1.1327803320271608	134	2:29
268.00000000055155	-79828.68059742416	7648.858049614797	296.13589924824856	29.29842968590092	1.139592193491918	134	2:29
269.0000000005563	-79654.36304547297	7520.764228116561	291.17657345458514	29.639796698605657	1.1264672997300027	134	2:28
270.0000000005611	-79717.74677324353	7626.083121463955	295.2541370577993	29.385390973948965	1.13621975563382	134	2:28
271.0000000005659	-79843.90635166748	7461.874204751795	288.89656643749146	29.177041015017693	1.1443333727515175	134	2:27
272.00000000057065	-79572.13695111155	7411.638695455847	286.95163065452203	29.494848894084296	1.1320031464314824	134	2:26
273.0000000005754	-79428.63291823835	7630.090836209702	295.4093011623576	29.61158552095628	1.1275404935002722	134	2:26
274.0000000005802	-79643.29197893717	7599.316265206187	294.2178219638956	29.370090144208767	1.1368116879344377	134	2:25
275.000000000585	-79564.80487752036	7582.89194327421	293.5819320946734	29.347973196384878	1.1376684014328244	134	2:24
276.00000000058975	-79482.80288697069	7572.941523752133	293.19668812571047	29.703248210506466	1.124060961784464	134	2:24
277.0000000005945	-80087.02924656711	7697.175243262328	298.00656484266153	29.652516442517015	1.125984090299705	134	2:23
278.0000000005993	-79722.6626244217	7500.828139182878	290.4047207694426	29.833846852350426	1.1191403481041233	134	2:22
279.0000000006041	-79743.58093698815	7571.4944156401525	293.1406613751457	29.571366658333943	1.1290740173557354	134	2:22
280.00000000060885	-79855.30751300676	7849.76421530302	303.9142535665897	29.54349559862333	1.1301391753107368	134	2:21
281.0000000006136	-79811.4431650744	7477.938544460607	289.51851910737236	29.61101036544552	1.1275623945134576	134	2:20
282.0000000006184	-79819.62284090315	7533.49550552115	291.6694821029522	29.408254347189363	1.1353364044478067	134	2:20
283.0000000006232	-79681.16878640527	7473.997746503627	289.36594577692546	29.192546273103144	1.1437255743048076	134	2:19
284.00000000062795	-79416.98808295644	7647.956768295637	296.1010049212531	29.426013464920718	1.134651208918507	134	2:19
285.0000000006327	-79711.55383153318	7405.6205737247965	286.71863092056833	29.201814576683148	1.1433625696084029	134	2:18
286.0000000006375	-79757.35731476109	7573.56144468383	293.2206892042218	29.458812817010923	1.1333878917328462	134	2:17
287.0000000006423	-79835.85185601457	7636.952826166462	295.67497239763173	29.415383681330717	1.1350612357579186	134	2:17
288.00000000064705	-79670.83241572784	7499.976036674881	290.37173046673064	29.61778279612488	1.1273045650126448	134	2:16
289.0000000006518	-79623.73688173125	7477.7041221087175	289.5094431285099	29.49453135941726	1.1320153334446548	134	2:15
290.0000000006566	-79558.72297798115	7850.18618501429	303.9305906954907	29.424800238975564	1.1346979921854852	134	2:15
291.0000000006614	-79585.98127287088	7609.516527211241	294.6127389229816	29.531804196490587	1.1305865882583717	134	2:14
292.00000000066615	-79646.90961463557	8068.6902066894445	312.3902698434636	29.514808376148476	1.1312376257406536	134	2:13
293.0000000006709	-79327.28607595808	7741.739784552087	299.7319414183313	29.662944427628414	1.1255882514659044	134	2:13
294.0000000006757	-79258.25610161896	7488.71279047995	289.9356586349939	29.721424769504708	1.123373526355377	134	2:12
295.0000000006805	-79101.19414755728	7597.462868147197	294.14606518645667	30.014534343818227	1.1124031234054839	134	2:11
296.00000000068525	-79169.78493928557	7500.5123355417345	290.3924940037412	29.80328163799892	1.1202880997190194	134	2:11
297.00000000069	-79709.73595622997	7543.937337713909	292.07375177904555	29.971136142073487	1.11401388300239	134	2:10
298.0000000006948	-79359.24861043546	7307.792101999827	282.93106913573234	29.897736090071255	1.116748828440976	134	2:09
299.0000000006996	-79441.86855446905	7516.114947890299	290.9965702734919	29.998730667182713	1.1129891501759386	134	2:09
300.00000000070435	-79682.30535150791	7724.4101881595325	299.06100262223526	29.46483923536369	1.1331560808773047	134	2:08
301.0000000007091	-80030.67952555144	7610.19402290293	294.6389690863071	29.405066223385017	1.1354594986448907	134	2:07
302.0000000007139	-79736.75228020188	7760.576625234729	300.4612352185779	29.652725843879562	1.1259761388350078	134	2:07
303.00000000071867	-79503.70548283358	7634.637203441409	295.585319927478	29.686435954246022	1.124697548842978	134	2:06
304.00000000072345	-80003.91779320454	7925.583250503974	306.84969020611527	29.403225246849534	1.1355305913320515	134	2:06
305.0000000007282	-79539.69799973245	7415.803378758194	287.1128720093524	29.61104550851992	1.127561056296301	134	2:05
306.000000000733	-79798.51516160782	7514.389106650391	290.92975199235445	29.53461850171595	1.130478856521702	134	2:04
307.00000000073777	-79625.25805863098	7555.650892671212	292.52725792443016	29.650577887882573	1.126057707133913	134	2:04
308.00000000074255	-79606.54879431066	7678.171000932463	297.2707898609086	29.809648935915025	1.12004880780055	134	2:03
309.0000000007473	-79547.4794266524	7763.612225559453	300.5787625966635	29.401195847354032	1.1356089706340753	134	2:02
310.0000000007521	-79603.81209520786	7650.209527956074	296.18822356271653	29.384567272856028	1.1362516058715944	134	2:02
311.00000000075687	-79403.68274255865	7533.690876462603	291.6770461535672	29.75933192990313	1.1219425835992964	134	2:01
312.00000000076164	-79687.83292768014	7723.9850213875725	299.0445417147994	29.737152040914903	1.1227794008547336	134	2:00
313.0000000007664	-79828.76002054871	7792.597549173366	301.7009686590234	29.15335990489228	1.1452629083079242	134	2:00
314.0000000007712	-79270.44258831456	7699.734810210595	298.1056619438229	29.702370270184364	1.1240941866898797	134	1:59
315.00000000077597	-79817.0885342391	7668.669152549824	296.9029129311681	29.772611393991273	1.1214421640677108	134	1:58
316.00000000078074	-80061.78010718196	7680.317697386996	297.35390212170006	29.671567416083725	1.12526113917144	134	1:58
317.0000000007855	-79864.5493687733	7523.858932370605	291.2963891213466	29.513990974275277	1.13126895582255	134	1:57
318.0000000007903	-79778.24476304799	7644.58145210523	295.9703249833055	29.365298706639	1.1369971776951833	134	1:56
319.00000000079507	-79207.59180932335	7422.245320107249	287.3622804938519	29.72001211398933	1.12342692269323	134	1:56
320.00000000079984	-79562.1369885022	7837.42181332705	303.4364007571469	29.801020458482327	1.1203731025969343	134	1:55
321.0000000008046	-79505.74667616491	7554.589768038166	292.48617504704066	29.98111921189279	1.1136429402668941	134	1:55
322.0000000008094	-79433.0136881434	7712.19483110499	298.58806852899926	29.92838075083382	1.115605352310761	134	1:54
323.00000000081417	-79389.61884627995	7630.617619351937	295.4296962852011	29.544034896603982	1.1301185457055651	134	1:53
324.00000000081894	-79839.9574147943	7814.912420747002	302.5649191359708	29.607678158400653	1.1276892964385061	134	1:53
325.0000000008237	-79602.85835775433	7570.138583363609	293.08816849217686	29.432275311236516	1.134409806872041	134	1:52
326.0000000008285	-79397.07767144777	7754.980663191259	300.2445799687154	29.832363613667155	1.1191959907705178	134	1:51
327.00000000083327	-79432.17415218707	7696.044931142156	297.9628032779983	29.81456112261509	1.1198642708276771	134	1:51
328.00000000083804	-79258.67492374059	7441.082841990236	288.09160066769255	29.5812327267761	1.12869744340987	134	1:50
329.0000000008428	-79661.207353987	7384.928088551258	285.91749333051257	29.576411209945395	1.1288814425327367	134	1:49
330.0000000008476	-79404.43269549473	7558.057427879426	292.6204301945042	29.797677418209183	1.1204987987158084	134	1:49
331.00000000085237	-79287.64732461251	7503.772620235546	290.51872034149574	29.804503917150644	1.1202421568376342	134	1:48
332.00000000085714	-79305.21979470723	7809.285098392408	302.34704972918775	29.836861122424306	1.1190272869062339	134	1:47
333.0000000008619	-79343.55867994996	7673.53317593963	297.0912301846929	29.954053020815266	1.1146492172001847	134	1:47
334.0000000008667	-79288.66551427994	7684.373865884489	297.51094217888453	29.85255348402874	1.1184390564608633	134	1:46
335.00000000087147	-79400.69204385139	7568.150104646075	293.0111818453685	29.609537207381106	1.1276184939257168	134	1:46
336.00000000087624	-79516.47855898374	7578.7882878329965	293.42305351614493	29.709715621728307	1.1238162686150361	134	1:45
337.000000000881	-79450.41542684648	7515.149908941991	290.9592074835286	29.77693531287394	1.1212793190704644	134	1:44
338.0000000008858	-79496.26729195836	7646.387170557327	296.0402358189012	29.761543668699034	1.1218592060713515	134	1:44
339.00000000089057	-79976.57813021756	7404.871871771145	286.6896439103669	29.499339139315797	1.1318308384449782	134	1:43
340.00000000089534	-79731.58618628039	7331.835845144845	283.8619552172047	29.76721635002277	1.1216454155142732	134	1:42
341.0000000009001	-80112.1837826118	7539.060808321228	291.8849503386809	29.654882933576076	1.1258942355770167	134	1:42
342.0000000009049	-80243.7534988065	7910.375775591723	306.2609122173982	29.22445237204759	1.1424769000482466	134	1:41
343.00000000090967	-79889.5135210097	7631.289569707207	295.45571175331645	29.40479450725444	1.1354699909019041	134	1:40
344.00000000091444	-80145.84999496621	7539.538264454528	291.90343569956343	29.540324052992293	1.1302605107421793	134	1:40
345.0000000009192	-79686.4896065451	7290.507759572909	282.2618824082093	29.74975382912434	1.1223037993322218	134	1:39
346.000000000924	-79668.69987456879	7384.73042420475	285.90984048761464	29.66129600607951	1.1256508058441261	134	1:38
347.00000000092876	-79834.41800085208	7443.409934068932	288.18169718940703	29.240204140530615	1.1418614449871165	134	1:38
348.00000000093354	-79489.14806930616	7465.413362357607	289.03358971774844	29.468580250642308	1.1330122275197434	134	1:37
349.0000000009383	-79750.89295719581	7667.5592027224975	296.85993972025165	29.318412053568366	1.1388154887317932	134	1:37
350.0000000009431	-79643.60276624351	7813.120913092973	302.4955584906699	29.318327666981105	1.1388187665706149	134	1:36
351.00000000094786	-79519.27492393489	7875.999565728693	304.92999069231536	29.437852634135716	1.134194880536497	134	1:35
352.00000000095264	-79763.57139605153	7707.251713913714	298.3966890518234	29.425261447495778	1.1346802070459103	135	1:35
353.0000000009574	-79297.28891629112	7405.825984465754	286.72658367561934	29.7312924082039	1.1230006853792731	135	1:34
354.0000000009622	-79491.4745442929	7618.391964319189	294.956363491791	29.992962258615698	1.1132032062632806	135	1:33
355.00000000096696	-79318.3924059149	7619.826260747817	295.0118942206822	29.965696069043663	1.1142161248213622	135	1:33
356.00000000097174	-79299.11207665381	7457.865989645148	288.7413829607832	29.858140222674965	1.1182297860021682	135	1:32
357.0000000009765	-79588.65024660586	7873.597286133569	304.836983184066	29.961215185789722	1.1143827626677922	135	1:31
358.0000000009813	-79353.9699682426	7569.942784588835	293.0805878774154	29.73136340864747	1.1229980035800669	135	1:31
359.00000000098606	-79176.35714109943	7469.612003139925	289.19614578240896	29.627439311233687	1.126937140968673	135	1:30
360.00000000099084	-79301.10536219645	7421.004926060218	287.3142569582919	29.528901370397428	1.130697730092191	135	1:29
361.0000000009956	-79464.31629219474	7639.982009035724	295.7922513152372	29.473132700688456	1.1328372212989986	135	1:29
362.0000000010004	-79514.60592324616	7820.604209307196	302.78528443921874	29.458845072319168	1.1333866507549424	135	1:28
363.00000000100516	-79826.75663536228	7817.283567205153	302.65672128265453	29.25861257646356	1.1411430280355468	135	1:27
364.00000000100994	-79614.16721490453	7747.31972710021	299.9479764517342	29.20433698650969	1.1432638161601663	135	1:27
365.0000000010147	-79273.45015208263	7528.520599995554	291.47687189735797	29.345941994490587	1.1377471460242399	135	1:26
366.0000000010195	-79402.45141655143	7534.8449903492365	291.72172923585686	29.427119308239	1.134608569798965	135	1:26
367.00000000102426	-79407.25740126616	7653.22525220205	296.3049814114926	29.35045068356179	1.137572370237034	135	1:25
368.00000000102904	-79516.8349553266	7691.14076442232	297.77293182107996	29.372412802815173	1.136721793193118	135	1:24
369.0000000010338	-79491.21662673439	7820.28028988518	302.7727434600686	29.358854453891606	1.1372467479635888	135	1:24
370.0000000010386	-79750.61910596571	7935.9282233432805	307.25020984115025	29.562105585438395	1.129427728181542	135	1:23
371.00000000104336	-79654.71524874325	7367.055645330116	285.22553748419864	29.27342253746887	1.1405657028620022	135	1:22
372.00000000104814	-79665.82106213467	7563.557318995692	292.83336592829846	29.191061813019335	1.1437837364563852	135	1:22
373.0000000010529	-79448.11496439393	7562.532296460863	292.7936807925393	29.622548816104036	1.1271231911506996	135	1:21
374.0000000010577	-79650.5214458809	7520.403472669221	291.16260631882267	29.441321925395417	1.134061229867012	135	1:20
375.00000000106246	-79516.2058148428	7764.9638274815225	300.63109169572925	29.389981301094018	1.1360422931055663	135	1:20
376.00000000106724	-79366.50854911277	7659.719066764681	296.5563982377145	29.575912341979027	1.1289004837979053	135	1:19
377.000000001072	-79929.66088282	7658.842632940941	296.5224659151585	29.530676359914096	1.1306297676590595	135	1:18
378.0000000010768	-79292.46806878081	7358.640027241111	284.8997154315012	29.84752093585254	1.1186276348840387	135	1:18
379.00000000108156	-79744.59301234418	7577.196046620411	293.3614077410174	29.646461902814348	1.1262140440595036	135	1:17
380.00000000108633	-79307.89607217163	7546.676876644138	292.17981673924834	29.89786249029172	1.1167441071235853	135	1:17
381.0000000010911	-79376.7252124688	7853.783809134315	304.0698775860344	29.60009807290403	1.1279780786330644	135	1:16
382.0000000010959	-79169.3814719985	7675.235534529508	297.15713930322886	29.76219889234864	1.1218345080076768	135	1:15
383.00000000110066	-79380.57092068007	7683.5433000419325	297.4787856973451	29.525688553761277	1.130820766155214	135	1:15
384.00000000110543	-79176.74792197847	7487.887503224509	289.903706521104	29.637275196095864	1.1265631381667236	135	1:14
385.0000000011102	-79487.67409550052	7440.410032098092	288.06555192144305	29.64635630970739	1.126218055359873	135	1:13
386.000000001115	-79683.95398569069	7683.1726157357025	297.4644341523627	29.53889921486425	1.1303150299799685	135	1:13
387.00000000111976	-79567.88452761873	7702.792021037045	298.22402600175275	29.38412379436358	1.1362687546949772	135	1:12
388.00000000112453	-79832.8015978043	7712.23899031978	298.5897782128105	29.45478284561502	1.133542960633136	135	1:11
389.0000000011293	-79282.45710224393	7691.343730466575	297.78078992638694	29.836198338873878	1.1190521450624178	135	1:11
390.0000000011341	-79407.46504671001	7464.161720894741	288.98513072325045	29.83581059951687	1.1190666880076392	135	1:10
391.00000000113886	-79400.25615209437	7710.446772190922	298.52039006051433	30.03083533587125	1.1117993015579868	135	1:09
392.00000000114363	-79343.05991740242	7620.272783056346	295.02918193664095	29.67110810864656	1.1252785581639524	135	1:09
393.0000000011484	-79325.13153311695	7769.551100334373	300.8086941773761	29.848262850603387	1.118599830038337	135	1:08
394.0000000011532	-79243.9000388727	7726.61092355178	299.1462070736923	29.90128636773361	1.1166162331950282	135	1:08
395.00000000115796	-79203.91217484607	7642.9041911673185	295.9053875543585	29.90591958797835	1.116443239720542	135	1:07
396.00000000116273	-79420.73140449825	7731.734239850434	299.34456320337785	29.74671169608306	1.1224185749586906	135	1:06
397.0000000011675	-79212.0235254956	7613.235268845809	294.7567150421462	29.720282044624444	1.1234167193128486	135	1:06
398.0000000011723	-79592.04834892147	7958.39818499397	308.1201648404898	29.90899943407381	1.116328275214282	135	1:05
399.00000000117706	-79522.81709063056	7624.299803413702	295.18509348410083	29.464732306395106	1.1331601931566804	135	1:04
400.00000000118183	-79545.45481758169	7479.409172715032	289.57545647210827	29.44592101935299	1.133884103325568	135	1:04
401.0000000011866	-79442.68206205877	7546.6574054753855	292.17906288657764	29.490917260158078	1.1321540614381551	135	1:03
402.0000000011914	-79081.62789774468	7453.182889248148	288.5600703859727	29.968401103276708	1.114115552463489	135	1:02
403.00000000119616	-79733.19159010157	7481.641473107391	289.66188300529734	29.468383333096984	1.1330197986845454	135	1:02
404.00000000120093	-79812.24052877424	7684.884686091462	297.53071927506863	29.372109161236473	1.1367335443410498	135	1:01
405.0000000012057	-79582.4708650556	7518.568242184386	291.09155288490757	29.94878810131645	1.1148451696500172	135	1:00
406.0000000012105	-79422.31839008839	7766.89937221833	300.7060289317783	29.78183552640403	1.1210948271480157	135	1:00
407.00000000121526	-79583.28797989097	7855.430941595375	304.13364855019313	30.014693954315597	1.1123972079290152	135	0:59
408.00000000122003	-79395.91559207148	7682.413215084061	297.43503292757794	29.777109611408584	1.1212727557288644	135	0:59
409.0000000012248	-79789.27896263113	7393.461144610084	286.24786215327345	29.75558193692034	1.122083978139135	135	0:58
410.0000000012296	-79551.91039631114	7669.523944991623	296.93600737831053	29.90736361337916	1.1163893341868558	135	0:57
411.00000000123435	-79769.06135706397	7787.0349758643015	301.4856060992361	29.656084768798472	1.1258486078631915	135	0:57
412.00000000123913	-79683.57916042439	7457.233838281545	288.7169083645353	29.7946965113488	1.1206109026452733	135	0:56
413.0000000012439	-79477.73110308684	7551.182785677729	292.3542691104307	29.83037759264385	1.1192705036311066	135	0:55
414.0000000012487	-79534.84010884713	7935.250033515029	307.22395280338753	30.01981148649792	1.1122075755419607	135	0:55
415.00000000125345	-79254.9821533451	7733.178500295165	299.400479702648	30.03387880541784	1.1116866378778094	135	0:54
416.00000000125823	-79051.47276872804	7891.95041134523	305.5475492846939	30.096968269872246	1.1093563129761135	135	0:53
417.000000001263	-79407.03980398327	7745.286718161545	299.8692657571016	29.914532494043947	1.116121796597431	135	0:53
418.0000000012678	-79482.22371495178	7931.046799809424	307.06121891748126	29.873430736595633	1.1176574276326146	135	0:52
419.00000000127255	-79152.14315631057	7697.705008041122	298.02707540360285	29.891194496196178	1.116993225408687	135	0:52
420.00000000127733	-79307.95911541683	7770.099843526	300.8299395132752	29.857061809754615	1.118270175557471	135	0:51
421.0000000012821	-79429.31091786688	7582.324167121405	293.55994987190337	29.427532061916576	1.1345926556591448	135	0:50
422.0000000012869	-79630.17267158744	7725.516508652565	299.10383531855877	29.56755637337181	1.129219517839277	135	0:50
423.00000000129165	-79799.05261175771	7792.398672008251	301.69326886021037	29.283318742483033	1.14018025228767	135	0:49
424.0000000012964	-79562.07216147959	7596.524082892081	294.10971884378415	29.675989910856316	1.1250934459783661	135	0:48
425.0000000013012	-79583.58624276295	7749.421257221748	300.029340036769	29.648553697409845	1.1261345862729695	135	0:48
426.000000001306	-79572.09716471238	7360.438760298779	284.96935581809026	29.990412952059625	1.1132978330440622	135	0:47
427.00000000131075	-79256.95656891615	7645.585843610892	296.0092113608272	29.972035387760627	1.1139804594405018	135	0:46
428.0000000013155	-79461.71532651322	7653.398782372995	296.3116998670955	29.543541687938177	1.1301374122404586	135	0:46
429.0000000013203	-79607.40233243324	7605.970840354585	294.47546285393474	29.644631790094575	1.1262835709357968	135	0:45
430.0000000013251	-79385.70523511502	7633.345090255207	295.53529401539487	29.861768821456604	1.1180939063339765	135	0:44
431.00000000132985	-79584.65126635961	8021.564206875555	310.565722931711	29.933093514725126	1.1154297077647424	135	0:44
432.0000000013346	-79632.26521710574	7546.024578324152	292.15456212629636	29.808853529553787	1.1200786946912262	135	0:43
433.0000000013394	-79864.29232473616	7521.445359404528	291.2029443749447	29.42757705958572	1.1345909207550164	135	0:43
434.0000000013442	-79861.8416310963	7661.387889547291	296.6210089720501	29.554830576388344	1.1297057401607566	135	0:42
435.00000000134895	-79615.40720151222	7646.2606767592315	296.0353384401807	29.572875744762246	1.129016401373751	135	0:41
436.0000000013537	-79616.57580758812	7830.9135949117535	303.18442626626006	29.479481764690647	1.1325932395329859	135	0:41
437.0000000013585	-79477.30550352784	7691.759241463009	297.79687699739526	29.869726176427136	1.1177960438744903	135	0:40
438.0000000013633	-79736.5476797738	7898.014718080747	305.78233713365	29.453963363159396	1.1335744986152227	135	0:39
439.00000000136805	-79397.51362632599	7873.625640859111	304.8380809756699	29.40816421839387	1.1353398839748474	135	0:39
440.0000000013728	-79304.18940342139	7582.753878499034	293.57658672990306	29.269903171364895	1.1407028426485777	135	0:38
441.0000000013776	-79291.87529400116	7610.269613381506	294.64189567406737	29.37260285865578	1.1367144380187404	135	0:37
442.0000000013824	-79326.1155640611	7800.984851811633	302.0256944406942	29.537632269191718	1.1303635121237905	135	0:37
443.00000000138715	-79580.38137405657	7850.502279576987	303.9428287246141	29.772361800229632	1.1214515655713628	135	0:36
444.0000000013919	-79217.43957876242	7728.7797031441605	299.2301743130756	29.639624687037525	1.1264738371072036	135	0:35
445.0000000013967	-79422.92308153395	7829.372277917689	303.12475209122584	29.545604928775617	1.130058492019787	135	0:35
446.0000000014015	-79380.87595166254	7820.328813207569	302.77462210621644	29.998143983145344	1.1130109172882154	135	0:34
447.00000000140625	-79469.49650636493	7616.57589127752	294.8860517642355	29.806105100749814	1.1201819774427566	135	0:34
448.000000001411	-79535.19621017383	7694.07734000131	297.8866253220122	29.530964925157498	1.1306187195793598	135	0:33
449.0000000014158	-79596.67533286428	7684.674829631971	297.52259439800315	29.299206621537873	1.1395619745921999	135	0:32
450.0000000014206	-79505.50989490532	7566.336736763338	292.940974851705	29.119827510953478	1.146581714437199	135	0:32
451.00000000142535	-79440.115705112	7430.023686915538	287.66343050010306	29.35043763806439	1.1375728758580261	135	0:31
452.0000000014301	-79483.69283111795	7330.2429447176	283.8002839196887	29.568425209615835	1.1291863369431823	135	0:30
453.0000000014349	-79379.34741916053	7391.34863427315	286.1660734543276	29.76862223060498	1.1215924436468627	135	0:30
454.0000000014397	-79742.94122356473	7605.60679036574	294.4613681655357	29.325196073466184	1.1385520379123633	135	0:29
455.00000000144445	-79662.08385407465	7488.37646952882	289.92263751384706	29.410143907839227	1.1352634606702816	135	0:28
456.0000000014492	-79655.33178924286	7924.803236082369	306.8194908913064	29.34583051509292	1.1377514681158047	135	0:28
457.000000001454	-79572.53284496683	7670.811830188039	296.98586959804254	29.276226411769954	1.1404564673745465	135	0:27
458.0000000014588	-79546.25082249491	7602.399824037766	294.3372061205306	29.732332106576244	1.1229614156045193	135	0:26
459.00000000146355	-79299.68353463872	7514.524316800191	290.9349868364369	29.801812987380575	1.1203433081659375	135	0:26
460.0000000014683	-79637.17831933749	7712.696668057177	298.60749782630717	29.67048566286582	1.1253021649528216	135	0:25
461.0000000014731	-79738.92610877726	7679.602094332959	297.32619658022736	29.484876525001916	1.132386012310845	135	0:25
462.0000000014779	-79843.5558904825	7613.378329047175	294.76225381160737	29.705981870297414	1.1239575213303754	135	0:24
463.00000000148265	-79819.21071933693	7607.159109972016	294.5214683216039	29.654664108739325	1.1259025436671506	135	0:23
464.0000000014874	-79517.93635694627	7467.996526197004	289.1336004045102	29.774100738067236	1.121386067890087	135	0:23
465.0000000014922	-79607.9866737811	7579.491356990204	293.4502737908255	29.916841816734475	1.1160356416013235	135	0:22
466.00000000149697	-79870.61160022469	7726.511816314011	299.1423700027481	29.860974043423617	1.1181236654595255	135	0:21
467.00000000150175	-79585.05582388464	7746.231358857012	299.90583880107806	29.67416385691462	1.12516268066116	135	0:21
468.0000000015065	-79406.06406751176	7900.697334377183	305.8861982569876	29.868062472481036	1.1178583070926298	135	0:20
469.0000000015113	-79432.04693268714	7547.095215287789	292.1960132864485	30.003837230264672	1.112799722761662	135	0:19
470.00000000151607	-79496.59746489662	7753.376152390454	300.1824591598616	29.73125359545459	1.123002151403702	135	0:19
471.00000000152085	-79722.58857072532	7642.226922872831	295.8791661950237	29.419612798961452	1.1348980688421297	135	0:18
472.0000000015256	-79548.13658978013	7596.139063818153	294.0948123088549	30.001434182352437	1.112888855535591	135	0:17
473.0000000015304	-79348.55866121576	7661.148052703777	296.61172336381077	29.796079299621827	1.120558896889777	135	0:17
474.00000000153517	-79128.76537430738	7678.381117458049	297.2789248067852	29.723152243049054	1.123308237249049	135	0:16
475.00000000153995	-79295.02900934208	7832.451358908489	303.24396288219026	29.799036117830717	1.1204477091004355	135	0:16
476.0000000015447	-79398.63361096638	7708.746770819871	298.454572204898	29.329801903076547	1.1383732444548933	135	0:15
477.0000000015495	-79250.9202670205	7598.371892569183	294.1812592981655	29.565061232796477	1.1293148182147856	135	0:14
478.00000000155427	-79413.88133486797	7888.769217207842	305.4243850449541	29.41903560230969	1.1349203353560389	135	0:14
479.00000000155904	-79297.5160422299	7675.628962869273	297.1723714142747	29.436494034647676	1.1342472276870175	135	0:13
480.0000000015638	-79453.38865138736	7595.324567762643	294.0632779908864	29.523438300684067	1.130906956418113	135	0:12
481.0000000015686	-79667.38735855429	7562.157391220121	292.7791658283604	29.411260371401408	1.1352203656015458	135	0:12
482.00000000157337	-79850.29820209852	7599.126199448067	294.21046331063883	29.31922855408126	1.1387837742742002	135	0:11
483.00000000157814	-79925.9597996597	7627.748709810498	295.3186225665617	29.174496751024986	1.1444331683442504	135	0:10
484.0000000015829	-79946.84699639434	7553.865079727062	292.4581177575353	29.296028915135196	1.1396855815627351	135	0:10
485.0000000015877	-79574.8630862924	7298.045169521475	282.5537034432766	29.570372487113673	1.1291119774082883	135	0:09
486.00000000159247	-79512.64857379737	7566.613404401825	292.9516864140565	29.655268378400336	1.1258796017487125	135	0:08
487.00000000159724	-79484.66885385747	7768.345704870993	300.7620256593852	29.356744497021097	1.1373284852825745	135	0:08
488.000000001602	-79972.79822970033	7512.310839517564	290.84928906543576	29.657742284605522	1.1257856862879088	135	0:07
489.0000000016068	-79901.60229393761	7636.555032891525	295.6595712922087	29.385251622086	1.136225143858557	135	0:07
490.00000000161157	-79337.74367817916	7347.419252637038	284.46528794492934	29.80042138319463	1.1203956253602918	135	0:06
491.00000000161634	-79651.97222880309	7846.073698338176	303.7713702037418	29.50199166330923	1.1317290755372482	135	0:05
492.0000000016211	-79708.04635274151	7483.611124942441	289.73814074385064	29.54029311873504	1.1302616943380654	135	0:05
493.0000000016259	-79515.3494273327	7291.172997748701	282.28763800520494	29.44876875766024	1.1337744551014404	135	0:04
494.00000000163067	-79439.37569069164	7601.9566575074805	294.3200483280717	29.64372149948275	1.1263181565178024	135	0:03
495.00000000163544	-79388.61177251858	7780.768456315391	301.242989307326	29.517923809156827	1.1311182306550673	135	0:03
496.0000000016402	-78944.85634941375	7567.891359207897	293.00116416527635	29.700316187355515	1.1241719293829986	135	0:02
497.000000001645	-79343.24936389181	7582.444298531504	293.56460092215514	29.51006568641595	1.1314194318108148	135	0:01
498.00000000164977	-79503.74205846872	7785.031979964753	301.40805740006357	29.39604252251913	1.135808050558069	135	0:01
499.00000000165454	-79560.84179003563	7626.682300345784	295.2773350797563	29.299826229780404	1.1395378760877652	135	0:00
500.0000000016593	-79477.22080240375	7643.448843462718	295.9264745056694	29.315044208417447	1.1389463210168909	135	0:00
