#"Time (ps)"	"Potential Energy (kJ/mole)"	"Kinetic Energy (kJ/mole)"	"Temperature (K)"	"Box Volume (nm^3)"	"Density (g/mL)"	"Speed (ns/day)"	"Time Remaining"
100.99999999994601	-71447.20860931318	7565.800936535964	292.9198834950295	32.00117051724988	1.074080222934122	0	--
101.99999999994368	-71631.5980998429	7803.057933020893	302.1055985768442	32.04070540041443	1.0727549201484188	297	1:55
102.99999999994135	-71537.46588440455	7630.008716457869	295.4057717138663	32.11878526759348	1.070147082990724	292	1:57
103.99999999993902	-71523.54715070408	7805.731572164927	302.2091120148989	31.834048230516412	1.0797189259257154	291	1:57
104.99999999993669	-71484.55138138347	7571.191402458347	293.1285824369146	31.926075989822024	1.0766066075354288	290	1:57
105.99999999993436	-71536.07343165012	7605.728329357905	294.4657247551643	31.88989535760564	1.0778280699225633	290	1:57
106.99999999993203	-71677.69341710355	7671.973428236937	297.0304904433621	31.826714646394873	1.0799677172212943	289	1:57
107.9999999999297	-71842.4107180871	7638.097922347517	295.71895590502317	31.998034045949524	1.0741855050832902	289	1:57
108.99999999992737	-71841.11705281708	7652.172493359929	296.26387133906394	32.202270529847304	1.0673726975699556	289	1:56
109.99999999992504	-71577.78038394477	7653.618361533629	296.31985001740105	32.022450869309814	1.0733664485457113	289	1:56
110.99999999992271	-71670.0628762061	7816.884048741548	302.64089473914817	31.81443427553388	1.0803845847340248	288	1:56
111.99999999992038	-71367.2310398299	7725.546858468826	299.1046558983601	32.02896815828201	1.073148038783534	290	1:55
112.99999999991805	-71518.83094289614	7548.044095723588	292.232404167245	31.935179870757274	1.0762996952709991	289	1:55
113.99999999991572	-71198.6950541044	7691.594373653972	297.7901410201921	31.90627532450132	1.0772747371400617	289	1:55
114.99999999991338	-71289.62548397362	7841.462901935369	303.59249720323197	32.00432616090843	1.0739743180502872	289	1:55
115.99999999991105	-71517.37666495304	7660.916522117319	296.60240785441454	31.667909823576927	1.085383422992148	289	1:54
116.99999999990872	-71714.43491551091	7594.885042317193	294.0459127083881	31.572916474173624	1.0886490131957387	289	1:54
117.9999999999064	-71228.33487075061	7544.93129860433	292.1118881535189	31.850569257931895	1.0791588710698108	289	1:54
118.99999999990406	-71360.43662065279	7541.2084535621125	291.96775333617654	31.872304990528303	1.0784229246530836	289	1:54
119.99999999990173	-71272.74421565037	7699.904489226004	298.1118780187741	32.34562401577882	1.0626421783222781	289	1:53
120.9999999998994	-71196.14638079944	7566.15887047246	292.9337413757558	32.03376846718721	1.0729872259184339	289	1:53
121.99999999989707	-71337.62856875776	7493.464024989014	290.1192653079451	32.026635328296905	1.0732262072173289	289	1:53
122.99999999989474	-71455.02205245267	7702.780019874344	298.2232079506033	31.795375067305333	1.081032203286213	289	1:52
123.99999999989241	-71677.27339759644	7904.818974499949	306.04541045722726	31.80515547692398	1.080699774860678	289	1:52
124.99999999989008	-71475.8153842398	7654.743359648781	296.3634057915467	31.440171700259285	1.0932454406105274	289	1:52
125.99999999988775	-71558.51642412183	7886.866557020728	305.35035912286384	31.669398974177746	1.0853323863628206	289	1:51
126.99999999988542	-71572.15756908455	7801.402659941143	302.0415125135523	31.41680124087619	1.094058688527451	288	1:51
127.99999999988309	-71484.5487999446	7625.966636232861	295.24927728868664	32.18611108660847	1.0679085855023203	289	1:51
128.99999999988785	-71471.89395520129	7800.5275676942765	302.0076321721119	32.41241499659969	1.0604524336408276	289	1:51
129.99999999989262	-71282.22420260095	7876.7111383121355	304.9571787986765	31.599781639270933	1.0877234771965856	289	1:50
130.9999999998974	-71284.7806185929	7743.810448528588	299.81175468636434	31.968702163764057	1.0751710903760252	289	1:50
131.99999999990217	-71405.5957258365	7811.173451650585	302.4198015001635	31.688399217497718	1.0846816252031168	289	1:50
132.99999999990695	-71259.30081496137	7633.512100317868	295.5414098043629	31.919332234727147	1.0768340675349475	289	1:49
133.99999999991172	-71270.25703479233	7727.137560426114	299.1662420061512	32.12351388634532	1.069989556090592	289	1:49
134.9999999999165	-71505.19221938984	7437.321952006501	287.9456514876565	31.41634659972328	1.0940745211801093	289	1:49
135.99999999992127	-71444.2070681137	7652.295366136619	296.26862851939876	31.928703332370212	1.0765180159531715	289	1:48
136.99999999992605	-71252.2585903269	7661.394947835417	296.62093073213526	32.15336097567681	1.0689963139256888	289	1:48
137.99999999993082	-71419.94488344438	7817.1613691606635	302.6516315620621	31.6673011417727	1.0854042853048924	289	1:48
138.9999999999356	-71494.86406312653	7767.085222654878	300.71286802289467	31.835833775281582	1.0796583688035226	289	1:48
139.99999999994037	-71507.48328549395	7468.4183100301225	289.1495876797141	32.17336853581674	1.0683315402630733	289	1:47
140.99999999994515	-71654.76056739161	7670.962022048552	296.9913325293021	32.11575904999067	1.0702479212718647	289	1:47
141.99999999994992	-71771.92723469378	7630.270282510708	295.41589858587446	31.76262808430358	1.0821467377350438	289	1:47
142.9999999999547	-71477.34012709063	7689.493302005519	297.7087952819626	31.941178013859343	1.076097580008057	289	1:46
143.99999999995947	-71681.20054464231	7700.950255514166	298.1523662290589	31.712353545235363	1.0838622972051473	289	1:46
144.99999999996425	-71826.77599607263	7486.93360474662	289.86643154287236	31.72108795782882	1.0835638553449292	288	1:46
145.99999999996902	-71904.4509912834	7495.069847861846	290.18143684176806	31.86416611999399	1.0786983796746252	288	1:46
146.9999999999738	-71622.30774088518	7424.981228320864	287.4678642216997	31.98529910110406	1.074613191975252	288	1:45
147.99999999997857	-71927.56065365419	7947.382980635302	307.693331651934	31.914117182567878	1.0770100318518343	288	1:45
148.99999999998334	-71346.83225312381	7707.3149607064515	298.3987841191201	31.82427420455455	1.0800505344565394	288	1:45
149.99999999998812	-71710.83969708643	7767.6433612089295	300.73447708736757	31.7451123767566	1.0827438238488405	288	1:44
150.9999999999929	-71716.65730115396	7548.459778196055	292.2484978581083	31.924827274619624	1.0766487181794826	288	1:44
151.99999999999767	-71537.17188755088	7635.4960402518755	295.61822063499477	31.972026597210892	1.075059294687283	288	1:44
153.00000000000244	-71817.65067242671	7790.540341854392	301.6209636549256	31.984988557193056	1.0746236254504076	288	1:43
154.00000000000722	-71633.83874902179	7551.338328966127	292.3599447179024	31.800167010906964	1.0808693033445893	288	1:43
155.000000000012	-71646.0428847956	7472.196708685431	289.295873327882	31.97197074078878	1.075061172862584	288	1:43
156.00000000001677	-71535.05477391745	7402.807826592092	286.6093919587413	31.942216632780802	1.0760625900973448	288	1:43
157.00000000002154	-71143.59307505662	7585.724336023003	293.6912439769563	32.08340496670053	1.0713271985624728	288	1:42
158.00000000002632	-71737.45774848	7800.843924057712	302.01988032269077	31.560282152303323	1.0890848249533815	288	1:42
159.0000000000311	-71662.80139724328	7822.025658403799	302.839958885281	31.4419892718384	1.0931822432146927	288	1:42
160.00000000003587	-71521.75833323956	7888.61483693953	305.41804606763384	31.881445971795358	1.0781137214958323	288	1:41
161.00000000004064	-71356.61221926872	7696.836572400702	297.99309960435664	31.52015715287846	1.0904712243854318	289	1:41
162.00000000004542	-71436.83707470555	7470.927656775461	289.2467403225683	31.728413692253294	1.0833136726187074	289	1:41
163.0000000000502	-71807.69581762867	7692.719747897123	297.8337113566254	31.845229503075068	1.079339822625601	289	1:40
164.00000000005497	-71726.76709627805	7654.889383642407	296.3690593015397	31.450685564729977	1.0928799721258382	289	1:40
165.00000000005974	-71479.99750036234	7802.056976452221	302.06684523348525	31.460705415653646	1.0925319031854412	289	1:40
166.00000000006452	-71778.11379168014	7743.4396071834635	299.79739707842305	31.679532820613492	1.0849852034735585	289	1:39
167.0000000000693	-71319.61121158628	7853.89304705465	304.0737465370048	31.73264055576088	1.083169372650288	289	1:39
168.00000000007407	-70968.95114573056	8021.10740929832	310.547669379804	31.866077480685906	1.0786336782163866	289	1:39
169.00000000007884	-70970.20920308077	7639.693934621105	295.7807476086587	32.097735549813954	1.0708488862081058	289	1:39
170.00000000008362	-71307.87930930787	8060.759240613437	312.0828419156157	31.826726141572863	1.0799673271585186	289	1:38
171.0000000000884	-71406.10877168231	7765.821564648149	300.66394384960313	31.826863220592678	1.079962675714812	289	1:38
172.00000000009317	-71332.55191140564	7646.533257908114	296.04554095931917	31.758152483904066	1.0822992420840987	289	1:38
173.00000000009794	-71569.5324843977	7647.954205020456	296.10055478615544	31.920072952259183	1.0768090791875176	289	1:37
174.00000000010272	-71800.50029492876	7905.381186713341	306.06717723875215	31.94025789003092	1.0761285798524691	289	1:37
175.0000000001075	-71627.33012637234	7525.318325555292	291.3525462373482	31.54676884800401	1.0895513429260548	289	1:37
176.00000000011227	-71729.86822131294	7606.664966584092	294.50198789101375	31.58744562392213	1.088148271707345	289	1:36
177.00000000011704	-71823.2884845075	7529.169108952707	291.5016343555259	31.893004415859583	1.0777229989103305	289	1:36
178.00000000012182	-71881.51027695107	7516.716436489954	291.01951284617235	31.42947559462904	1.093617494820511	289	1:36
179.0000000001266	-71679.82508818805	7793.312629768801	301.7282964092123	31.89562723266634	1.077634376417537	289	1:36
180.00000000013137	-71260.86449384375	7727.446748380809	299.1782126224055	31.939903958641853	1.07614050461228	289	1:35
181.00000000013614	-71334.92837719855	7711.389192801542	298.55652334602235	31.87453838288525	1.0783473614719468	289	1:35
182.00000000014091	-71593.63403460581	7701.902043907228	298.18921596216006	31.501178485310966	1.0911282058653207	289	1:35
183.0000000001457	-71435.41208558864	7586.87501786757	293.73579413029466	32.157722070791166	1.0688513411383858	289	1:34
184.00000000015046	-71514.95338101414	7754.40055504048	300.2217645176676	32.02695942945834	1.0732153465591074	289	1:34
185.00000000015524	-71325.72107149393	7625.550642599295	295.2331715508142	31.90036839477791	1.077474214026546	289	1:34
186.00000000016001	-71599.64856897609	7518.949950710343	291.10598627188216	31.991211118132988	1.0744146020729504	289	1:34
187.0000000001648	-71596.4433435004	7508.5494555153255	290.70331749082777	31.79754950412202	1.0809582782114977	289	1:33
188.00000000016956	-71729.23826235594	7559.102203467763	292.66053327865967	31.633524686075123	1.0865632174858737	289	1:33
189.00000000017434	-71528.5022476782	7548.1647454649465	292.2370752798581	32.39643878401863	1.0609753927729995	289	1:33
190.0000000001791	-71556.97094590447	7619.569065939384	295.0015869832271	32.072677953495315	1.0716855141675106	289	1:32
191.0000000001839	-71806.60229361503	7563.046170269371	292.813229114266	32.082752362721926	1.0713489907199616	289	1:32
192.00000000018866	-71735.46708852681	7438.224996162558	287.9806140238377	32.163022010649094	1.0686752119231886	289	1:32
193.00000000019344	-71684.65800645694	7434.321986036104	287.8295038795039	32.343890915454175	1.0626991184569405	289	1:31
194.0000000001982	-71634.90052148534	7606.582092174131	294.4987792997867	31.913009913043602	1.077047400322839	289	1:31
195.000000000203	-71642.71066351517	7649.358238389099	296.15491377527184	31.482430019670847	1.0917779962297829	289	1:31
196.00000000020776	-71508.38645594625	7564.045801712566	292.85193115365803	32.04241906165183	1.0726975481216583	289	1:31
197.00000000021254	-71484.56068843754	7512.288502394827	290.84807958350154	32.05077136143763	1.0724180075327479	289	1:30
198.0000000002173	-71437.56597094488	7649.477787042892	296.15954225783895	31.807916570117364	1.080605964479043	289	1:30
199.0000000002221	-71376.71498959395	7951.504312375493	307.8528944032286	31.9136918901511	1.0770243844438476	289	1:30
200.00000000022686	-71224.0384422405	7939.117961708637	307.3733406289887	32.125389247031194	1.0699270940817318	289	1:29
201.00000000023164	-71220.92006918057	7926.644060455502	306.89039721923643	31.841092822793847	1.079480046574127	289	1:29
202.0000000002364	-71461.04895985348	7874.178413685229	304.85912105054626	31.98454388737758	1.074638565563073	289	1:29
203.0000000002412	-70941.85605785504	7619.6686963210805	295.0054443038259	32.353537560287094	1.0623822603408566	289	1:28
204.00000000024596	-71087.51815105331	7405.61839047423	286.7182066172047	31.969084446437463	1.075158233602492	289	1:28
205.00000000025074	-71230.43662831938	7862.309995591588	304.39961971361953	31.806529725769	1.0806530816052293	289	1:28
206.0000000002555	-71357.59507715821	7951.331457458729	307.8462020989366	31.924292056570412	1.0766667684411957	289	1:27
207.0000000002603	-71437.48653870737	7731.793401242709	299.3464989757713	31.723895919241485	1.0834679463966173	289	1:27
208.00000000026506	-71639.624142613	7623.422490179821	295.1507773450981	31.84668288204286	1.0792905650686018	289	1:27
209.00000000026984	-71499.72872818782	7607.4715162207995	294.53321451561027	31.649136932827084	1.0860272252059262	289	1:27
210.0000000002746	-71610.78299478235	7436.549740484672	287.9157543081107	31.534115680603342	1.0899885289779265	289	1:26
211.00000000027939	-71691.5010751934	7580.8670251603035	293.5031868308675	31.784238414943474	1.081410978441458	289	1:26
212.00000000028416	-71438.49463560138	7802.0335992276905	302.06594015364726	32.2996372620275	1.0641551199006567	289	1:26
213.00000000028894	-71633.08182850273	7651.47104745516	296.236713942983	31.680992366001007	1.0849352181343697	289	1:25
214.0000000002937	-71239.15929119464	7662.20127829853	296.6521488711393	31.881044581634818	1.0781272952116696	289	1:25
215.00000000029848	-71544.18861329433	7789.27038381784	301.57179556773553	31.557257682318312	1.089189203616362	289	1:25
216.00000000030326	-71507.04456586082	7640.48358371783	295.8113199067346	31.882179967530494	1.0780889010201191	289	1:24
217.00000000030803	-71538.78210361116	7485.507987397608	289.81123690171216	31.96133285573438	1.0754189920197192	289	1:24
218.0000000003128	-71892.75291038075	7815.151270682196	302.5738079691517	31.59621596245974	1.0878462283002062	289	1:24
219.00000000031758	-71358.55238388374	7512.143171431106	290.84245290506806	31.96974613884152	1.0751359805625949	289	1:24
220.00000000032236	-71584.75051777362	7717.225265543278	298.782474539018	31.886407531534573	1.0779459658265997	289	1:23
221.00000000032713	-71638.70340182478	7762.954179526614	300.55292928250293	31.83848428865678	1.0795684886157215	289	1:23
222.0000000003319	-71381.48579875717	7594.870240671988	294.0453396433252	32.30548004019877	1.0639626565075218	289	1:23
223.00000000033668	-71635.25558728786	7826.19230985849	303.00127624862574	32.19787970737931	1.06751825510557	289	1:22
224.00000000034146	-71080.36003150692	7426.738642455911	287.5359048096042	32.021663846360006	1.0733928295617825	289	1:22
225.00000000034623	-71350.19551845526	7615.742399169292	294.85343257183405	32.02284751543199	1.0733531534557201	289	1:22
226.000000000351	-71322.88860837102	7788.4640100370925	301.54057575163256	31.802578083330758	1.0807873585989718	289	1:21
227.00000000035578	-71191.66328801258	7525.929978083041	291.37622716533855	31.67562010283844	1.085119225818741	289	1:21
228.00000000036056	-71513.13128041304	7474.850026577465	289.39860000207415	31.520256918041657	1.0904677729211896	289	1:21
229.00000000036533	-71871.84092319108	7807.7478855400395	302.28717622566546	31.49033967371	1.091503766534987	289	1:21
230.0000000003701	-71670.19714908532	7451.971820978099	288.5128403349939	31.813798056598475	1.0804061904891475	289	1:20
231.00000000037488	-71523.41997503629	7462.9533669755565	288.93800525819944	32.07663752640978	1.0715532242125165	289	1:20
232.00000000037966	-71595.04669591394	7852.333184151886	304.01335440356405	31.83626550650437	1.079643727569058	289	1:20
233.00000000038443	-71799.73695083169	7885.517251812996	305.29811900611173	31.6599790793431	1.08565530877899	289	1:19
234.0000000003892	-71249.6823836902	7674.2012990905505	297.1167453787426	31.503160399064626	1.0910595612604361	289	1:19
235.00000000039398	-71535.30359032599	7623.268747785918	295.14482500713837	31.79471751318686	1.0810545603704416	289	1:19
236.00000000039876	-71284.2684696686	7431.537293367398	287.7216908589223	31.797570784333132	1.0809575547908148	289	1:18
237.00000000040353	-71021.97094119043	7537.079473507898	291.8078944703963	31.99424053772794	1.0743128696175483	289	1:18
238.0000000004083	-71265.29350818173	7713.894946633793	298.65353688454485	31.711579762783263	1.0838887441255576	289	1:18
239.00000000041308	-71305.51649180258	7763.4370046386275	300.5716224885159	31.32310883317177	1.0973311923278888	289	1:18
240.00000000041786	-71514.8681157449	7769.595445768841	300.8100545955069	31.302039154334647	1.0980698156388593	289	1:17
241.00000000042263	-71562.65668377417	7553.870374121419	292.4579761594	31.546727702715916	1.0895527639895743	289	1:17
242.0000000004274	-71337.5371693641	7634.488467166008	295.5792111245146	31.44497190010438	1.093078552352165	289	1:17
243.00000000043218	-71362.24790221738	7668.799944330199	296.907624861247	31.810988018089244	1.0805016286754485	289	1:16
244.00000000043696	-71646.87197715268	7767.491546093466	300.7285993665146	31.287843958479296	1.0985680064415406	289	1:16
245.00000000044173	-71339.71053698112	7771.263763567818	300.87464570217344	31.42234342473258	1.0938657215574341	289	1:16
246.0000000004465	-71282.33262364936	7604.0616964268975	294.40119888036594	31.684962210036264	1.0847992853983353	289	1:16
247.00000000045128	-71437.07584878473	7677.529669168163	297.24560758163966	31.81259803235574	1.0804469452121432	289	1:15
248.00000000045605	-71426.40428195437	7750.982871249197	300.08944441747434	31.727121840924582	1.0833577825198326	289	1:15
249.00000000046083	-71200.3101817723	7608.4861237702335	294.57249637455243	31.85146839532336	1.079128407416447	289	1:15
250.0000000004656	-71688.80234056641	7724.951524781609	299.0816067756349	31.709474315593937	1.083960712222132	289	1:14
251.00000000047038	-71589.36856420571	7426.806515933098	287.53853262008937	31.648500271993587	1.0860490724022378	289	1:14
252.00000000047515	-71599.51631686537	7864.454111617999	304.48263197126744	32.00236138077317	1.07404025454106	289	1:14
253.00000000047993	-71656.27829637466	7841.974495688967	303.6123042248491	32.28107418191571	1.0647670573049317	289	1:13
254.0000000004847	-71868.47366838815	7746.9691903930325	299.93404951102144	31.92208631005195	1.0767411637658926	289	1:13
255.00000000048948	-71473.30026162707	7557.91586818052	292.6146027556337	31.913005107315865	1.077047562513662	289	1:13
256.00000000049425	-71342.8118616635	7752.343197987537	300.1421112472062	32.09816646175808	1.0708345102599979	289	1:13
257.000000000499	-71296.53401912979	7701.03440673679	298.1556242537589	32.00874067847152	1.0738261998054315	289	1:12
258.0000000005038	-71425.89898748699	7636.731162065139	295.66603999221525	32.11194723323295	1.0703749639868894	289	1:12
259.0000000005086	-71466.91481381241	7601.01875360094	294.2833873670129	31.89575973362438	1.077629899722563	289	1:12
260.00000000051335	-71244.1366425993	7629.891905908993	295.40124924061394	32.05127204481446	1.072401254941193	289	1:11
261.0000000005181	-71523.47432945576	7637.398858412834	295.69189073003105	32.00931082925537	1.0738070727816476	289	1:11
262.0000000005229	-71763.74728958766	7714.432406490672	298.67434534619764	31.896622678342013	1.077600745067573	289	1:11
263.0000000005277	-71831.57020055476	7696.190813813812	297.96809821565705	31.9252418743456	1.076634736194153	289	1:10
264.00000000053245	-71629.97744649532	7676.065052049283	297.1889030133559	32.1223328050276	1.0700288977125885	289	1:10
265.0000000005372	-71211.14443396093	7741.1976982239075	299.71059863940144	32.00539241683047	1.0739385387209224	289	1:10
266.000000000542	-71272.14146991441	7693.234663254546	297.85364697848104	31.86601507356978	1.0786357906366892	289	1:10
267.0000000005468	-71511.6977151346	7669.9882013181395	296.95362978543	31.915062497227133	1.0769781311350062	289	1:09
268.00000000055155	-71316.9587531758	7712.104537888196	298.5842188671178	31.902265083753175	1.0774101548302002	289	1:09
269.0000000005563	-71649.28421808468	7805.885059825778	302.2150544905352	31.808272337327086	1.0805938781838578	289	1:09
270.0000000005611	-71467.25212558528	7786.513948318305	301.46507656043434	32.03344556144848	1.0729980419179854	289	1:08
271.0000000005659	-71298.62921580259	7643.568979544776	295.9307750435729	32.11112905860348	1.070402236576338	289	1:08
272.00000000057065	-71291.4751254388	7857.542087098947	304.2150238972751	32.12377085349725	1.0699809969407315	289	1:08
273.0000000005754	-71451.92885461275	7726.895757447988	299.15688028744154	32.6487204217579	1.0527770742406917	289	1:07
274.0000000005802	-71218.667733295	7435.914512382647	287.8911606209124	32.4219847147897	1.0601394290227228	289	1:07
275.000000000585	-71626.99198198112	7662.897778776845	296.6791147985637	32.186104479528545	1.0679088047198209	289	1:07
276.00000000058975	-71463.5093468318	7464.900737120488	289.01340024159373	32.36554166030636	1.0619882319310843	289	1:07
277.0000000005945	-71683.71028931902	7794.390803316601	301.7700393089605	32.155822130861786	1.0689144946579359	289	1:06
278.0000000005993	-71660.05194048828	7513.180141036757	290.8826005402786	31.844065217588646	1.0793792855422173	289	1:06
279.0000000006041	-71605.502154547	7572.657762638286	293.1853544900882	32.123142483905205	1.0700019271321932	289	1:06
280.00000000060885	-71434.9167852033	7630.512307227292	295.42526888947873	31.49758289466469	1.0912527630538524	289	1:05
281.0000000006136	-71219.56839270314	7558.064414047836	292.62035390326673	32.13738505527865	1.0695277261730707	289	1:05
282.0000000006184	-71145.29583645769	7629.100589124654	295.37061237582986	32.19482945265299	1.0676193956507576	289	1:05
283.0000000006232	-71262.73154454894	7713.862201371683	298.65226910887344	32.18000302264678	1.0681112844871805	289	1:04
284.00000000062795	-71429.98530643483	7519.461702699968	291.1257994198141	31.832831165277778	1.0797602068399206	289	1:04
285.0000000006327	-71645.90735379086	7746.205262933863	299.9044730598016	31.92206542313011	1.076741868288242	289	1:04
286.0000000006375	-71373.49103747032	7781.655958863347	301.2769931417583	31.836579147766127	1.0796330913502798	289	1:04
287.0000000006423	-71592.33358634764	7816.948485378864	302.6433894878804	31.580418042415726	1.0883904170348768	289	1:03
288.00000000064705	-71721.0685462511	7956.90286886099	308.0619065818516	31.72588514852623	1.0834000124001988	289	1:03
289.0000000006518	-71321.54531700345	7284.2736979804085	282.02018806157713	31.483971347275546	1.091724547205032	289	1:03
290.0000000006566	-71554.39378283152	7465.872268157062	289.0510143369727	31.75044564243188	1.08256195048127	289	1:02
291.0000000006614	-71530.21203883507	7547.8110160421365	292.223380182381	31.796686886585814	1.0809876037060067	289	1:02
292.00000000066615	-71730.80021350441	7975.244434607961	308.77202430062135	31.9134031222607	1.077034129880842	289	1:02
293.0000000006709	-71445.25584793976	7540.367393326563	291.9351905885869	32.035072075828325	1.0729435626666013	289	1:01
294.0000000006757	-71245.7125339504	7579.3234000886205	293.44342336630496	32.31700113063537	1.063583351202019	289	1:01
295.0000000006805	-71256.17318180346	7731.246761960265	299.32533512064606	32.15702140069656	1.068874630365363	289	1:01
296.00000000068525	-70968.48292394925	7410.772533221645	286.91775599812996	31.956477952821086	1.07558237218962	289	1:01
297.00000000069	-71397.91676724836	7723.920496125545	299.04168915206174	31.583116934770512	1.0882974101102716	289	1:00
298.0000000006948	-71008.71629400557	7761.319683025983	300.4896476116589	31.795885751538563	1.081014840470591	289	1:00
299.0000000006996	-71432.6893877474	7703.695839102807	298.2586650904295	31.342080648847844	1.0966669618529021	289	1:00
300.00000000070435	-71568.63062270003	7812.564499820754	302.4736577503291	31.764878469225078	1.0820700729776511	289	0:59
301.0000000007091	-71724.29335364161	7809.82738964448	302.36768694820614	31.905452147411538	1.0773025313828426	289	0:59
302.0000000007139	-71721.0402763745	7700.123426131707	298.12035444756845	31.940391471164283	1.076124079266574	289	0:59
303.00000000071867	-71467.39626548422	7624.004554243036	295.173312716966	31.816686331889986	1.0803081126921	289	0:58
304.00000000072345	-71468.17618892374	7555.357211573124	292.5155410169455	31.767651406165225	1.0819756211707228	289	0:58
305.0000000007282	-71244.35888935093	7495.981607828014	290.2167368219428	31.536764412423135	1.0898969822592408	289	0:58
306.000000000733	-71413.55865415628	7790.400060472506	301.6155324776605	31.755563274315197	1.0823874880254922	289	0:58
307.00000000073777	-71429.16093682853	7560.422697375178	292.71165792821904	31.799609213997524	1.080888262871823	289	0:57
308.00000000074255	-71626.25888556874	7849.364627303172	303.89842284065776	32.16032707222017	1.068764763683349	289	0:57
309.0000000007473	-71328.96057855591	7509.542521438395	290.7417653375169	32.09519903548658	1.0709335164214695	289	0:57
310.0000000007521	-71943.20165195968	7731.674185963395	299.3418834002333	31.606192537263922	1.0875028468802745	289	0:56
311.00000000075687	-71733.74907496865	7769.381595803857	300.801775114279	31.6236565335676	1.0869022792110044	289	0:56
312.00000000076164	-71652.09257121771	7692.235293340063	297.8149550645153	31.94852852691246	1.0758499983611711	289	0:56
313.0000000007664	-71622.75207107156	7561.427776053411	292.75057086444355	32.09595198210046	1.0709083931359744	289	0:55
314.0000000007712	-71446.63952605057	7543.42747524892	292.0536656644845	31.944261548269026	1.0759937058298699	289	0:55
315.00000000077597	-71532.31356165034	7762.197562883402	300.52363587908945	32.171563420986004	1.0683914832966848	289	0:55
316.00000000078074	-71526.57741073967	7540.340141822066	291.93413551093033	31.80669293792269	1.0806475363661443	289	0:55
317.0000000007855	-71677.32550329535	7638.71518003896	295.7428538442606	31.711226709710694	1.0839008114686137	289	0:54
318.0000000007903	-71807.76040452893	7759.330655200391	300.4126397966466	31.795365931685943	1.0810325138943304	289	0:54
319.00000000079507	-71636.87984475127	7598.229346431122	294.17539181835156	32.08398722707757	1.0713077561105682	289	0:54
320.00000000079984	-71455.98049572346	7707.578174692962	298.4089747930368	32.173883433634714	1.068314443117182	289	0:53
321.0000000008046	-71189.36316410906	7574.2955500987555	293.2487635747488	31.855324580926535	1.0789977755838291	289	0:53
322.0000000008094	-71235.48885810078	7660.012064851233	296.5673906078295	31.85367709884599	1.0790535816841642	289	0:53
323.00000000081417	-71522.15355723823	7679.891153174325	297.3370355250607	31.50131014330485	1.091123645554972	289	0:52
324.00000000081894	-71608.8032718389	7700.102600213086	298.1195481448773	31.334501641007943	1.0969322173082743	289	0:52
325.0000000008237	-71632.32742542564	7577.649059486217	293.3785990789227	31.720903307088868	1.0835701628849679	289	0:52
326.0000000008285	-71314.98304946863	7338.9502937355455	284.1370640133561	32.11573333595368	1.070248778185028	289	0:52
327.00000000083327	-71587.19736377013	7632.334821682114	295.4958299214505	32.02486257258736	1.0732856163055697	289	0:51
328.00000000083804	-71402.51259112009	7432.018032574947	287.7403033064143	31.75935502431388	1.082258261762769	289	0:51
329.0000000008428	-71705.01889863113	7515.851667407176	290.9860321795381	32.1924123260521	1.067699556504027	289	0:51
330.0000000008476	-71429.30707376523	7554.07997546192	292.4660911495716	32.42787442286942	1.059946881349714	289	0:50
331.00000000085237	-71264.82616611113	8015.2063370676815	310.3192016465403	31.91849641405544	1.0768622656105074	289	0:50
332.00000000085714	-71508.68417888967	8038.090690921265	311.20519935132796	31.99002651648016	1.0744543880141337	289	0:50
333.0000000008619	-71214.53444270871	7722.483622927948	298.9860587259948	32.00401277276648	1.073984834569526	289	0:49
334.0000000008667	-71331.85298185755	7730.223635269336	299.2857234319932	32.06348445902914	1.0719927962677005	289	0:49
335.00000000087147	-71459.41071180004	7699.252652894078	298.0866413222224	31.954437692109096	1.075651047109756	289	0:49
336.00000000087624	-71222.93915909968	7708.611099563757	298.4489658310446	32.02273075823537	1.0733570669790897	289	0:49
337.000000000881	-71604.73888532247	7727.670848545038	299.18688895351016	32.12046318265134	1.070091180437437	289	0:48
338.0000000008858	-71813.72016779747	7869.019852992738	304.6594006230963	31.65975237229801	1.085663082867181	289	0:48
339.00000000089057	-71587.17491829692	7603.141404901704	294.36556858971966	31.775044779423453	1.0817238685869215	289	0:48
340.00000000089534	-71571.1906290674	7762.107608492261	300.52015317712653	31.863145775318078	1.0787329225335247	289	0:47
341.0000000009001	-71577.1723327656	7866.748057030105	304.57144506964187	31.7484555201603	1.0826298098656943	289	0:47
342.0000000009049	-71769.01913044567	7790.495845057909	301.6192409032234	32.08591219645654	1.0712434838338962	289	0:47
343.00000000090967	-71790.93522506833	7801.404229166195	302.0415732681536	32.071195055219555	1.0717350664401457	289	0:46
344.00000000091444	-71901.13598842072	7709.482516776676	298.4827038887367	31.735169531488193	1.083083054880683	289	0:46
345.0000000009192	-71844.82505222622	7561.971607195678	292.7716259987473	31.680899446366865	1.0849384002341615	289	0:46
346.000000000924	-71733.06208884716	7703.192494432579	298.2391774428694	31.60654713415127	1.0874906460814067	289	0:46
347.00000000092876	-71680.52023541863	7626.7684071683225	295.28031889961125	31.600721895790624	1.087691112774835	289	0:45
348.00000000093354	-71338.7354871642	7419.895505544604	287.2709638094887	31.608718783829435	1.0874159309773965	289	0:45
349.0000000009383	-71595.73462494134	7628.279934894404	295.33883967343775	32.04929169661695	1.0724675193663895	289	0:45
350.0000000009431	-71695.57327809866	7761.682573644546	300.5036973968174	32.23986217044924	1.0661281422854685	289	0:44
351.00000000094786	-71455.89006476747	7726.027442576318	299.1232623409505	32.383210711543434	1.0614087858517467	289	0:44
352.00000000095264	-71539.70346539532	7981.9859275429735	309.03303002118827	32.190779439151356	1.0677537158828965	289	0:44
353.0000000009574	-71455.44159995564	7691.03818470716	297.7686074373146	32.10251555740078	1.0706894387096297	289	0:43
354.0000000009622	-71816.77489933546	7666.67318538986	296.82528460589896	31.749828779507215	1.082582983424016	289	0:43
355.00000000096696	-71742.00879716277	7622.005800592114	295.0959283538993	31.822851858307928	1.0800988081257468	289	0:43
356.00000000097174	-71542.38583391614	7628.252487435995	295.33777700916903	31.58830531397393	1.0881186572587453	289	0:43
357.0000000009765	-71504.40911844812	7763.102906503671	300.55868744203656	31.71461748175087	1.0837849260864878	289	0:42
358.0000000009813	-71346.48355859087	7511.636273793538	290.8228276997282	31.729137675466603	1.083288953985578	289	0:42
359.00000000098606	-71351.85002876847	7598.103440091721	294.1705171896668	31.8282678523917	1.0799150152538939	289	0:42
360.00000000099084	-71654.4738098461	7764.9247289989635	300.6292216838896	31.848556924635826	1.0792270571208502	289	0:41
361.0000000009956	-71351.37798640702	7645.597571018483	296.00931461699304	31.975039923769348	1.074957981139831	289	0:41
362.0000000010004	-71291.97179665192	7582.133971543737	293.55223831796616	31.66108180315275	1.0856174964905314	289	0:41
363.00000000100516	-71479.12176279008	7458.664224787926	288.77194550584363	31.614294623865224	1.08722414250463	289	0:41
364.00000000100994	-71696.14893268212	7425.904890136284	287.5036249975424	31.865082352293577	1.0786673633324722	289	0:40
365.0000000010147	-71775.2931749738	7424.779978713096	287.4600725797896	32.09970929146217	1.070783042027822	289	0:40
366.0000000010195	-71684.9190014152	7539.366999434074	291.89645902997273	31.965872465042025	1.0752662672013638	289	0:40
367.00000000102426	-71569.32551536581	7724.653171892383	299.0700556531186	32.14955409156015	1.0691228956218664	289	0:39
368.00000000102904	-71294.52552871543	7581.015872334577	293.5089496439936	32.092740952022396	1.071015542570993	289	0:39
369.0000000010338	-71469.18231982522	7575.248994610225	293.2856774266412	32.123692235092385	1.0699836155749345	289	0:39
370.0000000010386	-71356.96718446157	7655.619028548817	296.3973084588691	32.27837653270837	1.06485604468028	289	0:38
371.00000000104336	-71563.30908943177	7675.410683945113	297.1635682959288	31.941419949413334	1.0760894292663374	289	0:38
372.00000000104814	-71332.82243757707	7649.773662797687	296.1709974748544	31.829482048829732	1.07987381983127	289	0:38
373.0000000010529	-71107.72037757988	7917.34983064421	306.5305589501178	31.924499274859183	1.0766597799198283	289	0:38
374.0000000010577	-71189.38621463627	7883.492427107286	305.2197252680436	31.882988161454808	1.078061572813137	289	0:37
375.00000000106246	-71565.81445820519	7900.124592737169	305.86366132444294	31.397246853021223	1.0947400746385236	289	0:37
376.00000000106724	-71487.26458577457	7433.502616037224	287.7977808978097	31.724634485084625	1.0834427227043564	289	0:37
377.000000001072	-71633.8161086551	7615.885432912104	294.858970310354	31.463108118708565	1.0924484711948232	289	0:36
378.0000000010768	-71644.15332926207	7746.582184660105	299.91906607765435	31.750269673747475	1.082567950335891	289	0:36
379.00000000108156	-71703.72156622738	7651.734396978279	296.2469098643768	31.399192080412913	1.0946722538368125	289	0:36
380.00000000108633	-71400.20930680193	7537.829791829548	291.83694402604885	31.92590564596775	1.0766123518773778	289	0:35
381.0000000010911	-71450.55770749139	7720.3603451374465	298.90385324791805	32.05118260273966	1.0724042475856284	289	0:35
382.0000000010959	-71452.31431806055	7695.454303138238	297.9395832410904	31.67310267443372	1.0852054728148017	289	0:35
383.00000000110066	-71774.18457626418	7771.2212331739765	300.8729990823226	31.580569156819386	1.0883852090391628	289	0:35
384.00000000110543	-71768.61639785965	7554.719715812771	292.4908595343877	31.90404709722419	1.0773499756496763	289	0:34
385.0000000011102	-71491.26210212114	7622.49394629303	295.11482755347384	31.975417106764297	1.0749453009027161	289	0:34
386.000000001115	-71723.5296889462	7750.549169598748	300.07265309055646	31.881387920378586	1.0781156845856805	289	0:34
387.00000000111976	-71784.43604463054	7742.0007565239575	299.74169009233066	31.824945482607948	1.0800277531380063	289	0:33
388.00000000112453	-71486.38958490497	7394.259211520537	286.2784211399465	32.2343509141419	1.0663104231529896	289	0:33
389.0000000011293	-71563.06167640543	7638.6625937490035	295.74081789723306	32.092328381138366	1.0710293112768334	289	0:33
390.0000000011341	-71317.93772648007	7602.356036229077	294.33516201386385	32.34664147450926	1.0626087530727812	289	0:32
391.00000000113886	-71359.21433689867	7566.958731597706	292.96470904587886	32.168805671015456	1.0684830737838082	289	0:32
392.00000000114363	-71643.63254372613	7550.581239549215	292.3306330104365	31.985464169229076	1.074607646194088	289	0:32
393.0000000011484	-71653.20336331229	7713.27619416511	298.62958107305053	31.81772773671248	1.080272753847884	289	0:32
394.0000000011532	-71454.59180388681	7603.223127289513	294.3687325789016	32.0203427019744	1.0734371172486297	289	0:31
395.00000000115796	-71923.66537510627	7720.42357074328	298.9063011099819	31.643852771905365	1.0862085793117213	289	0:31
396.00000000116273	-71022.81499478844	7626.407063034734	295.26632898864216	31.948332898191282	1.0758565860964384	289	0:31
397.0000000011675	-71386.5846490908	7640.031835349619	295.79382987752354	31.754243858103646	1.0824324621588792	289	0:30
398.0000000011723	-71410.75052698402	7738.382547855291	299.6016064091123	32.37003740789099	1.0618407365492146	289	0:30
399.00000000117706	-71577.21202235084	7540.2733188079455	291.93154837049735	31.75105754514153	1.0825410874725365	289	0:30
400.00000000118183	-71619.9390979266	7671.262404399211	297.0029622250736	31.88354953119752	1.0780425915153626	289	0:29
401.0000000011866	-71490.52746507531	7631.144264555238	295.44973594437863	32.2356331715144	1.066268007842138	289	0:29
402.0000000011914	-71277.53107642388	7769.475967535214	300.8054288393487	32.32091673577154	1.0634545005117133	289	0:29
403.00000000119616	-71156.30328321113	7688.999467674104	297.6896758396145	32.34913137143904	1.0625269645931632	289	0:29
404.00000000120093	-71519.02443663686	7829.805744752033	303.1411751088934	32.15175764308354	1.069049622259598	289	0:28
405.0000000012057	-71528.1541682462	7446.944266140747	288.31819197065346	31.85837664513632	1.0788944065223738	289	0:28
406.0000000012105	-71730.20409276194	7705.429475502047	298.3257850921779	31.9668644329812	1.0752329004735957	289	0:28
407.00000000121526	-71374.23481759519	7750.743121426548	300.0801621893656	32.48570447901673	1.0580599963753952	289	0:27
408.00000000122003	-71520.31526305692	7613.013791566617	294.7477909579741	32.1849842846681	1.0679459731690546	289	0:27
409.0000000012248	-71374.36451697911	7568.56237178282	293.02679607409067	32.17239871633015	1.0683637445371477	289	0:27
410.0000000012296	-71585.25755727067	7784.738976684229	301.39635621098	31.761395745130095	1.0821887249268873	289	0:26
411.00000000123435	-71364.0510591004	7518.722496297396	291.0971800766492	32.18872857041551	1.0678217466132403	289	0:26
412.00000000123913	-71350.63858195316	7832.655021557361	303.25148858883597	32.17892104576627	1.0681471984233244	289	0:26
413.0000000012439	-71308.51084524431	7521.462250466502	291.20325324441444	31.88285356819895	1.0780661238429496	289	0:26
414.0000000012487	-71205.02010752031	7642.5558234459495	295.8915493794403	32.04247998505216	1.0726955085672232	289	0:25
415.00000000125345	-71344.70069749327	7631.667358925557	295.4699882274212	32.113069045970406	1.0703375723484025	289	0:25
416.00000000125823	-71236.71007733722	7659.301073376879	296.5398636425312	32.158124073953	1.0688379796121448	289	0:25
417.000000001263	-71420.80174273264	7972.565861645519	308.6683198433309	32.08158309139025	1.0713880379720095	289	0:24
418.0000000012678	-71435.57105038763	7711.2236767039885	298.55011517371935	32.00050371314852	1.0741026038661305	289	0:24
419.00000000127255	-71570.21719311943	7602.8610370886445	294.3547137829614	31.4064079901343	1.0944207428661636	289	0:24
420.00000000127733	-71518.53049224729	7523.353035172124	291.276457448481	31.444735581250058	1.0930867672430329	289	0:23
421.0000000012821	-71648.3731433411	7815.646492605749	302.5929811339452	31.653715773651594	1.0858701268788022	289	0:23
422.0000000012869	-71679.34717195653	7701.133813412147	298.1594729132741	31.707036443478373	1.0840440551608326	289	0:23
423.00000000129165	-71656.91139583796	7697.287064434617	298.01054099294146	31.880990689714167	1.0781291176879915	289	0:23
424.0000000012964	-71345.88682957352	7766.41815939039	300.6870417957237	32.00304165038747	1.0740174243064315	289	0:22
425.0000000013012	-71307.54228108574	7701.083507783848	298.157525265047	32.276706936997286	1.06491112709896	289	0:22
426.000000001306	-71691.11048571367	7668.5867282996	296.8993699236182	31.8824577977418	1.0780795063345185	289	0:22
427.00000000131075	-71636.97063716335	7668.912141150342	296.9119687079541	31.928309516693066	1.0765312941278644	289	0:21
428.0000000013155	-71659.14336390424	7474.237263570327	289.3748760804211	31.91552546780175	1.0769625083565335	289	0:21
429.0000000013203	-71863.36064347715	7709.2616934131565	298.4741544232594	31.88010513361232	1.0781590656387507	289	0:21
430.0000000013251	-71762.27804227814	7659.525324089934	296.54854580233064	31.79645419465227	1.080995514559654	289	0:20
431.00000000132985	-71740.67424428667	7673.0405817348	297.0718066874568	31.754305355970725	1.0824303658356584	289	0:20
432.0000000013346	-71452.77357579881	7658.833245719452	296.5217510825976	31.818277444770064	1.0802540905296638	289	0:20
433.0000000013394	-71207.41716050342	7376.93557118526	285.6077137354979	31.631865224320098	1.0866202204507969	289	0:20
434.0000000013442	-71448.37096380678	7749.506608861855	300.0322889873836	31.665920863143395	1.0854515967456566	289	0:19
435.00000000134895	-71497.52214973111	7582.807389410687	293.57831057188685	31.863668572148278	1.0787152234367854	289	0:19
436.0000000013537	-71528.96401429901	7576.204624723031	293.3226758969493	31.802301666486034	1.0807967525049416	289	0:19
437.0000000013585	-71253.08164943874	7430.447008926156	287.6794790700867	31.606375686081844	1.0874965451497984	289	0:18
438.0000000013633	-71422.05397212267	7676.094099274213	297.1900276146788	31.38880095113367	1.0950346404385092	289	0:18
439.00000000136805	-71168.55871641752	7616.051028623517	294.8653815650118	31.830541997984852	1.0798378603008594	289	0:18
440.0000000013728	-70923.91523733956	7772.195250377479	300.9107094329075	31.807545348501773	1.080618576086998	289	0:17
441.0000000013776	-71296.10196440964	7738.757131382364	299.61610890052464	31.812915332178427	1.080436168908854	289	0:17
442.0000000013824	-71069.19585844903	7631.472848748759	295.4624575114	31.84047846171825	1.079500875109204	289	0:17
443.00000000138715	-71216.36814526134	7670.2214840970155	296.9626616334766	31.967205139427154	1.0752214406422311	289	0:17
444.0000000013919	-71326.54135642445	7846.972621316519	303.8058131988225	31.917270872684607	1.0769036143606077	289	0:16
445.0000000013967	-71591.27207648256	7725.537849421224	299.10430710129333	32.057113675818904	1.072205835837545	289	0:16
446.0000000014015	-71556.14905256394	7595.266929285073	294.06069796206816	31.88224700043398	1.0780866343220017	289	0:16
447.00000000140625	-71326.08422205623	7672.7153580259455	297.05921522599664	31.910272242382593	1.0771398032032025	289	0:15
448.000000001411	-71405.25326224547	7557.264527808018	292.58938526080016	31.955292868261786	1.0756222609200035	289	0:15
449.0000000014158	-71694.31121333013	7750.97531366813	300.0891518158338	31.769894747941034	1.081899220504915	289	0:15
450.0000000014206	-71652.61507065684	7606.6243911270885	294.5004169591008	31.856245824170514	1.0789665723021709	289	0:14
451.00000000142535	-71552.22076220854	7689.081927861118	297.69286839365805	32.08455130883575	1.071288921340002	289	0:14
452.0000000014301	-71573.05096276777	7795.012485873249	301.79410856264457	31.789444807672012	1.0812338677593187	289	0:14
453.0000000014349	-71447.57818400249	8121.99265898095	314.45357383477017	31.85247162405781	1.0790944190767273	289	0:14
454.0000000014397	-71305.79421835946	7736.876285969964	299.5432895092013	31.783389970839707	1.081439846248487	289	0:13
455.00000000144445	-71372.6330411016	7629.963531866909	295.40402233330093	31.943913638180188	1.0760054247779618	289	0:13
456.0000000014492	-71448.24487461126	7560.196565376714	292.7029029319932	31.96770336125589	1.0752046831421254	289	0:13
457.000000001454	-71612.78159640348	7576.79572554376	293.34556113870946	31.93099265874675	1.0764408338525373	289	0:12
458.0000000014588	-71667.48322389691	7811.362588141112	302.427124166889	31.86990330295557	1.078504193645702	289	0:12
459.00000000146355	-71574.76045983806	7563.213564825572	292.8197100135536	32.05489151403149	1.0722801650498464	289	0:12
460.0000000014683	-71446.42065513207	7756.311907866928	300.2957650434464	32.07849225559066	1.0714912686499551	289	0:11
461.0000000014731	-71466.12490107212	7696.236649938679	297.9698728212102	31.664227456207062	1.0855096468359526	289	0:11
462.0000000014779	-71456.75407493219	7771.697704349261	300.8914462873607	31.966310856725983	1.0752515208081472	288	0:11
463.00000000148265	-71524.73382633005	7770.421044153616	300.84201871731113	32.0405307153552	1.0727607688111154	288	0:11
464.0000000014874	-71410.57011778731	7521.455007494088	291.20297282325964	32.130676154260314	1.0697510440894697	288	0:10
465.0000000014922	-71210.79720377654	7783.9821279396965	301.36705382146016	32.00232898099753	1.074041341920147	288	0:10
466.00000000149697	-71358.56015998137	7843.393636974933	303.6672481367541	31.614569591108154	1.087214686389023	288	0:10
467.00000000150175	-71409.35565746966	7544.6094267234375	292.09942646246435	32.0152576674835	1.0736076129798124	288	0:09
468.0000000015065	-71175.29566648701	7659.921603641289	296.5638882837134	32.113835433526695	1.0703120290464145	288	0:09
469.0000000015113	-71325.17661233427	7739.97657876387	299.66332140160887	32.07553023744193	1.071590215621695	288	0:09
470.00000000151607	-71545.65294587324	7426.025122232033	287.5082799404591	31.853541777165425	1.0790581657691964	288	0:08
471.00000000152085	-71496.45784937884	7448.354887407899	288.37280601888125	31.99751098062243	1.07420306486139	289	0:08
472.0000000015256	-71429.1024706584	7315.815429202405	283.24136745980337	31.930017294678585	1.0764737158175282	289	0:08
473.0000000015304	-71797.6924705533	7421.695065787246	287.34063613909905	31.91056562633844	1.0771299000400885	289	0:08
474.00000000153517	-71561.4123904394	7617.159126043138	294.90828300661445	31.980452530970894	1.074776047338099	289	0:07
475.00000000153995	-71616.19611395724	7659.4482542755795	296.54556194361817	31.709918071918445	1.083945543011651	289	0:07
476.0000000015447	-71957.05134930537	7799.494638217931	301.96764095579425	31.728569844116212	1.0833083411004911	289	0:07
477.0000000015495	-71625.49184663765	7462.009656529064	288.9014682733701	31.48382534704456	1.0917296098692513	289	0:06
478.00000000155427	-71522.2323710993	7591.653198133399	293.92078763177926	31.780703019095917	1.0815312783567994	288	0:06
479.00000000155904	-71632.27146250129	7593.737652940294	294.00149002724373	31.687978853302997	1.0846960142974802	289	0:06
480.0000000015638	-71564.21099438911	7679.787226998613	297.33301188717525	31.934209439153513	1.0763324023665484	288	0:05
481.0000000015686	-71772.93281008318	7487.596853862887	289.8921101003039	31.671021151418586	1.085276796065069	288	0:05
482.00000000157337	-71308.70745981723	7471.083329010556	289.25276737685505	31.78177500166073	1.0814947988752839	288	0:05
483.00000000157814	-71482.43555047424	7578.882997564364	293.4263726062892	31.683233679112355	1.0848584684075584	288	0:05
484.0000000015829	-71504.30821563664	7585.359492333467	293.6771185760993	31.637395399689655	1.0864302806563453	288	0:04
485.0000000015877	-71339.71595027021	7708.081944050887	298.4284788829368	31.84938354729206	1.0791990467345485	288	0:04
486.00000000159247	-71420.19662736115	7889.898072686408	305.4677282187538	31.838382020937885	1.079571956285864	288	0:04
487.00000000159724	-71323.95587635928	7628.228769762789	295.3368587484151	32.09711730427935	1.0708695125944527	288	0:03
488.000000001602	-71810.69639494427	7758.2983071062645	300.37267108930223	32.09969375009033	1.0707835604576095	288	0:03
489.0000000016068	-71114.17467501288	7421.143393854787	287.319277438343	31.928313642074798	1.0765311550318075	288	0:03
490.00000000161157	-71519.71304453717	7772.236677726258	300.91231334692526	31.52133679431672	1.0904304150424808	288	0:02
491.00000000161634	-71295.39143688497	7531.779424775978	291.6026961483555	31.72791992457865	1.0833305317533217	288	0:02
492.0000000016211	-71441.0972639792	7623.486599760484	295.15325943140414	31.96351211701523	1.075345670322109	288	0:02
493.0000000016259	-71739.43744889635	7728.826277923521	299.2316229138365	31.934806369655824	1.076312283389337	288	0:02
494.00000000163067	-71416.77207908861	7761.884897023713	300.51153061119237	31.82224520888022	1.0801193987949318	288	0:01
495.00000000163544	-71330.43403771895	7686.431816466719	297.5902658632178	31.70291676583633	1.0841849227059237	288	0:01
496.0000000016402	-71376.20041700543	7653.644109331601	296.3208468770918	31.628714121780863	1.0867284781473527	288	0:01
497.000000001645	-71319.16860395487	7606.8450213593205	294.50895894724755	31.67471988279748	1.0851500657465296	288	0:00
498.00000000164977	-71820.25625639677	7657.206280974997	296.4587610135495	31.631776694852483	1.0866232616302585	288	0:00
499.00000000165454	-71752.2903221788	7521.0391542681045	291.1868725214505	31.517033746024044	1.0905792924645612	288	0:00
500.0000000016593	-71541.16560484728	7413.798113271527	287.03489528888724	31.845046059953294	1.0793460401536317	288	0:00
