#"Time (ps)"	"Potential Energy (kJ/mole)"	"Kinetic Energy (kJ/mole)"	"Temperature (K)"	"Box Volume (nm^3)"	"Density (g/mL)"	"Speed (ns/day)"	"Time Remaining"
100.99999999994601	-63337.72335176298	7563.439426027725	295.39622405954174	32.55280524388983	1.1476103784820386	0	--
101.99999999994368	-62979.76590841604	7581.877889179961	296.11635310214217	32.79776978710093	1.13903894652267	135	4:14
102.99999999994135	-63274.85625992541	7524.199879461352	293.86369193538314	32.80322584327778	1.13884949379904	136	4:12
103.99999999993902	-63274.22424502493	7545.109776775071	294.68034483150996	32.92833483627496	1.1345225117620503	136	4:12
104.99999999993669	-63107.33548156207	7516.619634793521	293.5676393690575	32.65939102825887	1.1438650865923423	136	4:11
105.99999999993436	-63516.44848539424	7500.935078013685	292.95506635989614	32.34467672540327	1.1549949150443	136	4:10
106.99999999993203	-63535.2012865133	7577.955490110539	295.9631606444391	32.77003293599595	1.1400030393487033	136	4:10
107.9999999999297	-63578.556611036794	7640.115371918765	298.39086493872475	32.963716167484606	1.1333047814385184	136	4:09
108.99999999992737	-63244.86815848679	7717.730715151372	301.42219473837895	32.54738247212938	1.1478015836936333	136	4:08
109.99999999992504	-63391.44257747219	7478.462199392317	292.0773699687998	32.4404294008465	1.151585778504451	136	4:08
110.99999999992271	-63134.56665552911	7236.593855324132	282.6310068087527	32.723377520474656	1.1416284007730573	136	4:07
111.99999999992038	-63114.72757972768	7647.621168462238	298.6840098735372	32.62138076305686	1.1451979123121512	136	4:06
112.99999999991805	-62895.095691482624	7641.950769125358	298.46254785623603	32.49780624547755	1.1495525840853116	136	4:06
113.99999999991572	-62877.59843360324	7726.956348068425	301.7825092692098	32.715533373315886	1.1419021270508503	136	4:05
114.99999999991338	-62823.804603975645	7472.354182678833	291.83881645206947	33.08790469387761	1.1290511590933403	136	4:05
115.99999999991105	-62944.21017882301	7603.929845234359	296.9776100230583	32.71283199945806	1.1419964235200237	136	4:04
116.99999999990872	-63116.02666630858	7452.758263467918	291.0734820300127	32.47941739345825	1.150203425573663	136	4:03
117.9999999999064	-63156.246589440445	7868.239684861368	307.30044388339456	32.428353084330006	1.1520146289712307	136	4:03
118.99999999990406	-63242.029771412286	7622.858174555868	297.7168711838059	32.5782622787425	1.146713622321371	136	4:02
119.99999999990173	-62913.407642727136	7450.671148410891	290.99196806893013	32.942334777683975	1.1340403586663739	136	4:01
120.9999999998994	-63205.09528135814	7795.006829444754	304.44027567834195	32.4605950758115	1.1508703725037477	136	4:01
121.99999999989707	-63040.21880107571	7592.843128403508	296.5446093596589	32.671190339155785	1.1434519758473487	136	4:00
122.99999999989474	-62979.10881866404	7731.2336676215145	301.94956343252215	32.57522899376736	1.146820400057363	136	3:59
123.99999999989241	-63054.49830639706	7754.987703537724	302.8772964545751	32.94796514732291	1.133846566231053	136	3:59
124.99999999989008	-62788.97828492953	7877.7200697567	307.6707079581057	33.048444474638416	1.130399259041109	136	3:58
125.99999999988775	-63251.975924607104	7629.228598714533	297.9656732348478	32.819626649874344	1.138280381587934	136	3:57
126.99999999988542	-63236.83073215178	7411.152274763677	289.4485266004494	32.54919465692143	1.1477376795449687	136	3:57
127.99999999988309	-63330.30360746398	7765.560706368367	303.2902336035652	32.441569418568626	1.1515453110357194	136	3:56
128.99999999988785	-62816.061358794075	7586.739731404793	296.3062362696131	33.188633157407736	1.1256244561025006	136	3:56
129.99999999989262	-62852.87142144612	7887.417564173287	308.04945142019267	32.966179337129844	1.133220103080499	136	3:55
130.9999999998974	-62745.250200018345	7723.575336641842	301.6504611423381	32.88170037079097	1.13613154810503	136	3:54
131.99999999990217	-62940.25451993226	7587.183129237322	296.32355352940823	32.86496188466551	1.136710192383438	136	3:54
132.99999999990695	-62874.00359631292	7558.305886182059	295.1957295224598	32.94312220250858	1.134013252203148	136	3:53
133.99999999991172	-62935.27356230057	7645.034212831241	298.5829742358912	32.55631739441738	1.14748657515541	136	3:52
134.9999999999165	-62876.48704565794	7633.2112796631245	298.1212200499382	32.73764762638381	1.1411307731373195	136	3:52
135.99999999992127	-62782.650234206434	7606.0649036424	297.06099645036426	32.7069476800476	1.1422018805314005	136	3:51
136.99999999992605	-62982.02918866981	7625.433678550953	297.81745956857964	32.31591464115303	1.1560228934080254	136	3:50
137.99999999993082	-63091.510719444545	7730.3582416075515	301.9153729638211	32.63899004106401	1.144580058990534	136	3:50
138.9999999999356	-62909.634079009906	7559.564223893292	295.24487491618254	32.71601602669832	1.141885280778261	136	3:49
139.99999999994037	-63177.241066252	7677.432522805763	299.8483163498837	32.6442756015935	1.1443947356200148	136	3:48
140.99999999994515	-63239.305563960545	7327.863413335998	286.19561297397297	32.40778440351663	1.1527457934624719	136	3:48
141.99999999994992	-63268.45109793349	7381.6042767302415	288.2945057170985	32.665740195861325	1.14364275606789	136	3:47
142.9999999999547	-62890.478597761394	7558.304597104239	295.1956791764864	32.612896733493564	1.1454958279810135	136	3:47
143.99999999995947	-62852.07362445205	7692.150896860471	300.4231543138257	32.86274511655087	1.1367868695721857	136	3:46
144.99999999996425	-62744.865209285985	7499.848226263503	292.91261848862587	32.76287817134885	1.140251993466863	136	3:45
145.99999999996902	-63084.48088477156	7755.246240792729	302.8873938354895	32.739462644953015	1.1410675108423456	136	3:45
146.9999999999738	-63096.063725034124	7742.992400555848	302.4088102265896	32.51021796029482	1.1491137091796266	136	3:44
147.99999999997857	-63084.31548890509	7727.308683774263	301.79627002423723	32.77289175197464	1.139903595609368	136	3:43
148.99999999998334	-63169.252101386024	8123.3175245875445	317.2627145452157	32.76973410277082	1.1400134352458395	136	3:43
149.99999999998812	-63397.94266980313	7804.079968370617	304.79463443341365	32.954836515479336	1.1336101494251067	136	3:42
150.9999999999929	-63086.18671225	7420.6598783577265	289.81985372338136	32.78615216200896	1.139442559834182	136	3:41
151.99999999999767	-63018.628795626195	7591.811052040297	296.50430078528404	33.12612407799093	1.1277485122810726	136	3:41
153.00000000000244	-63308.47884572856	7795.86812800826	304.47391438807654	32.652942018150284	1.14409100184072	136	3:40
154.00000000000722	-63027.520812519564	7661.948683894659	299.24358253889466	32.57634494835379	1.1467811138978112	136	3:39
155.000000000012	-63221.39152666912	7715.404224910186	301.33133178650644	32.71411537443507	1.14195162299227	136	3:39
156.00000000001677	-62989.15273653416	7714.409249833228	301.29247223277554	32.82466136908047	1.1381057896238402	136	3:38
157.00000000002154	-63053.56272226368	7587.756674498269	296.3459538019387	32.76022551992471	1.1403443216186488	136	3:38
158.00000000002632	-63076.256193267705	7804.342044107791	304.80487001260167	32.91839723881864	1.1348650080247096	136	3:37
159.0000000000311	-62882.82700081749	7617.575955024053	297.51056984172305	32.88942801126782	1.1358646046928447	136	3:36
160.00000000003587	-62991.21055548373	7723.556387131663	301.6497210539419	32.9777337779512	1.1328230556451966	136	3:36
161.00000000004064	-63283.977238552005	7631.734777846752	298.06355408121607	32.79541008648514	1.1391209028359597	136	3:35
162.00000000004542	-62895.34011153737	7674.91165676884	299.7498618946124	33.01554890456273	1.1315255504181443	136	3:34
163.0000000000502	-62903.836902896524	7600.3166350309675	296.83649318577096	32.76496945073519	1.1401792149619796	136	3:34
164.00000000005497	-62869.85939369051	7711.237041516512	301.1685790796865	32.62530869668499	1.1450600358729597	136	3:33
165.00000000005974	-63227.29147120798	7539.672021969901	294.46796893394134	32.68619725650679	1.1429269931103934	136	3:32
166.00000000006452	-63040.91746972251	7529.507972438163	294.07100378571823	32.69973887143634	1.142453684216578	136	3:32
167.0000000000693	-62828.753818848025	7468.570879337063	291.69105649014193	32.99785102343262	1.1321324264438817	136	3:31
168.00000000007407	-63088.03431547282	7689.579735960628	300.3227355521378	33.159841615374276	1.1266017968334265	136	3:31
169.00000000007884	-63162.74589518065	7554.288011929392	295.03880820450763	32.8964728808991	1.135621356181437	136	3:30
170.00000000008362	-63087.51540871721	7510.691041277541	293.3360933699479	32.911223398406946	1.1351123807935013	136	3:29
171.0000000000884	-62839.83899907055	7326.004565248891	286.1230141634183	32.801804700352015	1.1388988346178277	136	3:29
172.00000000009317	-63104.7852627816	7681.208096445294	299.99577442205896	32.68378283174372	1.1430114237054916	136	3:28
173.00000000009794	-62939.41536437813	7582.7543802034725	296.1505851656498	32.414667678091355	1.1525010071857755	136	3:27
174.00000000010272	-63278.16836600489	7767.238108855265	303.35574590993104	32.203833487057736	1.160046277149151	136	3:27
175.0000000001075	-63373.78887607448	7580.347527603826	296.0565835970833	32.746856478553376	1.140809871966154	136	3:26
176.00000000011227	-62823.42354853562	7495.088455588259	292.72672180780927	32.74851732411588	1.1407520156365143	136	3:25
177.00000000011704	-62793.92631096585	7680.731264084938	299.9771513498262	32.74329351260878	1.1409340093477986	136	3:25
178.00000000012182	-62941.90248570734	7699.166018604788	300.6971355487991	32.79187313731959	1.1392437690324064	136	3:24
179.0000000001266	-62971.72302087906	7803.226178977946	304.76128900039953	32.54133690577137	1.1480148235694299	136	3:24
180.00000000013137	-62967.22081181273	7732.675106574084	302.00585999283254	32.62479140605527	1.1450781916619008	136	3:23
181.00000000013614	-63533.16325088416	7629.883580347128	297.9912540705231	32.697580175472744	1.1425291090689211	136	3:22
182.00000000014091	-63277.174868963775	7449.80321607157	290.9580702717332	32.70967256288835	1.1421067292791538	136	3:22
183.0000000001457	-63289.885031657555	7632.262084264217	298.08414845843885	32.68679131711873	1.1429062211752608	136	3:21
184.00000000015046	-63068.65096403973	7554.806695446585	295.05906580740896	32.761740747046794	1.1402915808116822	136	3:20
185.00000000015524	-63222.49357083003	7426.496096947014	290.0477919452608	32.52425752904775	1.1486176775358432	136	3:20
186.00000000016001	-63569.093056940124	7663.4114119079695	299.3007105606345	32.281924703258	1.1572400806331786	136	3:19
187.0000000001648	-63215.17078546999	7499.090126045615	292.88301027347285	32.82271836905941	1.1381731618490274	136	3:18
188.00000000016956	-63557.46807885467	7551.594050304604	294.933593361511	32.613451777194456	1.1454763329503106	136	3:18
189.00000000017434	-63416.849724446685	7461.830737104915	291.42781480169145	32.54126262274001	1.1480174441813626	136	3:17
190.0000000001791	-63682.09980018195	7537.6664973687975	294.3896415538891	32.731268395856176	1.1413531762588847	136	3:17
191.0000000001839	-63243.22367924347	7417.737983140919	289.7057367501995	33.02758086932966	1.1311133350757798	136	3:16
192.00000000018866	-63298.81693245907	7380.363474623127	288.246045190531	32.706601708757326	1.1422139627728354	136	3:15
193.00000000019344	-63196.400689505856	7559.885598555136	295.2574264626774	33.182533590699535	1.1258313668086892	136	3:15
194.0000000001982	-63206.3232679904	7678.839320954965	299.90325998569284	33.00056562286716	1.1320392981599678	136	3:14
195.000000000203	-63190.38203892158	7585.07877097675	296.24136612111056	32.89855171061816	1.1355495972953438	136	3:13
196.00000000020776	-63378.70842626627	7605.854016290074	297.05276007481206	32.787841144912996	1.1393838643258325	136	3:13
197.00000000021254	-63516.679093999264	7804.519634495342	304.8118059483522	32.43877852730018	1.1516443849805378	136	3:12
198.0000000002173	-63220.653418387345	7608.194909470185	297.1441855450753	32.809292330329676	1.1386389188302593	136	3:11
199.0000000002221	-63397.44045962824	7587.604283972485	296.3400020671044	32.48988206403262	1.1498329563944145	136	3:11
200.00000000022686	-63289.71621682326	7564.806313335392	295.4496089452606	32.635852297089066	1.1446901035866193	136	3:10
201.00000000023164	-63012.707309902704	7461.816595637291	291.4272624952732	32.56444218782916	1.1472002784851902	136	3:10
202.0000000002364	-62993.15045575143	7692.202422123486	300.4251666745099	32.784683374007315	1.1394936080490254	136	3:09
203.0000000002412	-62909.4842405816	7448.663795788811	290.913569294045	32.84434266021949	1.1374238033340152	136	3:08
204.00000000024596	-63175.82343203845	7335.816360166427	286.5062217237133	32.54646059849755	1.1478340950019326	136	3:08
205.00000000025074	-63422.5132379157	7493.182615219808	292.6522876758238	32.759428358790814	1.1403720705208122	136	3:07
206.0000000002555	-63301.4523736673	7430.347090944746	290.1981956203258	32.765623367817454	1.1401564599343357	136	3:06
207.0000000002603	-62752.6983566182	7567.514093395539	295.55536347838984	32.74129178157916	1.1410037635598345	136	3:06
208.00000000026506	-62915.13732293862	7692.205064615251	300.4252698791561	32.60185221961747	1.145883887054526	136	3:05
209.00000000026984	-62804.771985872416	7604.605647570069	297.0040040280783	33.05694983537882	1.13010841389276	136	3:04
210.0000000002746	-62840.515617241705	7724.159510013568	301.6732765043029	33.28675873483119	1.1223062432780886	136	3:04
211.00000000027939	-62977.09807044148	7421.993116711175	289.8719244220671	32.812776390656765	1.1385180181592296	136	3:03
212.00000000028416	-63071.430572484096	7909.901230773942	308.92756914451684	32.84730151673051	1.1373213451815678	136	3:03
213.00000000028894	-63064.68818411394	7780.103694503787	303.8582217290418	32.96876127287813	1.1331313553877784	136	3:02
214.0000000002937	-62928.133191437664	7945.740065470749	310.32728372512145	32.84279165355216	1.1374775183750858	136	3:01
215.00000000029848	-62680.201492108	7561.900389996608	295.3361157666507	32.48368175704661	1.150052430201774	136	3:01
216.00000000030326	-62989.22059405892	7572.383983828752	295.74556097512715	32.346550013668526	1.1549280257340067	136	3:00
217.00000000030803	-62600.681253506395	7742.8071983342315	302.4015770045234	33.010273692218874	1.1317063740491933	136	2:59
218.0000000003128	-62813.62813973607	7760.015087957105	303.0736450059062	32.32878979937913	1.1555624995065528	136	2:59
219.00000000031758	-63098.509526749054	7657.677291116913	299.07675985057125	32.48293568119063	1.1500788448817683	136	2:58
220.00000000032236	-63345.40300095617	7833.972074044415	305.96209471806173	32.577608586944706	1.1467366319074592	136	2:57
221.00000000032713	-63174.50934237373	7551.6075318592375	294.9341198944954	32.83061529746518	1.1378993908005393	136	2:57
222.0000000003319	-62795.857729437674	7372.369980026084	287.93385281507796	32.754101518722074	1.1405575306420448	136	2:56
223.00000000033668	-63245.86556919056	7546.65747269797	294.7407913434558	32.71007571048186	1.1420926529565092	136	2:56
224.00000000034146	-63433.25260648696	7621.787720683082	297.67506374485646	32.710431388417184	1.1420802343750502	136	2:55
225.00000000034623	-63406.893503446656	7527.275488496738	293.9838123256662	32.63851095567849	1.1445968597440845	136	2:54
226.000000000351	-62971.26729611223	7581.147425404035	296.08782425050913	32.73581809370501	1.1411945484196193	136	2:54
227.00000000035578	-63509.601546758524	7626.827571436181	297.87189917890066	32.33339138246689	1.1553980436104272	136	2:53
228.00000000036056	-63220.36254092533	7630.187116506726	298.00310891993223	32.63130758853558	1.1448495297110781	136	2:52
229.00000000036533	-63149.97897020777	7592.275569135902	296.52244287492397	32.650471631696924	1.1441775655799589	136	2:52
230.0000000003701	-63172.64262650628	7383.856171057987	288.382455265436	32.65215803112245	1.1441184717709847	136	2:51
231.00000000037488	-63429.61291383751	7737.873082304411	302.208871125335	32.745783999270614	1.140847235400582	136	2:50
232.00000000037966	-63449.53237922129	7731.93304574355	301.9768782088828	32.97804826245244	1.1328122528441693	136	2:50
233.00000000038443	-63083.08474313904	7384.2239184896025	288.3968179378378	32.51736100404255	1.1488612849593844	136	2:49
234.0000000003892	-62935.18059205703	7744.298163132119	302.459807836648	32.93036092611616	1.1344527085630862	136	2:49
235.00000000039398	-63157.69423061007	7795.184969494121	304.4472330815778	32.955402639822	1.1335906757045853	136	2:48
236.00000000039876	-63008.900880116445	7565.652407784024	295.482653846032	32.70420537347661	1.14229765621794	136	2:47
237.00000000040353	-63217.57350361813	7671.927484732886	299.6333126500543	32.75532624045769	1.1405148851929277	136	2:47
238.0000000004083	-63217.53829144608	7460.636692843533	291.3811804404829	32.61123732574457	1.1455541160071439	136	2:46
239.00000000041308	-63028.659660771926	7669.004611168814	299.5191574667313	33.06451062452973	1.1298499944795062	136	2:45
240.00000000041786	-62845.553773712716	7605.937781156811	297.0560315792097	33.03721315225534	1.1307835492789498	136	2:45
241.00000000042263	-63153.7279066747	7866.955615609238	307.25029352359866	32.790487720704476	1.1392919027247055	136	2:44
242.0000000004274	-63364.54391257788	7844.386449454872	306.3688365452787	33.01008819757894	1.1317127334828643	136	2:43
243.00000000043218	-63402.51645336862	7278.108629410594	284.25239977788584	32.5136354400836	1.1489929268425247	136	2:43
244.00000000043696	-63232.76802261826	7358.249038715325	287.38234806857196	32.352052731044196	1.1547315855709144	136	2:42
245.00000000044173	-63579.40246479827	7702.398766469244	300.8233931227291	32.31626403212076	1.156010394934902	136	2:42
246.0000000004465	-63269.445727341925	7422.571359708851	289.8945081684926	32.425917691570916	1.1521011526006448	136	2:41
247.00000000045128	-63296.54703558868	7508.857723192994	293.26449165422423	32.54722726249212	1.1478070572741015	136	2:40
248.00000000045605	-63034.52213417133	7545.5833442063085	294.69884038930394	32.83586526284633	1.1377174576502747	136	2:40
249.00000000046083	-63491.50454663957	7647.99788437137	298.69872281705835	32.923039220028976	1.1347049978261274	136	2:39
250.0000000004656	-63487.27671643987	7451.507033832182	291.02461424790874	32.79458711317252	1.1391494888370473	136	2:38
251.00000000047038	-63242.54211792615	7364.628852107059	287.6315168236806	32.66940118551864	1.1435145974806584	136	2:38
252.00000000047515	-63062.00043611255	7407.356535853859	289.30028095738686	32.90534284918847	1.135315237948169	136	2:37
253.00000000047993	-63030.697478814865	7597.458081559749	296.72485007552615	33.1294311940753	1.1276359357861052	136	2:36
254.0000000004847	-63152.15489479259	7690.559016548896	300.3609821449609	33.18783854159043	1.1256514069084724	136	2:36
255.00000000048948	-63396.13774659351	7534.080323183939	294.2495806301007	33.08965643148803	1.128991388107698	136	2:35
256.00000000049425	-63558.496645049716	7681.819446372492	300.01965118630613	32.82343483448407	1.138148317961669	136	2:35
257.000000000499	-62946.28624426693	7593.693165799439	296.5778082554157	32.706250850792955	1.142226215931037	136	2:34
258.0000000005038	-63210.475256778096	7671.461955675481	299.61513103743044	32.5851164099709	1.1464724163195297	136	2:33
259.0000000005086	-63125.748831969744	7603.6126795635155	296.9652228621	32.37495926755062	1.1539145682890883	136	2:33
260.00000000051335	-63325.82390607419	7708.485340618666	301.06110918283406	32.18450543821317	1.160742930113098	136	2:32
261.0000000005181	-63477.563969929906	7683.093732532806	300.0694194595646	32.472773277308974	1.1504387638088531	136	2:31
262.0000000005229	-63143.1290197013	7652.537121967665	298.8760064006937	32.9142789655656	1.1350070036677937	136	2:31
263.0000000005277	-63222.748207648634	7500.273155527196	292.92921444357665	33.03827334558301	1.1307472626013308	136	2:30
264.00000000053245	-63039.69046229904	7333.665443697652	286.4222159470613	33.00677094255888	1.1318264731683652	136	2:29
265.0000000005372	-63319.393566619256	7459.8927641460605	291.35212570548407	32.79756722742284	1.13904598129329	136	2:29
266.000000000542	-63397.074389951624	7516.715260550172	293.57137411007227	33.00852839999655	1.1317662118677305	136	2:28
267.0000000005468	-63454.743608779856	7438.050751039449	290.49906827563956	32.80844192695721	1.1386684326480367	136	2:28
268.00000000055155	-63272.35658862174	7237.6840784937385	282.6735863535264	33.097220382161474	1.12873337142014	136	2:27
269.0000000005563	-63574.66962100187	7402.461858366251	289.10911538225804	32.78391287407934	1.139520388859062	136	2:26
270.0000000005611	-63372.85220482451	7664.172886299109	299.33045055684397	32.80982943976262	1.138620278876487	136	2:26
271.0000000005659	-63304.28042145056	7499.755332330859	292.90899044119993	32.97576759027856	1.1328906004785717	136	2:25
272.00000000057065	-63314.93605523414	7503.616329367042	293.05978479299563	32.906230203907555	1.135284622854073	136	2:24
273.0000000005754	-62869.65771803941	7355.712633717345	287.2832867266498	32.87609940345554	1.1363251062157902	136	2:24
274.0000000005802	-63528.040371630865	7406.613805079976	289.2712730082596	32.51132992613882	1.1490744067211178	136	2:23
275.000000000585	-63319.45956225725	7408.907502455275	289.3608552083188	33.01691432695732	1.1314787559081758	136	2:23
276.00000000058975	-63381.34094104188	7529.09623892809	294.0549232015629	32.54397144943392	1.1479218879182709	136	2:22
277.0000000005945	-63289.08990544293	7597.0753905562815	296.70990376987885	32.47001048570159	1.1505366517526483	136	2:21
278.0000000005993	-63226.989568529476	7459.022486768839	291.3181363209415	32.768103130284686	1.140070177332475	136	2:21
279.0000000006041	-63091.02579394914	7897.044307167907	308.4254316284583	32.79942140304448	1.138981590179054	136	2:20
280.00000000060885	-63144.15483609727	7785.156904518041	304.05557891980004	32.49964791739552	1.1494874418807646	136	2:19
281.0000000006136	-62983.691556232865	7570.948774633606	295.68950772301514	32.498180317390315	1.149539352103405	136	2:19
282.0000000006184	-62829.56680621373	7404.469441612395	289.1875231643519	32.62946339455114	1.1449142357894546	136	2:18
283.0000000006232	-63199.11677058213	7739.23824197017	302.2621885366064	32.54880616101316	1.1477513787076987	136	2:17
284.00000000062795	-63095.116663577704	7612.725241704173	297.3211213226066	32.74736932073161	1.1407920062434465	136	2:17
285.0000000006327	-63081.02131972209	7570.198407728572	295.6602015386298	32.40787455140345	1.1527425869085475	136	2:16
286.0000000006375	-63016.7727857921	7533.345655854625	294.22088760530136	32.8294150395674	1.1379409929042943	136	2:16
287.0000000006423	-62845.30916880991	7595.783878123844	296.65946271067565	32.549584299937706	1.1477239402613195	136	2:15
288.00000000064705	-63172.643018323375	7559.042790088659	295.22450989858805	32.534477997865125	1.1482568476753763	136	2:14
289.0000000006518	-63288.542593187885	7683.114682849276	300.0702376910634	32.793475040538695	1.139188118990479	136	2:14
290.0000000006566	-63086.059014040016	7621.425217940128	297.66090590799837	32.88852769201357	1.1358956988416433	136	2:13
291.0000000006614	-62915.39551362151	7513.555106588268	293.4479517495281	32.906253860087375	1.1352838067023074	136	2:12
292.00000000066615	-62947.34029876083	7552.985030012664	294.98791919534926	32.77300344974923	1.1398997105612652	136	2:12
293.0000000006709	-62999.60854736244	7705.5110343983915	300.94494525566057	33.079991564532946	1.129321241624686	136	2:11
294.0000000006757	-63033.63444633855	7651.839598697942	298.84876406708537	32.96913900322261	1.1331183730015182	136	2:10
295.0000000006805	-63459.624747309805	7500.418092816529	292.93487508625293	32.65509864101308	1.1440154432629057	136	2:10
296.00000000068525	-63002.65560888147	7395.583883643468	288.8404905347719	32.60800539799916	1.1456676570865874	136	2:09
297.00000000069	-63150.43692986475	7613.023110943881	297.33275484589103	32.36559197110387	1.1542485359126387	136	2:09
298.0000000006948	-63066.98226849252	7502.238205997581	293.0059610738254	32.59005046570425	1.1462988431363637	136	2:08
299.0000000006996	-63227.05805349621	7901.710617711837	308.60767814850345	32.66975563248537	1.1435021910431862	136	2:07
300.00000000070435	-63352.86261706348	7550.423711684264	294.88788484322373	32.960047896560276	1.1334309119887893	136	2:07
301.0000000007091	-62992.309641413216	7304.648106670004	285.28892045708443	32.38827811452097	1.1534400505793923	136	2:06
302.0000000007139	-62806.79459980439	7590.1725464838	296.44030762989183	32.518706428688915	1.14881375212497	136	2:05
303.00000000071867	-63050.55639904921	7572.104413714844	295.73464213895267	32.48034556896932	1.1501705567530374	136	2:05
304.00000000072345	-62745.775003702816	7768.118435644596	303.39012778236486	32.72043577582244	1.1417310393584907	136	2:04
305.0000000007282	-62995.753803488624	7574.755007571636	295.83816321880926	32.452078471839236	1.15117240268633	136	2:03
306.000000000733	-63431.65924011104	7587.724426615114	296.34469433486544	32.41023875627075	1.1526584986778123	136	2:03
307.00000000073777	-63216.509697050875	7515.593231089018	293.52755234494145	32.55928028312415	1.1473821540814444	136	2:02
308.00000000074255	-63272.98704361092	7492.099088515157	292.60996966688725	32.74907917718852	1.1407324445511215	136	2:02
309.0000000007473	-63415.284526960866	7428.782157494959	290.1370758828714	32.61066922627202	1.1455740723191274	136	2:01
310.0000000007521	-63239.45951358386	7394.8317644216495	288.811115912242	32.54587568781321	1.1478547237424974	136	2:00
311.00000000075687	-63174.66482019759	7347.677550715999	286.9694700825402	32.7949483714349	1.1391369403445093	136	2:00
312.00000000076164	-62981.975498378306	7624.638674786425	297.7864100556627	32.82664798839486	1.1380369131749173	136	1:59
313.0000000007664	-63092.29344997788	7685.264939940722	300.15421771520226	32.653462804301014	1.144072754870942	136	1:58
314.0000000007712	-63022.1764313888	7377.528659686121	288.1353292078767	32.55364231601814	1.1475808692599163	136	1:58
315.00000000077597	-63246.88715959963	7672.8389497279795	299.6689106502163	32.68082368901694	1.1431149196875168	136	1:57
316.00000000078074	-63385.60593070963	7320.36084978823	285.902594306414	32.428987109491764	1.1519921057188387	136	1:56
317.0000000007855	-63193.695889779396	7364.41960155535	287.623344374696	32.63828011242419	1.1446049552216357	136	1:56
318.0000000007903	-63306.53127706563	7334.624997007137	286.4596920751083	32.76691687339216	1.1401114511609236	136	1:55
319.00000000079507	-63342.01627727589	7373.433920118483	287.9754058530832	32.33833030066271	1.1552215837756754	136	1:55
320.00000000079984	-63440.07988456322	7564.022515897244	295.4189971044545	32.46708987901098	1.1506401493268206	136	1:54
321.0000000008046	-63353.40081227408	7454.002124813913	291.1220620376209	32.95839987378806	1.133487587068916	136	1:53
322.0000000008094	-63635.105765555956	7432.018281196203	290.26346530282854	32.79715711829055	1.1390602243923897	136	1:53
323.00000000081417	-63623.51765087084	7481.251415366833	292.1863050472144	32.71649110939105	1.1418686992343487	136	1:52
324.00000000081894	-63474.09683006711	7783.5165198571685	303.99151237447154	32.41630961737418	1.1524426311183105	136	1:51
325.0000000008237	-63220.89561953262	7375.168783362218	288.04316233562946	32.65570989654266	1.143994029373334	136	1:51
326.0000000008285	-63467.12915122017	7552.474146886793	294.96796624301936	32.46175285639292	1.1508293255715345	136	1:50
327.00000000083327	-63186.08270774383	7548.866068561107	294.82704983535285	32.37616942579077	1.1538714372069372	136	1:49
328.00000000083804	-63049.00874181211	7806.4383406937395	304.88674256569794	32.77509615139604	1.139826927555825	136	1:49
329.0000000008428	-62820.92140655327	7839.866722348354	306.19231495955006	32.75018840417954	1.1406938087056906	136	1:48
330.0000000008476	-63019.8870858092	7607.161801531216	297.1038366816776	32.84339798616936	1.1374565190338786	136	1:48
331.00000000085237	-63105.307529657905	7535.483227285855	294.3043721807539	32.77832517657611	1.1397146420796704	136	1:47
332.00000000085714	-63312.6865087538	7574.080681300206	295.8118268626696	32.48898483334407	1.1498647107080837	136	1:46
333.0000000008619	-63242.30088587047	7454.524889888585	291.1424790490399	32.74515983228025	1.1408689814903563	136	1:46
334.0000000008667	-63132.93240690252	7711.882230569576	301.19377745827387	32.5488898846774	1.147748426411894	136	1:45
335.00000000087147	-63128.58630440125	7544.164326822795	294.64341952144827	32.6324821625308	1.1448083219819405	136	1:44
336.00000000087624	-63064.990458969114	7731.153707267631	301.9464405164411	32.69365942049063	1.1426661257497086	136	1:44
337.000000000881	-62977.52524018299	7674.656749067473	299.7399062688414	32.85497040214713	1.1370558758485774	136	1:43
338.0000000008858	-62820.14741367582	7747.030703488364	302.566529403102	32.72388418359764	1.1416107249675942	136	1:42
339.00000000089057	-62741.47816005687	7830.4120366648995	305.8230545882762	32.998501297636835	1.1321101164454355	136	1:42
340.00000000089534	-62751.94730910883	7674.26242125466	299.7245054782241	32.8649233705966	1.1367115244825332	136	1:41
341.0000000009001	-63298.82267256058	7826.992751053738	305.689511632271	33.08114191841492	1.1292819709405755	136	1:41
342.0000000009049	-63162.25766065356	7868.817782033326	307.32302193447913	32.94845987067564	1.1338295414481974	136	1:40
343.00000000090967	-63205.4009153122	7242.195399622136	282.8497796370031	33.071679087932154	1.1296050934475956	136	1:39
344.00000000091444	-63752.25428476691	7756.548275034813	302.93824583245055	32.723217401073505	1.1416339869247376	136	1:39
345.0000000009192	-63314.99638318134	7656.099555684425	299.01514012136204	32.89070770135634	1.1358204112176016	136	1:38
346.000000000924	-63248.3685707204	7676.829346533254	299.8247588143095	32.773914758569354	1.139868014602209	136	1:37
347.00000000092876	-63117.1975201983	7623.938291102968	297.7590560062901	32.632644140972246	1.14480263950439	136	1:37
348.00000000093354	-62874.21797432477	7578.923218402246	296.000956053007	32.553404888997875	1.147589239097334	136	1:36
349.0000000009383	-62977.938045288494	7595.349451442634	296.64249582642736	32.725189935201506	1.1415651741231816	136	1:35
350.0000000009431	-63291.2625956425	7442.928023520549	290.6895540842081	33.15507917080873	1.1267636235803096	136	1:35
351.00000000094786	-63261.98158280141	7505.9406913670755	293.1505646246942	32.98817463697174	1.1324645136540326	136	1:34
352.00000000095264	-63034.379730497196	7510.964096328314	293.34675775507947	33.05771106800721	1.130082390451618	136	1:34
353.0000000009574	-63032.30504491762	7686.840370060343	300.215747408559	32.69652598818832	1.1425659459995265	136	1:33
354.0000000009622	-62939.27771128528	7578.255285930943	295.97486941188566	32.70223328414594	1.142366541819749	136	1:32
355.00000000096696	-63161.635141748266	7432.146116270642	290.26845800471517	32.66586511776995	1.1436383825104972	136	1:32
356.00000000097174	-63181.017722274555	7803.361058768949	304.76655683937065	32.96747434930617	1.1331755884835844	136	1:31
357.0000000009765	-63039.660900227434	7712.758845420285	301.2280143579525	32.859540456756754	1.1368977358571293	136	1:30
358.0000000009813	-63162.203670372546	7684.182643991692	300.1119477744187	32.552079061397635	1.1476359797520264	136	1:30
359.00000000098606	-62824.188789500535	7687.225450364038	300.23078703025277	33.05901942553798	1.1300376658399496	136	1:29
360.00000000099084	-62759.93056284601	7756.000464201586	302.91685063874047	32.7523067541327	1.1406200310418948	136	1:28
361.0000000009956	-62830.3082770654	8040.560767911629	314.03058269877636	32.596617765852315	1.1460678962137003	136	1:28
362.0000000010004	-62931.34437730763	7800.9104928837405	304.67084801319714	32.90691077129226	1.135261143357865	136	1:27
363.00000000100516	-62995.800915092055	7434.439610188239	290.3580322585699	32.65808480443933	1.1439108377082263	136	1:27
364.00000000100994	-63095.29460627941	7704.161767803887	300.89224856109934	32.94526616052128	1.133939454748099	136	1:26
365.0000000010147	-63136.37411958736	7739.04919150057	302.2548050181129	32.751104101482106	1.1406619157276567	136	1:25
366.0000000010195	-62943.26682832808	7700.684897789681	300.7564565998114	32.86741776085773	1.1366252566115063	136	1:25
367.00000000102426	-62887.99863716654	7621.176531211015	297.65119324731376	33.08532156067272	1.1291393096507931	136	1:24
368.00000000102904	-62985.927579115756	7534.292246272834	294.2578574571795	32.744002178852504	1.1409093165379727	136	1:23
369.0000000010338	-63311.82284746168	7703.252528942842	300.85673750439713	32.593030576106464	1.1461940324745108	136	1:23
370.0000000010386	-63265.61986746514	7559.762314337329	295.25261149816527	32.79017518150897	1.1393027618729947	136	1:22
371.00000000104336	-63216.32519910936	7605.156451437973	297.0255161171705	32.637786671831606	1.1446222601496034	136	1:21
372.00000000104814	-63006.85884911491	7553.615332489959	295.0125361667192	32.65388320758294	1.144058025476038	136	1:21
373.0000000010529	-62868.51279597168	7417.681620761363	289.7035354720294	32.8587646498899	1.1369245784082656	136	1:20
374.0000000010577	-63171.87591482978	7559.3851309185575	295.2378802956782	32.700866597431066	1.1424142854222488	136	1:20
375.00000000106246	-63107.806616554444	7828.8763320577345	305.7630764068332	32.82574272490262	1.1380682977890888	136	1:19
376.00000000106724	-62619.66833598516	7646.433232396555	298.63761407283585	32.928391553992086	1.134520557596546	136	1:18
377.000000001072	-62639.169430458045	7805.211449209648	304.83882532972666	32.71359890028237	1.1419696518401108	136	1:18
378.0000000010768	-62913.31805659208	7802.032757452303	304.7146789606373	32.62468769442427	1.145081831786459	136	1:17
379.00000000108156	-63127.254399634956	7355.992176762316	287.29420450562515	32.50445912384018	1.149317298413145	136	1:16
380.00000000108633	-63122.51738262843	7617.613957587075	297.51205406245765	32.420068848172804	1.1523090009939319	136	1:16
381.0000000010911	-63264.69692115334	7520.664282406278	293.7256063421713	32.36133818258956	1.1544002579810222	136	1:15
382.0000000010959	-63242.57216760196	7374.711774400492	288.02531348221083	32.13996548531268	1.1623515017047645	136	1:15
383.00000000110066	-63491.474059289816	7732.881197262762	302.01390903081915	32.630243722024986	1.1448868560358432	136	1:14
384.00000000110543	-63210.66235836473	7561.887258282721	295.3356028969787	32.43991362868436	1.151604087920859	136	1:13
385.0000000011102	-63071.8445708059	7366.535085745134	287.7059663151282	33.022217118001215	1.1312970601912664	136	1:13
386.000000001115	-63204.91496811394	7318.315597613093	285.82271533393146	32.82762267181516	1.1380031237737762	136	1:12
387.00000000111976	-63401.4204459466	7451.398733392694	291.020384486938	32.78231153238888	1.1395760518498796	136	1:11
388.00000000112453	-63296.8848250279	7611.362536465935	297.2678997709807	32.730090854356604	1.1413942391064245	136	1:11
389.0000000011293	-62872.456236113445	7573.661246891865	295.79544551372425	32.83634583751647	1.1377008066442635	136	1:10
390.0000000011341	-63234.7098503554	7611.797596163751	297.2848913782028	32.727665274231086	1.1414788324667684	136	1:09
391.00000000113886	-62936.8383565149	7606.620651801528	297.0827016427361	32.41032902698226	1.1526552882413272	136	1:09
392.00000000114363	-63041.301125469734	7577.235882762354	295.93505579934333	32.6745603436746	1.1433340419475466	136	1:08
393.0000000011484	-63233.4466664207	7615.59264364025	297.43311001677966	33.17621411001362	1.1260458177268848	136	1:08
394.0000000011532	-63606.99170575032	7998.188591511065	312.37570319107	32.70102946739069	1.1424085955411787	136	1:07
395.00000000115796	-63086.12536817946	7600.195697789719	296.83176988432024	32.77029125324517	1.1399940530859036	136	1:06
396.00000000116273	-63087.979292958946	7583.249762317538	296.16993271346746	33.085380084836466	1.1291373123355535	136	1:06
397.0000000011675	-63083.59670550993	7350.663218732301	287.0860777538168	33.02179781372405	1.1313114251782594	136	1:05
398.0000000011723	-63190.37012558294	7436.613480208451	290.4429345046772	32.805615555187664	1.1387665347643494	136	1:04
399.00000000117706	-62949.656895750755	7484.077244203582	292.2966700704791	32.98999593866019	1.1324019928966893	136	1:04
400.00000000118183	-63177.06302431694	7671.7444474774675	299.62616398248815	33.004041871827354	1.1319200627509103	136	1:03
401.0000000011866	-63127.2222996483	7487.516039658494	292.43097499915984	32.768633910098664	1.1400517107025172	136	1:02
402.0000000011914	-63024.87067762972	7776.864512888402	303.7317128797827	32.87864095038156	1.1362372673180383	136	1:02
403.00000000119616	-63259.33406802351	7672.399158536242	299.65173425068474	33.057783200010334	1.1300799246145705	136	1:01
404.00000000120093	-62781.07336560247	7532.980536923951	294.2066275911228	32.96861772818025	1.133136289018888	136	1:01
405.0000000012057	-62694.83240384766	7590.830261932852	296.46599523697273	32.887760484289515	1.1359221970872229	136	1:00
406.0000000012105	-62686.795469550125	7803.672999014589	304.7787399171351	32.837034814996535	1.1376769357241503	136	0:59
407.00000000121526	-62953.20917664355	7438.046760171881	290.4989124090894	32.590317423464974	1.1462894534342536	136	0:59
408.00000000122003	-63114.38320224348	7624.202526809509	297.7693759448231	33.10198390488743	1.1285709416672358	136	0:58
409.0000000012248	-63258.73047249718	7327.425671085453	286.1785165974915	32.70355380352497	1.1423204148096544	136	0:57
410.0000000012296	-63661.055165427446	7327.421534544915	286.1783550415661	32.35616716900538	1.1545847489123622	136	0:57
411.00000000123435	-63109.00503484323	7539.008534848218	294.44205590953305	32.877648730349	1.1362715580116223	136	0:56
412.00000000123913	-63362.05607543545	7435.882342699867	290.4143793398721	32.74071202037505	1.1410239680598293	136	0:55
413.0000000012439	-63307.16183873295	7648.7485031092	298.72803883697657	33.03606491268329	1.1308228520961026	136	0:55
414.0000000012487	-62923.92063188637	7552.817703568444	294.9813841261799	33.16200131076871	1.1265284262099478	136	0:54
415.00000000125345	-62965.04485546664	7623.633630982158	297.7471572596698	32.922998063955916	1.1347064162875236	136	0:54
416.00000000125823	-63057.59719515088	7600.942941474374	296.86095408881584	32.78752633491184	1.139394804139711	136	0:53
417.000000001263	-63619.52537471682	7977.640112577714	311.5731657811463	32.73688119248466	1.1411574892225433	136	0:52
418.0000000012678	-63536.694720379426	7317.157964256126	285.7775030299476	32.60649360658986	1.1457207756629912	136	0:52
419.00000000127255	-63334.686245218996	7477.025210619294	292.02124721383905	32.74994280581756	1.1407023629963833	136	0:51
420.00000000127733	-63487.67870829505	7402.9404147727455	289.1278057885025	33.298277071088656	1.1219180219696308	136	0:50
421.0000000012821	-63402.31767318747	7276.066570737303	284.17264553019237	32.833800613238274	1.1377889994108734	136	0:50
422.0000000012869	-63363.37047989137	7448.066102770717	290.89022591139235	32.626526061471395	1.145017311257922	136	0:49
423.00000000129165	-63451.5257812629	7412.915063426075	289.51737373273363	32.44695509419125	1.151354172930711	136	0:48
424.0000000012964	-63388.05974028577	7565.496523018244	295.47656564083775	32.60065173900084	1.1459260828795155	136	0:48
425.0000000013012	-63362.099423551845	7541.252752954452	294.5297056568512	32.28785486033576	1.1570275358393385	136	0:47
426.000000001306	-63577.86870124974	7476.760309527554	292.0109012881508	32.37497755425767	1.1539139165111023	136	0:47
427.00000000131075	-63344.74107602055	7286.149369958383	284.56643738203263	32.33965134549235	1.1551743940430457	136	0:46
428.0000000013155	-63092.85119699032	7438.213513597205	290.5054250985439	32.888602366126676	1.1358931197717594	136	0:45
429.0000000013203	-63234.832334325125	7427.133455860665	290.07268451144114	32.79435815669811	1.1391574419017039	136	0:45
430.0000000013251	-63363.87773420752	7620.273526586154	297.6159256737315	32.734485020595265	1.141241022215206	136	0:44
431.00000000132985	-63308.832807835686	7606.877588871759	297.0927365271441	32.72306254179024	1.141639389616516	136	0:43
432.0000000013346	-62989.16749127922	7327.56989386323	286.184149334343	32.87419688910607	1.1363908682731125	136	0:43
433.0000000013394	-63365.58393411062	7848.690194249044	306.53692276768425	32.72423745956502	1.141598400658014	136	0:42
434.0000000013442	-63416.52076285929	7696.911818405179	300.60909594277706	32.500693886197176	1.1494504479628405	136	0:41
435.00000000134895	-63289.8577272378	7728.252729935876	301.833140508123	32.55674286203599	1.1474715792332875	136	0:41
436.0000000013537	-63221.14143896781	7891.684251714626	308.2160903417151	32.49414648502511	1.1496820562376937	136	0:40
437.0000000013585	-63351.793291774724	7570.074534178555	295.65536355727306	32.472505229684025	1.1504482602236232	136	0:40
438.0000000013633	-63291.36530736476	7619.502286418547	297.5858042672494	32.93388086043201	1.134331459596543	136	0:39
439.00000000136805	-63118.71201882514	7527.530694604746	293.99377960594916	33.28235023599411	1.1224549012224123	136	0:38
440.0000000013728	-63279.812117562804	7724.63564306385	301.691872264417	32.85264124837788	1.1371364897011764	136	0:38
441.0000000013776	-63020.745617427194	7628.497352444269	297.9371138222676	32.716439477657794	1.141870501284359	136	0:37
442.0000000013824	-63007.704675522284	7574.461642698587	295.82670561719584	32.60391709386976	1.1458113158316365	136	0:36
443.00000000138715	-63142.16299643146	7313.354721416975	285.62896431487565	32.35713886968749	1.1545500761685021	136	0:36
444.0000000013919	-63448.20588433949	7651.792264939326	298.84691540898444	32.37844709999446	1.153790267680839	136	0:35
445.0000000013967	-63260.15654960711	7699.012425046632	300.6911368285657	32.64547749805724	1.1443526028625466	136	0:34
446.0000000014015	-63356.41307638108	7869.068893431126	307.332829292554	32.56706202176183	1.147107992782073	136	0:34
447.00000000140625	-63443.080266086414	7473.50311396039	291.88368888948304	32.13266259651377	1.1626156728962025	136	0:33
448.000000001411	-63224.79719504615	7429.577335464129	290.16813219949097	32.41785150169375	1.1523878177010172	136	0:33
449.0000000014158	-63120.5769284507	7288.3560335953125	284.6526204092775	32.377780527842795	1.1538140211453682	136	0:32
450.0000000014206	-63552.657029606315	7385.38087031808	288.4420036241771	32.594162925328675	1.1461542127091082	136	0:31
451.00000000142535	-63394.41349091372	7751.101475411666	302.72551668222434	32.4438302573482	1.1514650659390409	136	0:31
452.0000000014301	-62879.59718465913	7354.966628224321	287.25415088072657	32.78932293705519	1.1393323740873684	136	0:30
453.0000000014349	-63293.45973608148	7539.451637092003	294.45936162487146	32.63798739123008	1.1446152208708398	136	0:29
454.0000000014397	-63181.63704836345	7360.930343524822	287.48706858944405	32.65170262516745	1.1441344292348645	136	0:29
455.00000000144445	-62971.42287116134	7526.3670211070885	293.9483313994013	32.68322883012504	1.1430307984796975	136	0:28
456.0000000014492	-63110.60242983731	7414.378754058735	289.5745393503482	32.25919639086826	1.1580554175604807	136	0:27
457.000000001454	-63195.57972652401	7562.002432731281	295.3401011279152	32.51733126742001	1.1488623355761798	136	0:27
458.0000000014588	-63458.698932766885	7887.614198816304	308.05713114469296	32.67941742033567	1.1431641104882577	136	0:26
459.00000000146355	-63548.8113879812	7657.976655836416	299.0884517810247	32.31012138568057	1.1562301701270938	136	0:26
460.0000000014683	-62918.987648676295	7452.968677912107	291.0816999357563	32.396668814632186	1.1531413109276074	136	0:25
461.0000000014731	-63231.32132515294	7775.793660737498	303.68988988576035	32.3205189764026	1.1558582080277777	136	0:24
462.0000000014779	-63068.90721703405	7239.865987608318	282.75880257294506	32.7275881038672	1.141481524028902	136	0:24
463.00000000148265	-63257.63917190078	7498.867203230836	292.87430384323216	32.50746700455418	1.1492109533283164	136	0:23
464.0000000014874	-63514.431884658	7705.297648636384	300.9366113027042	32.6761596324683	1.143278083066781	136	0:22
465.0000000014922	-63350.2908866966	7526.156438300546	293.94010691813025	32.766570096529065	1.1401235172475312	136	0:22
466.00000000149697	-63144.85909033945	7463.634251147279	291.498252496521	32.97825858090504	1.132805028347475	136	0:21
467.00000000150175	-63137.34437773438	7678.008510781396	299.87081202460547	33.428849709552146	1.11753582522816	136	0:20
468.0000000015065	-63118.97264518851	7405.125288929307	289.213137810026	33.05095047644358	1.1303135494762437	136	0:20
469.0000000015113	-63459.8549692464	7831.266179081523	305.85641380892537	33.00081054329121	1.1320308965619348	136	0:19
470.00000000151607	-63073.89035130793	7696.673328081729	300.5997815109355	32.665366584940614	1.1436558365095846	136	0:19
471.00000000152085	-63086.11406879075	7511.712613071659	293.37599167990845	32.63300981321193	1.144789811311478	136	0:18
472.0000000015256	-62990.586143604974	7351.03102020634	287.10044253688903	32.64446049942952	1.1443882537818428	136	0:17
473.0000000015304	-63208.26155188304	7505.8044915793125	293.14524523218546	32.374906487586834	1.1539164494858465	136	0:17
474.00000000153517	-63406.08466639876	7647.928982725769	298.6960318077443	32.4539995972738	1.1511042586483127	136	0:16
475.00000000153995	-63245.33883491467	7443.073450459247	290.6952338505351	32.58810716375406	1.146367199508404	136	0:15
476.0000000015447	-63051.246375950665	7458.658869825918	291.30393496810547	32.752027240556636	1.1406297653640318	136	0:15
477.0000000015495	-62772.20291546223	7721.844318509162	301.58285483370383	32.970519996240014	1.1330709115553175	136	0:14
478.00000000155427	-63055.574266841664	7661.380777253737	299.2214024872148	32.705675857287076	1.142246297236168	136	0:13
479.00000000155904	-62959.44020666156	7540.122908796435	294.4855786824346	32.747155139568385	1.1407994675376518	136	0:13
480.0000000015638	-63052.07852634118	7501.2132814783845	292.96593182048406	32.50066604180568	1.1494514327349137	136	0:12
481.0000000015686	-63292.31453369555	7467.9373861095555	291.6663149014503	32.47100901659333	1.1505012710723541	136	0:12
482.00000000157337	-63045.00863731871	7709.259174508248	301.09133188921885	32.4496012950959	1.151260282271585	136	0:11
483.00000000157814	-62991.73014007724	7684.06870593297	300.107497831684	32.73836611023143	1.1411057296142018	136	0:10
484.0000000015829	-63389.43173104446	7582.03895406222	296.1226436209614	32.97325082996518	1.1329770709972773	136	0:10
485.0000000015877	-63016.9290421941	7555.621707342358	295.0908967540212	33.211571894398574	1.1248470040917649	136	0:09
486.00000000159247	-63148.636397449474	7491.522936355779	292.58746757983704	33.15931353192248	1.126619738693565	136	0:08
487.00000000159724	-63177.1565793957	7570.2037149595535	295.6604088168142	32.91329444385733	1.135040954660942	136	0:08
488.000000001602	-63269.334243075136	7796.993976871276	304.51788532302606	32.632159487285975	1.1448196421431367	136	0:07
489.0000000016068	-63275.72248622615	7584.113868770552	296.2036810875904	32.58316663681693	1.146541021104449	136	0:06
490.00000000161157	-63125.80456351017	7396.758857765139	288.88638009630057	32.732564410189035	1.141307985480162	136	0:06
491.00000000161634	-62792.018421702756	7737.624231677148	302.19915206347605	32.94106000569777	1.134084244408976	136	0:05
492.0000000016211	-63195.18777655292	7763.829806867574	303.22263192819497	32.76992634697358	1.1400067473768563	136	0:05
493.0000000016259	-63318.80935834866	7705.098057042181	300.92881609209155	33.238019576940715	1.1239519568882506	136	0:04
494.00000000163067	-63370.88223366669	7639.985839562458	298.38580594812646	32.53546208968892	1.1482221166433628	136	0:03
495.00000000163544	-63088.10609179406	7495.916612049873	292.75906612603694	32.76299560658875	1.1402479063629847	136	0:03
496.0000000016402	-63525.43695210887	7935.97796828168	309.94601714967564	32.91069074031206	1.135130752537899	136	0:02
497.000000001645	-63321.13627309445	7513.609143145308	293.45006219082495	32.9430759139518	1.1340148456134582	136	0:01
498.00000000164977	-63189.81835449985	7498.171152526507	292.84711902185245	32.628427742828706	1.144950576259479	136	0:01
499.00000000165454	-62895.69017500122	7416.511450051964	289.65783351163924	32.54161008523894	1.14800518624425	136	0:00
500.0000000016593	-62887.93806859426	7603.831931052261	296.97378590574283	32.640454296432786	1.144528712968167	136	0:00
