#"Time (ps)"	"Potential Energy (kJ/mole)"	"Kinetic Energy (kJ/mole)"	"Temperature (K)"	"Box Volume (nm^3)"	"Density (g/mL)"	"Speed (ns/day)"	"Time Remaining"
100.99999999994601	-81128.14673928256	7481.417813351589	289.6528804613189	29.430007656834412	1.1017804549122419	0	--
101.99999999994368	-81477.0564934146	7588.39747426139	293.7947380217934	29.253218443762332	1.1084389666919487	288	1:59
102.99999999994135	-81535.20095839316	7538.651925400574	291.8687740030549	28.931208662636163	1.12077610038098	287	1:59
103.99999999993902	-81265.21429692372	7632.476455748347	295.5013134696601	29.137872887329348	1.1128268473680527	292	1:57
104.99999999993669	-81422.91854725833	7622.033610948529	295.0970050682392	28.980969704847826	1.1188517000793725	292	1:56
105.99999999993436	-81129.36979686009	7657.093979465959	296.45441311367483	29.015681653678666	1.1175131989396783	294	1:55
106.99999999993203	-81234.50954026988	7672.76692840719	297.061211840789	29.071519180431977	1.1153667967253431	293	1:55
107.9999999999297	-80941.60876992444	7598.465227360362	294.1845242571894	29.197862992082136	1.1105404266405008	293	1:55
108.99999999992737	-81171.41208580049	7660.891090441037	296.6014232337887	28.904128138961113	1.1218261650490742	294	1:55
109.99999999992504	-80852.08635987731	7711.066828995104	298.5440426094266	29.06629233776241	1.1155673674310111	294	1:54
110.99999999992271	-81214.45080815032	7780.190660986102	301.2202622170236	28.766513461435846	1.127192812840771	295	1:53
111.99999999992038	-81082.65712653456	7835.174926823491	303.34905001863893	29.29316718616019	1.1069273260263044	295	1:53
112.99999999991805	-81039.41962765603	7782.192855472156	301.29777979652494	29.290350991868912	1.1070337543315603	294	1:53
113.99999999991572	-81030.83587135276	7676.193310508524	297.1938687074381	29.27283794886979	1.1076960587440998	294	1:53
114.99999999991338	-81126.7032881385	7706.441083969884	298.3649508377515	29.056798160070855	1.1159318740347648	294	1:52
115.99999999991105	-80902.0918651818	7705.547109440367	298.33033944402996	28.975517893735823	1.119062214630089	295	1:52
116.99999999990872	-81100.14246677083	7515.045088377188	290.95480441694224	29.03303195500914	1.1168453668382141	296	1:51
117.9999999999064	-81087.90985322982	7690.045622057631	297.7301790755191	29.199023960490514	1.110496270974431	295	1:51
118.99999999990406	-80937.34766418801	7669.898708351055	296.95016494810324	29.179616642210597	1.1112348603412388	295	1:51
119.99999999990173	-81133.82209442902	7608.366987118193	294.5678838431723	29.326187703531126	1.1056809549204885	295	1:51
120.9999999998994	-80920.54362310108	7363.055251264663	285.07031898666423	29.317322737640726	1.1060152904953549	295	1:50
121.99999999989707	-80968.70096249308	7620.14011866117	295.02369603660276	29.217017089700953	1.1098123783364522	295	1:50
122.99999999989474	-80855.76599585166	7676.555226328546	297.2078807519956	29.087982865250332	1.1147355034698698	295	1:50
123.99999999989241	-80921.8951951102	7690.927504901751	297.764322323818	29.206596472785286	1.1102083481186102	294	1:50
124.99999999989008	-81003.51826593644	7637.828646141867	295.7085305243598	29.253503706679606	1.1084281578487953	295	1:49
125.99999999988775	-80998.90343285265	7642.49776542997	295.88930158737975	29.231231662955107	1.1092726983964438	295	1:49
126.99999999988542	-81126.2274908055	7634.668955301828	295.58619895887074	29.274278138406952	1.1076415640690604	295	1:49
127.99999999988309	-80726.32640751629	7481.268137662467	289.6470855711562	29.399623528078937	1.1029191306905337	295	1:48
128.99999999988785	-80973.470376346	7608.04719930035	294.5555028393458	29.35446164393471	1.1046159734602932	295	1:48
129.99999999989262	-80803.39511358947	7844.023587460216	303.6916374941142	29.017917397912434	1.1174270978712786	295	1:48
130.9999999998974	-81032.38541597291	7801.160118517791	302.03212220496937	29.35681206404248	1.104527533625964	295	1:48
131.99999999990217	-80716.96514721305	7570.848177217556	293.11529402258964	29.203217399742357	1.11033680913884	295	1:47
132.99999999990695	-81175.80998352694	7790.154844199897	301.6060386087884	28.875127830606665	1.1229528545964715	295	1:47
133.99999999991172	-81065.5003954538	7642.514614735051	295.88995393027415	29.235319831848056	1.1091175814295196	295	1:47
134.9999999999165	-80925.77271188205	7698.29972234662	298.0497473691193	29.463702216626626	1.1005204636476347	295	1:46
135.99999999992127	-81034.06695538876	7632.710844908492	295.5103881527053	29.35815246725375	1.104477104285948	295	1:46
136.99999999992605	-81142.49694985867	7738.366183812121	299.6009728537678	29.273185065598966	1.1076829238620576	295	1:46
137.99999999993082	-81618.7398799189	7612.332710676457	294.72142202008234	29.16110505189489	1.1119402768349747	295	1:45
138.9999999999356	-81529.25690848575	7661.954099350656	296.64257901472604	28.873473481288425	1.1230171958781197	295	1:45
139.99999999994037	-81511.37559492642	7786.5773570325055	301.46753151177813	28.741950670207558	1.128156108688486	295	1:45
140.99999999994515	-81281.3850027647	7569.06783260005	293.04636565105096	28.722152076102326	1.1289337629820806	295	1:45
141.99999999994992	-81339.29408707577	7338.295317354848	284.11170574570735	29.016930246419083	1.117465112568871	295	1:44
142.9999999999547	-81559.54597294488	7360.747003298043	284.98095214617615	29.193247750699463	1.1107159950520022	295	1:44
143.99999999995947	-81575.1783519914	7367.739632947768	285.2516809532784	29.400602592037526	1.1028824025871993	295	1:44
144.99999999996425	-81632.52166983651	7365.511197268131	285.1654041499193	28.898684221109328	1.1220374940299989	295	1:44
145.99999999996902	-81503.07257342248	7455.0009051396355	288.6301152920192	28.883619532911332	1.1226227096389625	295	1:43
146.9999999999738	-81077.98744035428	7400.828069981343	286.53274309094354	29.11145134250002	1.1138368486932735	294	1:43
147.99999999997857	-81322.3958643289	7613.419170048901	294.7634857163741	29.198650400913515	1.1105104783611273	294	1:43
148.99999999998334	-81355.1986363098	7592.554954867364	293.95570032372945	29.3731509154418	1.1039131388240466	294	1:43
149.99999999998812	-81093.52571981607	7742.2278100232215	299.7504807656658	29.220888859113753	1.1096653281340743	294	1:42
150.9999999999929	-81117.63216191516	7620.6690915422405	295.0441759138814	29.38659655842688	1.1034080506651762	294	1:42
151.99999999999767	-81386.67914565405	7874.95097548802	304.8890317916779	28.89163800452805	1.1223111413460152	294	1:42
153.00000000000244	-81135.78848433771	7548.869774320496	292.264371394567	29.249585742869428	1.1085766311108376	294	1:41
154.00000000000722	-81382.29534577706	7700.279410679401	298.1263935934462	29.25008877370411	1.1085575662720137	294	1:41
155.000000000012	-81400.45702099463	7554.9458228551475	292.49961356440593	28.98192026526841	1.1188150035412252	294	1:41
156.00000000001677	-81653.3779500699	7662.425568129066	296.66083254542315	28.683969877358848	1.1304365247507866	294	1:41
157.00000000002154	-81713.9163744965	7775.867756221487	301.05289530231977	28.604445913092327	1.1335792807430887	294	1:40
158.00000000002632	-81490.89383057022	7593.31238443026	293.9850252003922	28.96367711136297	1.1195197039224247	294	1:40
159.0000000000311	-81236.99851831488	7808.4771127018485	302.3154092094659	28.827201508536152	1.124819806550287	294	1:40
160.00000000003587	-81364.66283786818	7525.976044946703	291.3780107042461	28.903406045207138	1.1218541916306324	294	1:39
161.00000000004064	-81452.66495654124	7679.036061458273	297.30392953034254	28.60750274166827	1.1334581531644334	294	1:39
162.00000000004542	-81368.47717194815	7815.121963594074	302.57267330688524	28.859040336826897	1.1235788455113616	294	1:39
163.0000000000502	-81185.50897517952	7942.354987638486	307.49866632367656	29.033734108081028	1.1168183570019241	294	1:39
164.00000000005497	-81196.5865047778	7524.831720085817	291.3337066698494	28.923412410696336	1.1210782034911744	294	1:38
165.00000000005974	-81193.1291468787	7718.436344437312	298.8293630431591	29.398092850068583	1.102976556662659	294	1:38
166.00000000006452	-81379.21646330174	7800.95098298142	302.02402524901424	29.13389210604844	1.1129789012119666	294	1:38
167.0000000000693	-80925.77975516944	7520.090315224961	291.15013697629087	28.87547442830677	1.1229393755841113	294	1:37
168.00000000007407	-81330.52812575485	7767.45789253971	300.72729642514355	28.649685142863348	1.1317893045779237	294	1:37
169.00000000007884	-80904.79439001778	7586.524307778789	293.7222159302855	28.924338453497896	1.1210423110056125	294	1:37
170.00000000008362	-81115.00323488357	7829.398806044349	303.1254199443253	29.328285277225117	1.105601876063233	294	1:36
171.0000000000884	-81299.07379128694	7545.48666188244	292.1333897695522	29.32181963314728	1.1058456681713575	294	1:36
172.00000000009317	-81146.35380856242	7791.953201023686	301.67566434646324	29.104091760867437	1.114118505763375	294	1:36
173.00000000009794	-80928.35997049834	7715.912842803593	298.73166237527886	29.338611170357694	1.1052127531169176	294	1:36
174.00000000010272	-81208.74678163204	7797.091181571807	301.87458798669377	29.41108499366844	1.1024893243890275	294	1:35
175.0000000001075	-80882.44430911017	7666.369916575811	296.81354315692033	29.425625902721155	1.1019445204466907	294	1:35
176.00000000011227	-81292.0504806592	7875.023198455559	304.8918279983736	29.465169552673586	1.1004656588265107	294	1:35
177.00000000011704	-81294.81327359568	7666.705040619994	296.82651792281786	29.00477166298306	1.1179335455896817	294	1:35
178.00000000012182	-81154.3582083027	7583.337329148255	293.59882788228	29.05886110777186	1.1158526517594844	294	1:34
179.0000000001266	-80946.03147461044	7673.7567322723025	297.09953339263575	29.01781932406129	1.117430874529257	294	1:34
180.00000000013137	-80906.46633008984	7667.951523359236	296.87477713315394	29.163203213232716	1.1118602777319349	294	1:34
181.00000000013614	-81194.3951751212	7570.518365694888	293.1025249379143	29.29390391332213	1.1068994873527773	294	1:33
182.00000000014091	-81082.83770223215	7564.698464368363	292.87719984241966	29.199684338143832	1.110471156082333	294	1:33
183.0000000001457	-81267.10464843869	7646.61971259947	296.0488881658254	28.749917968282276	1.1278434693271266	294	1:33
184.00000000015046	-81147.00186359463	7612.821293724721	294.74033815213176	28.930670962422056	1.1207969309227228	294	1:32
185.00000000015524	-81375.57237967773	7544.539760937247	292.0967292603907	28.786703926723263	1.1264022205097486	294	1:32
186.00000000016001	-81459.92638100847	7368.698776632442	285.2888154561191	29.174247487212877	1.1114393692049775	294	1:32
187.0000000001648	-81951.22744982832	7692.741969841622	297.83457170828524	29.058389827701408	1.115870749084197	294	1:32
188.00000000016956	-81419.56393715428	7745.428372700334	299.87439473781	29.224614368684524	1.109523869678946	294	1:31
189.00000000017434	-81553.90724519503	7717.729722316139	298.80200524308674	29.375748539650466	1.1038155225372719	294	1:31
190.0000000001791	-81349.14233543474	7563.876395649241	292.84537237624	29.208106121437872	1.1101509659477207	294	1:31
191.0000000001839	-81529.94976189366	7474.2272067637705	289.3744867179954	29.085145693825663	1.1148442426781864	294	1:30
192.00000000018866	-81351.97818232441	7480.6409355235755	289.622802619623	28.890803686388846	1.1223435518166	294	1:30
193.00000000019344	-81631.44249744972	7527.534876100374	291.4383628921707	28.859034597939324	1.12357906894547	294	1:30
194.0000000001982	-81403.92014754997	7559.42999675186	292.6732242245878	29.05627817883688	1.1159518443705845	294	1:30
195.000000000203	-81357.934286336	7610.154392330769	294.63708557488815	28.988225758966742	1.1185716398730554	294	1:29
196.00000000020776	-81081.89307500329	7681.733809875214	297.40837639044605	29.40808305764697	1.10260186495856	294	1:29
197.00000000021254	-81242.75516220962	7751.821911418674	300.1219289555625	28.935096326392507	1.120625515064958	294	1:29
198.0000000002173	-81194.08773916881	7765.163117643477	300.63845121220567	29.129266302824394	1.1131556451551885	294	1:28
199.0000000002221	-81254.17574567214	7650.327861747831	296.1924540124068	29.144976494071802	1.1125556142003832	293	1:28
200.00000000022686	-80848.77404442712	7440.685220211384	288.0758648172168	29.343223347700718	1.1050390354186694	294	1:28
201.00000000023164	-81246.30438359862	7834.334266105671	303.3165027389011	28.952540161434797	1.1199503409171985	293	1:28
202.0000000002364	-80995.30336513184	7795.47359287383	301.8119609235541	29.063888103491543	1.1156596498292466	293	1:27
203.0000000002412	-80923.84085070947	7714.109655034204	298.66184960122365	29.171113626195204	1.1115587714519157	293	1:27
204.00000000024596	-80851.42215875429	7635.662107017968	295.6246501271509	29.218739505433092	1.1097469559967985	293	1:27
205.00000000025074	-81230.91891055007	7790.719762548373	301.6279101618742	28.946350470851776	1.1201898234759966	293	1:26
206.0000000002555	-81211.67036507963	7744.871623867007	299.8528394781934	28.98184074984264	1.1188180731547854	293	1:26
207.0000000002603	-81197.6811044391	7543.68381701428	292.06359027136676	29.022601606537833	1.1172467466498044	293	1:26
208.00000000026506	-81531.02999565104	7771.731054419613	300.8927374789746	29.34149068347279	1.105104289826763	293	1:25
209.00000000026984	-81042.28660436641	7644.562927871953	295.9692570536917	29.50346557531182	1.0990372348444044	293	1:25
210.0000000002746	-80866.2954964879	7666.3643195667355	296.81332646139003	29.462353267913638	1.100570851532457	293	1:25
211.00000000027939	-80956.78209188339	7738.018917706706	299.5875279920813	29.597373136682084	1.095550171783006	293	1:25
212.00000000028416	-80955.29607475887	7613.243505728036	294.7566846423261	29.23680639318433	1.1090611877423373	293	1:24
213.00000000028894	-81014.10216834943	7743.064396935553	299.78287032269344	29.150525193784365	1.1123438431610728	293	1:24
214.0000000002937	-80859.66613264754	7552.828129136304	292.4176242809705	29.115724897515804	1.1136733616748922	293	1:24
215.00000000029848	-80993.4915898541	7600.759790105616	294.27336125642444	29.002696879971154	1.1180135198602963	293	1:23
216.00000000030326	-81181.9712129799	7427.291331718627	287.5573028976324	29.17102959730497	1.1115619733632396	293	1:23
217.00000000030803	-81197.47850059858	7645.209497452868	295.9942898410862	29.379684734720836	1.1036676369061753	293	1:23
218.0000000003128	-80768.96436130558	7526.234589527829	291.3880205960232	29.500322569739893	1.099154327806514	293	1:23
219.00000000031758	-81078.11639875002	7383.356969000008	285.8563265546229	29.152447699429935	1.1122704878346064	293	1:22
220.00000000032236	-81165.84283480025	7471.779740848552	289.2797298724536	29.45141744772467	1.1009795125063793	293	1:22
221.00000000032713	-81387.6622950212	7982.33815139402	309.04666682848443	29.115331846546567	1.1136883960353634	293	1:22
222.0000000003319	-81218.81327363904	7565.071906282707	292.89165813480133	29.167788613331876	1.1116854847678417	293	1:21
223.00000000033668	-81324.53277416667	7582.111792868621	293.5513796415371	29.419430253908445	1.1021765868463747	293	1:21
224.00000000034146	-81379.24983589744	7539.241649845686	291.89160595663196	29.23963665412963	1.1089538357734077	293	1:21
225.00000000034623	-81388.91089709639	7554.660900020861	292.4885824040404	29.136992416250738	1.1128604751303357	293	1:21
226.000000000351	-81359.67374866363	7759.586635802891	300.422550420636	29.189865443124695	1.1108446966772565	293	1:20
227.00000000035578	-81230.125885549	7677.349140964428	297.2386181960017	28.987849630275804	1.1185861537777428	293	1:20
228.00000000036056	-81292.76800625239	7607.658573613367	294.54045668733767	29.484115081885307	1.0997585355424002	293	1:20
229.00000000036533	-81415.6762824402	7480.675673836371	289.62414755885976	29.279010296808767	1.1074625438330459	293	1:19
230.0000000003701	-81252.39848077475	7617.257893135338	294.9121069038308	29.243871713251934	1.108793238534285	293	1:19
231.00000000037488	-81305.93178489115	7725.040665371735	299.0850579702266	29.085438710524084	1.114833011354413	293	1:19
232.00000000037966	-81310.81220529327	7590.396774703086	293.8721435545804	29.275985030025513	1.107576984718438	293	1:18
233.00000000038443	-81280.98144584906	7695.321220171503	297.93443075988733	29.165588841192317	1.1117693320294437	293	1:18
234.0000000003892	-81268.80196120503	7637.038596254784	295.67794270916073	29.015296832936713	1.1175280201652145	293	1:18
235.00000000039398	-81547.36953028469	7627.924083822767	295.32506243355	28.8389678423646	1.1243608787060917	293	1:18
236.00000000039876	-81591.25149505222	7786.808654484698	301.47648649530436	29.220791224268048	1.1096690358366574	293	1:17
237.00000000040353	-81428.5040804726	7667.510294648875	296.857694386262	28.97542464508806	1.1190658159936429	293	1:17
238.0000000004083	-81478.62355392313	7779.742197597177	301.20289937008414	29.057049112429812	1.1159222362448042	293	1:17
239.00000000041308	-81320.83201234357	7742.717287361587	299.7694315213267	29.23752610872428	1.1090338869177532	293	1:16
240.00000000041786	-81131.58219197171	7550.915471023565	292.3435732193249	29.44009142929847	1.1014030748541888	293	1:16
241.00000000042263	-81000.46551182479	7551.161803019034	292.3531102848675	29.431711201598876	1.1017166824624274	293	1:16
242.0000000004274	-81079.02369316324	7719.2116767479365	298.85938104812686	29.08919167593334	1.114689180278757	293	1:16
243.00000000043218	-81286.77030493142	7806.31502981873	302.23170134145	28.81065802933407	1.1254656936750034	293	1:15
244.00000000043696	-81195.1399796762	7644.46598350418	295.9655037256367	29.172777015940667	1.1114953919710764	293	1:15
245.00000000044173	-81251.28803169625	7648.8910911006715	296.13682755671425	29.192779755938936	1.1107338011420858	293	1:15
246.0000000004465	-81151.51782421558	7647.52695539989	296.0840132580172	29.000090285235615	1.118114009483827	293	1:14
247.00000000045128	-81131.29476583583	7503.7378996503985	290.51703180935044	29.076763413631003	1.1151656311588296	293	1:14
248.00000000045605	-81036.4918163511	7652.144363783982	296.26278226572214	29.16413851500002	1.1118246200737385	293	1:14
249.00000000046083	-81162.90827754856	7768.579276758906	300.77071228257824	28.951060353744253	1.1200075861823895	293	1:14
250.0000000004656	-81145.62980292688	7687.721447997429	297.64019563547794	29.228446827022765	1.1093783879832886	293	1:13
251.00000000047038	-81355.901185419	7622.427204421561	295.11224355458484	29.152950937394273	1.1122512878319277	293	1:13
252.00000000047515	-81175.34796849563	7777.4557251782935	301.114375598421	29.362859871500707	1.1043000363765503	293	1:13
253.00000000047993	-81008.92052974016	7791.257250647619	301.64871971696715	29.293658694065773	1.1069087532854485	293	1:12
254.0000000004847	-80909.51997044828	7732.401615363349	299.3700467813311	29.548414714230418	1.097365376038323	293	1:12
255.00000000048948	-80812.51178207304	7631.642051978082	295.4690084358343	29.403085965236986	1.1027892535686241	293	1:12
256.00000000049425	-81141.71554713859	7763.172040967915	300.56136407328574	29.268140307512752	1.1078738479292654	293	1:11
257.000000000499	-81264.01185544961	7478.289063180629	289.53174680432073	29.243427761271334	1.1088100714089515	293	1:11
258.0000000005038	-81131.94353637731	7636.459170720182	295.65550949138066	29.097031785835874	1.1143888305473868	293	1:11
259.0000000005086	-80925.32775131182	7402.129219359487	286.5831187917388	29.079475672898415	1.1150616190249165	293	1:11
260.00000000051335	-81030.57538474866	7726.859084741818	299.15546045563406	29.273966064018744	1.107653372054446	293	1:10
261.0000000005181	-81236.8180557253	7903.654999789842	306.0003456532051	29.297099596013677	1.1067787484543268	293	1:10
262.0000000005229	-80934.028264772	7594.502715901203	294.03111044089934	29.292425409953356	1.1069553569026025	293	1:10
263.0000000005277	-81009.03397264567	7752.235128362683	300.1379271902653	29.219923009990644	1.1097020075354456	293	1:09
264.00000000053245	-80806.51759092894	7727.219947527274	299.16943173058036	29.30150895749603	1.1066121977285606	293	1:09
265.0000000005372	-81220.34243355822	7564.038628294285	292.85165342538255	29.18802844568295	1.1109146095482052	293	1:09
266.000000000542	-81228.59662584437	7432.3770466222195	287.75420300504277	29.415563559090334	1.10232146867019	293	1:09
267.0000000005468	-81194.73632730666	7566.076189279616	292.9305402651823	29.140628172827352	1.1127216280963146	293	1:08
268.00000000055155	-81174.74750291748	7559.143128042864	292.66211772713666	29.1692906428618	1.1116282401660942	293	1:08
269.0000000005563	-81102.50202436312	7612.139723418955	294.71395026587453	29.222306362417324	1.1096115009566785	293	1:08
270.0000000005611	-81084.07347772064	7658.70844870105	296.51691940272684	29.160534267027835	1.1119620418231355	293	1:07
271.0000000005659	-81283.72810581789	7676.162491814158	297.19267552135796	29.303712324113267	1.1065289907837292	293	1:07
272.00000000057065	-81188.95217392224	7565.00577464872	292.8890977620549	29.195080706141685	1.110646260943425	293	1:07
273.0000000005754	-81375.4655495573	7371.966758985136	285.4153396692255	28.92786319632865	1.1209057165457357	293	1:07
274.0000000005802	-80938.58948401769	7592.128097032142	293.9391739640736	29.27998656058131	1.1074256184212545	293	1:06
275.000000000585	-81472.6159883134	7549.5742739375855	292.29164701911634	29.18693626358051	1.1109561802373291	293	1:06
276.00000000058975	-81418.29590716242	7491.541960619562	290.0448500707624	29.06382781110584	1.1156619642450338	293	1:06
277.0000000005945	-81200.4463872347	7577.015181299598	293.3540576554658	29.15130743626734	1.1123139946675982	293	1:05
278.0000000005993	-81096.16574435195	7804.992194159322	302.180486027898	29.248513647034255	1.1086172656676405	293	1:05
279.0000000006041	-81157.91989040145	7738.797743754998	299.61768126167453	29.505356628594836	1.0989667955002114	293	1:05
280.00000000060885	-80943.48699184734	7401.851137747689	286.572352498254	29.438933027111734	1.1014464143233609	293	1:04
281.0000000006136	-81074.67234018454	7440.052709930461	288.0513763540188	29.146676752401824	1.1124907137670774	293	1:04
282.0000000006184	-80884.61428811337	7793.247143987366	301.7257610414926	29.043183679636712	1.116454985854477	293	1:04
283.0000000006232	-80850.89440844138	7768.85422176668	300.7813571383338	28.84939630610129	1.1239544453607928	293	1:04
284.00000000062795	-81133.3477068094	7906.786153122703	306.1215723517609	29.01398296818394	1.1175786261326042	293	1:03
285.0000000006327	-80889.46589084991	7551.70500968431	292.37414124172733	28.906862298687518	1.1217200569599703	293	1:03
286.0000000006375	-81153.55080072727	7750.4331002290855	300.06815931302725	28.980941406350507	1.1188527925843188	293	1:03
287.0000000006423	-81057.46085911832	7473.351954661074	289.34060018752746	29.259319794781494	1.1082078275107738	293	1:02
288.00000000064705	-81281.16415227679	7769.391876823358	300.8021731574022	28.918617039526055	1.1212641040164069	293	1:02
289.0000000006518	-81528.28436345773	7867.932074321143	304.6172858484115	28.93676327349629	1.1205609596950603	293	1:02
290.0000000006566	-81166.0280940292	7623.455839061437	295.1520684906885	29.15602234667209	1.1121341189367988	293	1:02
291.0000000006614	-81142.55752244411	7636.884535519208	295.6719780461865	29.450233212027328	1.101023784455989	293	1:01
292.00000000066615	-81185.63128671655	7725.895799569518	299.11816560968066	28.96633362979284	1.1194170321530499	293	1:01
293.0000000006709	-81244.88165036312	7698.050871744272	298.04011279241564	29.029727043678612	1.1169725149475216	293	1:01
294.0000000006757	-81025.36848226539	7784.732878067114	301.3961200950381	28.895344207661033	1.1221671903676727	293	1:00
295.0000000006805	-80860.26333746425	7598.879044085859	294.2005457132173	29.1564276915617	1.1121186575817095	293	1:00
296.00000000068525	-81199.11621576865	7671.4200362488	297.0090651483997	29.13569783093996	1.1129099228158656	293	1:00
297.00000000069	-80954.10002614753	7406.226754138936	286.7417602125587	28.88014825233232	1.122757644486785	293	0:59
298.0000000006948	-81306.76512640211	7768.248633016639	300.7579109774322	28.66559629978536	1.1311610923809938	293	0:59
299.0000000006996	-81166.40609490473	7558.778145773871	292.6479869609946	29.07400364311058	1.1152714852156713	293	0:59
300.00000000070435	-81267.69105305287	7751.509282954417	300.1098251354785	28.99670775269476	1.1182444400504186	293	0:59
301.0000000007091	-81186.71986632433	7631.624594108324	295.4683325315621	28.951957164599428	1.1199728930196629	293	0:58
302.0000000007139	-80914.36298418595	7701.738112802375	298.18286915492337	29.238543918449796	1.1089952808408166	293	0:58
303.00000000071867	-81191.2806062682	7813.995328764984	302.52905416521776	29.129781735402673	1.1131359485886498	293	0:58
304.00000000072345	-80937.13192761503	7634.640679378902	295.58510421951416	29.377165999246408	1.1037622630123534	293	0:57
305.0000000007282	-81035.70325742575	7640.978885921131	295.83049617966367	29.337315940357957	1.1052615477890968	293	0:57
306.000000000733	-81041.02087363583	7528.97377731188	291.4940718354499	29.147133988957584	1.1124732619166664	293	0:57
307.00000000073777	-80902.53962235065	7628.654055885496	295.3533242571643	29.291413568902513	1.1069935955102728	293	0:56
308.00000000074255	-81027.55165074556	7446.380288795046	288.29635684972146	29.053048383396785	1.1160759035099475	293	0:56
309.0000000007473	-81159.49040626234	7654.669475025359	296.3605452516691	28.95186255988773	1.1199765527051992	293	0:56
310.0000000007521	-81162.96208576162	7604.359010911381	294.4127097996839	29.263760311831767	1.1080396667651666	293	0:56
311.00000000075687	-81145.5453517921	7551.392155470717	292.36202868146233	29.1715218403681	1.111543216759672	293	0:55
312.00000000076164	-80984.2786122787	7597.030928347796	294.1289934940644	29.12282478155013	1.1134018580766212	293	0:55
313.0000000007664	-80596.82000305789	7433.108094745039	287.7825064897315	29.25027230819467	1.1085506104889689	293	0:55
314.0000000007712	-81007.30409550454	7487.559684265325	289.890671030696	29.28374446865839	1.1072835053222727	293	0:54
315.00000000077597	-81256.91484362434	7782.478286241138	301.30883062224683	29.18951635649516	1.1108579816192323	293	0:54
316.00000000078074	-81130.3404626679	7572.336454169337	293.17291461226426	29.042712577610963	1.1164730958779152	293	0:54
317.0000000007855	-81150.42989435003	7397.247746413929	286.3941261789948	29.041699211128595	1.1165120535300004	293	0:54
318.0000000007903	-81201.47702850658	7539.753134559987	291.91140875665	29.270619297567347	1.1077800197726813	293	0:53
319.00000000079507	-80941.4398258178	7557.4642945801825	292.59711949278955	29.324031873234603	1.105762241849626	293	0:53
320.00000000079984	-81296.27410905846	7913.958171618193	306.3992464327664	29.167477698162486	1.1116973349485253	293	0:53
321.0000000008046	-81467.91642606532	7552.490784890708	292.40456355707	29.33284574673154	1.1054299846727567	293	0:52
322.0000000008094	-81356.71125887422	7766.970850360426	300.70843994985296	28.827589122876073	1.1248046822787088	293	0:52
323.00000000081417	-81247.58570794473	7572.818203049572	293.1915661505556	29.092055925574485	1.1145794338898196	293	0:52
324.00000000081894	-81251.97138494402	7549.344177700856	292.2827385422187	29.428705930935756	1.1018291901898365	293	0:51
325.0000000008237	-81103.45039458561	7605.840773304908	294.4700781697111	29.204587510864254	1.1102847185277094	293	0:51
326.0000000008285	-81040.35914430386	7860.2750584326295	304.32083445869125	29.146749780284523	1.1124879263948328	293	0:51
327.00000000083327	-80711.49004531818	7641.4534194587395	295.8488683665235	29.48722697929302	1.0996424739087218	293	0:51
328.00000000083804	-80874.01732861178	7678.516715604069	297.2838223760064	29.42316823335554	1.1020365640794167	293	0:50
329.0000000008428	-81084.7420199165	7960.6021428877175	308.2051288164854	29.262248365631557	1.108096917880765	293	0:50
330.0000000008476	-80907.49341583208	7596.047776801755	294.0909294954553	29.636339184327873	1.0941097354346925	293	0:50
331.00000000085237	-80862.24556265274	7531.054609273817	291.5746339677312	29.55740610228331	1.0970315565584396	293	0:49
332.00000000085714	-81063.57830985475	7882.831143721662	305.19412281644605	29.341414834674914	1.105107146568075	293	0:49
333.0000000008619	-80787.95600066858	7935.00536127577	307.21411592168243	29.41433160211782	1.102367637069923	293	0:49
334.0000000008667	-80727.94526136541	7674.341535885438	297.12217482976365	29.481125555159956	1.0998700563025994	293	0:48
335.00000000087147	-80995.6600581558	7587.4082261585745	293.75643798701117	29.21784721800558	1.1097808466954926	293	0:48
336.00000000087624	-81206.87671224939	7755.363389325164	300.25904190691705	29.039572033811947	1.1165938391400387	293	0:48
337.000000000881	-81451.14622564398	7580.8728672258	293.5034130140778	29.039190128471322	1.1166085238867063	293	0:48
338.0000000008858	-81327.97613882294	7801.863652649359	302.0593604494834	29.133348977721703	1.112999650298135	293	0:47
339.00000000089057	-80999.96450577292	7665.101341054505	296.7644285956171	29.0162865379572	1.1174899028447693	293	0:47
340.00000000089534	-81116.08483043069	7656.302351423642	296.42376419813075	29.13286364770914	1.1130181919746687	293	0:47
341.0000000009001	-81306.0061375261	7778.396702640055	301.1508067721702	29.290540637726746	1.1070265866807958	293	0:46
342.0000000009049	-81092.07954933582	7540.756135802438	291.9502412622298	29.014325399992227	1.1175654362870855	293	0:46
343.00000000090967	-81049.91474298	7408.4912706879295	286.82943393398864	29.386756819200652	1.1034020332257877	293	0:46
344.00000000091444	-81326.05427797494	7775.930839017898	301.05533763532986	29.016385355642928	1.1174860971410379	293	0:46
345.0000000009192	-81425.15367534859	7703.177133362304	298.23858271893295	29.071135424262415	1.1153815202262767	293	0:45
346.000000000924	-81188.24322612796	7567.971792855136	293.0039310381027	29.05129941297654	1.1161430944370805	293	0:45
347.00000000092876	-81560.01727846987	7726.080384120009	299.12531204209114	28.82890077910391	1.1247535059581852	293	0:45
348.00000000093354	-81538.01063372628	7574.352758916628	293.2509784889934	28.85106940779785	1.1238892661446325	293	0:44
349.0000000009383	-81621.07344411375	7793.945799793975	301.7528104152723	28.897299484131846	1.1220912612274823	293	0:44
350.0000000009431	-81237.25588585663	7673.9484955433745	297.1069577586073	28.77253437322168	1.1269569375993445	293	0:44
351.00000000094786	-80968.3670427055	7694.640759315747	297.908085827439	29.093695044199414	1.1145166392566086	293	0:43
352.00000000095264	-80979.2142547185	7505.675497445063	290.5920484434166	28.930916404234384	1.1207874223946785	293	0:43
353.0000000009574	-81335.51462640593	7693.153391965693	297.8505004541855	29.341236507348306	1.1051138630813007	293	0:43
354.0000000009622	-81258.3408465831	7557.960642457207	292.61633625034506	29.225271051750383	1.1094989390107208	293	0:43
355.00000000096696	-81015.6045153474	7730.241685452754	299.28642226846375	29.283498713661082	1.107292797943265	293	0:42
356.00000000097174	-80727.6926224007	7714.462374179513	298.6755055844854	29.51139720017619	1.0987418523181338	293	0:42
357.0000000009765	-81009.19328464282	7539.1809387528565	291.8892554472295	29.03452810858266	1.116787815629515	293	0:42
358.0000000009813	-81179.57624334836	7667.089416477542	296.84139953711826	29.324763922867398	1.1057346381203945	293	0:41
359.00000000098606	-80946.4169194882	7474.811592832515	289.3971119893459	29.548113616103578	1.0973765582973152	293	0:41
360.00000000099084	-81333.76785300163	7528.603979746217	291.47975463879624	29.388046499445167	1.1033536109598152	293	0:41
361.0000000009956	-81302.75794799344	7511.080558671849	290.80131246161034	29.41174504271058	1.1024645826737203	293	0:41
362.0000000010004	-81292.02552076595	7482.397474111091	289.6908093095591	28.994603865967335	1.1183255813429953	293	0:40
363.00000000100516	-81514.8754481491	7619.396140591579	294.99489195210515	28.81850901811968	1.125159084525513	293	0:40
364.00000000100994	-81634.17968486017	7641.722262968875	295.8592769948139	29.017806053948433	1.117431385540799	293	0:40
365.0000000010147	-81065.30923638734	7515.61260914373	290.97677672604885	28.94454632795495	1.1202596460425769	293	0:39
366.0000000010195	-81134.77984474166	7629.40565210105	295.38242328815153	28.84004787709629	1.1243187723682266	292	0:39
367.00000000102426	-81065.66684050404	7789.372655521937	301.5757551505874	29.169003594516376	1.1116391795540659	293	0:39
368.00000000102904	-80839.04220443955	7646.562139015374	296.04665912917915	29.306947241230205	1.106406851499033	293	0:38
369.0000000010338	-80881.56968168335	7505.346005692733	290.57929173906837	29.364128603536194	1.1042523230303838	293	0:38
370.0000000010386	-81302.63237165104	7659.254004998497	296.5380413286708	29.35488673780296	1.104599977299883	292	0:38
371.00000000104336	-81203.67555769827	7754.748739500313	300.2352449346472	29.070657204627718	1.115399868533279	292	0:38
372.00000000104814	-81342.23202111092	7745.248918640476	299.86744693905774	29.31171500069294	1.1062268865349991	292	0:37
373.0000000010529	-81263.0267657873	7471.278409986262	289.260320192103	29.088499684263063	1.1147156978247315	292	0:37
374.0000000010577	-81180.02629644508	7336.360510475075	284.0367971655633	29.210390151611925	1.1100641605921322	292	0:37
375.00000000106246	-81464.25955438017	7630.581449961921	295.4279458409267	29.259547631542826	1.1081991981742754	292	0:36
376.00000000106724	-81420.26479270394	7501.327258674612	290.423700689526	29.084762746730966	1.114858921373264	292	0:36
377.000000001072	-81691.87901646527	7443.962666713109	288.2027554472373	29.11286914613349	1.1137826045745214	292	0:36
378.0000000010768	-81393.41116694637	7727.140357241452	299.16635028851687	29.65890785995758	1.0932771826030467	292	0:36
379.00000000108156	-80992.76183202156	7284.52893338802	282.03006983437143	29.286302353874632	1.1071867944410483	292	0:35
380.00000000108633	-81303.20914667708	7761.379098285175	300.49194795116637	29.32488908377285	1.105729918759032	292	0:35
381.0000000010911	-81099.11227189167	7791.512424285611	301.65859909826975	29.160330672141228	1.1119698054451725	292	0:35
382.0000000010959	-81092.98118878543	7668.0424906878925	296.8782990523183	29.233012066937327	1.1092051393804563	292	0:34
383.00000000110066	-81095.33472158265	7911.789737558307	306.3152926706312	29.094720128045875	1.1144773718913104	292	0:34
384.00000000110543	-81296.37397816469	7327.232511912079	283.6833947567444	29.232370012941008	1.1092295017428704	292	0:34
385.0000000011102	-81293.71054239979	7822.110765783509	302.8432539288539	29.497949940969622	1.099242736837865	292	0:33
386.000000001115	-81081.97761080094	7672.31689795706	297.0437883230244	29.274117469480288	1.1076476432815734	292	0:33
387.00000000111976	-81129.98504702421	7599.275507567461	294.21589531570027	28.97129590048919	1.1192252958097835	292	0:33
388.00000000112453	-80936.88485155095	7592.884458295264	293.96845748011265	29.221939086628172	1.1096254471030467	292	0:33
389.0000000011293	-81150.47360622685	7856.545555222579	304.17644186166865	28.942129983753983	1.120353175195435	292	0:32
390.0000000011341	-81291.01246016071	7769.014158448868	300.7875492962701	29.236977083230137	1.109054712869631	292	0:32
391.00000000113886	-81108.12156664397	7571.289205882409	293.13236902445794	29.08612560896	1.1148066834391004	292	0:32
392.00000000114363	-81207.32697745113	7698.794247888418	298.0688935725819	29.424667549310854	1.1019804104796829	292	0:31
393.0000000011484	-81326.30350644901	7739.340993900638	299.6387139019336	29.258737681580893	1.1082298757075355	292	0:31
394.0000000011532	-81297.28818042285	7635.058710347379	295.60128883547367	29.383215694813742	1.1035350099526715	292	0:31
395.00000000115796	-81132.18958079242	7355.179663360961	284.76540529536334	29.265172124294022	1.107986212638754	292	0:31
396.00000000116273	-81014.93450512938	7231.856829548753	279.99080041009546	29.274166340332545	1.107645794153448	292	0:30
397.0000000011675	-81152.03190987086	7785.6090339068305	301.4300416148674	28.990316869864095	1.1184909557827054	292	0:30
398.0000000011723	-81051.61084619974	7778.074548057815	301.1383341359631	28.990868752911002	1.1184696636923621	292	0:30
399.00000000117706	-80955.65970657929	7762.639265487971	300.5407369734158	29.390918386206334	1.1032457985197084	292	0:29
400.00000000118183	-81383.13067982357	7511.212060519125	290.80640372770455	29.33410554600214	1.1053825102445283	292	0:29
401.0000000011866	-81521.12865263625	7454.94603783795	288.6279910326377	29.08798138657962	1.1147355601368045	292	0:29
402.0000000011914	-81598.50417374962	7747.425400549117	299.95171228418855	28.907905335318144	1.1216795837712303	292	0:28
403.00000000119616	-81494.93159068079	7476.696262712318	289.47007944992924	29.01755709125449	1.1174409727960999	292	0:28
404.00000000120093	-81480.77789851688	7736.342733397644	299.52263232318313	28.936664556241716	1.1205647824819374	292	0:28
405.0000000012057	-81360.8235971482	7681.397622805385	297.3953604681197	29.23883964856183	1.1089840641406128	292	0:28
406.0000000012105	-81402.15304551506	7436.312993376646	287.90658833402773	29.17520257154297	1.1114029849391691	292	0:27
407.00000000121526	-81314.62670199398	7741.43064664058	299.7196175421778	29.26262837868494	1.1080825278099975	292	0:27
408.00000000122003	-81001.60238424403	7621.894844504812	295.0916325437877	28.832337434332675	1.124619441558234	292	0:27
409.0000000012248	-81063.27290500904	7803.184620797692	302.11050345990043	29.147643315310354	1.1124538225423433	292	0:26
410.0000000012296	-80684.0828022548	7792.853019406067	301.7105019925954	29.209339592914933	1.11010408575218	292	0:26
411.00000000123435	-80905.38138191027	7802.810612766125	302.09602324954966	29.33918070650168	1.1051912985774746	292	0:26
412.00000000123913	-80881.17394053293	7645.549701704132	296.0074612938485	29.337774370680652	1.1052442770376891	292	0:25
413.0000000012439	-81073.19735623075	7631.920673884731	295.4797956475412	29.20538745465114	1.1102543075166027	292	0:25
414.0000000012487	-81178.53751277216	7560.708037841388	292.72270525775093	29.427822676703986	1.1018622607742836	292	0:25
415.00000000125345	-81107.49157492368	7569.53594483275	293.0644892286887	29.4743917385249	1.1001213362390008	292	0:25
416.00000000125823	-81172.3818816171	7526.014012302688	291.3794806601153	29.17138287457275	1.111548511897302	292	0:24
417.000000001263	-81177.05619527516	7606.570353366882	294.49832481650327	29.420263942624373	1.1021453542175577	292	0:24
418.0000000012678	-81045.16584690649	7539.657271124172	291.9076972782902	29.38108177268916	1.1036151587297387	292	0:24
419.00000000127255	-81138.20088863955	7456.194932165432	288.67634361076824	29.48138767805451	1.0998602772132993	292	0:23
420.00000000127733	-80836.61271996278	7611.382224270975	294.68462269513407	29.304861175360323	1.1064856110453523	292	0:23
421.0000000012821	-81230.2108533009	7893.4970274363495	305.60706646131393	29.356544885514552	1.1045375861046067	292	0:23
422.0000000012869	-81048.95743807813	7704.458642940212	298.2881980391624	29.47380241226557	1.1001433330747952	292	0:23
423.00000000129165	-81174.72070195503	7540.057406920005	291.923189059224	29.604369202353542	1.09529127280442	292	0:22
424.0000000012964	-80866.29686728047	7667.2963213447565	296.84941012979806	29.84031426760081	1.0866308891198155	292	0:22
425.0000000013012	-81161.94919264258	7821.63725094341	302.82492118220114	29.552436466354244	1.0972160370308026	292	0:22
426.000000001306	-81090.54243070298	7691.33358624412	297.780044294366	29.488642233737963	1.0995896985423042	292	0:21
427.00000000131075	-80873.67121336178	7623.090782732013	295.1379348572001	29.55240574047164	1.0972171778154627	292	0:21
428.0000000013155	-81096.18238956938	7476.419853877657	289.4593779202003	29.352390049979324	1.104693933577672	292	0:21
429.0000000013203	-81084.37517243769	7459.4185448423395	288.8011499938166	29.34980544649244	1.1047912151694657	292	0:20
430.0000000013251	-81178.09772251925	7594.459237961157	294.02942713555734	29.395678584555235	1.1030671440683935	292	0:20
431.00000000132985	-81118.62419189783	7534.60256685049	291.71199778799587	29.203272500069072	1.1103347141708548	292	0:20
432.0000000013346	-81172.20312358293	7585.626795643193	293.6874675735154	29.045537170372146	1.1163645221646399	292	0:20
433.0000000013394	-81106.72441113024	7855.100501463177	304.12049471444675	29.30096327323178	1.1066328066367828	292	0:19
434.0000000013442	-80935.319698445	7667.8750827968	296.87181763675284	29.338414068477483	1.1052201781778348	292	0:19
435.00000000134895	-81058.57511498008	7619.790761637948	295.0101702222972	29.176473238287624	1.1113545821455437	292	0:19
436.0000000013537	-81111.71670621674	7399.757977546872	286.4913130620723	29.07390969031863	1.1152750892328447	292	0:18
437.0000000013585	-81090.56315677677	7765.761127741793	300.66160395568875	29.283855412503783	1.107279310304633	292	0:18
438.0000000013633	-81090.07389260479	7759.858459529499	300.4330744319069	29.180268317528743	1.1112100434230643	292	0:18
439.00000000136805	-80985.96073555984	7712.2447978418495	298.5896492147608	29.170534545539038	1.1115808376290621	292	0:18
440.0000000013728	-81220.3139407569	7588.059365181731	293.7816476863414	28.986135004801383	1.118652321837551	292	0:17
441.0000000013776	-80875.00549285408	7381.14687236831	285.7707597715024	28.983348054990323	1.1187598880121377	292	0:17
442.0000000013824	-81108.77955674211	7913.82162490981	306.3939598482731	29.023418353049784	1.1172153062669998	292	0:17
443.00000000138715	-80734.29998254005	7503.642642913085	290.5133438201171	29.403113725904348	1.1027882123807444	292	0:16
444.0000000013919	-81049.50943774378	7753.269232370069	300.17796388008924	29.19256593264293	1.1107419368011058	292	0:16
445.0000000013967	-81159.9441262096	7520.475358869887	291.16504444485344	29.373099022168574	1.1039150891005938	292	0:16
446.0000000014015	-81384.08896698218	7559.251266002262	292.6663044297387	29.06593192938756	1.1155812001139922	292	0:15
447.00000000140625	-81298.90338586451	7712.046924618701	298.58198829399936	29.171816470395427	1.1115319903758552	292	0:15
448.000000001411	-81203.62551977782	7748.801389453154	300.00498549516016	29.11876810808463	1.1135569713615419	292	0:15
449.0000000014158	-81546.22792873293	7865.5227797802745	304.52400685757675	28.977169574633386	1.1189984287700405	292	0:15
450.0000000014206	-81278.31599663515	7530.688378259021	291.5604548547614	29.33065696836829	1.1055124765594928	292	0:14
451.00000000142535	-81311.26703380095	7624.638262805024	295.1978475731834	29.063483298520687	1.1156751890737133	292	0:14
452.0000000014301	-81308.35693452667	7652.004505940371	296.25736748629555	29.471207870093576	1.1002401858500694	292	0:14
453.0000000014349	-81211.0794948044	7757.579377675414	300.34483679563095	29.162690619245723	1.111879820952421	292	0:13
454.0000000014397	-81217.12593566618	7627.228680071756	295.2981389673582	29.306626755516582	1.106418950728068	292	0:13
455.00000000144445	-81015.95994375646	7627.100904491179	295.2931919685554	29.341469733656766	1.1051050788714758	292	0:13
456.0000000014492	-81116.61857056743	7742.820050664377	299.77341013706524	29.2634253191732	1.1080523510340012	292	0:13
457.000000001454	-81013.68741189499	7476.266222775814	289.45342989105825	29.00239582121327	1.1180251253760496	292	0:12
458.0000000014588	-81456.42552572023	7654.555313259661	296.35612532952354	29.202202572747147	1.1103753952614066	292	0:12
459.00000000146355	-81261.49359018626	7574.169876025678	293.2438979385587	29.407623776148323	1.1026190851406734	292	0:12
460.0000000014683	-81674.17306926401	7878.134664425644	305.0122924749176	28.833300358091794	1.1245818834997812	292	0:11
461.0000000014731	-81107.99406317063	7622.590451247528	295.11856386906896	29.243708659844355	1.1087994208047331	292	0:11
462.0000000014779	-81435.83734993389	7754.245186437691	300.21574921890294	28.81063865637025	1.1254664504651055	292	0:11
463.00000000148265	-81376.11615184363	7406.163432653216	286.73930863837967	28.92910932970632	1.1208574330672956	292	0:10
464.0000000014874	-81495.99264707067	7543.431853934373	292.05383519102156	29.140718274840477	1.1127181876025767	292	0:10
465.0000000014922	-81248.31517914901	7530.203748384645	291.54169177501194	29.334256543631998	1.1053768203052285	292	0:10
466.00000000149697	-81363.6628650077	7658.02776222015	296.4905657349058	29.11328346187122	1.113766754158264	292	0:10
467.00000000150175	-81300.87252643664	7782.280738871426	301.30118231732763	29.41319482544873	1.1024102419558597	292	0:09
468.0000000015065	-81121.83907519828	7700.16266657871	298.12187369282236	29.365498155777598	1.1042008227549223	292	0:09
469.0000000015113	-81047.60386233014	7467.570417757522	289.11676042087	29.330741339528586	1.1055092965045026	292	0:09
470.00000000151607	-81443.50500813441	7617.68213101218	294.92853182836967	29.12299318690323	1.113395419767487	292	0:08
471.00000000152085	-81252.73705052945	7325.996956802943	283.6355586239073	29.35732222855496	1.1045083394110988	292	0:08
472.0000000015256	-81340.63445227608	7488.679704341688	289.9340340735559	29.017624874532437	1.1174383625269142	292	0:08
473.0000000015304	-81350.38799709134	7608.276948792044	294.56439789155564	29.120853179121784	1.1134772399960178	292	0:07
474.00000000153517	-81212.27278137437	7767.589826805576	300.73240443288927	29.19274990774576	1.110734936814373	292	0:07
475.00000000153995	-81073.62010599038	7616.476361617303	294.88184888843614	28.913762038494916	1.1214523790106443	292	0:07
476.0000000015447	-81250.58181586672	7832.648622230607	303.2512408305268	28.98589340476898	1.1186616459054148	292	0:07
477.0000000015495	-80982.62911775909	7635.203616705433	295.60689907474307	29.148998510530884	1.1124021023399209	292	0:06
478.00000000155427	-81283.5607215041	7925.386121078831	306.84169445019074	28.995196693182503	1.118302716388946	292	0:06
479.00000000155904	-80957.57176510885	7556.563661492071	292.56225030425895	28.835509431297876	1.124495729873371	292	0:06
480.0000000015638	-81174.83913643609	7872.364276842647	304.7888843687949	28.922764520112718	1.1211033164436734	292	0:05
481.0000000015686	-81034.85936175211	7767.5576652341215	300.73115925556533	29.03604834575104	1.1167293440935022	292	0:05
482.00000000157337	-81395.11069958578	7800.2169921939985	301.9956078352148	28.975391725785016	1.1190670873782396	292	0:05
483.00000000157814	-81386.45837283111	7636.101505948398	295.64166203171845	29.120850283324813	1.1134773507209448	292	0:05
484.0000000015829	-81501.1444465114	7742.453355576715	299.75921305690713	28.981794572799817	1.1188198557811146	292	0:04
485.0000000015877	-81649.78894641492	7667.363350053427	296.85200523396475	28.990010778612398	1.1185027653780617	292	0:04
486.00000000159247	-81497.19410748698	7514.6676484591935	290.94019133661766	29.14964042087021	1.1123776059001478	292	0:04
487.00000000159724	-81487.19434899933	7694.055209208907	297.88541548883046	29.384205975265278	1.1034978195943936	292	0:03
488.000000001602	-81261.55410795897	7682.941271196982	297.4551248355431	29.434858915873843	1.1015988667345429	292	0:03
489.0000000016068	-81425.43384751506	7584.693704885635	293.6513417438396	29.100048163722636	1.1142733180985138	292	0:03
490.00000000161157	-81451.12596340125	7625.514045448531	295.23175464423315	29.481052897185663	1.0998727670039623	292	0:02
491.00000000161634	-81485.29793097705	7637.996362640977	295.7150238880884	29.56217042506581	1.0968547558579878	292	0:02
492.0000000016211	-81529.25834402934	7792.373782696739	301.69194771628804	29.20244083090677	1.1103663358817577	292	0:02
493.0000000016259	-81099.9484731449	7598.780112654007	294.1967154533763	29.621247333711512	1.0946671778846697	292	0:02
494.00000000163067	-81445.72995273833	7895.028178973215	305.6663469966537	29.083811908476843	1.11489536950165	292	0:01
495.00000000163544	-81039.12225533024	7494.158297395861	290.1461449726671	29.316394746310387	1.1060503006870817	292	0:01
496.0000000016402	-81006.39671056677	7669.760915725169	296.94483012628336	29.568766328586474	1.0966100805115284	292	0:01
497.000000001645	-81119.95701009812	7486.922421934973	289.86599858568616	29.738411626116328	1.0903543750716573	292	0:00
498.00000000164977	-81051.11597359064	7540.667639153666	291.9468149986702	29.535766096256484	1.0978353200165525	292	0:00
499.00000000165454	-80995.18309737142	7535.661127697029	291.7529813563505	29.13514800552997	1.1129309251514117	292	0:00
500.0000000016593	-81070.86246314057	7854.432873645075	304.09464662984385	29.079252260739782	1.1150701859000576	292	0:00
