    -44.945         0.00000     0.00000     0.00000     0.00000
    -44.795         0.00000     0.00000     0.00000     0.00000
    -44.645         0.00000     0.00000     0.00000     0.00000
    -44.495         0.00000     0.00000     0.00000     0.00000
    -44.345         0.00000     0.00000     0.00000     0.00000
    -44.195         0.00000     0.00000     0.00000     0.00000
    -44.045         0.00000     0.00000     0.00000     0.00000
    -43.895         0.00000     0.00000     0.00000     0.00000
    -43.745         0.00000     0.00000     0.00000     0.00000
    -43.595         0.00000     0.00000     0.00000     0.00000
    -43.445         0.00000     0.00000     0.00000     0.00000
    -43.295         0.00000     0.00000     0.00000     0.00000
    -43.145         0.00000     0.00000     0.00000     0.00000
    -42.995         0.00000     0.00000     0.00000     0.00000
    -42.845         0.00000     0.00000     0.00000     0.00000
    -42.695         0.00000     0.00000     0.00000     0.00000
    -42.545         0.00000     0.00000     0.00000     0.00000
    -42.395         0.00000     0.00000     0.00000     0.00000
    -42.245         0.00000     0.00000     0.00000     0.00000
    -42.095         0.00000     0.00000     0.00000     0.00000
    -41.945         0.00000     0.00000     0.00000     0.00000
    -41.795         0.00000     0.00000     0.00000     0.00000
    -41.645         0.00000     0.00000     0.00000     0.00000
    -41.495         0.00000     0.00000     0.00000     0.00000
    -41.345         0.00000     0.00000     0.00000     0.00000
    -41.195         0.00000     0.00000     0.00000     0.00000
    -41.045         0.00000     0.00000     0.00000     0.00000
    -40.895         0.00000     0.00000     0.00000     0.00000
    -40.745         0.00000     0.00000     0.00000     0.00000
    -40.595         0.00000     0.00000     0.00000     0.00000
    -40.445         0.00000     0.00000     0.00000     0.00000
    -40.295         0.00000     0.00000     0.00000     0.00000
    -40.145         0.00000     0.00000     0.00000     0.00000
    -39.995         0.00000     0.00000     0.00000     0.00000
    -39.845         0.00000     0.00000     0.00000     0.00000
    -39.695         0.00000     0.00000     0.00000     0.00000
    -39.545         0.00000     0.00000     0.00000     0.00000
    -39.395         0.00000     0.00000     0.00000     0.00000
    -39.245         0.00000     0.00000     0.00000     0.00000
    -39.095         0.00000     0.00000     0.00000     0.00000
    -38.945         0.00000     0.00000     0.00000     0.00000
    -38.795         0.00000     0.00000     0.00000     0.00000
    -38.645         0.00000     0.00000     0.00000     0.00000
    -38.495         0.00000     0.00000     0.00000     0.00000
    -38.345         0.00000     0.00000     0.00000     0.00000
    -38.195         0.00000     0.00000     0.00000     0.00000
    -38.045         0.00000     0.00000     0.00000     0.00000
    -37.895         0.00000     0.00000     0.00000     0.00000
    -37.745         0.00000     0.00000     0.00000     0.00000
    -37.595         0.00000     0.00000     0.00000     0.00000
    -37.445         0.00000     0.00000     0.00000     0.00000
    -37.295         0.00000     0.00000     0.00000     0.00000
    -37.145         0.00000     0.00000     0.00000     0.00000
    -36.995         0.00000     0.00000     0.00000     0.00000
    -36.845         0.00000     0.00000     0.00000     0.00000
    -36.695         0.00000     0.00000     0.00000     0.00000
    -36.545         0.00000     0.00000     0.00000     0.00000
    -36.395         0.00000     0.00000     0.00000     0.00000
    -36.245         0.00000     0.00000     0.00000     0.00000
    -36.095         0.00000     0.00000     0.00000     0.00000
    -35.945         0.00000     0.00000     0.00000     0.00000
    -35.795         0.00000     0.00000     0.00000     0.00000
    -35.645         0.00000     0.00000     0.00000     0.00000
    -35.495         0.00000     0.00000     0.00000     0.00000
    -35.345         0.00000     0.00000     0.00000     0.00000
    -35.195         0.00000     0.00000     0.00000     0.00000
    -35.045         0.00000     0.00000     0.00000     0.00000
    -34.895         0.00000     0.00000     0.00000     0.00000
    -34.745         0.00000     0.00000     0.00000     0.00000
    -34.595         0.00000     0.00000     0.00000     0.00000
    -34.445         0.00000     0.00000     0.00000     0.00000
    -34.295         0.00000     0.00000     0.00000     0.00000
    -34.145         0.00000     0.00000     0.00000     0.00000
    -33.995         0.00000     0.00000     0.00000     0.00000
    -33.845         0.00000     0.00000     0.00000     0.00000
    -33.695         0.00000     0.00000     0.00000     0.00000
    -33.545         0.00000     0.00000     0.00000     0.00000
    -33.395         0.00000     0.00000     0.00000     0.00000
    -33.245         0.00000     0.00000     0.00000     0.00000
    -33.095         0.00000     0.00000     0.00000     0.00000
    -32.945         0.00000     0.00000     0.00000     0.00000
    -32.795         0.00000     0.00000     0.00000     0.00000
    -32.645         0.00000     0.00000     0.00000     0.00000
    -32.495         0.00000     0.00000     0.00000     0.00000
    -32.345         0.00000     0.00000     0.00000     0.00000
    -32.195         0.00000     0.00000     0.00000     0.00000
    -32.045         0.00000     0.00000     0.00000     0.00000
    -31.895         0.00000     0.00000     0.00000     0.00000
    -31.745         0.00000     0.00000     0.00000     0.00000
    -31.595         0.00000     0.00000     0.00000     0.00000
    -31.445         0.00000     0.00000     0.00000     0.00000
    -31.295         0.00000     0.00000     0.00000     0.00000
    -31.145         0.00000     0.00000     0.00000     0.00000
    -30.995         0.00000     0.00000     0.00000     0.00000
    -30.845         0.00000     0.00000     0.00000     0.00000
    -30.695         0.00000     0.00000     0.00000     0.00000
    -30.545         0.00000     0.00000     0.00000     0.00000
    -30.395         0.00000     0.00000     0.00000     0.00000
    -30.245         0.00000     0.00000     0.00000     0.00000
    -30.095         0.00000     0.00000     0.00000     0.00000
    -29.945         0.00000     0.00000     0.00000     0.00000
    -29.795         0.00000     0.00000     0.00000     0.00000
    -29.645         0.00000     0.00000     0.00000     0.00000
    -29.495         0.00000     0.00000     0.00000     0.00000
    -29.345         0.00000     0.00000     0.00000     0.00000
    -29.195         0.00000     0.00000     0.00000     0.00000
    -29.045         0.00000     0.00000     0.00000     0.00000
    -28.895         0.00000     0.00000     0.00000     0.00000
    -28.745         0.00000     0.00000     0.00000     0.00000
    -28.595         0.00000     0.00000     0.00000     0.00000
    -28.445         0.00000     0.00000     0.00000     0.00000
    -28.295         0.00000     0.00000     0.00000     0.00000
    -28.145         0.00000     0.00000     0.00000     0.00000
    -27.995         0.00000     0.00000     0.00000     0.00000
    -27.845         0.00000     0.00000     0.00000     0.00000
    -27.695         0.00000     0.00000     0.00000     0.00000
    -27.545         0.00000     0.00000     0.00000     0.00000
    -27.395         0.00000     0.00000     0.00000     0.00000
    -27.245         0.00000     0.00000     0.00000     0.00000
    -27.095         0.00000     0.00000     0.00000     0.00000
    -26.945         0.00000     0.00000     0.00000     0.00000
    -26.795         0.00000     0.00000     0.00000     0.00000
    -26.645         0.00000     0.00000     0.00000     0.00000
    -26.495         0.00000     0.00000     0.00000     0.00000
    -26.345         0.00000     0.00000     0.00000     0.00000
    -26.195         0.00000     0.00000     0.00000     0.00000
    -26.045         0.00000     0.00000     0.00000     0.00000
    -25.895         0.00000     0.00000     0.00000     0.00000
    -25.745         0.00000     0.00000     0.00000     0.00000
    -25.595         0.00000     0.00000     0.00000     0.00000
    -25.445         0.00000     0.00000     0.00000     0.00000
    -25.295         0.00000     0.00000     0.00000     0.00000
    -25.145         0.00000     0.00000     0.00000     0.00000
    -24.995        -0.00000     0.00000    -0.00000     0.00000
    -24.845        -0.00000     0.00000    -0.00000     0.00000
    -24.695        -0.00000     0.00000    -0.00000     0.00000
    -24.545        -0.00000     0.00000    -0.00000     0.00000
    -24.395        -0.00107     0.00000    -0.00107     0.00000
    -24.245        -0.00163     0.00000    -0.00163     0.00000
    -24.095        -0.00163     0.00000    -0.00163     0.00000
    -23.945        -0.00332     0.00000    -0.00332     0.00000
    -23.795        -0.00668     0.00000    -0.00668     0.00000
    -23.645        -0.01002     0.00000    -0.01002     0.00000
    -23.495        -0.01454     0.00000    -0.01454     0.00000
    -23.345        -0.01911     0.00000    -0.01911     0.00000
    -23.195        -0.02912     0.00000    -0.02912     0.00000
    -23.045        -0.03544     0.00000    -0.03544     0.00000
    -22.895        -0.04881     0.00000    -0.04881     0.00000
    -22.745        -0.06335     0.00000    -0.06335     0.00000
    -22.595        -0.07792     0.00000    -0.07792     0.00000
    -22.445        -0.09571     0.00000    -0.09571     0.00000
    -22.295        -0.11673     0.00000    -0.11673     0.00000
    -22.145        -0.13362     0.00000    -0.13362     0.00000
    -21.995        -0.15411     0.00000    -0.15411     0.00000
    -21.845        -0.17266     0.00000    -0.17266     0.00000
    -21.695        -0.18548     0.00000    -0.18548     0.00000
    -21.545        -0.20136     0.00000    -0.20136     0.00000
    -21.395        -0.22488     0.00000    -0.22488     0.00000
    -21.245        -0.23976     0.00000    -0.23976     0.00000
    -21.095        -0.25565     0.00000    -0.25565     0.00000
    -20.945        -0.27246     0.00000    -0.27246     0.00000
    -20.795        -0.29271     0.00000    -0.29271     0.00000
    -20.645        -0.30746     0.00000    -0.30746     0.00000
    -20.495        -0.32999     0.00000    -0.32999     0.00000
    -20.345        -0.34707     0.00000    -0.34707     0.00000
    -20.195        -0.36315     0.00000    -0.36315     0.00000
    -20.045        -0.37435     0.00000    -0.37435     0.00000
    -19.895        -0.38451     0.00000    -0.38451     0.00000
    -19.745        -0.39227     0.00000    -0.39227     0.00000
    -19.595        -0.40431     0.00000    -0.40431     0.00000
    -19.445        -0.41350     0.00000    -0.41350     0.00000
    -19.295        -0.42122     0.00000    -0.42122     0.00000
    -19.145        -0.43085     0.00000    -0.43085     0.00000
    -18.995        -0.43813     0.00000    -0.43813     0.00000
    -18.845        -0.44539     0.00000    -0.44539     0.00000
    -18.695        -0.45218     0.00000    -0.45218     0.00000
    -18.545        -0.45899     0.00000    -0.45899     0.00000
    -18.395        -0.46850     0.00000    -0.46850     0.00000
    -18.245        -0.47484     0.00000    -0.47484     0.00000
    -18.095        -0.48209     0.00000    -0.48209     0.00000
    -17.945        -0.48753     0.00000    -0.48753     0.00000
    -17.795        -0.49208     0.00000    -0.49208     0.00000
    -17.645        -0.49665     0.00000    -0.49665     0.00000
    -17.495        -0.50389     0.00000    -0.50389     0.00000
    -17.345        -0.51028     0.00000    -0.51028     0.00000
    -17.195        -0.51332     0.00000    -0.51332     0.00000
    -17.045        -0.51883     0.00000    -0.51883     0.00000
    -16.895        -0.52258    -0.00000    -0.52258     0.00000
    -16.745        -0.52683    -0.00000    -0.52683     0.00000
    -16.595        -0.53191    -0.00032    -0.53158     0.00000
    -16.445        -0.53669    -0.00032    -0.53636     0.00000
    -16.295        -0.54191    -0.00032    -0.54159     0.00000
    -16.145        -0.54501    -0.00032    -0.54468     0.00000
    -15.995        -0.54813    -0.00032    -0.54780     0.00000
    -15.845        -0.55384    -0.00032    -0.55352     0.00000
    -15.695        -0.55829    -0.00032    -0.55797     0.00000
    -15.545        -0.56218    -0.00032    -0.56186     0.00000
    -15.395        -0.56713    -0.00031    -0.56682     0.00000
    -15.245        -0.56972    -0.00087    -0.56884     0.00000
    -15.095        -0.57286    -0.00086    -0.57201     0.00000
    -14.945        -0.57804    -0.00204    -0.57600     0.00000
    -14.795        -0.58686    -0.00413    -0.58273     0.00000
    -14.645        -0.59323    -0.00645    -0.58678     0.00000
    -14.495        -0.60263    -0.01114    -0.59149     0.00000
    -14.345        -0.61080    -0.01319    -0.59761     0.00000
    -14.195        -0.61837    -0.01666    -0.60171     0.00000
    -14.045        -0.63115    -0.02315    -0.60799     0.00000
    -13.895        -0.64292    -0.02817    -0.61475     0.00000
    -13.745        -0.65574    -0.03377    -0.62196     0.00000
    -13.595        -0.67199    -0.04099    -0.63100     0.00000
    -13.445        -0.68896    -0.04983    -0.63914     0.00000
    -13.295        -0.70526    -0.05793    -0.64733     0.00000
    -13.145        -0.72457    -0.06629    -0.65828     0.00000
    -12.995        -0.74362    -0.07628    -0.66734     0.00000
    -12.845        -0.76671    -0.08788    -0.67883     0.00000
    -12.695        -0.78921    -0.09951    -0.68970     0.00000
    -12.545        -0.81497    -0.11398    -0.70099     0.00000
    -12.395        -0.83839    -0.12698    -0.71141     0.00000
    -12.245        -0.86568    -0.14285    -0.72284     0.00000
    -12.095        -0.89454    -0.16008    -0.73445     0.00000
    -11.945        -0.92477    -0.17949    -0.74528     0.00000
    -11.795        -0.96118    -0.20440    -0.75678     0.00000
    -11.645        -0.99404    -0.22418    -0.76985     0.00000
    -11.495        -1.03419    -0.24997    -0.78423     0.00000
    -11.345        -1.07451    -0.27724    -0.79726     0.00000
    -11.195        -1.11463    -0.30477    -0.80985     0.00000
    -11.045        -1.16673    -0.34309    -0.82364     0.00000
    -10.895        -1.21247    -0.37549    -0.83698     0.00000
    -10.745        -1.26250    -0.41145    -0.85106     0.00000
    -10.595        -1.31449    -0.44792    -0.86657     0.00000
    -10.445        -1.37107    -0.48593    -0.88515     0.00000
    -10.295        -1.42966    -0.52564    -0.90402     0.00000
    -10.145        -1.48549    -0.56458    -0.92092     0.00000
    -9.9950        -1.54156    -0.60506    -0.93650     0.00000
    -9.8450        -1.59414    -0.64164    -0.95250     0.00000
    -9.6950        -1.65529    -0.68146    -0.97383     0.00000
    -9.5450        -1.72204    -0.72753    -0.99451     0.00000
    -9.3950        -1.78394    -0.76949    -1.01445     0.00000
    -9.2450        -1.85646    -0.81911    -1.03735     0.00000
    -9.0950        -1.92312    -0.86385    -1.05926     0.00000
    -8.9450        -1.99147    -0.90877    -1.08270     0.00000
    -8.7950        -2.05987    -0.95267    -1.10720     0.00000
    -8.6450        -2.13553    -1.00299    -1.13254     0.00000
    -8.4950        -2.20387    -1.04683    -1.15704     0.00000
    -8.3450        -2.27871    -1.09460    -1.18411     0.00000
    -8.1950        -2.35701    -1.14337    -1.21363     0.00000
    -8.0450        -2.43322    -1.19161    -1.24146    -0.00015
    -7.8950        -2.51194    -1.23838    -1.27295    -0.00061
    -7.7450        -2.59298    -1.28788    -1.30345    -0.00165
    -7.5950        -2.67919    -1.33937    -1.33527    -0.00455
    -7.4450        -2.76804    -1.38686    -1.37073    -0.01045
    -7.2950        -2.86755    -1.44005    -1.40555    -0.02195
    -7.1450        -2.97773    -1.49066    -1.44535    -0.04171
    -6.9950        -3.09593    -1.54323    -1.48030    -0.07240
    -6.8450        -3.22557    -1.59606    -1.51595    -0.11355
    -6.6950        -3.37078    -1.65110    -1.55450    -0.16517
    -6.5450        -3.53267    -1.70535    -1.59412    -0.23319
    -6.3950        -3.71000    -1.76099    -1.63178    -0.31722
    -6.2450        -3.91222    -1.81376    -1.67547    -0.42299
    -6.0950        -4.13453    -1.86728    -1.71694    -0.55030
    -5.9450        -4.40591    -1.92370    -1.76169    -0.72052
    -5.7950        -4.72888    -1.98047    -1.80668    -0.94173
    -5.6450        -5.14222    -2.04177    -1.85143    -1.24902
    -5.4950        -5.61477    -2.10169    -1.90019    -1.61290
    -5.3450        -6.14046    -2.16092    -1.95187    -2.02766
    -5.1950        -6.72685    -2.22309    -2.00893    -2.49483
    -5.0450        -7.34965    -2.28970    -2.06454    -2.99540
    -4.8950        -7.99492    -2.35937    -2.11922    -3.51633
    -4.7450        -8.68490    -2.42886    -2.18310    -4.07294
    -4.5950        -9.38899    -2.50525    -2.25288    -4.63086
    -4.4450       -10.11343    -2.58534    -2.32412    -5.20396
    -4.2950       -10.85308    -2.66532    -2.40527    -5.78250
    -4.1450       -11.61661    -2.74819    -2.48968    -6.37875
    -3.9950       -12.38814    -2.84011    -2.57531    -6.97273
    -3.8450       -13.17705    -2.93305    -2.66773    -7.57626
    -3.6950       -13.97935    -3.02886    -2.76854    -8.18195
    -3.5450       -14.80528    -3.13398    -2.87457    -8.79673
    -3.3950       -15.66764    -3.24211    -2.98604    -9.43950
    -3.2450       -16.56080    -3.35311    -3.10595   -10.10174
    -3.0950       -17.50186    -3.46978    -3.23020   -10.80188
    -2.9450       -18.48243    -3.59168    -3.36023   -11.53053
    -2.7950       -19.50857    -3.71781    -3.49919   -12.29157
    -2.6450       -20.60627    -3.85012    -3.64859   -13.10756
    -2.4950       -21.77614    -3.98926    -3.81002   -13.97686
    -2.3450       -23.03448    -4.13244    -3.98252   -14.91953
    -2.1950       -24.39658    -4.28704    -4.17328   -15.93625
    -2.0450       -25.85434    -4.44889    -4.37765   -17.02779
    -1.8950       -27.41853    -4.62226    -4.59854   -18.19774
    -1.7450       -29.10612    -4.81124    -4.83742   -19.45746
    -1.5950       -30.94423    -5.01704    -5.10092   -20.82627
    -1.4450       -32.93195    -5.23346    -5.38899   -22.30950
    -1.2950       -35.10845    -5.47084    -5.70143   -23.93618
    -1.1450       -37.51741    -5.73013    -6.04845   -25.73882
   -0.99500       -40.24894    -6.01638    -6.44007   -27.79249
   -0.84500       -43.40591    -6.34316    -6.90802   -30.15473
   -0.69500       -47.10629    -6.72385    -7.45178   -32.93066
   -0.54500       -51.48970    -7.13637    -8.02636   -36.32697
   -0.39500       -56.99212    -7.54874    -8.56094   -40.88244
   -0.25300       -61.65374    -7.77427    -8.83409   -45.04538
   -0.21500       -61.99479    -7.78672    -8.84854   -45.35953
   -0.20900       -62.34453    -7.79897    -8.86246   -45.68310
   -0.20300       -62.70309    -7.81108    -8.87600   -46.01602
   -0.19700       -63.07077    -7.82279    -8.88938   -46.35860
   -0.19100       -63.45091    -7.83461    -8.90247   -46.71383
   -0.18500       -63.83942    -7.84571    -8.91471   -47.07900
   -0.17900       -64.24126    -7.85661    -8.92698   -47.45767
   -0.17300       -64.65451    -7.86721    -8.93879   -47.84851
   -0.16700       -65.08353    -7.87737    -8.95031   -48.25585
   -0.16100       -65.52324    -7.88750    -8.96122   -48.67453
   -0.15500       -65.97781    -7.89730    -8.97215   -49.10836
   -0.14900       -66.44793    -7.90653    -8.98270   -49.55870
   -0.14300       -66.93420    -7.91560    -8.99265   -50.02595
   -0.13700       -67.43778    -7.92427    -9.00225   -50.51126
   -0.13100       -67.96114    -7.93250    -9.01129   -51.01735
   -0.12500       -68.50279    -7.94055    -9.01976   -51.54248
   -0.11900       -69.06391    -7.94803    -9.02806   -52.08781
   -0.11300       -69.64574    -7.95523    -9.03580   -52.65471
   -0.10700       -70.25180    -7.96215    -9.04323   -53.24642
   -0.10100       -70.88185    -7.96863    -9.05031   -53.86292
   -0.95000E-01   -71.53821    -7.97479    -9.05689   -54.50653
   -0.89000E-01   -72.22059    -7.98054    -9.06314   -55.17692
   -0.83000E-01   -72.93235    -7.98594    -9.06909   -55.87731
   -0.77000E-01   -73.67591    -7.99096    -9.07444   -56.61051
   -0.71000E-01   -74.45464    -7.99560    -9.07941   -57.37963
   -0.65000E-01   -75.27276    -7.99998    -9.08388   -58.18891
   -0.59000E-01   -76.13763    -8.00389    -9.08787   -59.04586
   -0.53000E-01   -77.05490    -8.00741    -9.09149   -59.95600
   -0.47000E-01   -78.02664    -8.01047    -9.09466   -60.92151
   -0.41000E-01   -79.04178    -8.01314    -9.09752   -61.93112
   -0.35000E-01   -80.08223    -8.01540    -9.09992   -62.96691
   -0.29000E-01   -81.11507    -8.01730    -9.10194   -63.99583
   -0.23000E-01   -82.05284    -8.01880    -9.10352   -64.93052
   -0.19700E-01   -82.13759    -8.01892    -9.10366   -65.01501
   -0.19100E-01   -82.22079    -8.01905    -9.10380   -65.09794
   -0.18500E-01   -82.30176    -8.01917    -9.10393   -65.17866
   -0.17900E-01   -82.38069    -8.01929    -9.10405   -65.25735
   -0.17300E-01   -82.45760    -8.01940    -9.10417   -65.33402
   -0.16700E-01   -82.53235    -8.01951    -9.10429   -65.40855
   -0.16100E-01   -82.60500    -8.01962    -9.10440   -65.48098
   -0.15500E-01   -82.67538    -8.01972    -9.10451   -65.55116
   -0.14900E-01   -82.74333    -8.01981    -9.10460   -65.61892
   -0.14300E-01   -82.80904    -8.01991    -9.10470   -65.68442
   -0.13700E-01   -82.87229    -8.02000    -9.10479   -65.74750
   -0.13100E-01   -82.93308    -8.02008    -9.10488   -65.80811
   -0.12500E-01   -82.99142    -8.02016    -9.10498   -65.86628
   -0.11900E-01   -83.04743    -8.02024    -9.10506   -65.92214
   -0.11300E-01   -83.10073    -8.02032    -9.10514   -65.97527
   -0.10700E-01   -83.15129    -8.02039    -9.10522   -66.02569
   -0.10100E-01   -83.19916    -8.02045    -9.10529   -66.07342
   -0.95000E-02   -83.24453    -8.02052    -9.10536   -66.11865
   -0.89000E-02   -83.28709    -8.02058    -9.10542   -66.16109
   -0.83000E-02   -83.32706    -8.02063    -9.10547   -66.20096
   -0.77000E-02   -83.36412    -8.02068    -9.10553   -66.23791
   -0.71000E-02   -83.39853    -8.02073    -9.10558   -66.27222
   -0.65000E-02   -83.43007    -8.02078    -9.10562   -66.30367
   -0.59000E-02   -83.45880    -8.02082    -9.10566   -66.33232
   -0.53000E-02   -83.48457    -8.02085    -9.10570   -66.35802
   -0.47000E-02   -83.50750    -8.02088    -9.10573   -66.38088
   -0.41000E-02   -83.52751    -8.02091    -9.10576   -66.40084
   -0.35000E-02   -83.54464    -8.02093    -9.10578   -66.41793
   -0.29000E-02   -83.55885    -8.02095    -9.10580   -66.43209
   -0.23000E-02   -83.57016    -8.02097    -9.10582   -66.44337
   -0.17000E-02   -83.57851    -8.02098    -9.10583   -66.45170
   -0.11000E-02   -83.58391    -8.02099    -9.10584   -66.45709
   -0.50000E-03   -83.58636    -8.02099    -9.10584   -66.45953
    0.10000E-03   -83.58587    -8.02099    -9.10584   -66.45904
    0.70000E-03   -83.58244    -8.02099    -9.10583   -66.45562
    0.13000E-02   -83.57606    -8.02098    -9.10583   -66.44926
    0.19000E-02   -83.56676    -8.02097    -9.10582   -66.43998
    0.25000E-02   -83.55452    -8.02095    -9.10580   -66.42778
    0.31000E-02   -83.53939    -8.02093    -9.10578   -66.41269
    0.37000E-02   -83.52131    -8.02091    -9.10575   -66.39465
    0.43000E-02   -83.50032    -8.02088    -9.10572   -66.37372
    0.49000E-02   -83.47643    -8.02085    -9.10569   -66.34990
    0.55000E-02   -83.44976    -8.02081    -9.10565   -66.32329
    0.61000E-02   -83.42016    -8.02077    -9.10561   -66.29378
    0.67000E-02   -83.38775    -8.02073    -9.10557   -66.26145
    0.73000E-02   -83.35253    -8.02069    -9.10552   -66.22632
    0.79000E-02   -83.31457    -8.02063    -9.10547   -66.18847
    0.85000E-02   -83.27379    -8.02058    -9.10541   -66.14781
    0.91000E-02   -83.23033    -8.02051    -9.10534   -66.10448
    0.97000E-02   -83.18413    -8.02045    -9.10528   -66.05840
    0.10300E-01   -83.13533    -8.02038    -9.10521   -66.00975
    0.10900E-01   -83.08397    -8.02031    -9.10514   -65.95853
    0.11500E-01   -83.03010    -8.02024    -9.10506   -65.90481
    0.12100E-01   -82.97366    -8.02016    -9.10498   -65.84852
    0.12700E-01   -82.91452    -8.02007    -9.10489   -65.78956
    0.13300E-01   -82.85284    -8.01999    -9.10480   -65.72804
    0.13900E-01   -82.78892    -8.01990    -9.10471   -65.66431
    0.14500E-01   -82.72264    -8.01980    -9.10460   -65.59823
    0.15100E-01   -82.65409    -8.01970    -9.10450   -65.52989
    0.15700E-01   -82.58314    -8.01960    -9.10440   -65.45915
    0.16300E-01   -82.50978    -8.01950    -9.10429   -65.38598
    0.16900E-01   -82.43429    -8.01940    -9.10418   -65.31071
    0.17500E-01   -82.35694    -8.01929    -9.10406   -65.23359
    0.18100E-01   -82.27744    -8.01918    -9.10393   -65.15433
    0.18700E-01   -82.19590    -8.01905    -9.10381   -65.07304
    0.19300E-01   -82.11274    -8.01894    -9.10367   -64.99013
    0.20200E-01   -81.77124    -8.01842    -9.10314   -64.64969
    0.25000E-01   -80.79466    -8.01685    -9.10144   -63.67636
    0.31000E-01   -79.75684    -8.01487    -9.09939   -62.64258
    0.37000E-01   -78.72309    -8.01251    -9.09688   -61.61371
    0.43000E-01   -77.72112    -8.00974    -9.09402   -60.61737
    0.49000E-01   -76.76824    -8.00655    -9.09080   -59.67089
    0.55000E-01   -75.86828    -8.00297    -9.08721   -58.77810
    0.61000E-01   -75.02121    -7.99913    -9.08325   -57.93883
    0.67000E-01   -74.21855    -7.99479    -9.07889   -57.14488
    0.73000E-01   -73.45584    -7.99011    -9.07405   -56.39168
    0.79000E-01   -72.72924    -7.98494    -9.06901   -55.67528
    0.85000E-01   -72.03527    -7.97943    -9.06346   -54.99239
    0.91000E-01   -71.37398    -7.97343    -9.05760   -54.34294
    0.97000E-01   -70.74186    -7.96720    -9.05126   -53.72340
    0.10300       -70.13533    -7.96046    -9.04468   -53.13020
    0.10900       -69.55777    -7.95348    -9.03776   -52.56652
    0.11500       -69.00428    -7.94598    -9.03055   -52.02776
    0.12100       -68.47560    -7.93820    -9.02291   -51.51449
    0.12700       -67.97052    -7.93005    -9.01506   -51.02542
    0.13300       -67.48401    -7.92165    -9.00684   -50.55552
    0.13900       -67.01664    -7.91272    -8.99828   -50.10564
    0.14500       -66.56879    -7.90370    -8.98948   -49.67560
    0.15100       -66.13864    -7.89424    -8.98009   -49.26431
    0.15700       -65.72625    -7.88417    -8.97056   -48.87152
    0.16300       -65.32703    -7.87373    -8.96072   -48.49258
    0.16900       -64.94485    -7.86279    -8.95074   -48.13132
    0.17500       -64.57631    -7.85160    -8.94008   -47.78463
    0.18100       -64.22033    -7.84010    -8.92970   -47.45053
    0.18700       -63.87705    -7.82825    -8.91873   -47.13007
    0.19300       -63.54503    -7.81606    -8.90760   -46.82137
    0.19900       -63.22536    -7.80341    -8.89612   -46.52582
    0.20500       -62.91614    -7.79034    -8.88456   -46.24124
    0.21100       -62.61559    -7.77687    -8.87258   -45.96614
    0.21700       -62.32530    -7.76322    -8.86080   -45.70128
    0.29500       -56.72497    -7.30865    -8.49497   -40.92135
    0.44500       -53.06586    -6.72750    -8.07684   -38.26153
    0.59500       -50.36555    -6.14850    -7.68519   -36.53187
    0.74500       -48.26467    -5.62614    -7.34556   -35.29297
    0.89500       -46.56536    -5.18317    -7.05099   -34.33120
     1.0450       -45.14160    -4.80962    -6.78412   -33.54786
     1.1950       -43.91826    -4.47682    -6.53507   -32.90637
     1.3450       -42.85580    -4.17453    -6.30833   -32.37294
     1.4950       -41.92222    -3.89624    -6.09618   -31.92981
     1.6450       -41.08661    -3.64118    -5.89966   -31.54577
     1.7950       -40.33792    -3.40533    -5.71680   -31.21579
     1.9450       -39.65662    -3.18562    -5.54344   -30.92755
     2.0950       -39.04509    -2.98711    -5.37889   -30.67909
     2.2450       -38.48195    -2.80190    -5.22397   -30.45607
     2.3950       -37.96087    -2.63034    -5.07509   -30.25544
     2.5450       -37.48005    -2.47008    -4.93179   -30.07817
     2.6950       -37.03828    -2.31931    -4.79442   -29.92455
     2.8450       -36.62952    -2.17952    -4.66382   -29.78618
     2.9950       -36.24322    -2.04716    -4.53832   -29.65774
     3.1450       -35.88390    -1.92395    -4.41897   -29.54098
     3.2950       -35.54084    -1.80759    -4.30314   -29.43012
     3.4450       -35.22388    -1.69742    -4.19528   -29.33117
     3.5950       -34.93023    -1.59529    -4.09232   -29.24263
     3.7450       -34.64438    -1.49916    -3.99205   -29.15316
     3.8950       -34.37996    -1.40867    -3.89746   -29.07383
     4.0450       -34.13203    -1.32459    -3.80611   -29.00133
     4.1950       -33.89616    -1.24570    -3.71904   -28.93143
     4.3450       -33.67028    -1.17231    -3.63453   -28.86345
     4.4950       -33.45707    -1.10325    -3.55434   -28.79948
     4.6450       -33.25333    -1.03970    -3.47676   -28.73688
     4.7950       -33.05843    -0.98003    -3.40132   -28.67708
     4.9450       -32.87083    -0.92301    -3.32858   -28.61924
     5.0950       -32.68938    -0.86919    -3.25865   -28.56154
     5.2450       -32.51731    -0.81866    -3.19125   -28.50740
     5.3950       -32.35405    -0.77069    -3.12758   -28.45578
     5.5450       -32.19384    -0.72488    -3.06470   -28.40426
     5.6950       -32.04007    -0.68152    -3.00330   -28.35525
     5.8450       -31.89198    -0.63932    -2.94509   -28.30757
     5.9950       -31.74891    -0.59941    -2.88846   -28.26104
     6.1450       -31.61167    -0.56195    -2.83384   -28.21588
     6.2950       -31.47767    -0.52493    -2.78090   -28.17184
     6.4450       -31.34840    -0.49041    -2.72918   -28.12881
     6.5950       -31.22254    -0.45695    -2.67882   -28.08676
     6.7450       -31.10130    -0.42484    -2.63083   -28.04563
     6.8950       -30.98277    -0.39401    -2.58331   -28.00545
     7.0450       -30.86707    -0.36419    -2.53674   -27.96615
     7.1950       -30.75532    -0.33624    -2.49141   -27.92767
     7.3450       -30.64573    -0.30908    -2.44668   -27.88997
     7.4950       -30.53934    -0.28292    -2.40336   -27.85306
     7.6450       -30.43600    -0.25781    -2.36121   -27.81698
     7.7950       -30.33472    -0.23332    -2.31997   -27.78144
     7.9450       -30.23634    -0.21062    -2.27905   -27.74668
     8.0950       -30.14110    -0.18864    -2.23993   -27.71252
     8.2450       -30.04771    -0.16700    -2.20180   -27.67890
     8.3950       -29.95726    -0.14674    -2.16458   -27.64594
     8.5450       -29.86913    -0.12741    -2.12806   -27.61367
     8.6950       -29.78446    -0.11017    -2.09249   -27.58180
     8.8450       -29.70192    -0.09419    -2.05717   -27.55055
     8.9950       -29.62098    -0.07798    -2.02315   -27.51986
     9.1450       -29.54247    -0.06309    -1.98983   -27.48955
     9.2950       -29.46631    -0.04932    -1.95710   -27.45989
     9.4450       -29.39494    -0.03888    -1.92539   -27.43066
     9.5950       -29.32172    -0.02529    -1.89451   -27.40192
     9.7450       -29.25591    -0.01783    -1.86447   -27.37361
     9.8950       -29.18891    -0.00828    -1.83491   -27.34571
     10.045       -29.12518    -0.00086    -1.80610   -27.31822
     10.195       -29.06033     0.00863    -1.77784   -27.29112
     10.345       -28.99979     0.01487    -1.75021   -27.26445
     10.495       -28.94159     0.01965    -1.72305   -27.23819
     10.645       -28.88362     0.02587    -1.69721   -27.21229
     10.795       -28.82660     0.03212    -1.67204   -27.18669
     10.945       -28.76875     0.03957    -1.64684   -27.16147
     11.095       -28.71648     0.04272    -1.62260   -27.13660
     11.245       -28.66459     0.04583    -1.59838   -27.11204
     11.395       -28.61798     0.04703    -1.57711   -27.08790
     11.545       -28.57096     0.04820    -1.55513   -27.06403
     11.695       -28.52187     0.05131    -1.53276   -27.04041
     11.845       -28.47509     0.05442    -1.51241   -27.01710
     11.995       -28.42949     0.05752    -1.49285   -26.99417
     12.145       -28.38747     0.06061    -1.47670   -26.97139
     12.295       -28.34460     0.06371    -1.45936   -26.94895
     12.445       -28.31059     0.06472    -1.44853   -26.92678
     12.595       -28.26806     0.06784    -1.43090   -26.90500
     12.745       -28.22766     0.06877    -1.41300   -26.88343
     12.895       -28.19454     0.06969    -1.40219   -26.86203
     13.045       -28.16034     0.07059    -1.39004   -26.84089
     13.195       -28.12908     0.07147    -1.38057   -26.81998
     13.345       -28.09351     0.07232    -1.36651   -26.79932
     13.495       -28.06280     0.07316    -1.35706   -26.77890
     13.645       -28.03235     0.07399    -1.34765   -26.75870
     13.795       -27.99720     0.07716    -1.33566   -26.73869
     13.945       -27.97298     0.07794    -1.33199   -26.71893
     14.095       -27.94186     0.07872    -1.32120   -26.69937
     14.245       -27.92071     0.07946    -1.32012   -26.68005
     14.395       -27.89711     0.08019    -1.31644   -26.66086
     14.545       -27.87642     0.08091    -1.31542   -26.64191
     14.695       -27.85596     0.08162    -1.31443   -26.62316
     14.845       -27.83308     0.08233    -1.31079   -26.60461
     14.995       -27.81303     0.08301    -1.30985   -26.58619
     15.145       -27.78810     0.08368    -1.30383   -26.56794
     15.295       -27.76856     0.08434    -1.30297   -26.54993
     15.445       -27.74643     0.08498    -1.29932   -26.53210
     15.595       -27.72732     0.08562    -1.29849   -26.51445
     15.745       -27.70842     0.08624    -1.29769   -26.49697
     15.895       -27.68972     0.08686    -1.29691   -26.47967
     16.045       -27.67113     0.08747    -1.29613   -26.46246
     16.195       -27.65279     0.08806    -1.29538   -26.44547
     16.345       -27.63463     0.08865    -1.29466   -26.42862
     16.495       -27.61368     0.08922    -1.29095   -26.41196
     16.645       -27.59595     0.08980    -1.29026   -26.39550
     16.795       -27.57835     0.09037    -1.28958   -26.37914
     16.945       -27.56087     0.09093    -1.28893   -26.36286
     17.095       -27.54360     0.09147    -1.28829   -26.34678
     17.245       -27.52649     0.09202    -1.28768   -26.33083
     17.395       -27.50953     0.09255    -1.28707   -26.31500
     17.545       -27.49277     0.09307    -1.28649   -26.29935
     17.695       -27.47613     0.09358    -1.28590   -26.28381
     17.845       -27.45966     0.09409    -1.28533   -26.26842
     17.995       -27.44334     0.09460    -1.28478   -26.25316
     18.145       -27.42713     0.09510    -1.28424   -26.23799
     18.295       -27.41112     0.09559    -1.28372   -26.22299
     18.445       -27.39523     0.09607    -1.28320   -26.20810
     18.595       -27.37945     0.09654    -1.28270   -26.19330
     18.745       -27.36387     0.09702    -1.28221   -26.17867
     18.895       -27.34840     0.09750    -1.28172   -26.16417
     19.045       -27.33304     0.09795    -1.28126   -26.14974
     19.195       -27.31789     0.09840    -1.28080   -26.13549
     19.345       -27.30279     0.09885    -1.28035   -26.12128
     19.495       -27.28778     0.09929    -1.27991   -26.10716
     19.645       -27.27297     0.09973    -1.27949   -26.09320
     19.795       -27.25825     0.10015    -1.27908   -26.07933
     19.945       -27.24364     0.10058    -1.27868   -26.06554
     20.095       -27.22915     0.10101    -1.27827   -26.05190
     20.245       -27.21478     0.10144    -1.27789   -26.03833
     20.395       -27.20058     0.10186    -1.27751   -26.02492
     20.545       -27.18644     0.10227    -1.27714   -26.01157
     20.695       -27.17242     0.10268    -1.27678   -25.99833
     20.845       -27.15850     0.10309    -1.27642   -25.98516
     20.995       -27.14467     0.10349    -1.27608   -25.97208
     21.145       -27.13094     0.10389    -1.27575   -25.95908
     21.295       -27.11742     0.10428    -1.27541   -25.94629
     21.445       -27.10389     0.10466    -1.27507   -25.93348
     21.595       -27.09046     0.10505    -1.27474   -25.92077
     21.745       -27.07719     0.10544    -1.27442   -25.90821
     21.895       -27.06406     0.10581    -1.27410   -25.89576
     22.045       -27.05096     0.10618    -1.27380   -25.88335
     22.195       -27.03793     0.10654    -1.27350   -25.87097
     22.345       -27.02503     0.10691    -1.27321   -25.85872
     22.495       -27.01227     0.10726    -1.27292   -25.84661
     22.645       -26.99955     0.10763    -1.27263   -25.83455
     22.795       -26.98693     0.10798    -1.27234   -25.82258
     22.945       -26.97439     0.10833    -1.27206   -25.81066
     23.095       -26.96195     0.10868    -1.27180   -25.79883
     23.245       -26.94954     0.10903    -1.27153   -25.78705
     23.395       -26.93725     0.10938    -1.27127   -25.77535
     23.545       -26.92508     0.10971    -1.27102   -25.76377
     23.695       -26.91292     0.11004    -1.27076   -25.75220
     23.845       -26.90090     0.11038    -1.27052   -25.74076
     23.995       -26.88894     0.11071    -1.27027   -25.72938
     24.145       -26.87704     0.11105    -1.27002   -25.71807
     24.295       -26.86526     0.11138    -1.26978   -25.70686
     24.445       -26.85355     0.11170    -1.26955   -25.69570
     24.595       -26.84190     0.11202    -1.26932   -25.68459
     24.745       -26.83029     0.11233    -1.26909   -25.67354
     24.895       -26.81875     0.11264    -1.26886   -25.66253
     25.045       -26.80730     0.11295    -1.26863   -25.65162
     25.195       -26.79596     0.11326    -1.26842   -25.64081
     25.345       -26.78464     0.11357    -1.26820   -25.63002
     25.495       -26.77343     0.11388    -1.26798   -25.61932
     25.645       -26.76226     0.11419    -1.26777   -25.60868
     25.795       -26.75118     0.11449    -1.26756   -25.59811
     25.945       -26.74020     0.11479    -1.26735   -25.58763
     26.095       -26.72927     0.11508    -1.26715   -25.57720
     26.245       -26.71836     0.11537    -1.26694   -25.56679
     26.395       -26.70756     0.11567    -1.26675   -25.55647
     26.545       -26.69681     0.11595    -1.26656   -25.54620
     26.695       -26.68608     0.11624    -1.26636   -25.53596
     26.845       -26.67542     0.11653    -1.26618   -25.52578
     26.995       -26.66485     0.11682    -1.26599   -25.51568
     27.145       -26.65434     0.11709    -1.26580   -25.50563
     27.295       -26.64392     0.11738    -1.26563   -25.49568
     27.445       -26.63357     0.11766    -1.26545   -25.48577
     27.595       -26.62322     0.11793    -1.26528   -25.47588
     27.745       -26.61297     0.11821    -1.26510   -25.46608
     27.895       -26.60276     0.11849    -1.26493   -25.45632
     28.045       -26.59262     0.11875    -1.26475   -25.44663
     28.195       -26.58249     0.11903    -1.26457   -25.43694
     28.345       -26.57248     0.11930    -1.26441   -25.42737
     28.495       -26.56252     0.11957    -1.26424   -25.41785
     28.645       -26.55260     0.11983    -1.26408   -25.40835
     28.795       -26.54272     0.12009    -1.26392   -25.39890
     28.945       -26.53292     0.12035    -1.26376   -25.38951
     29.095       -26.52312     0.12062    -1.26359   -25.38014
     29.245       -26.51339     0.12088    -1.26343   -25.37084
     29.395       -26.50375     0.12113    -1.26328   -25.36160
     29.545       -26.49412     0.12139    -1.26312   -25.35239
     29.695       -26.48458     0.12164    -1.26297   -25.34325
     29.845       -26.47512     0.12190    -1.26282   -25.33419
     29.995       -26.46569     0.12215    -1.26267   -25.32517
     30.145       -26.45634     0.12239    -1.26254   -25.31620
     35.794       -25.83687     0.13847    -1.25397   -24.72137
     49.810       -25.22832     0.15371    -1.24708   -24.13495
     69.316       -24.63106     0.16843    -1.24105   -23.55844
     96.460       -24.04660     0.18269    -1.23559   -22.99371
     134.23       -23.47560     0.19650    -1.23055   -22.44155
     186.80       -22.91886     0.20993    -1.22577   -21.90302
     259.95       -22.37685     0.22296    -1.22125   -21.37857
     361.74       -21.84977     0.23564    -1.21687   -20.86853
     503.40       -21.33780     0.24787    -1.21263   -20.37304
     700.53       -20.84132     0.25976    -1.20854   -19.89255
     974.85       -20.35949     0.27131    -1.20466   -19.42614
     1356.6       -19.89235     0.28244    -1.20086   -18.97393
     1887.8       -19.43971     0.29320    -1.19723   -18.53568
     2627.1       -19.00082     0.30358    -1.19374   -18.11067
     3655.9       -18.57517     0.31364    -1.19034   -17.69847
     5087.5       -18.16227     0.32336    -1.18708   -17.29855
     7079.7       -17.76198     0.33279    -1.18395   -16.91081
     9852.1       -17.37404     0.34184    -1.18099   -16.53490
     13710.       -16.99884     0.35062    -1.17811   -16.17136
     19079.       -16.63651     0.35912    -1.17540   -15.82023
     26550.       -16.28643     0.36737    -1.17283   -15.48097
     36947.       -15.94908     0.37533    -1.17040   -15.15401
     51416.       -15.62522     0.38305    -1.16809   -14.84018
     71550.       -15.31540     0.39051    -1.16596   -14.53995
     99568.       -15.01936     0.39771    -1.16392   -14.25315
    0.13856E+06   -14.73560     0.40467    -1.16201   -13.97826
    0.19282E+06   -14.46448     0.41141    -1.16016   -13.71573
    0.26832E+06   -14.20568     0.41787    -1.15845   -13.46509
    0.37340E+06   -13.95849     0.42406    -1.15683   -13.22572
    0.51962E+06   -13.72281     0.42996    -1.15535   -12.99742
    0.72310E+06   -13.49724     0.43559    -1.15396   -12.77887
    0.10063E+07   -13.28188     0.44100    -1.15269   -12.57019
    0.14003E+07   -13.07662     0.44616    -1.15149   -12.37130
    0.19487E+07   -12.88130     0.45108    -1.15037   -12.18201
    0.27118E+07   -12.69524     0.45577    -1.14932   -12.00169
    0.37737E+07   -12.51808     0.46026    -1.14834   -11.83000
    0.52514E+07   -12.34947     0.46455    -1.14748   -11.66654
    0.73079E+07   -12.18890     0.46864    -1.14664   -11.51090
    0.10170E+08   -12.03609     0.47254    -1.14588   -11.36275
    0.14152E+08   -11.89068     0.47624    -1.14518   -11.22174
    0.19694E+08   -11.75237     0.47979    -1.14456   -11.08759
    0.27406E+08   -11.62071     0.48315    -1.14398   -10.95988
    0.38138E+08   -11.49568     0.48636    -1.14346   -10.83858
    0.53073E+08   -11.37711     0.48940    -1.14299   -10.72352
    0.73856E+08   -11.26524     0.49229    -1.14257   -10.61497
    0.10278E+09   -11.15993     0.49506    -1.14216   -10.51282
    0.14302E+09   -11.06152     0.49768    -1.14180   -10.41740
    0.19903E+09   -10.97065     0.50016    -1.14145   -10.32936
    0.27697E+09   -10.88667     0.50254    -1.14119   -10.24802
    0.38543E+09   -10.80888     0.50479    -1.14094   -10.17273
    0.53637E+09   -10.73660     0.50691    -1.14071   -10.10280
    0.74641E+09   -10.67033     0.50890    -1.14049   -10.03874
    0.10387E+10   -10.60991     0.51075    -1.14029    -9.98038
    0.14454E+10   -10.55443     0.51245    -1.14011    -9.92677
    0.20115E+10   -10.50338     0.51403    -1.13995    -9.87746
    0.27992E+10   -10.45641     0.51549    -1.13978    -9.83212
    0.38953E+10   -10.41323     0.51685    -1.13966    -9.79043
    0.54207E+10   -10.37345     0.51808    -1.13953    -9.75200
    0.75434E+10   -10.33686     0.51920    -1.13942    -9.71664
    0.10497E+11   -10.30318     0.52023    -1.13931    -9.68410
    0.14608E+11   -10.27215     0.52118    -1.13920    -9.65413
    0.20329E+11   -10.24356     0.52205    -1.13912    -9.62648
    0.28289E+11   -10.21725     0.52286    -1.13905    -9.60106
    0.39367E+11   -10.19298     0.52360    -1.13897    -9.57761
    0.54783E+11   -10.17066     0.52428    -1.13891    -9.55604
    0.10000E+12    -9.91103     0.53224    -1.13810    -9.30517
