#"Time (ps)"	"Potential Energy (kJ/mole)"	"Kinetic Energy (kJ/mole)"	"Temperature (K)"	"Box Volume (nm^3)"	"Density (g/mL)"	"Speed (ns/day)"	"Time Remaining"
100.99999999994601	-58140.74741912063	7349.550937346944	289.58158877680324	31.356468464770728	1.1145214952631837	0	--
101.99999999994368	-57869.65885430502	7511.153008325095	295.9489144627406	31.620086331836355	1.1052296870025509	136	4:12
102.99999999994135	-57721.989283188945	7445.206816730867	293.3505512296083	31.938607651894678	1.0942073148719733	136	4:12
103.99999999993902	-57635.972930060845	7571.037773627845	298.30844984493325	31.44521162712629	1.1113761463567835	136	4:11
104.99999999993669	-57817.48693963984	7620.607344988864	300.2615535586263	31.267756914127	1.1176835682683597	136	4:11
105.99999999993436	-57929.435453887796	7646.601636823036	301.2857614854285	31.291483426401395	1.11683609381213	136	4:10
106.99999999993203	-57737.56386045492	7536.953706522791	296.9654945557738	31.55619435700839	1.1074674507373723	136	4:09
107.9999999999297	-57966.672989551415	7685.077677293264	302.80176607185723	31.630651676179493	1.1048605155943554	136	4:09
108.99999999992737	-57685.00770468952	7468.776739802535	294.2792359654004	31.904865105428392	1.0953645471951257	136	4:08
109.99999999992504	-57939.649328419764	7632.770709684396	300.7408054889048	31.84065775835246	1.0975733725337913	136	4:07
110.99999999992271	-57882.98642667284	7443.202612665646	293.27158305830267	32.182824461234986	1.0859040095012238	136	4:07
111.99999999992038	-58188.65503080998	7479.434939254902	294.6991824842051	31.45249858877557	1.1111186610783543	136	4:06
112.99999999991805	-58175.390014951234	7430.744096446084	292.7807017852266	31.698259920698764	1.102503992552243	136	4:06
113.99999999991572	-58200.64484246218	7540.526093727245	297.1062511232444	31.615930321133238	1.1053749728240319	136	4:05
114.99999999991338	-58436.66359665932	7529.431309907348	296.6691026289909	30.913760925149653	1.1304822536522208	136	4:04
115.99999999991105	-58169.745525092265	7481.677346803716	294.78753617359456	31.03773041677992	1.1259669328346091	136	4:04
116.99999999990872	-58292.60079346341	7482.197531451188	294.80803210565307	30.94861616491768	1.129209071362112	136	4:03
117.9999999999064	-58216.66698651097	7267.451423529863	286.3467642478456	31.12856747668973	1.1226812202552892	136	4:03
118.99999999990406	-58121.51410881203	7554.922113952165	297.6734725010311	31.385058166319958	1.113506240273025	136	4:02
119.99999999990173	-57862.15221848045	7374.905342917218	290.58058437668706	31.463074366270444	1.1107451774323136	136	4:01
120.9999999998994	-58079.136096636794	7685.252818974223	302.8086668752758	31.517921919547923	1.1088122563643434	136	4:01
121.99999999989707	-57891.66715998697	7328.987754473601	288.7713734020772	31.742955267844522	1.100951622955244	136	4:00
122.99999999989474	-57813.38130559854	7513.484849519583	296.04079195071665	31.42293137963893	1.1121641611760635	136	4:00
123.99999999989241	-58010.51582921075	7564.372944849629	298.0458471739708	31.923172635308497	1.0947363696826187	136	3:59
124.99999999989008	-57918.70932071487	7470.963361542719	294.3653916234772	31.8589786955856	1.0969421980991334	136	3:58
125.99999999988775	-58204.44739157727	7412.786654458063	292.07315589220696	31.918646286851626	1.094891613054567	136	3:58
126.99999999988542	-58169.965024448175	7442.749925728845	293.25374662128837	31.572639917014925	1.106890592974947	136	3:57
127.99999999988309	-58311.804862999736	7278.514491930237	286.78266311451614	31.42939819700483	1.1119353256614242	136	3:56
128.99999999988785	-58044.638201415626	7399.788591936075	291.56101581341517	31.674880821317103	1.1033177462189407	136	3:56
129.99999999989262	-58182.24356438129	7594.130920995943	299.21834901587823	31.69270658804892	1.1026971780538162	136	3:55
130.9999999998974	-58074.60709573701	7606.280584692611	299.6970611094984	31.14160437396764	1.1222112290638098	136	3:54
131.99999999990217	-58198.851955470716	7432.117992136364	292.83483501053473	31.08819524224773	1.1241391739600506	136	3:54
132.99999999990695	-58140.45989060454	7592.831266542218	299.16714098905067	31.556052714894193	1.1074724217022944	136	3:53
133.99999999991172	-57877.57639975808	7529.784366956521	296.68301352260875	31.466082695554135	1.1106389841296287	136	3:53
134.9999999999165	-57798.20942268969	7453.168797406173	293.6642633235063	31.215248075677106	1.1195636835819402	136	3:52
135.99999999992127	-57972.8130475893	7574.419184548203	298.441681705624	31.476405692028994	1.1102747391637267	136	3:51
136.99999999992605	-57884.27933831935	7427.488097307116	292.6524113071068	31.777343074983325	1.0997602297040838	136	3:51
137.99999999993082	-57763.69377222381	7538.505620311915	297.02664191899777	31.52828738901907	1.1084477151683452	136	3:50
138.9999999999356	-57491.41125950351	7318.034784358613	288.33981254689553	31.30172989517153	1.1164705029583677	136	3:50
139.99999999994037	-58048.55991913029	7645.351562717737	301.23650698694456	31.30084126023282	1.1165021997005966	136	3:49
140.99999999994515	-58135.26777496684	7374.594180032578	290.5683241660605	30.986505259636093	1.1278283183826057	136	3:48
141.99999999994992	-58226.177674981736	7570.291448865298	298.2790437067454	31.351272061561392	1.1147062247077653	136	3:48
142.9999999999547	-57823.908802711114	7480.4769160825945	294.7402376871425	31.236572405944695	1.1187993889136894	136	3:47
143.99999999995947	-57826.130761866516	7706.125698413633	303.6310846858247	31.58585369676296	1.1064275309776	136	3:46
144.99999999996425	-57686.23844681471	7802.158585812922	307.4149017305636	31.600491259774255	1.1059150262013613	136	3:46
145.99999999996902	-57652.11999097571	7457.1136354736	293.8196949253512	31.82471098180639	1.0981233463363724	136	3:45
146.9999999999738	-57812.37544348353	7490.779907589887	295.1461885643144	31.668641629819327	1.1035351161580123	136	3:45
147.99999999997857	-57886.46029754833	7649.730295050876	301.40903457082936	31.299875484119195	1.1165366500342992	136	3:44
148.99999999998334	-57874.23785016587	7520.514082063329	296.31775259025125	31.441503876713824	1.1115072057800608	136	3:43
149.99999999998812	-58080.564659582684	7456.754664813641	293.8055510280001	31.665914742433625	1.1036301462878035	136	3:43
150.9999999999929	-57916.82527623963	7536.4068379899545	296.9439472449325	31.571154747697005	1.1069426632891348	136	3:42
151.99999999999767	-58474.2817805426	7568.651194918526	298.2144156297441	31.658365711127026	1.103893310173181	136	3:41
153.00000000000244	-58441.18953115019	7436.519856791714	293.0082740371288	31.67882667540314	1.103180319069832	136	3:41
154.00000000000722	-58232.22656318013	7473.831663671888	294.4784063497833	31.386930785572183	1.113439805831338	136	3:40
155.000000000012	-57997.96448670517	7360.41985865983	290.00983800303584	31.587500245828895	1.1063698566696147	136	3:39
156.00000000001677	-58074.83920113614	7792.059461992465	307.01698349772016	31.806120141449508	1.098765205064602	136	3:39
157.00000000002154	-57870.23940377671	7674.052041567589	302.36734209984405	31.76544695474613	1.1001720885374662	136	3:38
158.00000000002632	-57852.41583901891	7711.411980244993	303.8393708660957	31.558313535993616	1.1073930829564151	136	3:38
159.0000000000311	-57908.66102002768	7488.096568005236	295.040461595854	31.766537990139287	1.1001343026544863	135	3:37
160.00000000003587	-58083.90398089023	7819.912120225077	308.11441340757654	31.59754294812128	1.1060182172046713	136	3:36
161.00000000004064	-58024.526870803675	7627.571054124386	300.5359324931265	31.149658321034003	1.1219210740405021	136	3:36
162.00000000004542	-58008.13669739236	7348.876932156089	289.5550321210735	31.037226913937573	1.1259851988850085	135	3:35
163.0000000000502	-58398.28144815075	7574.4808496329615	298.44411138784113	31.411206825025133	1.1125792878383358	135	3:34
164.00000000005497	-57932.721602407284	7206.425261356853	283.94225638747963	31.08017149589592	1.124429384958313	136	3:34
165.00000000005974	-57813.27040126969	7670.7448511230605	302.237034619635	31.273146499095237	1.1174909477222001	135	3:33
166.00000000006452	-57755.783462021296	7602.565324442575	299.55067516359554	31.49184465959874	1.109730423774243	135	3:33
167.0000000000693	-57948.65568418134	7633.665192197817	300.77604922958744	31.326333461837304	1.115593631859381	135	3:32
168.00000000007407	-57901.274951536936	7742.990334892922	305.08359791994695	32.125944762171095	1.0878266266796432	135	3:31
169.00000000007884	-57916.254735478724	7642.891795045474	301.1395890341842	31.68957689173119	1.1028060815999101	135	3:31
170.00000000008362	-57999.89498553975	7519.148145548945	296.26393296652515	31.610495162848267	1.105565032736431	136	3:30
171.0000000000884	-57941.73661019956	7526.761790387252	296.5639201885275	31.596354668206143	1.1060598124851106	136	3:29
172.00000000009317	-57996.93285218312	7435.885366943123	292.98327433578856	31.19801562888861	1.1201820825799138	136	3:29
173.00000000009794	-58072.505794058176	7614.25816908794	300.0113880096714	31.407726412871657	1.1127025770705519	136	3:28
174.00000000010272	-57731.53965097861	7521.986204676629	296.37575608037844	31.782165321015576	1.0995933652267722	136	3:27
175.0000000001075	-57677.33960215625	7511.081734209285	295.9461061725647	31.687524818492236	1.1028774989435106	136	3:27
176.00000000011227	-58053.568165755976	7584.008612397641	298.8195172735074	31.007747287450023	1.127055693390331	136	3:26
177.00000000011704	-57954.01699922074	7436.909880444471	293.0236414616134	31.435527052725515	1.1117185361935624	136	3:25
178.00000000012182	-58226.56997885436	7615.183074461845	300.0478304494785	31.32711183430167	1.1155659131418354	136	3:25
179.0000000001266	-57814.3978151856	7465.319012758827	294.1429971530689	31.42158446034452	1.1122118352635728	136	3:24
180.00000000013137	-58126.72242961617	7597.22568520558	299.34028663415677	31.233065129149743	1.118925023049139	136	3:24
181.00000000013614	-57616.23034319072	7429.177989605889	292.7189951978658	31.753409588357474	1.1005891516085498	136	3:23
182.00000000014091	-57855.84891234277	7756.888505038034	305.6312033758477	31.36233561894818	1.1143129945467114	136	3:22
183.0000000001457	-57628.31346689927	7374.441188250198	290.5622960966194	31.54841004162152	1.1077407093867262	136	3:22
184.00000000015046	-58083.77490824179	7421.873688463202	292.43119650814515	31.680091541121048	1.103136273270139	136	3:21
185.00000000015524	-58249.63018972092	7587.137693787802	298.94280703203816	31.506452073591294	1.1092159167239937	136	3:20
186.00000000016001	-57799.041879544704	7310.449339951828	288.0409364575098	31.561214120702857	1.1072913097029762	136	3:20
187.0000000001648	-58135.543884076265	7477.541771841159	294.6245892971973	31.033685942865823	1.1261136747941807	136	3:19
188.00000000016956	-58040.14473285791	7521.355998865367	296.3509251755194	31.499237268532813	1.1094699792760072	136	3:18
189.00000000017434	-57997.66067432772	7486.908503555831	294.99365035612516	30.85329262137927	1.1326978468195281	136	3:18
190.0000000001791	-58080.1299780111	7359.095314304361	289.95764928264566	31.43505358526687	1.111735280639333	136	3:17
191.0000000001839	-58087.07243970534	7441.09948120403	293.1887170226424	31.320240798287248	1.1158106460484252	136	3:16
192.00000000018866	-57776.76743338394	7474.543833024171	294.50646672167136	31.668421141522018	1.1035427994137608	136	3:16
193.00000000019344	-58264.34280218216	7738.617387420862	304.9112982668944	31.486411505774814	1.1099219138744831	136	3:15
194.0000000001982	-57719.95019555619	7398.956282267296	291.5282217613303	31.454342922466218	1.1110535103426995	136	3:15
195.000000000203	-57746.71480208094	7689.000651995111	302.9563362294868	31.82446816643316	1.0981317248339737	136	3:14
196.00000000020776	-57946.76865946056	7493.024104250002	295.23461274694864	31.43065374543655	1.1118909076017292	136	3:13
197.00000000021254	-58014.3050109201	7413.2905209141245	292.09300886691545	31.509342621111404	1.1091141614650564	136	3:13
198.0000000002173	-57793.228809805936	7428.469876558716	292.69109464952186	31.59426570658091	1.1061329433666747	136	3:12
199.0000000002221	-57723.72273195011	7667.213767670047	302.09790547213413	31.79867645445384	1.0990224127593922	136	3:11
200.00000000022686	-57950.92946005205	7335.16931925123	289.0149348610959	31.41725823835773	1.1123649891530425	136	3:11
201.00000000023164	-57890.01875716919	7266.428373354092	286.30645477889664	31.470297273998728	1.1104902446664617	136	3:10
202.0000000002364	-58264.055026490794	7224.368549747844	284.64924461090146	31.4747367260991	1.1103336121172518	136	3:09
203.0000000002412	-58032.880697031156	7544.677874268755	297.2698365199186	30.98977159347765	1.1277094448441967	136	3:09
204.00000000024596	-58026.43402143798	7344.347685870592	289.37657409737966	31.539856243563893	1.1080411353067154	136	3:08
205.00000000025074	-58047.80923376087	7696.420829371847	303.24870058917054	31.527247129193743	1.1084842890443274	136	3:08
206.0000000002555	-57770.785613091575	7598.05805741612	299.3730831504659	31.281777471617993	1.1171826201767794	136	3:07
207.0000000002603	-58104.75988578002	7741.421600917221	305.0217878201294	31.58895175143931	1.1063190192101517	136	3:06
208.00000000026506	-57944.40344412721	7597.077275145375	299.33443909035566	31.658930725342735	1.103873609084149	136	3:06
209.00000000026984	-58127.11086982308	7410.347133468165	291.9770356843016	31.27618527060847	1.117382373110915	136	3:05
210.0000000002746	-58084.64427679533	7507.33233926344	295.79837527653785	31.45563462929828	1.1110078855944783	136	3:04
211.00000000027939	-57737.83750382421	7525.456419809447	296.5124869391922	31.499206063346865	1.109471078389964	136	3:04
212.00000000028416	-57834.91179565946	7648.974097796359	301.3792394439899	31.686353870665933	1.102918255037296	136	3:03
213.00000000028894	-58380.70798525427	7688.96376099907	302.9548826776526	31.31204654984177	1.1161026496272162	136	3:02
214.0000000002937	-57921.66237321956	7440.860352291178	293.17929504147696	31.428270436155803	1.1119752259521345	136	3:02
215.00000000029848	-58130.18441451248	7668.045221393696	302.1306657988998	31.324542009166784	1.1156574327344402	136	3:01
216.00000000030326	-57926.03165584395	7503.775146393356	295.6582173850305	31.702584285150202	1.1023536064187318	136	3:01
217.00000000030803	-57840.49518959466	7398.192014244494	291.4981086360277	31.56940166115056	1.1070041331361573	136	3:00
218.0000000003128	-57782.17777903151	7348.77164419796	289.55088364255363	31.648825091557022	1.104226081645353	136	2:59
219.00000000031758	-57826.86819864021	7284.693885905733	287.02613904118925	31.206001280560407	1.1198954266947185	136	2:59
220.00000000032236	-57654.546561723255	7342.668394932231	289.3104079136095	31.551879009269918	1.1076189189639578	136	2:58
221.00000000032713	-58055.42043890801	7447.349196102403	293.4349636824861	31.525022732816936	1.1085625033713142	136	2:57
222.0000000003319	-58125.06493225336	7408.146470676074	291.890326791047	31.59319640223912	1.1061703815778605	136	2:57
223.00000000033668	-58197.228370588244	7453.805603285789	293.68935427939374	31.233195462641163	1.1189203538693535	136	2:56
224.00000000034146	-58230.16047137612	7629.170353942138	300.5989469257228	31.4879289473292	1.1098684253888782	136	2:55
225.00000000034623	-58364.68129898497	7406.976713870012	291.8442368955868	31.349918743164775	1.114754344527567	136	2:55
226.000000000351	-58295.21064129204	7468.534145091775	294.26967742742033	31.49065122416672	1.1097724804341162	136	2:54
227.00000000035578	-58216.076524467586	7516.968234440639	296.1780417158193	31.345076322242967	1.1149265600840113	136	2:54
228.00000000036056	-58276.23081228812	7405.046517189767	291.7681847087141	31.222155574025717	1.119315994588233	136	2:53
229.00000000036533	-57963.366541744734	7251.728229193059	285.72725053394487	31.23039014856238	1.1190208624767328	136	2:52
230.0000000003701	-57682.85983413292	7605.914791493032	299.68264839546987	31.566288985785164	1.1071132921347382	136	2:52
231.00000000037488	-57923.22272289169	7577.674357377044	298.56993962608124	31.483622507469953	1.1100202370688868	136	2:51
232.00000000037966	-57842.26483077687	7549.5723016168995	297.46268313867273	31.423485770723975	1.1121445397406646	136	2:50
233.00000000038443	-57917.587739631854	7563.139438602449	297.9972454700206	31.371909348774217	1.1139729409199837	136	2:50
234.0000000003892	-58145.23403894695	7606.86326368388	299.72001939762737	31.478991640718068	1.110183531874147	136	2:49
235.00000000039398	-58028.66483632449	7456.998676812294	293.81516540891295	31.51201659930822	1.1090200466667797	136	2:48
236.00000000039876	-58024.510395088844	7584.565210827608	298.84144795458366	31.462358427545105	1.1107704528892801	136	2:48
237.00000000040353	-58082.92301845897	7491.801237584921	295.1864302559699	31.37462768118998	1.1138764250732822	136	2:47
238.0000000004083	-58027.52612600135	7265.161284488903	286.2565298773848	31.691087648495003	1.1027535093510359	136	2:47
239.00000000041308	-58222.67409021768	7673.776053316663	302.3564678142083	31.599111409159192	1.1059633186203903	136	2:46
240.00000000041786	-58035.02234274239	7357.107766957806	289.87933740709155	31.540747288689126	1.108009832476661	136	2:45
241.00000000042263	-58071.18619710105	7564.500187621742	298.0508606998887	31.581525258409517	1.1065791735382806	136	2:45
242.0000000004274	-58028.6582968728	7695.224714988553	303.20157217188006	31.46028012938287	1.1108438315172329	136	2:44
243.00000000043218	-57738.73986933197	7639.122879624376	300.9910890067797	31.76865265652673	1.100061072698635	136	2:43
244.00000000043696	-57841.98196888369	7432.548101822084	292.85178187534336	31.423776971484763	1.1121342336168536	136	2:43
245.00000000044173	-57835.97602515231	7846.258023137007	309.1524752548967	31.506672684646553	1.1092081499472113	136	2:42
246.0000000004465	-57584.05976609822	7563.50739199654	298.01174329844093	31.307119830648247	1.116278287768815	136	2:41
247.00000000045128	-58048.38449044881	7662.246296264675	301.90218082527696	31.23399578862581	1.1188916831529967	136	2:41
248.00000000045605	-57820.574977851036	7687.686024494738	302.9045382457116	31.4964781209144	1.1095671708235595	136	2:40
249.00000000046083	-57760.595322918496	7641.698661524173	301.0925780666208	31.381546618122005	1.1136308399582804	136	2:40
250.0000000004656	-57612.86629828648	7525.517767193995	296.51490410361976	31.245745256236486	1.1184709416573704	136	2:39
251.00000000047038	-57483.19105054665	7976.608779035832	314.2884596590085	31.57493009312733	1.1068103085724925	136	2:38
252.00000000047515	-57548.44595502221	7306.732895286469	287.89450384414744	31.684546130070117	1.1029811813009487	136	2:38
253.00000000047993	-58194.445390900335	7698.0574937639685	303.3131872331853	31.46511830482963	1.1106730246796814	136	2:37
254.0000000004847	-58160.405622847524	7427.133964963765	292.6384580455403	31.341975058252512	1.115036881197673	136	2:36
255.00000000048948	-58258.41626501232	7378.61584837691	290.72678297784546	31.538652882657402	1.1080834127429133	136	2:36
256.00000000049425	-58275.64917924866	7501.058355648087	295.5511723985958	31.176741385335593	1.1209464673548966	136	2:35
257.000000000499	-58153.23947374633	7352.755157927623	289.70783911433466	30.995911937877054	1.127486043629621	136	2:34
258.0000000005038	-57821.43030779512	7622.23178638217	300.32555860105117	31.292609166944544	1.1167959160288026	136	2:34
259.0000000005086	-57706.55843511061	7458.152168944704	293.8606144556904	31.4042097920625	1.1128271767042583	136	2:33
260.00000000051335	-58024.735866434494	7666.773888451369	302.0805736753889	31.17958560602578	1.1208442139389811	136	2:33
261.0000000005181	-58021.95606245907	7536.985127817188	296.9667325944554	31.429754657820084	1.1119227146379842	136	2:32
262.0000000005229	-58004.353245053906	7442.284170347271	293.2353952710458	31.389472049700174	1.1133496627211654	136	2:31
263.0000000005277	-57691.79531803052	7472.347937648978	294.4199456706633	31.4420613522743	1.111487498481116	136	2:31
264.00000000053245	-57642.929409374075	7425.051020098624	292.55638738727504	31.402768829717846	1.1128782404198956	136	2:30
265.0000000005372	-57729.20262048216	7548.998741268639	297.44008413659424	31.386324125976575	1.1134613272729579	136	2:29
266.000000000542	-57977.853854229965	7431.064188728982	292.7933138254216	31.05767254578438	1.1252439495590194	135	2:29
267.0000000005468	-57949.89788931742	7723.492240100619	304.31534836072774	31.10955513249007	1.1233673374850306	135	2:28
268.00000000055155	-57976.71609369898	7436.033988911527	292.98913022904037	31.41951940388389	1.1122849356890272	135	2:27
269.0000000005563	-58229.83164063748	7714.279402689683	303.9523509317223	31.03060117886615	1.1262256221877718	136	2:27
270.0000000005611	-58149.25360306111	7485.93242451071	294.95519160904416	31.279323509732148	1.1172702666876955	136	2:26
271.0000000005659	-58325.021227967285	7455.1126150392065	293.7408521931209	31.18048080363726	1.1208120342856438	136	2:26
272.00000000057065	-58483.49785216461	7407.540269026355	291.866441680468	31.23176729497971	1.1189715199096881	136	2:25
273.0000000005754	-58274.969399110385	7382.419068073432	290.87663463702495	31.181182763632524	1.120786802234113	136	2:24
274.0000000005802	-58408.41187500482	7551.456949565935	297.5369406480116	31.29304867876528	1.1167802305961851	136	2:24
275.000000000585	-58083.75821702261	7392.646706527075	291.2796165087188	31.380878317832902	1.113654556305693	136	2:23
276.00000000058975	-58148.25799002993	7649.256938595384	301.39038372867486	31.607946901512825	1.1056541643916922	136	2:22
277.0000000005945	-58085.187485871254	7559.322079314755	297.8468366930917	31.396792345514857	1.1130900805069504	136	2:22
278.0000000005993	-58097.50665655767	7302.722155920514	287.73647564791287	31.756423305549944	1.100484704567517	136	2:21
279.0000000006041	-57985.40204566662	7398.2776001597695	291.5014808291772	31.920598682174774	1.0948246449727346	136	2:20
280.00000000060885	-58184.93610475634	7480.8094437655745	294.75333969780553	30.9302748477717	1.129878680080557	136	2:20
281.0000000006136	-58095.365882285696	7571.251153733792	298.3168572905881	31.404084763094147	1.112831607199046	136	2:19
282.0000000006184	-57705.73605931137	7217.317706297827	284.3714324743671	31.52271753861248	1.1086435703622843	136	2:18
283.0000000006232	-58218.31503691798	7441.061837383104	293.18723380855704	31.434713008571606	1.1117473256396415	136	2:18
284.00000000062795	-58291.9807577887	7676.675694563961	302.47071734134727	31.505019823865375	1.1092663427894776	136	2:17
285.0000000006327	-58150.17797273633	7657.263203359074	301.7058406715822	31.562270562340338	1.1072542468230393	136	2:17
286.0000000006375	-57755.50631801237	7440.727488765299	293.17406005076225	31.93034505187681	1.0944904623720935	136	2:16
287.0000000006423	-57732.410210054804	7536.116740393308	296.9325170332565	31.34861937539965	1.1148005499391662	136	2:15
288.00000000064705	-57823.121571486205	7443.459980577142	293.281723679049	31.457549999232658	1.1109402391598076	136	2:15
289.0000000006518	-58184.5418811797	7673.790962432655	302.3570552522074	31.656669476590576	1.1039524592241778	136	2:14
290.0000000006566	-57719.125443687546	7477.809424271032	294.63513514095615	31.787145909055187	1.0994210747802202	136	2:13
291.0000000006614	-58076.46147635218	7716.469526421933	304.03864457270925	31.42308803504352	1.1121586166373967	136	2:13
292.00000000066615	-57561.13302789483	7462.702393440591	294.0398990473672	31.294255577087455	1.1167371607048684	136	2:12
293.0000000006709	-57923.47587772543	7544.534244004827	297.26417730612724	31.500588874398726	1.1094223748919108	136	2:11
294.0000000006757	-57897.635179716366	7521.665093585987	296.36310389787167	31.461929591671186	1.1107855930356116	136	2:11
295.0000000006805	-57976.77803127156	7346.600517006916	289.4653384892811	31.605554667547505	1.1057378516888705	136	2:10
296.00000000068525	-57825.04804108149	7742.477555896551	305.0633937798945	31.640206218461977	1.104526875654097	136	2:10
297.00000000069	-57618.60992141426	7438.7500984691305	293.0961483758208	31.41076134671606	1.1125950668235818	135	2:09
298.0000000006948	-57895.977036064054	7667.336604010936	302.10274537909675	31.63093533220307	1.1048506075616915	135	2:08
299.0000000006996	-57850.3195097346	7565.383760798759	298.0856745989394	31.569519080561573	1.10700001575404	135	2:08
300.00000000070435	-57912.12912114273	7425.919893774042	292.59062210739864	31.971087496353103	1.093095695400275	135	2:07
301.0000000007091	-58244.58565903714	7514.753040050562	296.09076025925185	31.382502224045115	1.1135969295893993	135	2:06
302.0000000007139	-58396.44219739255	7442.150973670617	293.2301471537697	31.635681708174477	1.104684844218132	135	2:06
303.00000000071867	-58185.08736068051	7518.561359949574	296.24081287285065	31.857142051316572	1.0970054395725322	135	2:05
304.00000000072345	-58057.47656126303	7497.990809989634	295.4303072256087	31.548841163483335	1.1077255718659986	136	2:04
305.0000000007282	-57897.76737118559	7491.627809970514	295.1795969889383	31.59885592538183	1.1059722605797744	136	2:04
306.000000000733	-58089.12833850339	7368.491118147808	290.32785582016277	31.513931210927762	1.1089526687616418	136	2:03
307.00000000073777	-58394.424649656954	7557.129434174208	297.76044370543354	31.376093252597265	1.113824396115225	136	2:03
308.00000000074255	-58181.53928085891	7682.708887466905	302.7084327611226	31.835534565980364	1.0977500015619086	136	2:02
309.0000000007473	-58070.78331048542	7610.513381117706	299.8638386343018	31.42247831578021	1.1121801968744998	136	2:01
310.0000000007521	-57966.71932423877	7619.220026905861	300.2068914740936	31.334612351380645	1.1152988818765235	136	2:01
311.00000000075687	-58117.37359939623	7620.220933342929	300.24632845177206	31.42600231391455	1.1120554810134213	136	2:00
312.00000000076164	-58156.53330566274	7462.107142562689	294.01644541102763	31.91254820498306	1.095100832909112	136	1:59
313.0000000007664	-57843.77660476658	7377.7104510222225	290.6911091786325	31.825742343675245	1.0980877599693843	136	1:59
314.0000000007712	-58171.153649558866	7760.075909001323	305.75679111741607	31.770498760525722	1.0999971509087771	136	1:58
315.00000000077597	-58086.17246998442	7511.732245618223	295.97173714361634	31.70853027238652	1.1021468929439233	136	1:57
316.00000000078074	-58190.34131495259	7574.29695953866	298.43686588588844	31.311119693143652	1.1161356879607773	136	1:57
317.0000000007855	-57877.77338923651	7532.806933700539	296.80210646956266	31.12092611406304	1.122956880892338	136	1:56
318.0000000007903	-58095.451511677646	7438.526341952404	293.08733208647664	31.348751030100367	1.1147958681343755	136	1:56
319.00000000079507	-58211.440633759135	7545.774923282954	297.3130616365558	31.39832977790155	1.113035577584305	136	1:55
320.00000000079984	-58112.201201311604	7405.654270937737	291.79213097392443	31.401182869179465	1.1129344478876422	136	1:54
321.0000000008046	-58216.08967720912	7321.0943206402835	288.4603621403222	31.4133430121587	1.112503629620144	136	1:54
322.0000000008094	-58079.771726737	7549.003139300066	297.4402574245869	31.514656155962832	1.1089271590518937	136	1:53
323.00000000081417	-58137.36637933462	7435.70251041683	292.97606955772073	31.24415545018679	1.118527853161101	136	1:52
324.00000000081894	-57755.091128163476	7405.708558251728	291.79426996265585	31.75272028332215	1.100613043786519	136	1:52
325.0000000008237	-57770.07185739445	7435.759119718374	292.9783000356942	31.395161390079153	1.1131479047141484	136	1:51
326.0000000008285	-57849.0074451144	7627.776145792051	300.54401336384547	31.735711897137712	1.101202904563836	136	1:50
327.00000000083327	-57880.00426219375	7508.897621057129	295.8600493560243	31.852178857144906	1.0971763745352043	136	1:50
328.00000000083804	-57926.486853058246	7577.853016225944	298.5769790103585	31.58536738916695	1.1064445662112292	136	1:49
329.0000000008428	-58053.76412976824	7698.847667414309	303.34432107292946	31.366040893713816	1.1141813605979543	136	1:49
330.0000000008476	-57887.05887280972	7693.960046670676	303.1517426429893	31.291260845295863	1.1168440380945186	136	1:48
331.00000000085237	-57584.725427573954	7578.343182488203	298.596292180129	31.587051492105417	1.1063855747429794	136	1:47
332.00000000085714	-57695.91793787482	7382.971612589271	290.89840558876483	31.469830077442506	1.1105067308443899	136	1:47
333.0000000008619	-57734.609982846945	7450.000337742438	293.53942201126546	31.651894216472307	1.1041190103984913	136	1:46
334.0000000008667	-57816.575314140064	7492.9013796329245	295.22977724204526	31.356679520226024	1.1145139936448614	136	1:45
335.00000000087147	-57997.52779947329	7483.791907061005	294.87085251823794	31.324319265450857	1.115665366049133	136	1:45
336.00000000087624	-57647.953681410145	7496.110936607475	295.35623784023466	31.371804140505482	1.1139766767320525	136	1:44
337.000000000881	-57676.9361435943	7729.3779352772945	304.5472521838112	31.729778855991317	1.1014088146703314	136	1:43
338.0000000008858	-57723.421211875044	7501.593394078441	295.5722535884589	31.793804957965758	1.0991908066912026	136	1:43
339.00000000089057	-57935.095255458815	7564.702337878356	298.0588256752975	31.834350359327058	1.0977908367867786	136	1:42
340.00000000089534	-58146.73377165367	7291.197928965137	287.282406551772	31.518280044078573	1.1087996575528498	136	1:42
341.0000000009001	-58144.73598019456	7584.329270673754	298.83215161454984	31.453757886848805	1.111074175786833	136	1:41
342.0000000009049	-57886.507935092784	7578.808019213102	298.6146073341385	32.11593416950479	1.0881657041355184	136	1:40
343.00000000090967	-57978.850674720714	7540.543101659359	297.10692125724927	31.863872783711457	1.0967737147567946	136	1:40
344.00000000091444	-58117.9605634734	7543.554428817219	297.22557135031394	31.682186334152657	1.1030633350532564	136	1:39
345.0000000009192	-58056.77097559866	7564.601166935441	298.05483941237657	31.54852473202739	1.107736682344808	136	1:38
346.000000000924	-57917.72191780803	7488.145559656674	295.0423919287929	31.495048940779387	1.1096175206852785	136	1:38
347.00000000092876	-58049.95248069777	7548.8701106053795	297.43501592601245	31.784908666459334	1.0994984596701718	136	1:37
348.00000000093354	-57733.99427401819	7461.875197815758	294.00730649507244	31.719618597125326	1.1017616120610083	136	1:36
349.0000000009383	-58413.522022536636	7341.545676452332	289.2661713876054	31.44492424226754	1.1113863035660798	136	1:36
350.0000000009431	-58387.061506128404	7494.416942183413	295.28949232055857	31.417634293082454	1.11235167465247	136	1:35
351.00000000094786	-58256.486582908314	7677.754837010363	302.5132369165988	31.156216268067844	1.1216849253722427	136	1:34
352.00000000095264	-57818.389471556846	7452.069453761127	293.62094779551586	31.445588814361738	1.1113628154918833	136	1:34
353.0000000009574	-57916.451412129594	7349.334335753409	289.57305440046895	31.70386695862412	1.1023090074513038	136	1:33
354.0000000009622	-58244.92712979007	7630.5211796877065	300.652171166074	31.53122956821225	1.108344285906342	136	1:33
355.00000000096696	-58125.01510524409	7631.199474897941	300.67889685398524	31.403265173542675	1.1128606508399788	136	1:32
356.00000000097174	-57878.13086293629	7545.036026070688	297.28394815322946	31.530259391215473	1.108378389340676	136	1:31
357.0000000009765	-58144.00047715727	7468.866766995849	294.28278315051347	31.14913533791762	1.121939910703969	136	1:31
358.0000000009813	-58023.02574099833	7382.190970312486	290.867647297176	31.15420215362669	1.121757442132437	136	1:30
359.00000000098606	-58293.39497243398	7559.61061683447	297.85820543576637	31.134176656878576	1.1224789563146542	136	1:29
360.00000000099084	-58114.22858898342	7261.065551333801	286.09515281851805	31.32271024480947	1.1157226768178632	136	1:29
361.0000000009956	-58428.643603285775	7365.681658036374	290.21715954366783	31.216301109378904	1.1195259168303322	136	1:28
362.0000000010004	-58335.85356391233	7426.517462337654	292.6141670634822	31.39235794009784	1.1132473128082656	136	1:27
363.00000000100516	-58436.39800694157	7724.012542062886	304.33584891513726	31.806522422858038	1.0987513081409315	136	1:27
364.00000000100994	-58004.4892966052	7341.884893808639	289.279536979846	31.60822972367836	1.1056442712876544	136	1:26
365.0000000010147	-57868.90280791771	7446.9498966251385	293.4192307788013	31.74554603210543	1.1008617739378461	136	1:26
366.0000000010195	-57873.59089465739	7456.631089182667	293.8006819920744	31.696086790281797	1.102579581850597	136	1:25
367.00000000102426	-57885.25719599525	7322.28622323698	288.5073246079017	31.64437951499962	1.1043812094013041	136	1:24
368.00000000102904	-58219.43983842782	7465.709324006128	294.15837590914185	31.566910336171397	1.1070915001612969	136	1:24
369.0000000010338	-57976.76163223875	7700.705762426594	303.4175323630264	31.472355895986244	1.1104176069636427	136	1:23
370.0000000010386	-58044.80811862074	7457.255798879268	293.82529634307457	31.230196734891763	1.1190277927543213	136	1:22
371.00000000104336	-57775.49559481483	7081.315597866796	279.0127776433184	30.56970296844276	1.1432056816386327	136	1:22
372.00000000104814	-57901.73436052544	7459.805064517968	293.9257406287408	31.10725399442233	1.1234504378237749	136	1:21
373.0000000010529	-58051.325915198366	7536.477960511487	296.94674956210247	31.379762862395673	1.1136941433489562	136	1:20
374.0000000010577	-57936.388068430824	7454.457499565713	293.7150398161112	31.66911273046492	1.1035187002858633	136	1:20
375.00000000106246	-58061.28980154803	7506.482600067322	295.7648944790639	31.42002765187618	1.112266943451984	136	1:19
376.00000000106724	-57966.284979068005	7548.295820225345	297.4123881597602	31.43480887778771	1.1117439350561318	136	1:19
377.000000001072	-58015.600662854384	7616.680375770002	300.10682601198164	31.852599797933287	1.0971618750503578	136	1:18
378.0000000010768	-57823.381358107144	7549.979105324917	297.4787117185264	31.525321691340764	1.1085519907360168	136	1:17
379.00000000108156	-57899.69969247258	7550.696477105208	297.50697707264817	31.46863273023885	1.1105489844160727	136	1:17
380.00000000108633	-57809.20442635668	7514.53689800306	296.08224398961164	31.15396903837831	1.1217658358868388	136	1:16
381.0000000010911	-58194.01013343662	7631.175377068129	300.67794736905716	31.332246832570718	1.1153830845989732	136	1:15
382.0000000010959	-58263.025560247246	7413.181122019826	292.0886984123187	31.348174532327704	1.1148163694026165	136	1:15
383.00000000110066	-58206.66514964696	7642.251419162705	301.1143574156639	31.382161847572185	1.113609007858481	136	1:14
384.00000000110543	-58228.11520181238	7562.996074007766	297.991596723933	31.556867700939787	1.1074438201763726	136	1:13
385.0000000011102	-57966.1071732711	7385.402508801402	290.9941859695339	31.398701325310164	1.1130224068012122	136	1:13
386.000000001115	-57980.52395442265	7502.4042068770195	295.60420063670915	31.453558504129205	1.1110812188370116	136	1:12
387.00000000111976	-58020.790343095374	7582.264425173416	298.7507940941158	31.534699749996783	1.108222320066095	136	1:12
388.00000000112453	-58236.14175662291	7288.446639748527	287.1740022819979	31.353517675710492	1.114626386773911	136	1:11
389.0000000011293	-58388.12832673895	7354.658348723264	289.7828272352478	31.32281446429197	1.1157189645065027	136	1:10
390.0000000011341	-58310.71600973976	7268.746696208348	286.39779962719496	31.120134876333697	1.1229854323705406	136	1:10
391.00000000113886	-58387.51137578901	7655.142297574764	301.6222743051603	31.777566885429522	1.0997524840567028	136	1:09
392.00000000114363	-58005.56772383116	7327.9003715107965	288.72852914007234	31.717112710035458	1.101848659398041	136	1:08
393.0000000011484	-58122.59574584922	7311.777783332182	288.0932788044045	31.400703303671953	1.1129514451175504	136	1:08
394.0000000011532	-57926.01967960302	7357.237292044094	289.88444085907025	31.957872066013966	1.0935477195521563	136	1:07
395.00000000115796	-58021.57371897026	7787.176627312054	306.8245936447153	31.708513078580765	1.1021474905783675	136	1:06
396.00000000116273	-57800.45774176941	7705.810240378694	303.618655240852	31.229761432374826	1.1190433905556607	136	1:06
397.0000000011675	-58034.02506019431	7667.113959928276	302.09397292105984	31.251255996333153	1.1182737142990244	136	1:05
398.0000000011723	-57985.29097849902	7478.137899103341	294.6480774641843	31.34835338612843	1.114810008968232	136	1:05
399.00000000117706	-57724.97964692206	7334.301472406409	288.98074059939466	31.585863839264608	1.1064271756938846	136	1:04
400.00000000118183	-57828.44286641109	7790.507810117559	306.95584645424714	31.46203866241649	1.1107817422294448	136	1:03
401.0000000011866	-57713.1784478449	7601.697112966309	299.5164665349549	31.551704979523443	1.1076250282578861	136	1:03
402.0000000011914	-57813.67583237233	7282.633603319737	286.9449613053428	31.57040380180816	1.106968993457333	136	1:02
403.00000000119616	-58169.252087735484	7729.260197910846	304.5426131828811	31.31919826367747	1.1158477884812126	136	1:01
404.00000000120093	-58201.089943452185	7471.362360220541	294.3811126752841	31.19950057653797	1.1201287672473075	136	1:01
405.0000000012057	-58311.80587015473	7418.421476381027	292.29517499226307	31.11258682341018	1.123257873666534	136	1:00
406.0000000012105	-58172.99821212154	7459.165709691802	293.90054924114014	31.187849799657204	1.1205472113025647	136	0:59
407.00000000121526	-58093.91993819474	7370.355976078301	290.40133357777796	31.25038227577429	1.118304979796067	136	0:59
408.00000000122003	-57796.241313136125	7379.976419436825	290.78039119588937	31.452025981583432	1.1111353570670595	136	0:58
409.0000000012248	-58201.806780419865	7444.627822633966	293.32773813097106	31.33557637015004	1.1152645704267223	136	0:57
410.0000000012296	-57975.33529571511	7508.797647584124	295.8561102749301	31.427001136584614	1.1120201373221803	136	0:57
411.00000000123435	-57794.417511515436	7571.912439358501	298.34291277934796	31.53507092080866	1.1082092761830062	136	0:56
412.00000000123913	-57900.49812286234	7538.149870524735	297.01262492810173	31.562426861794997	1.1072487636187311	136	0:56
413.0000000012439	-57772.29201604234	7471.814343121132	294.39892137238263	31.28351367565513	1.1171206176474127	136	0:55
414.0000000012487	-57737.81621149811	7564.359075368894	298.04530069891393	31.697963489197825	1.1025143028964208	136	0:54
415.00000000125345	-58054.014491109265	7562.999888489486	297.99174701933015	31.848821488864974	1.0972920342357884	136	0:54
416.00000000125823	-58111.750893572025	7716.077927405042	304.02321507688816	31.63923650656955	1.1045607283308707	136	0:53
417.000000001263	-57772.693075005576	7545.042093899172	297.2841872333348	31.484658846080652	1.1099837000101256	136	0:52
418.0000000012678	-57982.3810635742	7615.314573465446	300.0530116762923	31.518767589498058	1.108782506178113	136	0:52
419.00000000127255	-58075.806574855495	7608.119104143054	299.76950109773645	31.48000554565983	1.110147775191462	136	0:51
420.00000000127733	-58108.18558080451	7794.895660019696	307.1287332818652	31.168934247679495	1.1212272399763221	136	0:50
421.0000000012821	-57556.15377642965	7584.4670220219705	298.83757919163764	31.702414486154247	1.1023595106546897	136	0:50
422.0000000012869	-57704.359093621926	7514.3903085961865	296.0764681818511	31.28882783453986	1.1169308835836447	136	0:49
423.00000000129165	-58014.71461580592	7362.075817311137	290.0750848652294	31.416837982101544	1.1123798690192508	136	0:49
424.0000000012964	-57853.3905292025	7477.971393743117	294.6415169427097	31.75548546000822	1.100517205556211	136	0:48
425.0000000013012	-57959.94611005744	7474.523861967115	294.5056798368017	31.396025553757838	1.1131172657408612	136	0:47
426.000000001306	-58456.57318031415	7783.220473206657	306.6687161766832	31.530761282038558	1.1083607467301113	136	0:47
427.00000000131075	-58039.1022403517	7569.959374243554	298.2659595472672	31.359727135438725	1.1144056824409043	136	0:46
428.0000000013155	-58113.73625075811	7673.453988696296	302.34377806142624	31.481596288319572	1.1100916802143062	136	0:45
429.0000000013203	-58199.4637501883	7452.539011151779	293.6394489497178	31.29016172499848	1.1168832691461852	136	0:45
430.0000000013251	-57865.90270282293	7506.381310507153	295.76090354247333	31.677812322002747	1.1032156439431697	136	0:44
431.00000000132985	-58323.2187266433	7642.920160829399	301.14070668189436	31.292365808843428	1.1168046012568582	136	0:43
432.0000000013346	-58051.75562332387	7339.378876974186	289.1807967516866	31.40128892219003	1.1129306891231834	136	0:43
433.0000000013394	-58078.66900348832	7620.001559125621	300.23768483055954	31.347838784328264	1.114828309535662	136	0:42
434.0000000013442	-57744.202386327874	7340.892681975982	289.2404425805618	31.00160717432243	1.127278915671021	136	0:42
435.00000000134895	-58109.04719825811	7691.408678456808	303.05121551320616	31.149728298389988	1.121918553663129	136	0:41
436.0000000013537	-57935.291430813086	7682.264579673363	302.69092647293485	31.310750583930638	1.1161488456129485	136	0:40
437.0000000013585	-57881.85932657699	7344.300949134796	289.3747326109649	31.04791384618334	1.1255976260648237	136	0:40
438.0000000013633	-57936.70760955379	7568.959195767619	298.22655125217676	31.55019297757412	1.1076781097462634	136	0:39
439.00000000136805	-57573.7801240095	7399.7827994367035	291.5607875816245	31.772022398239624	1.099944400186041	136	0:38
440.0000000013728	-57737.53932487004	7466.587060798723	294.1929598472755	31.287486276586296	1.1169787758143341	136	0:38
441.0000000013776	-58222.65809159065	7516.223139963778	296.14868405244124	31.242525189366358	1.118586218870163	136	0:37
442.0000000013824	-58252.38182602209	7577.605262675999	298.56721720759947	31.194475221351638	1.12030921730681	136	0:36
443.00000000138715	-58092.09278402582	7408.03322878564	291.8858649175492	31.55691769786666	1.1074420656074306	136	0:36
444.0000000013919	-57990.119150375074	7325.934048474558	288.6510535291491	31.65108914485791	1.1041470945781582	136	0:35
445.0000000013967	-58647.6478553754	7284.18885977294	287.00624037375303	31.254624834246012	1.118153179085255	136	0:35
446.0000000014015	-58415.73008470374	7457.657754549744	293.8411339041265	31.427506759603627	1.1120022465304182	136	0:34
447.00000000140625	-58083.17817431051	7097.34496452853	279.6443549334904	31.44931285542035	1.1112312145003154	136	0:33
448.000000001411	-58318.09058564139	7516.072589039178	296.14275215587924	31.411997084051524	1.1125512977101553	136	0:33
449.0000000014158	-58045.63073916154	7564.942534503435	298.06828972567314	31.485902533398438	1.1099398558595828	136	0:32
450.0000000014206	-57901.22662407544	7610.656014745491	299.8694585793705	31.33605056903528	1.1152476934685083	136	0:31
451.00000000142535	-58064.13582757776	7616.537544620895	300.10119828432346	31.070601093500624	1.1247757329947337	136	0:31
452.0000000014301	-57843.299369171815	7435.851348845206	292.9819339797688	31.556651917779973	1.1074513928341896	136	0:30
453.0000000014349	-57815.95771261628	7494.757719510875	295.30291937763275	31.55635705092361	1.1074617410093688	136	0:29
454.0000000014397	-57972.964129456435	7530.048723943596	296.6934295217594	31.399846461141138	1.1129818154613698	136	0:29
455.00000000144445	-57638.21209367644	7546.1747898746535	297.3288168852656	31.438051286938563	1.111629273728191	136	0:28
456.0000000014492	-57700.45588747779	7703.836226723353	303.54087660982356	31.591581157109662	1.1062269389344648	136	0:28
457.000000001454	-57666.167452071764	7658.485056161882	301.7539832151069	31.533808466077513	1.1082536432960155	136	0:27
458.0000000014588	-57708.98071068182	7474.845829591631	294.5183657678247	31.309772445587694	1.1161837148533502	136	0:26
459.00000000146355	-57797.037811117974	7516.486324138123	296.1590538412892	31.280939896815426	1.1172125337284697	136	0:26
460.0000000014683	-57950.260661253415	7369.645736277146	290.37334923264126	31.622827068791956	1.1051338972162361	136	0:25
461.0000000014731	-58285.916027474974	7472.0710370046745	294.4090354355763	31.315279585209083	1.11598742155365	136	0:24
462.0000000014779	-58079.58102496996	7550.323565774048	297.4922838952458	31.616740846757192	1.1053466354712382	136	0:24
463.00000000148265	-57842.53561172134	7452.563950655264	293.6404315976515	31.400303259916537	1.112965624256905	136	0:23
464.0000000014874	-57591.755150753976	7406.037092974049	291.8072146456262	31.44855062075458	1.111258147981721	136	0:22
465.0000000014922	-57798.16417719342	7589.195586946344	299.02389062142527	31.251291633451846	1.1182724390860332	136	0:22
466.00000000149697	-57597.05218608797	7853.342519623411	309.4316133635656	31.597685457064102	1.1060132289441518	136	0:21
467.00000000150175	-57722.73758297702	7423.623375334613	292.5001363805815	31.589984311439455	1.1062828577244295	136	0:21
468.0000000015065	-57729.293233755656	7656.772260235785	301.686496892506	31.53547289796281	1.1081951500333056	136	0:20
469.0000000015113	-57824.253338603565	7520.068326985696	296.3001892772425	31.992985786327534	1.0923475024473714	136	0:19
470.00000000151607	-57826.93733910355	7681.4840839113585	302.6601739542134	31.91075844019549	1.09516225335179	136	0:19
471.00000000152085	-57734.705180966645	7332.450431640756	288.907807255524	31.39669209206104	1.113093634738863	136	0:18
472.0000000015256	-57888.52733358409	7565.860383832591	298.1044541484059	32.02839436629523	1.0911398716979006	136	0:17
473.0000000015304	-58093.236497982114	7548.259124363121	297.4109422964449	31.699275823059157	1.102468659366254	136	0:17
474.00000000153517	-58252.899788897106	7624.499572864348	300.4149122524666	31.24985031899826	1.1183240163644217	136	0:16
475.00000000153995	-57998.78937078285	7474.371744195301	294.4996862044806	31.623859359588774	1.10509782256961	136	0:15
476.0000000015447	-57998.1080069709	7452.554064255463	293.6400420610137	31.769279395462085	1.1000393708810725	136	0:15
477.0000000015495	-57938.798202573	7533.511377333907	296.8298624383686	31.632079574157423	1.1048106412858258	136	0:14
478.00000000155427	-58246.34095783491	7314.994825502385	288.2200343287558	31.61039538730256	1.1055685223591674	136	0:14
479.00000000155904	-58034.30757709514	7448.654883066507	293.48640939784116	31.48755236412102	1.1098816991361502	136	0:13
480.0000000015638	-57853.70444820548	7174.701190448589	282.6922879289442	31.562777646292133	1.1072364578037897	136	0:12
481.0000000015686	-57932.0819978026	7506.506873648389	295.76585088881336	31.610989345363805	1.1055477491613108	136	0:12
482.00000000157337	-57956.239540669805	7686.265152715025	302.84855410315305	31.39622140018223	1.1131103222289767	136	0:11
483.00000000157814	-58071.73632087241	7772.680599271118	306.2534318326764	31.16041740811005	1.121533696478451	136	0:10
484.0000000015829	-57819.49673031198	7708.997627444229	303.74424231662744	31.596020017986987	1.1060715273516806	136	0:10
485.0000000015877	-57952.23702687587	7439.878964091735	293.14062710701074	31.460332014574732	1.1108419994849041	136	0:09
486.00000000159247	-57833.366035275074	7623.800360779216	300.38736241326814	31.311882078896257	1.116108512144762	136	0:08
487.00000000159724	-57932.93209934578	7440.376928205806	293.16024752199064	31.747898785681556	1.1007801919568485	136	0:08
488.000000001602	-58102.1558672658	7605.825725227002	299.6791390721054	31.452212213029437	1.1111287779322485	136	0:07
489.0000000016068	-58162.871370727284	7356.113408617786	289.8401584327064	31.16300627514324	1.1214405250562913	136	0:07
490.00000000161157	-57788.91091402428	7282.099904388582	286.9239328934399	31.33123557484907	1.1154190850865442	136	0:06
491.00000000161634	-57573.0583697414	7311.306727337791	288.0747186033227	31.37563545767343	1.1138406476794451	136	0:05
492.0000000016211	-57841.0016208897	7746.3968947316225	305.2178206797813	31.286404591449386	1.117017393845259	136	0:05
493.0000000016259	-58041.9706244565	7820.66121613757	308.14392873257185	31.19881161736985	1.1201535029004834	136	0:04
494.00000000163067	-57918.61278568435	7621.390107763576	300.29239540051145	31.627715168663144	1.1049630974973244	136	0:03
495.00000000163544	-57642.14729006021	7470.757688585802	294.35728784922753	31.641328423190263	1.104487702037054	136	0:03
496.0000000016402	-57916.78264205903	7613.07610727738	299.9648132814939	32.1535709166175	1.0868919725947985	136	0:02
497.000000001645	-58059.77400956853	7466.288855388889	294.1812101775205	31.650012739756555	1.1041846462080744	136	0:01
498.00000000164977	-57985.90848373133	7374.620787138645	290.569372519642	31.4492421965735	1.111233711168302	136	0:01
499.00000000165454	-58334.50398515159	7556.146571477349	297.721717673907	31.50701937395529	1.1091959447112227	136	0:00
500.0000000016593	-58003.20145263156	7521.132406289981	296.3421153456712	31.493113419323002	1.1096857161822138	136	0:00
