#"Time (ps)"	"Potential Energy (kJ/mole)"	"Kinetic Energy (kJ/mole)"	"Temperature (K)"	"Box Volume (nm^3)"	"Density (g/mL)"	"Speed (ns/day)"	"Time Remaining"
100.99999999994601	-58215.46897971467	7385.824805243953	291.01082498269415	31.599781992234988	1.1059398488292347	0	--
101.99999999994368	-58201.48711251779	7465.372537868159	294.1451061099742	31.491904586481063	1.1097283120351982	137	4:11
102.99999999994135	-58097.69325572191	7721.410499811815	304.23332516429144	31.640261910592667	1.1045249315028354	136	4:11
103.99999999993902	-57923.22734388811	7459.7331986253685	293.92290902181196	31.410892407632588	1.1125904245572213	136	4:11
104.99999999993669	-57749.50783067875	7735.61858096277	304.79314150521316	31.445194456847357	1.1113767532106686	136	4:10
105.99999999993436	-58021.12875122708	7553.013244755372	297.5982606439413	31.295887196408703	1.1166789393188847	136	4:09
106.99999999993203	-58107.77207561399	7577.079913435582	298.5465177840565	31.35261323235469	1.1146585409175622	136	4:09
107.9999999999297	-58006.23751026971	7342.435791171854	289.30124303169225	31.40764397661641	1.1127054976026916	136	4:08
108.99999999992737	-57949.578422197344	7230.990780642557	284.9101688714564	31.597456724772925	1.1060212353144787	136	4:07
109.99999999992504	-57865.40806477715	7431.16110650016	292.7971325080047	31.427444599228718	1.1120044459608023	136	4:07
110.99999999992271	-57793.45750383407	7359.506052915225	289.97383290264094	31.436890230175592	1.1116703294648345	136	4:06
111.99999999992038	-57758.13936492827	7429.323712130261	292.72473684936097	31.487007796238156	1.1099008945430633	136	4:06
112.99999999991805	-57860.613830990624	7311.931545571935	288.0993372308392	31.66178569032069	1.1037740720420866	136	4:05
113.99999999991572	-57732.677247263	7606.061248516306	299.68841898714936	31.456355967135575	1.11098240864393	136	4:04
114.99999999991338	-57906.50707911019	7503.941474689356	295.6647709299511	31.28066687928665	1.1172222847547586	136	4:04
115.99999999991105	-57565.20453384021	7318.521909358372	288.35900588708256	31.535590102587086	1.1081910313345351	136	4:03
116.99999999990872	-57913.320868536626	7511.574917049269	295.9655381993073	31.555089564873644	1.107506224873207	136	4:03
117.9999999999064	-57774.55956982935	7445.028835894567	293.3435385598837	31.43324416254961	1.1117992765495854	136	4:02
118.99999999990406	-58051.71949120512	7488.6272154729995	295.0613697762456	31.515467110199236	1.108898624200281	136	4:01
119.99999999990173	-58089.90121828744	7331.982755922072	288.88938024157403	31.296174212033023	1.116668698313043	136	4:01
120.9999999998994	-58238.69977492606	7539.997457259977	297.085422178812	31.249172476072903	1.118348274543525	136	4:00
121.99999999989707	-58156.272918614355	7561.298233864325	297.9246996780566	31.41186236536131	1.1125560692022713	136	3:59
122.99999999989474	-57748.96824977017	7443.412057947522	293.27983546691985	31.769760626605134	1.1000227080799243	136	3:59
123.99999999989241	-58156.10793604405	7534.03471753884	296.8504827033762	31.29985220554813	1.1165374804336756	136	3:58
124.99999999989008	-58275.53239521384	7463.615646321581	294.0758823642374	31.842129374031668	1.0975226470887331	136	3:57
125.99999999988775	-58359.899635914335	7489.770271849888	295.10640764107603	31.492899139508328	1.109693266558842	136	3:57
126.99999999988542	-58365.221356845024	7415.670506387736	292.1867833002909	31.574413731101455	1.1068284091401883	136	3:56
127.99999999988309	-58342.485144834645	7608.56774856349	299.7871782545006	31.50330414154472	1.1093267538703175	136	3:55
128.99999999988785	-58116.357817807264	7534.204770459259	296.8571830032028	31.53255743920587	1.1082976122982453	136	3:55
129.99999999989262	-57987.15320146523	7570.945857472461	298.304828232329	31.062488050848543	1.1250695070633425	136	3:54
130.9999999998974	-58056.665258023626	7578.362201382432	298.5970415485809	31.370178265683073	1.1140344126689063	136	3:54
131.99999999990217	-57969.077726830204	7417.356885201811	292.2532287553156	31.527618643791662	1.1084712269066634	136	3:53
132.99999999990695	-57982.60955912073	7510.817173526117	295.9356821475307	31.524141633652064	1.1085934876724028	136	3:52
133.99999999991172	-57926.071526407	7597.699677876964	299.3589625440209	31.39103851716025	1.1132941046351406	136	3:52
134.9999999999165	-58127.95961988016	7569.056519749956	298.2303859399926	31.85819029585483	1.0969693443031592	136	3:51
135.99999999992127	-58286.286320271145	7520.716528921106	296.3257292521205	31.285248992376882	1.1170586536819511	136	3:50
136.99999999992605	-58131.27938798419	7188.982562879727	283.2549920388656	31.60453040531742	1.105773687232172	136	3:50
137.99999999993082	-58396.60948609133	7447.982974597671	293.45993535560694	31.61642766302675	1.105357584734274	136	3:49
138.9999999999356	-58085.26997598683	7581.683796098371	298.7279165752749	31.441893624319537	1.111493427752651	136	3:49
139.99999999994037	-58208.77108268606	7586.34418163981	298.9115416512703	31.216814175343043	1.119507516789871	136	3:48
140.99999999994515	-57990.37272275513	7578.470585394081	298.60131201551945	31.21208162813511	1.1196772626669955	136	3:47
141.99999999994992	-58007.27227390342	7270.729604080886	286.4759287016136	31.239860348559304	1.118681637164899	136	3:47
142.9999999999547	-57997.65265541093	7733.833598446234	304.7228109397835	31.38712770544859	1.1134328202151003	136	3:46
143.99999999995947	-58196.81386586666	7697.178782956611	303.27856491763987	31.234131727372972	1.1188868134567633	136	3:45
144.99999999996425	-58104.29485157356	7401.482115727735	291.62774278958017	31.309370273972796	1.1161980523313384	136	3:45
145.99999999996902	-57696.84296091716	7418.154109853538	292.2846404134193	31.775694456155616	1.0998172885804258	136	3:44
146.9999999999738	-57873.987219646224	7410.291013601645	291.9748244906862	31.66505410448672	1.1036601423200258	136	3:43
147.99999999997857	-57924.66963560425	7412.070321196417	292.0449314570314	31.407290848193195	1.1127180083263881	136	3:43
148.99999999998334	-57677.49517555864	7670.123810661478	302.21256484112837	32.03098926191538	1.0910514762365275	136	3:42
149.99999999998812	-57522.54676277176	7589.026990442894	299.0172477062666	31.833446041450106	1.0978220225992594	136	3:42
150.9999999999929	-57702.58864679278	7470.017377387247	294.32811865305564	31.596619063063294	1.1060505571744224	136	3:41
151.99999999999767	-57468.786907481	7335.620368758743	289.03270678132833	31.353020865020603	1.114644048813769	136	3:40
153.00000000000244	-57834.52076812927	7537.336906710234	296.9805931271076	31.291642410687007	1.1168304194730783	136	3:40
154.00000000000722	-58007.19066141563	7463.132191055944	294.05683361620925	31.317455848756072	1.1159098711052304	136	3:39
155.000000000012	-57854.112294038554	7650.013518137488	301.42019391812806	31.519060935722855	1.1087721867982632	136	3:38
156.00000000001677	-57693.832694273966	7470.911140130264	294.3633340338754	31.482204258240454	1.1100702426318085	136	3:38
157.00000000002154	-57593.646890497796	7845.686656315924	309.1299626805593	31.66661179658883	1.1036058528779427	136	3:37
158.00000000002632	-57516.359673593804	7734.366714350161	304.7438163796774	32.080514697842986	1.0893671267025813	136	3:36
159.0000000000311	-57804.40205524315	7702.922801681048	303.50488650958016	31.86267901777666	1.0968148064395788	136	3:36
160.00000000003587	-57660.3734430036	7485.483115363827	294.9374882612185	31.800676586963522	1.0989532887440392	136	3:35
161.00000000004064	-57555.597127921035	7507.792495106146	295.81650599787736	31.81591837345577	1.0984268223634253	136	3:34
162.00000000004542	-57896.313739563426	7762.099025280594	305.8365044538397	31.19223245208313	1.1203897692547242	136	3:34
163.0000000000502	-57594.26734493629	7304.1927342058725	287.7944182895688	31.16671344121421	1.1213071338255174	136	3:33
164.00000000005497	-57834.4627823701	7632.269929406102	300.721074113498	31.296406303764456	1.1166604171842414	136	3:33
165.00000000005974	-57530.495416129095	7413.127277283973	292.0865768617249	31.56589800659731	1.107127004979395	136	3:32
166.00000000006452	-57797.883323561895	7560.635672261287	297.89859391413904	31.355735080321146	1.114547562989909	136	3:31
167.0000000000693	-57757.69822584026	7707.113890084176	303.6700206856445	31.303192044558394	1.1164183534312835	136	3:31
168.00000000007407	-57844.92938351733	7757.887714898401	305.6705735062616	31.478459699306477	1.1102022924043864	136	3:30
169.00000000007884	-57965.066704156576	7797.957756562666	307.2493837528205	31.15916629273086	1.1215787287505845	136	3:29
170.00000000008362	-57926.0375053919	7663.075816500915	301.9348649701969	31.120092404777452	1.1229869649797093	136	3:29
171.0000000000884	-57803.64325225659	7545.864921389461	297.316607675612	31.04088339054732	1.1258525628871585	136	3:28
172.00000000009317	-57798.979985448066	7594.2275698434805	299.2221571025304	31.426099340928797	1.1120520475798974	136	3:28
173.00000000009794	-58019.38753940922	7634.232561318509	300.7984042894807	31.292098530692268	1.116814140325283	136	3:27
174.00000000010272	-57791.27724914055	7415.837827880079	292.1933759784018	31.44152120159981	1.1115065933181036	136	3:26
175.0000000001075	-57699.6934233855	7504.393123386606	295.68256645901585	31.736449805387647	1.1011773003543823	136	3:26
176.00000000011227	-58153.21958203209	7456.144638691787	293.7815152283889	31.34624494854989	1.114884994259762	136	3:25
177.00000000011704	-57956.4648304593	7667.622162788721	302.1139967555775	31.370065621991163	1.114038412945816	136	3:24
178.00000000012182	-58043.39871986187	7434.200941351425	292.9169058401923	31.357593178595437	1.1144815203286753	136	3:24
179.0000000001266	-58091.4966463919	7476.011978889704	294.5643135229142	31.536712417909275	1.108151593495933	136	3:23
180.00000000013137	-58164.866453893716	7325.175611662911	288.6211701609303	31.143637607930536	1.1221379647260594	136	3:22
181.00000000013614	-57854.009773708385	7303.948103438041	287.7847795283688	31.499034453869644	1.1094771228848208	136	3:22
182.00000000014091	-58026.08316402283	7559.755045923123	297.86389612426075	31.5446118116622	1.107874090452712	136	3:21
183.0000000001457	-57832.797003655636	7587.791631082585	298.9685729873187	31.890621498526365	1.095853780119777	136	3:21
184.00000000015046	-57798.52810555688	7787.967836840756	306.8557682993752	31.62289183029175	1.105131633978293	136	3:20
185.00000000015524	-57792.96360337909	7505.471126533494	295.72504114442773	31.26054350854158	1.1179414750092287	136	3:19
186.00000000016001	-58005.463369810604	7694.877482666898	303.18789077988254	31.474935789999616	1.1103265897887178	136	3:19
187.0000000001648	-58179.92017402919	7515.517749900132	296.12089079308714	31.280292790771004	1.1172356458837271	136	3:18
188.00000000016956	-58070.19599688059	7567.725003129091	298.17792250354046	31.342072190259167	1.1150334255943195	136	3:17
189.00000000017434	-57971.470288909244	7480.317802192077	294.73396839890904	31.643073561674225	1.1044267887382835	136	3:17
190.0000000001791	-57871.638982729404	7785.164480056132	306.74531250166456	31.682844347574896	1.1030404257944766	136	3:16
191.0000000001839	-57743.7940411483	7459.411918218615	293.91025016803655	31.88323919758527	1.0961075160197633	136	3:15
192.00000000018866	-57905.010226189304	7288.77224243529	287.18683143906435	32.18591024474992	1.0857998998251004	136	3:15
193.00000000019344	-58295.07792221484	7646.40638564079	301.2780683422627	31.869119885024368	1.0965931361019892	136	3:14
194.0000000001982	-58283.80867297508	7368.383434239271	290.3236129381709	32.05918937014633	1.0900917585917622	136	3:14
195.000000000203	-58161.63479816241	7457.041455596556	293.8168509470388	31.944479028979746	1.0940062001895574	136	3:13
196.00000000020776	-57975.31542476901	7340.121731432862	289.21006615551926	31.54320100281774	1.107923641497491	136	3:12
197.00000000021254	-57981.60972636743	7632.577365124922	300.73318746908416	31.334082501656958	1.1153177412385094	136	3:12
198.0000000002173	-57818.34774535798	7522.485482752132	296.39542826709817	31.27455207063694	1.1174407243498337	136	3:11
199.0000000002221	-58003.41293194835	7506.967813719915	295.78401250975884	31.17881666464231	1.1208718565371525	136	3:10
200.00000000022686	-58251.62168219808	7509.371508445754	295.8787211176148	31.14697252141502	1.122017817157064	136	3:10
201.00000000023164	-57949.7805496364	7572.8005109741225	298.37790392256085	31.6796487140329	1.1031516932209138	136	3:09
202.0000000002364	-57851.886592557945	7547.312456405607	297.3736423833593	31.81025510179178	1.0986223784656368	136	3:08
203.0000000002412	-57943.225894093455	7653.0767718936795	301.54088998474583	32.24307923806394	1.0838747087862686	136	3:08
204.00000000024596	-58002.57714610649	7582.6026268862115	298.7641196687194	31.78322167830666	1.0995568187910352	136	3:07
205.00000000025074	-57868.42854192766	7407.1519374766885	291.851140926982	31.68384632546204	1.1030055429679435	136	3:07
206.0000000002555	-57843.345367290836	7615.879593157705	300.07527416573816	31.648854586612792	1.104225052565145	136	3:06
207.0000000002603	-58073.13423321294	7694.646377961495	303.1787849626245	31.61414407087369	1.1054374282973694	136	3:05
208.00000000026506	-58376.80461610088	7528.787189325765	296.6437234646081	31.433268880286022	1.1117984022796659	136	3:05
209.00000000026984	-58159.915737462434	7575.883179170886	298.4993649426559	31.333285849130277	1.1153460983249919	136	3:04
210.0000000002746	-58220.47510180922	7657.208329726459	301.7036785811565	31.405202178498293	1.1127920120016315	136	3:03
211.00000000027939	-58531.71292270557	7601.444704794423	299.5065213342129	31.359418221830836	1.1144166601662429	136	3:03
212.00000000028416	-58025.64645912376	7190.851753174522	283.32864049710577	31.573760453865855	1.106851309985479	136	3:02
213.00000000028894	-58186.31783354271	7361.571536945325	290.0552155819541	31.732844139236335	1.1013024223794068	136	3:01
214.0000000002937	-58193.68461133164	7438.74289280436	293.09586446352864	31.866395397742195	1.0966868917343955	136	3:01
215.00000000029848	-58080.72141726749	7533.006403150688	296.80996581781113	31.68153461035789	1.1030860262717037	136	3:00
216.00000000030326	-58013.49049718442	7555.944241903858	297.71374563318676	31.42477527671397	1.1120989032314736	136	3:00
217.00000000030803	-58501.07138925165	7730.13862965029	304.57722450279823	31.440339263649257	1.1115483782305984	136	2:59
218.0000000003128	-58290.116759516124	7468.742617444819	294.27789150141285	31.34692130653485	1.114860938903231	136	2:58
219.00000000031758	-58429.656237628486	7636.106356444617	300.87223418389004	31.151045844745347	1.1218711016543343	136	2:58
220.00000000032236	-58150.15873607667	7538.1561502604745	297.01287235762067	31.46037057451825	1.110840637962329	136	2:57
221.00000000032713	-58063.60470290313	7562.034494083209	297.9537092605134	31.592106077305573	1.1062085583662278	136	2:56
222.0000000003319	-58247.39932945563	7485.1861229441965	294.9257863848094	31.639138432670187	1.104564152209746	136	2:56
223.00000000033668	-57975.34655601723	7115.818790255213	280.37224699796116	31.451779241474018	1.1111440739557756	136	2:55
224.00000000034146	-58052.08869282756	7468.489528420976	294.2679194742439	31.618960912192048	1.1052690256514293	136	2:54
225.00000000034623	-57979.961335553875	7506.4013472088	295.7616930138228	31.465605040557765	1.1106558438804344	136	2:54
226.000000000351	-58013.86559600753	7809.97691700806	307.7229538535262	31.158533356355893	1.121601511850376	136	2:53
227.00000000035578	-58065.26804947955	8028.7295432081155	316.3420835914006	31.746528232506023	1.1008277145639378	136	2:53
228.00000000036056	-57851.03149373093	7473.200272403608	294.4535287364206	31.284809966466586	1.1170743295864176	136	2:52
229.00000000036533	-57986.25435737349	7624.642644939273	300.4205494729062	31.354557013009455	1.114589439264887	136	2:51
230.0000000003701	-57802.57005223396	7671.80415831996	302.2787726610059	31.39920586255237	1.113004522232472	136	2:51
231.00000000037488	-57553.76389145534	7719.11469818821	304.1428676809231	31.60149035740881	1.1058800621197882	136	2:50
232.00000000037966	-57698.49128002935	7918.097063669333	311.9830241783472	31.478620458222277	1.1101966226858837	136	2:49
233.00000000038443	-57889.31283015717	7603.372300325556	299.5824710325256	31.367467739845438	1.1141306786182206	136	2:49
234.0000000003892	-57766.56881591678	7355.415847380978	289.81267363901685	31.258234680091523	1.1180240495726808	136	2:48
235.00000000039398	-58066.48013116178	7423.248010708543	292.48534654026145	31.60635807288567	1.1057097448221886	136	2:48
236.00000000039876	-57953.2451094563	7358.010781306904	289.91491731287476	31.560209424053152	1.1073265595282913	136	2:47
237.00000000040353	-58279.5982046077	7652.549841077022	301.5201282451016	31.139270493277067	1.1222953385203502	136	2:46
238.0000000004083	-57959.18333287147	7231.549592392719	284.93218676014357	31.10872257268061	1.123397402059179	136	2:46
239.00000000041308	-58307.87960183993	7406.540582455269	291.82705276704974	31.138867578392333	1.12230986022689	136	2:45
240.00000000041786	-57906.014799685596	7328.133783553639	288.7377258693395	31.40111273145363	1.1129369337451291	136	2:44
241.00000000042263	-58054.4399430285	7281.8788862750625	286.91522450064053	31.30641406499376	1.1163034529274536	136	2:44
242.0000000004274	-57929.095535128756	7423.057218067715	292.47782906925823	31.32167588585173	1.115759522156195	136	2:43
243.00000000043218	-57830.94678039802	7361.517050827852	290.0530687601144	31.329273605679802	1.1154889372600512	136	2:42
244.00000000043696	-57706.67611007579	7642.302617689069	301.11637470226196	31.232265733533005	1.1189536621420089	136	2:42
245.00000000044173	-57781.338450751995	7441.715192566702	293.2129768279217	31.726728171667734	1.1015147206618534	136	2:41
246.0000000004465	-57851.12820166009	7546.3484421048215	297.3356590024419	31.302249469551466	1.116451971080336	136	2:41
247.00000000045128	-57901.100510978315	7407.260259753946	291.85540896150764	31.3456573386951	1.1149058940419074	136	2:40
248.00000000045605	-58016.21417836522	7617.8316015258315	300.1521857606596	31.104620394812468	1.1235455593393955	136	2:39
249.00000000046083	-57892.900701679	7438.925616543097	293.1030640095991	31.699359701040276	1.10246574218287	136	2:39
250.0000000004656	-58203.72316611724	7588.53562570643	298.99788731509886	30.94355834159364	1.1293936441871182	136	2:38
251.00000000047038	-57665.005584529485	7791.923575138921	307.01162938407725	31.428800269393633	1.1119564800429904	136	2:37
252.00000000047515	-57926.45458880984	7807.43363445576	307.6227453090202	31.579972503836427	1.1066335828912965	136	2:37
253.00000000047993	-57837.83088010497	7612.460988940709	299.94057684218797	31.470122401910945	1.1104964154002477	136	2:36
254.0000000004847	-58240.38669947631	7642.94056841246	301.14151076644	31.626527613932176	1.1050045881146313	136	2:36
255.00000000048948	-58128.9596652232	7500.255317420882	295.51953167827634	31.443352696433667	1.1114418509032882	136	2:35
256.00000000049425	-58246.949920034385	7801.07571073944	307.3722350850911	31.26898469859836	1.1176396821447057	136	2:34
257.000000000499	-58189.07893220935	7515.022281682548	296.10136871958093	31.059106964661822	1.125191981832941	136	2:34
258.0000000005038	-58112.9314773083	7626.494179497657	300.49350227283406	31.16964731463476	1.1212015896991117	136	2:33
259.0000000005086	-57901.43234646731	7565.461943859849	298.0887551102848	31.48681917573205	1.1099075433591055	136	2:32
260.00000000051335	-58022.579301022226	7617.4462212535545	300.13700129123004	31.3604626134959	1.1143795469550752	136	2:32
261.0000000005181	-58113.384856611345	7531.2511904200055	296.7408082195408	31.641660160826966	1.1044761223620883	136	2:31
262.0000000005229	-57926.43081209247	7523.033792498576	296.4170323635757	31.66238145662198	1.1037533031874993	136	2:30
263.0000000005277	-58154.71905617474	7749.155869659656	305.3265277762918	31.695133994028453	1.102612726802589	136	2:30
264.00000000053245	-58030.96957428788	7537.52986795835	296.9881960439767	31.784224755894567	1.0995221179037231	136	2:29
265.0000000005372	-58169.20366779895	7450.503069167608	293.5592302643233	31.54538602363792	1.1078469001248532	136	2:29
266.000000000542	-58062.79774736933	7518.611604483348	296.2427925709358	31.329025589655725	1.1154977680208524	136	2:28
267.0000000005468	-57612.38195908969	7371.524758399711	290.4473850773122	31.548507211079812	1.1077372975433721	136	2:27
268.00000000055155	-57864.3912879017	7748.789085652025	305.3120760231748	31.412476592260916	1.1125343147295534	136	2:27
269.0000000005563	-57646.667213821434	7462.9960884728125	294.0514710025481	31.206114785318654	1.119891353343693	136	2:26
270.0000000005611	-57489.029389243835	7775.9637371935705	306.3827916131395	31.381115180481906	1.1136461505123751	136	2:25
271.0000000005659	-57634.70411510719	7578.957898632036	298.6205127725292	31.193349905099335	1.1203496330420126	136	2:25
272.00000000057065	-58036.46696066187	7551.449456111024	297.5366453964245	31.134843012725007	1.1224549327339115	136	2:24
273.0000000005754	-58022.75966155142	7429.349259001099	292.7257434283355	31.055523889828244	1.1253218024435143	136	2:23
274.0000000005802	-58116.06693092032	7447.719310458028	293.4495466555201	31.192521051238117	1.1203794031948557	136	2:23
275.000000000585	-57788.16884668553	7367.4006504244535	290.28489001469643	31.28616071926843	1.1170261008729587	136	2:22
276.00000000058975	-57926.0579948395	7508.329238635139	295.8376543707802	31.47415526662904	1.1103541246294455	136	2:22
277.0000000005945	-58185.04469977101	7532.295063258143	296.78193812768427	31.50652482060467	1.1092133555990966	136	2:21
278.0000000005993	-57768.76284359317	7376.2774567768365	290.6346473956168	31.336092651350032	1.1152461957640885	136	2:20
279.0000000006041	-57745.59068387418	7609.3432706939275	299.817734805857	31.57885769275869	1.1066726497691808	136	2:20
280.00000000060885	-58069.29178874858	7441.293212259083	293.196350270877	31.476570988029636	1.1102689086692277	136	2:19
281.0000000006136	-57955.497863725206	7139.537772345868	281.30680484735	31.46923917456727	1.1105275830047039	136	2:18
282.0000000006184	-58175.71390703021	7468.022879389345	294.2495329130604	31.095899726506083	1.1238606513044544	136	2:18
283.0000000006232	-58185.226190277404	7592.650993314202	299.1600379961974	31.539471557845356	1.1080546500417205	136	2:17
284.00000000062795	-58161.468099944905	7431.769170022435	292.82109097871387	31.622011037942297	1.1051624160650864	136	2:16
285.0000000006327	-58307.8794742233	7510.816861672588	295.93566986010785	31.231987564808897	1.1189636281395905	136	2:16
286.0000000006375	-58098.139504805265	7548.051047750875	297.4027438151397	31.50654558799736	1.109212624466283	136	2:15
287.0000000006423	-58199.47731457377	7507.326442392103	295.7981429323599	31.486524691074045	1.1099179240138948	136	2:15
288.00000000064705	-58253.99301023752	7423.947953630684	292.512925175361	31.112794278709885	1.1232503839567785	136	2:14
289.0000000006518	-58136.30149179738	7281.876868438985	286.9151449953507	31.591511537784278	1.1062293767656879	136	2:13
290.0000000006566	-57973.90042398582	7255.103237687583	285.8602301309721	31.60866442504862	1.105629065802434	136	2:13
291.0000000006614	-57967.22310877632	7449.06652556249	293.5026286320517	31.63924462572395	1.1045604448822866	136	2:12
292.00000000066615	-57836.88507604899	7513.279086849698	296.0326846416628	31.628949820701568	1.1049199647044734	136	2:11
293.0000000006709	-58044.03684534316	7574.280975790493	298.4362361060246	31.2624168148866	1.1178744857271492	136	2:11
294.0000000006757	-57869.32347724686	7656.595288104887	301.67952396704817	31.4869113537245	1.1099042941026764	136	2:10
295.0000000006805	-57962.76031196877	7691.033307162628	303.0364254101541	31.920758108197305	1.094819176946633	136	2:10
296.00000000068525	-57897.85364816018	7299.44657659516	287.6074136857214	31.235562787130146	1.1188355515697124	136	2:09
297.00000000069	-57982.33259267558	7427.08357603301	292.6364726580317	31.42787709255536	1.1119891431612954	136	2:08
298.0000000006948	-58093.754643245076	7414.590174222312	292.1442168486074	31.078640775828056	1.1244847666153441	136	2:08
299.0000000006996	-57912.81291739247	7263.405636731073	286.1873551384955	31.390816786398098	1.1133019684493255	136	2:07
300.00000000070435	-57797.1494578502	7679.456100768057	302.5802688572005	31.712362578980443	1.1020137030942303	136	2:06
301.0000000007091	-57940.29150118132	7810.262005388817	307.7341866957699	31.659433061423183	1.1038560940660807	136	2:06
302.0000000007139	-57894.09782275531	7589.745171561102	299.04554494932444	31.461854306751057	1.1107882510291247	136	2:05
303.00000000071867	-57925.23502120699	7470.667304511707	294.353726602561	30.732958403311024	1.1371329001559467	136	2:04
304.00000000072345	-57977.66875778185	7489.958819980148	295.11383667552826	31.159080510319377	1.12158181650948	136	2:04
305.0000000007282	-58308.13027161785	7667.540940679624	302.1107965019026	31.341239648215556	1.1150630451057766	136	2:03
306.000000000733	-58047.09142387021	7474.388366076287	294.50034112758345	31.29445999096531	1.116729866232504	136	2:03
307.00000000073777	-58141.31059643853	7507.81759936497	295.8174951373795	31.346881618561333	1.114862350417523	136	2:02
308.00000000074255	-57901.177132920595	7521.754186790749	296.3666142826563	31.589692041547146	1.1062930931256252	136	2:01
309.0000000007473	-57964.96788306988	7475.2321749267	294.5335882619471	31.34397123129572	1.114965868927147	136	2:01
310.0000000007521	-58069.5371904051	7683.038831954736	302.7214329906344	31.203473730119807	1.1199861407031542	136	2:00
311.00000000075687	-57616.444025446894	7371.85093000356	290.4602366504304	31.386291771794408	1.113462475071203	136	1:59
312.00000000076164	-57990.7412492423	8012.102237252835	315.6869467379174	31.265064654266922	1.1177798128992402	136	1:59
313.0000000007664	-57418.55342912773	7862.480450369025	309.79165937535663	31.873922802829945	1.0964278961115608	136	1:58
314.0000000007712	-57594.766710140946	7734.433548584449	304.74644973291424	31.622808817538182	1.1051345350494952	136	1:57
315.00000000077597	-57691.90468317564	7872.840608060806	310.1998626723933	31.670114745483158	1.1034837859093451	136	1:57
316.00000000078074	-57303.02618735199	7591.952487832692	299.13251599807404	31.75206078047783	1.1006359039541753	136	1:56
317.0000000007855	-57833.44987228536	7604.381297880526	299.62222681046774	31.55322517745123	1.1075716641639384	136	1:56
318.0000000007903	-58148.66550448703	7740.5602400003645	304.9878491121811	31.573594710366063	1.1068571203283164	136	1:55
319.00000000079507	-57634.437785432616	7497.329774557612	295.4042615947566	31.48297914882638	1.1100429204722166	136	1:54
320.00000000079984	-57927.891257289564	7643.558666609093	301.1658646159917	31.31249064804282	1.116086820187634	136	1:54
321.0000000008046	-57856.13827844104	7483.146489189734	294.8454222390031	31.51053258986928	1.1090722767016905	136	1:53
322.0000000008094	-57894.89247148781	7485.274839751953	294.92928193907665	31.97864202824326	1.0928374659769429	136	1:52
323.00000000081417	-57860.6349760259	7471.96700647245	294.40493650122505	31.424993276240325	1.1120911884475106	136	1:52
324.00000000081894	-57876.49748394967	7616.185960387767	300.08734542151785	31.220726644207968	1.1193672241453914	136	1:51
325.0000000008237	-57968.43047194241	7583.381662522451	298.7948146566416	31.63609407366639	1.1046704450350937	136	1:50
326.0000000008285	-57810.59122953875	7577.473778283696	298.5620365564893	31.506341830162594	1.109219797966903	136	1:50
327.00000000083327	-58052.31669888378	7514.154614042166	296.06718151876095	31.630430826009842	1.104868229957579	136	1:49
328.00000000083804	-58013.1807201069	7393.796678848347	291.32492687049216	31.808532555105295	1.0986818728272343	136	1:49
329.0000000008428	-57875.96524182803	7484.817099216416	294.9112463838899	31.33009809899039	1.1154595816811477	136	1:48
330.0000000008476	-57930.57201121564	7668.867365301831	302.1630593071768	31.46633105296354	1.1106302180799608	136	1:47
331.00000000085237	-57807.00846942849	7661.769532280265	301.8833957221796	31.366986362736764	1.1141477767544123	136	1:47
332.00000000085714	-57819.14350030676	7619.9794503510675	300.23681371692066	31.40378013625436	1.11284240202611	136	1:46
333.0000000008619	-57877.76832947755	7389.156980324751	291.1421168891257	31.035137726161924	1.126060996664088	136	1:45
334.0000000008667	-58304.46208229399	7455.002547835279	293.73651540628083	31.189447940448126	1.1204897946977581	136	1:45
335.00000000087147	-58169.63528629052	7353.67464106776	289.7440679112835	31.105328442933626	1.1235199841610528	136	1:44
336.00000000087624	-58242.61682794706	7526.45479787687	296.5518242959135	31.526624235449262	1.1085061901500195	136	1:44
337.000000000881	-58032.21717030977	7404.64087329096	291.75220182680806	31.528496755150712	1.1084403544808992	136	1:43
338.0000000008858	-58080.93640724753	7485.755602236543	294.9482245881308	31.27065121785025	1.1175801193286325	136	1:42
339.00000000089057	-57921.33473750891	7355.749406803958	289.82581630153885	31.203387077358766	1.1199892509389493	136	1:42
340.00000000089534	-58176.914021034725	7702.792045545801	303.4997345527177	31.49839502140262	1.1094996458004587	136	1:41
341.0000000009001	-58147.88746419069	7390.178987859599	291.1823852767056	31.332643451424758	1.1153689657148926	136	1:40
342.0000000009049	-58181.97616912797	7453.136694809473	293.66299844065355	31.33550056955001	1.115267268252578	136	1:40
343.00000000090967	-58332.972749601264	7661.185040230925	301.8603659972729	31.512090736192146	1.109017437532046	136	1:39
344.00000000091444	-58375.24608369317	7538.94551458046	297.0439743087268	31.214066015288036	1.1196060808743262	136	1:38
345.0000000009192	-58263.09956138852	7533.047233668193	296.8115745917662	30.980124927778963	1.1280605937193229	136	1:38
346.000000000924	-57993.00403633586	7336.659592661979	289.07365351556547	31.5602054749899	1.107326698085774	136	1:37
347.00000000092876	-57811.50101481908	7430.42379545749	292.76808152176363	31.353902101187554	1.1146127205074572	136	1:37
348.00000000093354	-58024.09836598468	7423.0001653985455	292.47558112204035	31.371317869880592	1.1139939439102102	136	1:36
349.0000000009383	-58097.806807192566	7354.667304764409	289.7831801145796	31.44790485864647	1.1112809669392165	136	1:35
350.0000000009431	-58009.201498297276	7474.633917966912	294.5100161821848	31.359513731575433	1.1144132660558783	136	1:35
351.00000000094786	-58216.33784643561	7375.559374714563	290.6063540554879	31.10221681781362	1.1236323868565272	136	1:34
352.00000000095264	-58058.285377017804	7357.992528042369	289.91419811119977	31.453831228446273	1.111071585070479	136	1:33
353.0000000009574	-58010.83445209751	7272.043216327187	286.5276866830962	31.45203365339931	1.1111350860376574	136	1:33
354.0000000009622	-57986.3466663186	7277.450404208147	286.74073671441533	31.32549709989	1.1156234171827988	136	1:32
355.00000000096696	-58027.23829466454	7367.040378633701	290.2706948511488	31.4869771670706	1.109901974206579	136	1:31
356.00000000097174	-57834.38706921955	7381.017429676875	290.8214083140529	31.46009373004449	1.110850413206309	136	1:31
357.0000000009765	-58415.40195284336	7484.133774268008	294.88432251794245	31.24893751353218	1.1183566834678886	136	1:30
358.0000000009813	-58474.9137901582	7560.989156693298	297.9125216471805	31.245961671751754	1.118463194913401	136	1:30
359.00000000098606	-58336.712199510104	7461.514408122277	293.9930909255033	31.216242954244684	1.1195280024810639	136	1:29
360.00000000099084	-58547.39421477541	7393.010589511891	291.29395395787316	31.25547191663305	1.1181228750198886	136	1:28
361.0000000009956	-58749.20685439184	7641.231405460132	301.0741675875937	31.230351557888383	1.1190222452267546	136	1:28
362.0000000010004	-58594.13310318501	7529.247876217989	296.6618751099693	31.710877417184832	1.1020653153100812	136	1:27
363.00000000100516	-58344.892492030165	7432.946942560633	292.86749670414343	31.818089277423066	1.0983518782294244	136	1:26
364.00000000100994	-58409.84807350134	7679.232984620396	302.5714777992063	31.23467241357296	1.1188674450237805	136	1:26
365.0000000010147	-58001.781575650384	7551.640757843981	297.54418292630055	31.261629321837148	1.1179026454362482	136	1:25
366.0000000010195	-57784.726101787266	7517.252575964283	296.18924513094953	31.498432817270007	1.1094983144802077	136	1:25
367.00000000102426	-57833.434148754604	7650.294956203485	301.4312829333602	31.29130889601941	1.1168423230763231	136	1:24
368.00000000102904	-57801.06276959492	7591.558691684286	299.11699993249647	31.70451340558355	1.1022865316511832	136	1:23
369.0000000010338	-57698.369467392884	7491.697412414266	295.18233941312394	31.610404501485235	1.1055682035921783	136	1:23
370.0000000010386	-57965.20605801823	7510.71064737179	295.93148488251694	31.49782128912644	1.109519855317535	136	1:22
371.00000000104336	-57999.64540806122	7512.65096451068	296.00793582824144	31.825370457281508	1.0981005913643125	136	1:21
372.00000000104814	-57834.43007558258	7455.025350722195	293.73741386882335	31.69084398005723	1.102761988337113	136	1:21
373.0000000010529	-57920.074869708624	7745.150928420971	305.1687280335943	31.635861523392805	1.1046785652948825	136	1:20
374.0000000010577	-58324.45710799613	7476.85161196406	294.5973961264276	31.62286185540691	1.1051326815176845	136	1:19
375.00000000106246	-58045.38310699008	7502.961957619379	295.6261767203489	31.877322591129726	1.0963109596053	136	1:19
376.00000000106724	-58358.095710634836	7344.613602537136	289.3870515498712	31.903340101371107	1.0954169064582426	136	1:18
377.000000001072	-58219.568977072544	7317.758724613791	288.32893544431	31.47757755197738	1.1102334054080913	136	1:18
378.0000000010768	-57893.69203670195	7224.159912795376	284.64102405148384	31.521717205714566	1.1086787528565707	136	1:17
379.00000000108156	-58090.572081715916	7487.475585094608	295.0159940849277	31.704307778209543	1.1022936808463806	136	1:16
380.00000000108633	-58323.98556983852	7705.71428925922	303.6148746455668	31.46196021667716	1.110784511799249	136	1:16
381.0000000010911	-58122.075328577135	7507.523523922621	295.8059081935592	31.618324502261235	1.1052912723768717	136	1:15
382.0000000010959	-58104.74432676801	7457.545568989294	293.83671365136416	31.492637796316085	1.1097024754025904	136	1:14
383.00000000110066	-57885.31358171531	7400.074745562102	291.5722906276678	31.515600878354512	1.1088939174734784	136	1:14
384.00000000110543	-58159.14308452816	7649.219733429021	301.38891779813326	31.59533649282145	1.106095455810996	136	1:13
385.0000000011102	-57904.62252902167	7449.253880254662	293.510010643536	31.78487295587741	1.0994996949662788	136	1:12
386.000000001115	-58043.863833829324	7707.395438485046	303.6811140482099	31.75721873033605	1.1004571406672214	136	1:12
387.00000000111976	-58031.34542474843	7560.606520182728	297.8974452854273	31.490314793555456	1.1097843368234983	136	1:11
388.00000000112453	-58196.42172238062	7508.203052219773	295.8326824666523	31.132857105421166	1.122526532055541	136	1:11
389.0000000011293	-58016.96248764836	7434.949172904542	292.94638710833664	31.495019768222633	1.1096185484788899	136	1:10
390.0000000011341	-58123.9017636404	7704.92033252784	303.58359174765195	31.66460876173974	1.1036756646036965	136	1:09
391.00000000113886	-57828.79410490702	7492.686769446217	295.221321329655	31.466314300254176	1.1106308093810289	136	1:09
392.00000000114363	-57579.60412153203	7535.692603585039	296.9158055073627	31.758024432225824	1.1004292220414975	136	1:08
393.0000000011484	-57583.91261209242	7299.346987197079	287.60348973766423	31.65334477154787	1.1040684127303424	136	1:07
394.0000000011532	-57724.28890358811	7484.332888331348	294.89216786350187	31.575739432623436	1.1067819391561773	136	1:07
395.00000000115796	-58180.62421024809	7622.582935641232	300.33939432532924	31.284491155073265	1.1170857133746879	136	1:06
396.00000000116273	-57607.57612704375	7506.884603973156	295.7807339406498	31.191765853312038	1.120406529206435	136	1:05
397.0000000011675	-57795.242471135076	7595.930244184091	299.2892446218804	30.96903544652197	1.1284645329001992	136	1:05
398.0000000011723	-57904.24360405799	7489.86830090084	295.1102701094858	31.215159092593584	1.119566875051459	136	1:04
399.00000000117706	-57952.995696067635	7701.671464107985	303.4555822288706	31.144740470507163	1.1220982288365189	136	1:04
400.00000000118183	-57977.33806140578	7571.8886685611815	298.34197617991316	31.256128450237263	1.1180993888980466	136	1:03
401.0000000011866	-57925.34447769259	7641.602365425586	301.08878387872284	31.012413519075963	1.1268861128152021	136	1:02
402.0000000011914	-57696.61097466384	7439.125801009348	293.110951530385	31.06424767285933	1.125005777946541	136	1:02
403.00000000119616	-58102.83782405616	7535.543296457031	296.90992261795725	31.287056630220793	1.1169941146132836	136	1:01
404.00000000120093	-57933.41647037899	7541.645828275856	297.1503700785873	31.404250724901203	1.112825726226241	136	1:00
405.0000000012057	-58183.13476423724	7535.682182522947	296.91539490435537	31.406350994349133	1.1127513070785315	136	1:00
406.0000000012105	-57923.333491921745	7535.8075650380215	296.9203351337966	31.797069896814875	1.0990779412360208	136	0:59
407.00000000121526	-57824.00555406485	7558.4029936420075	297.81062355686004	31.727395182117128	1.101491563329692	136	0:58
408.00000000122003	-58275.05682594655	7482.799143537827	294.8317363816505	31.158751469677455	1.1215936605655945	136	0:58
409.0000000012248	-58123.30329290341	7621.3224953795325	300.2897313871916	31.944709469639808	1.093998308319039	136	0:57
410.0000000012296	-58175.45815808122	7492.323861190259	295.2070222860485	31.76257714404886	1.1002714912280664	136	0:57
411.00000000123435	-58099.14538208989	7310.821002383969	288.0555804267136	31.578991178266282	1.1066679718249248	136	0:56
412.00000000123913	-57988.38617226947	7468.964259760839	294.28662448857904	31.572123004898543	1.1069087154546717	136	0:55
413.0000000012439	-57944.74673832717	7746.6627791950505	305.2282968634294	31.119684827808584	1.1230016728286416	136	0:55
414.0000000012487	-57900.80728773956	7714.878186377392	303.97594376522994	31.392357743876552	1.113247319766737	136	0:54
415.00000000125345	-57643.56647323823	7465.138819445322	294.13589730894836	31.540189007438514	1.1080294449499668	136	0:53
416.00000000125823	-57747.86986598885	7526.121744823171	296.53870158498063	31.655990058457416	1.1039761528542795	136	0:53
417.000000001263	-57868.55262677875	7491.97807259195	295.1933977785742	31.452660647613534	1.111112936074639	136	0:52
418.0000000012678	-57770.12718106364	7521.5406388236115	296.35820022305853	31.272556617496303	1.117512026502394	136	0:52
419.00000000127255	-57868.13758868963	7597.103442453046	299.33547011532494	30.982419400742238	1.1279770526472155	136	0:51
420.00000000127733	-57685.31388195476	7524.598101031998	296.4786680953785	31.101374161276862	1.1236628304044807	136	0:50
421.0000000012821	-57873.51411617271	7526.890920025053	296.56900805933634	31.298441106053588	1.1165878198569377	136	0:50
422.0000000012869	-57804.139452471805	7473.723036922318	294.47412631866405	31.23495760879344	1.1188572290455272	136	0:49
423.00000000129165	-57734.907083401515	7410.891677381777	291.99849140220965	31.247994082580135	1.1183904485891896	136	0:48
424.0000000012964	-57909.018183292705	7865.425890869064	309.90771345089405	31.111964050823065	1.1232803580783453	136	0:48
425.0000000013012	-58226.86121645896	7401.683993711451	291.635697037093	31.102718295548588	1.1236142702205807	136	0:47
426.000000001306	-58371.667177549185	7620.621390864189	300.26210698385285	31.074944281702287	1.1246185287645738	136	0:46
427.00000000131075	-58397.07061865652	7472.147152794098	294.4120344938072	30.946582968085327	1.1292832606291248	136	0:46
428.0000000013155	-57949.129950597475	7275.407100217183	286.6602279566556	31.40027780195043	1.1129665266005504	136	0:45
429.0000000013203	-57962.25808659315	7295.765008631863	287.46235525846646	31.03459645722135	1.1260806360959563	136	0:45
430.0000000013251	-58205.786282208166	7582.692776355385	298.76767167165576	31.22074623203535	1.1193665218568618	136	0:44
431.00000000132985	-58166.75978079764	7527.488652822839	296.5925594864538	31.153415674971026	1.1217857612835143	136	0:43
432.0000000013346	-57809.345321605215	7659.835791954964	301.8072039112165	31.172712743205118	1.1210913341876805	136	0:43
433.0000000013394	-57861.98458335808	7454.973291056872	293.73536265226284	31.491842028703463	1.1097305164834763	136	0:42
434.0000000013442	-58030.686973008735	7614.067039629836	300.0038572676422	31.410228839209218	1.1126139289983272	136	0:41
435.00000000134895	-57923.22959684767	7494.4557156289575	295.2910200432805	31.421225981463735	1.11222452428004	136	0:41
436.0000000013537	-58008.90263903112	7497.067122809883	295.3939127841897	31.4089148598782	1.1126604747549262	136	0:40
437.0000000013585	-57931.80437926116	7549.086093654452	297.4435259309138	31.384528796904984	1.1135250220158002	136	0:39
438.0000000013633	-57847.88065016802	7784.894276809724	306.73466615251283	31.43594676753375	1.1117036931625672	136	0:39
439.00000000136805	-57807.8266101857	7628.656507022689	300.5787007081525	31.222413282971925	1.1193067557845948	136	0:38
440.0000000013728	-57641.97900736419	7468.224274583894	294.25746813807024	31.48037563597651	1.110134724046633	136	0:38
441.0000000013776	-57889.54793996009	7667.1308029693355	302.09463655814886	31.50095351422728	1.1094095327541518	136	0:37
442.0000000013824	-57624.48759508479	7313.011970129502	288.14190732288984	31.851200917423224	1.0972100615651263	136	0:36
443.00000000138715	-57942.80769073233	7409.463186234945	291.9422070469641	31.432943245499178	1.1118099201395402	136	0:36
444.0000000013919	-57838.08285121914	7363.020087301	290.1122902953611	31.69777378067421	1.1025209013522654	136	0:35
445.0000000013967	-57822.74288491957	7417.71924596657	292.2675062270774	31.598685219864713	1.105978235371616	136	0:34
446.0000000014015	-57888.37899842954	7551.091983107886	297.52256050864344	31.75948350353976	1.1003786669148465	136	0:34
447.00000000140625	-57812.93018074479	7613.860194106359	299.9957072927893	31.478559392906984	1.1101987763583552	136	0:33
448.000000001411	-57703.65528476794	7645.413064403715	301.23893023104335	31.36806378591338	1.1141095082579873	136	0:32
449.0000000014158	-58087.276571369235	7701.391008570241	303.44453192649246	31.11992499276083	1.122993006173976	136	0:32
450.0000000014206	-57890.71950418074	7475.944392777255	294.56165054472837	31.264204499990203	1.1178105657394892	136	0:31
451.00000000142535	-58186.219614867034	7584.68281710697	298.846081790517	31.352208778113024	1.1146729203948769	136	0:31
452.0000000014301	-58175.80143238179	7401.194435043233	291.61640780729505	31.07007809982042	1.1247946660208468	136	0:30
453.0000000014349	-57984.76939543351	7581.990441735246	298.73999880063457	31.338148649324545	1.1151730279472774	136	0:29
454.0000000014397	-58118.30798794358	7514.604509672523	296.0849079747762	31.268920585138815	1.1176419737411283	136	0:29
455.00000000144445	-58038.90722386306	7368.828353970852	290.3411433374903	31.52724518395071	1.1084843574382302	136	0:28
456.0000000014492	-58014.824813273066	7236.817570376002	285.1397517456841	31.020894850686727	1.12657801419792	136	0:27
457.000000001454	-58205.42970325568	7367.643260485157	290.29444915748365	31.107240042740155	1.1234509416943665	136	0:27
458.0000000014588	-58127.05035992313	7372.5562104440505	290.4880255904937	31.250721854399725	1.1182928279977942	136	0:26
459.00000000146355	-57884.68123812953	7419.148622037796	292.32382544946165	31.329555819816743	1.1154788890247838	136	0:26
460.0000000014683	-58057.42139345294	7492.530445388475	295.2151619643562	31.51637835566152	1.1088665621775438	136	0:25
461.0000000014731	-57860.42465010073	7458.04239107727	293.85628906907357	31.614113415778075	1.105438500201225	136	0:24
462.0000000014779	-58203.99823060038	7516.422013549224	296.1565199228679	31.552019963330597	1.1076139708375146	136	0:24
463.00000000148265	-58106.32361553275	7377.395842749214	290.67871321535296	31.383836717890258	1.1135495775635185	136	0:23
464.0000000014874	-58215.4467198677	7363.255142079847	290.1215517505015	31.538004989969238	1.1081061763622742	136	0:22
465.0000000014922	-58077.53361412612	7379.350679188779	290.7557362398607	31.700910600958416	1.1024118063811255	136	0:22
466.00000000149697	-58163.989691506635	7474.954834053546	294.5226606812874	31.638479674856903	1.1045871507947922	136	0:21
467.00000000150175	-57968.76788100603	7197.011761187301	283.57135259236503	31.610618755691256	1.1055607101407057	136	0:20
468.0000000015065	-58225.649999065296	7493.060858479173	295.2360609099954	31.562897664427542	1.1072322475295453	136	0:20
469.0000000015113	-57998.48897127315	7197.825355116813	283.6034092206864	31.744487270548667	1.1008984905531005	136	0:19
470.00000000151607	-58021.190935880004	7528.078247175431	296.61579024855246	31.502392311421062	1.1093588631000282	136	0:19
471.00000000152085	-57892.63976555443	7525.174561504835	296.50138136602783	31.44790362994576	1.1112810103580633	136	0:18
472.0000000015256	-57744.85742615617	7462.970482195736	294.05046208289275	31.792589524519286	1.099232828850784	136	0:17
473.0000000015304	-57826.33816047266	7781.022555970323	306.58211546179285	31.710813657434898	1.102067531191694	136	0:17
474.00000000153517	-57872.66087181616	7511.267887029508	295.95344082877637	31.858732585591326	1.09695067202186	136	0:16
475.00000000153995	-57892.46530422714	7446.707183785948	293.4096675864119	32.082679722228896	1.0892936133173234	136	0:15
476.0000000015447	-57572.28563898025	7340.688576176588	289.2324005542978	31.523265621823224	1.1086242947918246	136	0:15
477.0000000015495	-57866.8485018301	7756.238052090913	305.6055747082655	31.16210066438553	1.1214731155614874	136	0:14
478.00000000155427	-58113.95167411474	7696.384010326585	303.24724987228797	30.681544316605112	1.139038431667707	136	0:13
479.00000000155904	-58119.26073636825	7457.997140403198	293.85450613536744	31.069320690969498	1.124822086299648	136	0:13
480.0000000015638	-57901.04751702791	7714.578770315338	303.9641463942485	31.325287226880736	1.1156308916312236	136	0:12
481.0000000015686	-57922.07795100598	7833.104229625204	308.63419917843146	31.259194268848294	1.1179897286846074	136	0:12
482.00000000157337	-57946.506010570825	7542.254971908445	297.1743711070069	31.400264686527695	1.1129669914700868	136	0:11
483.00000000157814	-57751.34979099664	7315.244717875419	288.2298804038457	31.334410219648955	1.115306076436522	136	0:10
484.0000000015829	-58078.997652860824	7660.892533275512	301.84884085381873	31.57540724028519	1.106793583170061	136	0:10
485.0000000015877	-57935.527923957765	7766.775795271446	306.02077509783413	31.4009963886957	1.1129410572497043	136	0:09
486.00000000159247	-57926.40229705977	7482.347579502153	294.81394418835873	31.47585739066939	1.1102940798648062	136	0:08
487.00000000159724	-57590.913868480595	7574.957290843327	298.46288377323344	31.706772461816204	1.102207995519431	136	0:08
488.000000001602	-57625.373937241675	7763.849925350301	305.90549212782105	31.786211364855447	1.0994533987831256	136	0:07
489.0000000016068	-57531.72355425765	7477.654191930973	294.62901879071285	31.83372578970325	1.097812375164488	136	0:06
490.00000000161157	-57625.362465162645	7530.321253030623	296.7041675119689	31.594316484228965	1.106131165615625	136	0:06
491.00000000161634	-57745.92105196661	7565.819772654357	298.1028540166951	31.598893668912613	1.1059709395430792	136	0:05
492.0000000016211	-57788.36514915046	7402.702635037288	291.6758327917866	31.908890852581184	1.0952263518336036	136	0:05
493.0000000016259	-57858.58081978324	7474.037300744556	294.48650871014814	31.527983940623823	1.1084583836805155	136	0:04
494.00000000163067	-58288.59773761447	7394.428798313057	291.3498331757138	31.507410301766203	1.1091821823760009	136	0:03
495.00000000163544	-58128.566762870905	7476.536807125305	294.5849924182095	31.743861284486638	1.1009202001713672	136	0:03
496.0000000016402	-57936.55463064232	7530.501320535119	296.71126239905567	31.60092690015517	1.1058997804066795	136	0:02
497.000000001645	-57701.292442605656	7641.186926252565	301.07241505064223	31.431492353518664	1.1118612417910494	136	0:01
498.00000000164977	-57628.01923294726	7706.604916558316	303.6499664859362	31.573876349604916	1.1068472471536248	136	0:01
499.00000000165454	-57976.902147852845	7745.021376763578	305.1636235346805	31.553230983089342	1.1075714603762417	136	0:00
500.0000000016593	-58150.11797382854	7432.18134799029	292.8373313111923	31.318554636310424	1.1158707202602318	136	0:00
