#"Time (ps)"	"Potential Energy (kJ/mole)"	"Kinetic Energy (kJ/mole)"	"Temperature (K)"	"Box Volume (nm^3)"	"Density (g/mL)"	"Speed (ns/day)"	"Time Remaining"
100.99999999994601	-53005.74209599657	7390.264187476429	293.7843259678429	30.17500993337911	1.0283156060163392	0	--
101.99999999994368	-52948.4893144845	7428.461638425818	295.30278486135205	30.181748639375552	1.028086013071832	136	4:13
102.99999999994135	-52780.6562987426	7493.070910179105	297.87118984279755	30.26623258319516	1.0252162551417248	135	4:13
103.99999999993902	-52737.45705958555	7493.532266272121	297.8895300787322	30.220916386728447	1.026753564621171	135	4:13
104.99999999993669	-52460.217907343525	7451.590192315534	296.2222116156237	30.413925689745433	1.0202377010690826	135	4:12
105.99999999993436	-52955.94857832132	7482.264558077257	297.4416061651541	30.47943651522925	1.0180448582337713	135	4:12
106.99999999993203	-52686.88271925587	7507.121714042418	298.4297498397845	30.569225951192497	1.0150546067386226	135	4:11
107.9999999999297	-52834.9259161489	7402.185195364944	294.25822042933174	30.719529582128615	1.0100881767487566	135	4:10
108.99999999992737	-53028.169134421216	7559.240689488428	300.50162950242066	30.549137811568656	1.015722074304868	135	4:10
109.99999999992504	-52901.92133118486	7360.490865524818	292.6007505097151	30.440602303749596	1.0193436160220017	135	4:09
110.99999999992271	-53142.185037034826	7499.161194630217	298.1132962231695	30.36260744300159	1.0219620855831308	135	4:08
111.99999999992038	-53115.73608645104	7315.270572444111	290.8031133771622	30.59407514187633	1.0142301567312149	135	4:08
112.99999999991805	-53070.26615393811	7440.740968413042	295.79092366019853	30.58880097183137	1.0144050319189102	135	4:07
113.99999999991572	-52811.25480222257	7414.442129632916	294.7454689337155	30.583870128602324	1.0145685780025848	135	4:06
114.99999999991338	-52956.86409838806	7299.446328438278	290.17405401727046	30.36612607936552	1.021843667022018	135	4:06
115.99999999991105	-52966.38267510416	7425.1636551527035	295.17168050995593	29.822458632867768	1.0404720150066298	135	4:05
116.99999999990872	-52835.2481872573	7484.323019154342	297.52343593263214	30.004477233424495	1.0341601149986215	135	4:04
117.9999999999064	-52758.48420302989	7490.882429592915	297.7841914246629	30.575284828330002	1.014853460905162	135	4:04
118.99999999990406	-52927.940353592014	7455.716254668706	296.38623449986403	30.436236337909317	1.019489837103927	135	4:03
119.99999999990173	-52873.92891885282	7510.891857970591	298.57962393963294	30.936806129290535	1.0029940872536793	135	4:02
120.9999999998994	-53031.297121655894	7279.220056039576	289.37000132676394	30.590926038814484	1.0143345640083248	135	4:02
121.99999999989707	-52985.62968202695	7416.211916715021	294.8158230769278	30.512274013227625	1.0169492320611688	135	4:01
122.99999999989474	-53317.14226496016	7534.062728933113	299.50073291965396	30.737876833023503	1.0094852612869818	135	4:00
123.99999999989241	-52970.83185004111	7499.193930781485	298.1145975796422	30.625785224927444	1.0131800180240214	135	4:00
124.99999999989008	-52981.987392621755	7365.6646389199595	292.80642293103097	30.657080612323337	1.012145742726683	135	3:59
125.99999999988775	-52808.96391353931	7782.002760780869	309.35706461348906	30.357094068436446	1.0221476916150023	135	3:59
126.99999999988542	-52947.08504327526	7618.548589561833	302.85928966254863	30.442606305517277	1.0192765138038842	135	3:58
127.99999999988309	-52756.46250362802	7617.155399384547	302.8039063329685	30.228134943548557	1.026508373213884	135	3:57
128.99999999988785	-52872.788356840494	7401.595049553702	294.23476043047646	30.11242515332021	1.0304528269710111	135	3:57
129.99999999989262	-52868.21475567951	7542.743492683779	299.84581832697904	30.34924471221443	1.022412054086592	135	3:56
130.9999999998974	-52931.83365902383	7550.315677742437	300.14683453250683	30.47906135209091	1.0180573892267561	135	3:55
131.99999999990217	-52967.44290487791	7532.750481040419	299.4485672794444	30.629557990972337	1.013055220559739	135	3:55
132.99999999990695	-52733.19762356588	7391.083301548044	293.81688811573304	30.189841404691037	1.027810421732467	135	3:54
133.99999999991172	-52942.87034188089	7390.803685002115	293.8057725512023	30.24530878373496	1.0259255029619176	135	3:54
134.9999999999165	-52801.73594129781	7169.5268449261	285.0093796666031	30.83731913712335	1.0062299348466115	135	3:53
135.99999999992127	-52877.16200182933	7372.799543333649	293.09005596915335	30.596753149071034	1.01414138536245	135	3:52
136.99999999992605	-52955.172694849025	7465.761614229067	296.78556652814876	30.491572307114424	1.0176396715020126	135	3:52
137.99999999993082	-53017.79875476143	7443.9519581847	295.9185697688931	30.331216069305302	1.0230197679938418	135	3:51
138.9999999999356	-53033.170309436915	7431.738419271157	295.4330463550648	30.826613286889163	1.0065793909118421	135	3:50
139.99999999994037	-53001.12710254156	7532.8416109027785	299.45218995442724	30.37939307502955	1.0213974173070808	135	3:50
140.99999999994515	-52891.37947822662	7636.142404446788	303.5586945709602	30.396525771218496	1.020821716920444	135	3:49
141.99999999994992	-53015.8349669865	7504.41249606382	298.32205060772037	30.149888317971648	1.0291724234247286	135	3:48
142.9999999999547	-52843.88283266267	7406.906946917203	294.44592367808957	30.445023633975868	1.0191955834635562	135	3:48
143.99999999995947	-52948.150791574444	7577.750661611706	301.237454304616	30.145410790913445	1.0293252874014513	135	3:47
144.99999999996425	-53168.61349898265	7452.237837724759	296.24795738941316	30.330656716694364	1.0230386343436084	135	3:47
145.99999999996902	-53103.758262065676	7459.245880780946	296.52654732251796	30.289692626566094	1.024422202256912	135	3:46
146.9999999999738	-53094.92961923353	7389.344987006476	293.74778509682073	30.60081379494269	1.014006811522115	135	3:45
147.99999999997857	-52855.97876947338	7308.676231229363	290.5409692859862	30.011884390397107	1.03390487656684	135	3:45
148.99999999998334	-53054.89677239332	7674.448798870031	305.08148428191015	30.124110182510044	1.0300531181899402	135	3:44
149.99999999998812	-52770.387647796626	7535.478434420576	299.5570112977813	30.175227020823247	1.028308208080061	135	3:43
150.9999999999929	-52905.327134668245	7565.446486733656	300.74832784966947	30.346166843742107	1.0225157525155633	135	3:43
151.99999999999767	-52576.42199144911	7606.398964416254	302.3763070054191	30.603667564338735	1.0139122561359013	135	3:42
153.00000000000244	-52740.05100706406	7239.4849152200295	287.7904148239309	30.397773956576707	1.0207798002089696	135	3:42
154.00000000000722	-52808.40637584482	7250.670360285136	288.23506854073196	30.260918750713948	1.02539628362935	135	3:41
155.000000000012	-53099.799355288036	7556.631355742132	300.3979009568052	30.4569924964074	1.0187950642156123	135	3:40
156.00000000001677	-52771.59593695466	7356.246393272915	292.43202049032993	30.407802581791266	1.0204431426022469	135	3:40
157.00000000002154	-52849.122899317095	7507.64212095185	298.45043751606215	30.614452910104866	1.013555059020831	135	3:39
158.00000000002632	-52803.107291184046	7406.29628355008	294.42164804718493	30.735123471675035	1.0095756945563596	135	3:38
159.0000000000311	-53161.56199509816	7384.6713905117085	293.56199615054896	30.47659433431364	1.01813979888349	135	3:38
160.00000000003587	-53273.756673683936	7349.5651702669265	292.1664225972558	30.55959102811863	1.0153746363176408	135	3:37
161.00000000004064	-52974.11999443523	7179.619165037908	285.41057851231193	30.262128153398145	1.0253553044552648	135	3:36
162.00000000004542	-53002.13211575695	7236.323377301796	287.66473456910273	30.461197315967063	1.0186544312204981	135	3:36
163.0000000000502	-52847.57897508581	7356.203153574275	292.4303015875414	30.6276856688266	1.0131171503361125	135	3:35
164.00000000005497	-52908.67204550537	7383.112545477812	293.50002756242355	30.238290510821862	1.026163619106933	135	3:34
165.00000000005974	-52892.94474147109	7237.50947481912	287.71188536788605	30.178562093572804	1.0281945683820437	135	3:34
166.00000000006452	-53188.918294287054	7455.638910552156	296.38315984805564	30.65166078205711	1.0123247104560098	135	3:33
167.0000000000693	-53189.55013543417	7342.667359937316	291.8922147331076	30.826670637436564	1.0065775182516463	135	3:33
168.00000000007407	-52836.07300760009	7158.897732573243	284.58684178040517	30.846642417810532	1.0059258056648563	135	3:32
169.00000000007884	-52650.09982230232	7447.196424655766	296.04754667298585	30.6169993178748	1.0134707619135035	135	3:31
170.00000000008362	-53164.27761828835	7636.756862975082	303.5831210704724	30.848206217878147	1.0058748118783196	135	3:31
171.0000000000884	-52904.57355740285	7701.758588778714	306.1671272328403	30.670841403802974	1.0116916330291599	135	3:30
172.00000000009317	-52642.439972902066	7430.321768742905	295.37673040883925	30.886091227595585	1.0046410015932394	135	3:29
173.00000000009794	-52891.06135928008	7612.260809310272	302.6093322542371	30.697293607245303	1.0108198469609744	135	3:29
174.00000000010272	-52806.18733154875	7521.82922507517	299.01441584167713	30.708721354527157	1.010443686924052	135	3:28
175.0000000001075	-52763.21412109805	7605.534514980125	302.34194264597494	30.514573666081347	1.0168725922814625	135	3:27
176.00000000011227	-52789.01544539083	7543.113653679313	299.86053329464653	30.557283486758	1.0154513126023914	135	3:27
177.00000000011704	-52837.81915942379	7267.878950432883	288.91915965427836	30.377060500145365	1.0214758477385693	135	3:26
178.00000000012182	-52752.7003091879	7382.967860762777	293.49427592751493	30.710730653794222	1.010377577010145	135	3:26
179.0000000001266	-52923.636179127	7632.753310370214	303.4239683022275	30.781231357193494	1.0080634288511103	135	3:25
180.00000000013137	-52890.42990775718	7494.422939363923	297.9249369041575	30.616750194257	1.0134790083636047	135	3:24
181.00000000013614	-53151.06408614764	7479.49219115593	297.331396580401	30.1503583958168	1.0291563774743375	135	3:24
182.00000000014091	-53379.43643138476	7369.884767927674	292.9741852362175	30.626246995957427	1.0131647416768887	135	3:23
183.0000000001457	-53128.656170356175	7492.153469621592	297.83471893337304	30.605893389349603	1.0138385189889467	135	3:22
184.00000000015046	-53121.33235183946	7706.568719625991	306.3583438135925	30.09429405942279	1.031073650205003	135	3:22
185.00000000015524	-52869.92318112598	7511.321070398365	298.5966863721241	30.283170271644117	1.0246428411508306	135	3:21
186.00000000016001	-52650.249020249175	7492.885662412695	297.8638257095526	30.560333172847958	1.015349978375256	135	3:20
187.0000000001648	-52599.11781321463	7486.806193612327	297.62214928250614	30.547578465487426	1.015773923332377	135	3:20
188.00000000016956	-52774.47099667395	7427.678841622278	295.27166642966085	30.351066187636988	1.022350695503116	135	3:19
189.00000000017434	-52630.89446685757	7402.234527784184	294.2601815353446	30.468637394008	1.0184056879515748	135	3:19
190.0000000001791	-52900.464481945324	7323.06213176114	291.11285034246185	30.36977682087724	1.021720831509736	135	3:18
191.0000000001839	-53097.1034490786	7391.41863864435	293.8302187329223	30.558985904298265	1.0153947425927952	135	3:17
192.00000000018866	-53111.6528314953	7651.165647434815	304.15591182911555	30.719976647096278	1.0100734770293116	135	3:17
193.00000000019344	-53042.22681912733	7422.3945430609165	295.0616003140688	30.700680450588578	1.0107083351501713	135	3:16
194.0000000001982	-53199.10434485384	7725.521345241094	307.11176536935903	30.498326621711357	1.017414299842351	135	3:15
195.000000000203	-53336.88377986793	7268.648839511725	288.9497649666677	30.27625281754802	1.0248769493762198	135	3:15
196.00000000020776	-53198.80036167003	7452.429864316502	296.25559100052527	30.064475923869583	1.0320962755101974	135	3:14
197.00000000021254	-52912.267357520235	7590.1873464024175	301.73184841094644	30.513119229670874	1.0169210624661031	135	3:13
198.0000000002173	-52818.52189355777	7603.88110132025	302.27621468209026	30.080810996261285	1.0315358063334268	135	3:13
199.0000000002221	-52683.29927236881	7352.137965263599	292.2686986221416	30.563615315834795	1.0152409427204006	135	3:12
200.00000000022686	-53198.10346058858	7262.855188391235	288.7194506171197	30.027830921170928	1.0333558127342022	135	3:12
201.00000000023164	-53554.796532757115	7310.666011503248	290.6200687933594	30.23388046641216	1.0263132997652562	135	3:11
202.0000000002364	-53141.00189933687	7588.05293626741	301.64699944926593	30.30070600074544	1.0240498563112168	135	3:10
203.0000000002412	-53185.1042903263	7453.836109232055	296.3114932936208	30.165365545443912	1.0286443762614503	135	3:10
204.00000000024596	-52747.12389958673	7553.273548986677	300.26441844936613	30.106033531373647	1.0306715959063777	135	3:09
205.00000000025074	-52876.17547297757	7596.806395478632	301.99497471090996	30.540816892251357	1.015998810236946	135	3:08
206.0000000002555	-52608.55105036398	7568.594696864239	300.87347828648143	30.428500485279105	1.019749022506167	135	3:08
207.0000000002603	-52841.86288412896	7460.857168545212	296.5906006604983	30.444889906120054	1.0192000602358635	135	3:07
208.00000000026506	-53044.148110436014	7239.284873740122	287.78246259788745	30.320561244313076	1.0233792632058114	135	3:06
209.00000000026984	-52998.69963520169	7416.309274989598	294.81969334926833	30.509363600141462	1.0170462430113723	135	3:06
210.0000000002746	-52782.627410944	7282.730811580489	289.5095639897568	30.27893026576888	1.0247863234875036	135	3:05
211.00000000027939	-52830.37836466232	7236.8112063240505	287.68412718036194	30.55167661136078	1.0156376692810816	135	3:04
212.00000000028416	-52707.90746793372	7454.443321543	296.33563173508446	30.542969892203843	1.0159271916157744	135	3:04
213.00000000028894	-52622.567469657835	7481.015550299433	297.3919545019891	30.762362846666587	1.0086817381634956	135	3:03
214.0000000002937	-52688.16152783675	7372.120129054937	293.06304729113305	30.734418592290684	1.0095988486984138	135	3:03
215.00000000029848	-52303.94891463837	7304.941947402897	290.39252072865446	30.6986258226395	1.0107759808358696	135	3:02
216.00000000030326	-52860.09706406653	7507.2561270975275	298.4350931465723	30.114781714033118	1.0303721913326194	135	3:01
217.00000000030803	-52785.56184121143	7414.762499868885	294.7582045750196	30.676037065381724	1.0115202807995327	135	3:01
218.0000000003128	-52746.49596853659	7454.0920198592885	296.32166647948026	30.053780429646686	1.0324635763819805	135	3:00
219.00000000031758	-52859.87634879444	7427.108275042656	295.2489847617581	30.559294132534163	1.0153845010823437	135	2:59
220.00000000032236	-52903.41422487851	7467.191702804197	296.84241667551305	30.149327798974078	1.0291915572077088	135	2:59
221.00000000032713	-52718.156180011196	7613.493456958846	302.6583335550574	30.49768643379571	1.0174356567522063	135	2:58
222.0000000003319	-52476.48256111998	7727.324268886184	307.18343678656515	30.336466274853926	1.0228427182342024	135	2:57
223.00000000033668	-52535.28283979464	7568.256536203277	300.8600354244498	30.646966723962056	1.0124797636801914	135	2:57
224.00000000034146	-52956.309052956814	7622.429151721408	303.0135532057057	30.556637164887206	1.0154727910258359	135	2:56
225.00000000034623	-52901.89001761211	7325.423973261541	291.2067403571672	30.874759437903375	1.0050097293421671	135	2:56
226.000000000351	-52934.58722751861	7521.478388965077	299.0004690939677	30.70757990188003	1.0104812468237545	135	2:55
227.00000000035578	-52853.8876065193	7415.929152711215	294.80458239186447	30.756392599029024	1.008877537451235	135	2:54
228.00000000036056	-53052.37831955642	7305.608882167862	290.41903330999384	30.20591879643477	1.027263359717905	135	2:54
229.00000000036533	-53040.65038621647	7537.716851594583	299.64599483937303	30.468414286488528	1.0184131453126544	135	2:53
230.0000000003701	-53041.135598540684	7663.3694922825125	304.6410498758545	30.082251046274923	1.0314864262803949	135	2:52
231.00000000037488	-53092.368175974756	7256.4230695010465	288.4637553314355	30.217078183061055	1.0268839838918022	135	2:52
232.00000000037966	-53330.1112059025	7498.344456470586	298.08082852463633	30.373110954999895	1.021608674599197	135	2:51
233.00000000038443	-52966.02651998252	7321.293914597404	291.04255860803465	30.56073899806275	1.0153364952385069	135	2:50
234.0000000003892	-52913.68918111824	7495.178588250869	297.9549761278291	30.816875365561916	1.006897463098008	135	2:50
235.00000000039398	-53017.26874151177	7508.940851125941	298.502065787952	30.586274842378376	1.014488811929441	135	2:49
236.00000000039876	-53025.45064379732	7394.160309829709	293.9392080735985	30.61182959460296	1.0136419167726736	135	2:48
237.00000000040353	-52942.530859646155	7365.903817751595	292.81593097973604	30.52556274021964	1.0165065224271286	135	2:48
238.0000000004083	-52871.59860439872	7423.718651536428	295.114237446669	30.649053631723454	1.0124108234805211	135	2:47
239.00000000041308	-53054.250854590966	7595.225601480403	301.932133588119	30.574775448294048	1.0148703685057845	135	2:47
240.00000000041786	-53240.33493352143	7494.928351339431	297.9450284885439	30.375713513087412	1.0215211442793837	135	2:46
241.00000000042263	-53298.9605504974	7298.033187847828	290.11787760120046	30.201586778346208	1.0274107070572573	135	2:45
242.0000000004274	-53308.31162098583	7435.609045588876	295.58691491983836	30.356344016915045	1.0221729470749736	135	2:45
243.00000000043218	-53420.730054237414	7465.498378764036	296.7751021588511	30.146842403871855	1.02927640681223	135	2:44
244.00000000043696	-53150.38172426284	7275.231222312305	289.2114336763747	30.220594453129554	1.026764502409663	135	2:43
245.00000000044173	-53157.996219947614	7238.296426286632	287.7431689594583	30.121528972729188	1.0301413867232498	135	2:43
246.0000000004465	-52864.788980274345	7329.570602368238	291.37158082920524	30.292795220765576	1.0243172807282326	135	2:42
247.00000000045128	-52739.511134237226	7331.367180237952	291.44299998352955	30.20286714038338	1.0273671529913542	135	2:41
248.00000000045605	-52978.54737741762	7506.516794271186	298.40570253338956	30.562053954560895	1.0152928095842573	135	2:41
249.00000000046083	-53037.82975758915	7444.084888559021	295.92385413484135	30.40066622811747	1.0206826848252681	135	2:40
250.0000000004656	-52868.97718370988	7392.922437515589	293.889999077247	30.400599745526783	1.0206849169400856	135	2:40
251.00000000047038	-53171.13860229941	7540.9358061631465	299.77395757172695	30.685158060923612	1.0112196119239354	135	2:39
252.00000000047515	-52799.94801844083	7211.6448694491555	286.68369267243196	30.746128572080323	1.009214332576776	135	2:38
253.00000000047993	-53184.553404559934	7551.643870214735	300.19963401576354	30.71000072452617	1.0104015921240441	135	2:38
254.0000000004847	-52787.334739964805	7381.537984131765	293.43743420554097	30.94876414474417	1.00260654936237	135	2:37
255.00000000048948	-52532.904794641014	7470.238496163426	296.96353550302683	30.747546951715925	1.0091677776740542	135	2:36
256.00000000049425	-52876.13889896695	7427.273752094842	295.2555629520645	30.497854494028438	1.0174300501127855	135	2:36
257.000000000499	-52708.13658759996	7595.053908164886	301.9253082834081	30.613762725394967	1.013577909534525	135	2:35
258.0000000005038	-52778.16394529116	7178.433060758494	285.3634274447161	30.472711578593078	1.0182695276776685	135	2:34
259.0000000005086	-53030.62806997867	7490.6977085749695	297.7768482311893	30.257611924023347	1.0255083482499043	135	2:34
260.00000000051335	-52810.68050232547	7411.89134522052	294.64406789306594	30.27071875726479	1.0250643162790747	135	2:33
261.0000000005181	-53039.439653968	7716.443361896123	306.75088933698805	30.58794378115988	1.0144334594110194	135	2:32
262.0000000005229	-52572.93971745542	7272.301502098815	289.0949688442171	30.72683606848855	1.009847989458751	135	2:32
263.0000000005277	-52678.860037741775	7354.1345290193285	292.34806779249175	30.93475971095807	1.0030604380353467	135	2:31
264.00000000053245	-53018.278727381316	7592.095063025287	301.8076856513982	30.663005282026624	1.0119501771204387	135	2:31
265.0000000005372	-53001.32328346235	7351.275460623035	292.2344115739327	30.746938442936614	1.009187749986213	135	2:30
266.000000000542	-52980.57494028166	7396.179611073574	294.0194811247108	30.683212185530074	1.0112837416945868	135	2:29
267.0000000005468	-53133.303407611354	7253.665336511418	288.3541274876934	30.868888986730415	1.0052008557719843	135	2:29
268.00000000055155	-53041.55441747539	7267.365185746942	288.89873602555053	30.541504989431008	1.0159759198811464	135	2:28
269.0000000005563	-53041.090117780375	7433.942490594973	295.5206645500069	30.21441361513546	1.0269745433897173	135	2:27
270.0000000005611	-52959.63988896817	7388.421314163058	293.71106643604827	30.604744799802678	1.0138765681323978	135	2:27
271.0000000005659	-53042.49044482765	7317.075223602562	290.8748534680091	30.256510383225574	1.0255456836620107	135	2:26
272.00000000057065	-53015.19318594213	7408.477727284278	294.50836673014817	30.261648215640886	1.0253715661843585	135	2:25
273.0000000005754	-52802.26359915998	7266.678839187167	288.87145176935496	30.374629251876822	1.0215576087821554	135	2:25
274.0000000005802	-53051.216142415564	7519.68521729649	298.9291853459667	30.260098845597152	1.0254240670038848	135	2:24
275.000000000585	-52824.65885828674	7304.400503861317	290.370996785548	30.518306579943573	1.0167482112714645	135	2:24
276.00000000058975	-53127.14206132732	7386.080275248766	293.61800338416646	30.324774404851937	1.0232370804126119	135	2:23
277.0000000005945	-53087.839836343715	7443.693543581116	295.9082970427486	30.242824184027484	1.0260097878881216	135	2:22
278.0000000005993	-53076.904741873994	7590.2201075566245	301.7331507613581	30.457552702636246	1.0187763255025426	135	2:22
279.0000000006041	-52945.89016205171	7253.053984420161	288.3298244780171	30.396734987157284	1.0208146907653675	135	2:21
280.00000000060885	-52650.43044930257	7236.337944306989	287.665313649592	30.42497174376025	1.0198672947841114	135	2:20
281.0000000006136	-53141.643862502446	7457.28299645867	296.4485170068291	30.443587631188784	1.0192436582081024	135	2:20
282.0000000006184	-53107.322573822836	7460.320739395587	296.56927605394105	30.499959320226925	1.017359836464232	135	2:19
283.0000000006232	-53315.27348879771	7325.002497444869	291.1899854772912	30.20969959293572	1.027134795919909	135	2:18
284.00000000062795	-53357.68025269598	7402.4725881944905	294.26964512357466	30.362722291338198	1.0219582199664552	135	2:18
285.0000000006327	-52866.87854810845	7152.264489033759	284.3231512095687	30.623008377378184	1.013271891637983	135	2:17
286.0000000006375	-53291.664641945856	7661.333205949666	304.5601016184449	30.334204577040584	1.0229189806967087	135	2:16
287.0000000006423	-52999.84246043686	7569.421158817637	300.90633253387466	30.210586721664487	1.0271046342817334	135	2:16
288.00000000064705	-52896.78706122108	7606.47825676227	302.37945910497035	30.07602025848193	1.0317001172201627	135	2:15
289.0000000006518	-52975.58532049562	7608.346693365377	302.45373485129454	30.647492506389526	1.0124623937740629	135	2:15
290.0000000006566	-52518.28671814292	7489.225551581772	297.71832574281905	30.51214268390679	1.0169536091792675	135	2:14
291.0000000006614	-52853.23375106021	7439.345577865298	295.7354528595436	30.59205893234634	1.0142970008920515	135	2:13
292.00000000066615	-53115.24114948814	7640.411839861281	303.7284169480892	30.44196421628914	1.0192980126291689	135	2:13
293.0000000006709	-52990.465222760366	7434.645499992688	295.54861120209097	30.415010297728458	1.0202013191003003	135	2:12
294.0000000006757	-52736.56361595332	7622.498793368801	303.01632166213966	30.56861256081598	1.015074974844181	135	2:11
295.0000000006805	-52996.848642592086	7593.2450710910725	301.85340179034716	30.50785997692745	1.017096369580128	135	2:11
296.00000000068525	-52958.23183992866	7291.358203070624	289.8525276957208	30.358774293996856	1.0220911202046636	135	2:10
297.00000000069	-52858.77862090766	7275.802575524915	289.23414661520854	30.337370667130546	1.0228122261040595	135	2:09
298.0000000006948	-52835.00430189111	7310.539646884629	290.61504543514576	30.37967603733094	1.0213879038098506	135	2:09
299.0000000006996	-52619.88939247423	7554.39964157406	300.30918387904086	30.20726525756028	1.0272175703964377	135	2:08
300.00000000070435	-52702.8332074912	7507.144551502175	298.43065769470707	30.481071193009377	1.017990261225077	135	2:08
301.0000000007091	-52618.69032365116	7501.122523295657	298.19126469701024	30.724880903384147	1.0099122507184106	135	2:07
302.0000000007139	-52535.977711238374	7345.720138852672	292.01357150374866	30.4515771250998	1.0189762421406967	135	2:06
303.00000000071867	-52979.83330300017	7608.845244014605	302.47355367816306	30.36761872359736	1.0217934408561369	135	2:06
304.00000000072345	-52895.89857521717	7392.360180242092	293.8676477282391	29.824757268661838	1.0403918243718873	135	2:05
305.0000000007282	-53006.95825166916	7382.795525880127	293.4874251186595	30.103727042680116	1.030750563948419	135	2:04
306.000000000733	-53067.22599781118	7505.2657366994645	298.3559693850025	30.0916720060629	1.0311634933392853	135	2:04
307.00000000073777	-52973.71482922326	7250.2785196178065	288.2194917435542	30.749306299250087	1.0091100372872002	135	2:03
308.00000000074255	-52952.851294098975	7582.4951841663915	301.42606276642573	30.300028676923063	1.0240727478196827	135	2:02
309.0000000007473	-53085.16249870311	7499.989657887936	298.14623002818433	30.1377177592019	1.0295880356341058	135	2:02
310.0000000007521	-52968.442614730826	7324.469653766131	291.16880340354754	30.099226703397534	1.0309046784477442	135	2:01
311.00000000075687	-52951.44759866063	7279.942094389431	289.39870443460336	30.299068069850538	1.0241052152052166	135	2:01
312.00000000076164	-52769.64089334232	7246.46361166519	288.0678381445681	30.36271447933911	1.0219584829052872	135	2:00
313.0000000007664	-52787.00931200359	7478.54330996657	297.29367581513907	30.16920255642014	1.0285135501398461	135	1:59
314.0000000007712	-52577.90826813885	7669.485234113611	304.8841682605379	30.533640061178417	1.0162376173957635	135	1:59
315.00000000077597	-52762.479305648914	7503.958233640336	298.3039923656183	30.539407504635026	1.0160456983810964	135	1:58
316.00000000078074	-52875.17901373815	7755.469723498934	308.3022998207822	30.253402943517624	1.025651021279259	135	1:57
317.0000000007855	-52687.8439505297	7436.018812619342	295.60320434167704	29.96703852471726	1.035452121857095	135	1:57
318.0000000007903	-52383.56873603043	7435.299738200839	295.57461905866126	30.454400707346466	1.0188817676752582	135	1:56
319.00000000079507	-52665.84436291977	7414.706578180193	294.7559815265327	30.536599875194664	1.016139116765173	135	1:55
320.00000000079984	-53098.555102046	7359.759586722893	292.57168006724265	30.493010640108377	1.0175916701835221	135	1:55
321.0000000008046	-53010.53695377536	7303.376294142143	290.33028149386644	30.227898862384674	1.0265163902875347	135	1:54
322.0000000008094	-52922.220766332466	7389.45918209469	293.7523246810857	29.83343244036625	1.0400892920456344	135	1:53
323.00000000081417	-52805.16337225985	7369.138636681253	292.9445243662198	30.225190749681257	1.0266083639693495	135	1:53
324.00000000081894	-53217.912180419866	7560.50040559935	300.55170685272503	30.224053937879827	1.0266469776015912	135	1:52
325.0000000008237	-52945.66942415488	7606.641989202887	302.38596794193285	30.57992111067267	1.014699596964043	135	1:52
326.0000000008285	-52876.115946642356	7384.695075651918	293.5629377032155	30.365024223553597	1.0218807466691504	135	1:51
327.00000000083327	-53231.936641391425	7357.641297837336	292.48747197174555	30.425398945511102	1.0198529748701886	135	1:50
328.00000000083804	-53080.01554567911	7467.7660730890275	296.8652495516734	30.448736065339407	1.0190713190723673	135	1:50
329.0000000008428	-52859.31911978766	7618.187437306184	302.84493281828617	30.161836776978813	1.0287647219772498	135	1:49
330.0000000008476	-52823.70282026549	7820.498784735885	310.88739264550065	30.801338859283376	1.0074053523436262	135	1:48
331.00000000085237	-52658.0034185425	7521.929961019896	299.01842038615223	30.746609534596086	1.0091985456567973	135	1:48
332.00000000085714	-52922.3138749972	7536.163650966476	299.5842506326646	30.124374798923657	1.030044070069812	135	1:47
333.0000000008619	-53077.0084913529	7496.992564322074	298.02708691086497	30.449148899940887	1.0190575023347215	135	1:46
334.0000000008667	-52925.56748902594	7400.137062885724	294.1768012534219	30.247353805675743	1.0258561401946276	135	1:46
335.00000000087147	-52904.67291593118	7348.181840519948	292.1114312482325	30.264218322935747	1.0252844892635513	135	1:45
336.00000000087624	-52866.41512897611	7079.763845760334	281.44104143974306	30.609034255207213	1.013734486605472	135	1:45
337.000000000881	-53298.54791336565	7416.652941320381	294.83335507756186	30.825677866195875	1.0066099360695442	135	1:44
338.0000000008858	-53102.69483952204	7321.9980145966965	291.0705486146784	30.166043331682808	1.028621264148427	135	1:43
339.00000000089057	-53001.0118645686	7215.744981429598	286.84668395447676	30.654208171279027	1.012240585462727	135	1:43
340.00000000089534	-53209.24585472341	7386.651532312846	293.64071250081884	30.13531392101761	1.029670163965028	135	1:42
341.0000000009001	-53326.86411306204	7474.729566449525	297.1420685058269	30.16377651488871	1.0286985653429637	135	1:41
342.0000000009049	-53329.43645646187	7651.885409865905	304.184524462617	30.207835108933367	1.0271981925979017	135	1:41
343.00000000090967	-53208.17773753914	7393.09143779327	293.896717325933	30.311107942480017	1.023698430459055	135	1:40
344.00000000091444	-52997.99125716038	7528.4380609651	299.2771361380158	30.73610724047087	1.0095433811258536	135	1:39
345.0000000009192	-53225.84512379547	7643.504714359178	303.85136763383167	30.531015534379584	1.0163249758676045	135	1:39
346.000000000924	-53184.856448054954	7330.8503584911105	291.4224548278098	30.425149286337184	1.01986134346187	135	1:38
347.00000000092876	-53151.381595765764	7584.595714517682	301.5095649089438	30.49300081131266	1.0175919981834034	135	1:37
348.00000000093354	-53057.239776959905	7221.499439247158	287.07544025714145	30.38663664516363	1.0211539364666893	135	1:37
349.0000000009383	-53395.53845296081	7463.555303261994	296.6978593009247	30.541688130406744	1.0159698276566271	135	1:36
350.0000000009431	-53060.336780347454	7409.361727150264	294.54350827559176	30.58468798516458	1.014541447708832	135	1:36
351.00000000094786	-53056.90503755852	7396.2240430167085	294.02124742265823	30.62166214577697	1.0133164384896416	135	1:35
352.00000000095264	-52992.99222183219	7353.753913532563	292.3329372286316	30.320703712048516	1.0233744546589019	135	1:34
353.0000000009574	-52800.317137307284	7334.847396210274	291.58134861054936	30.351043399952996	1.022351463088081	135	1:34
354.0000000009622	-52991.7541765495	7411.3196251921345	294.6213403722466	30.53497876788616	1.0161930637667793	135	1:33
355.00000000096696	-52881.087496918015	7414.026681029356	294.72895365295216	30.441282572249108	1.0193208368453848	135	1:32
356.00000000097174	-53074.00865946291	7589.890398836764	301.7200438883732	30.70674680786967	1.0105086618371253	135	1:32
357.0000000009765	-52968.84678671678	7572.0635184930115	301.0113739554669	30.377823871762846	1.0214501788271488	135	1:31
358.0000000009813	-52893.22603879587	7520.174603821851	298.9486398724685	30.667411661268574	1.0118047772965604	135	1:30
359.00000000098606	-52890.658872771106	7399.4735910031295	294.15042633164893	30.549755948490706	1.0157015224118273	135	1:30
360.00000000099084	-53014.26659257614	7695.790931796581	305.92989564820033	30.191812768806997	1.0277433112015784	135	1:29
361.0000000009956	-52744.20662687949	7472.923118328619	297.07025698053724	30.1689329563986	1.028522741292734	135	1:29
362.0000000010004	-52815.80702269386	7437.742646845823	295.67173172628196	30.399727887287536	1.0207141899835093	135	1:28
363.00000000100516	-52819.01102699619	7660.376547201467	304.52207167277703	30.27231940084067	1.0250101161832383	135	1:27
364.00000000100994	-52455.557416864904	7480.504874768425	297.3716536760837	30.67534611527084	1.011543064896167	135	1:27
365.0000000010147	-52456.76289358281	7445.0933971279255	295.9639452604943	30.113303534149814	1.0304227694913328	135	1:26
366.0000000010195	-52843.72032543644	7477.595465812962	297.25599627504056	30.157105732945627	1.0289261144942425	135	1:25
367.00000000102426	-53188.73082992944	7460.244546803986	296.56624717857216	29.859954383203352	1.0391654731946371	135	1:25
368.00000000102904	-53101.43393185505	7264.480212603454	288.78405001854264	30.20968911261889	1.027135152252543	135	1:24
369.0000000010338	-53255.17026670216	7445.262383070974	295.9706629393373	30.51488959195545	1.0168620644254927	135	1:23
370.0000000010386	-53104.54516426349	7487.303059558229	297.6419011375563	30.334750941571514	1.0229005567231564	135	1:23
371.00000000104336	-53167.31240080009	7430.015236516034	295.36454486832616	30.55524843941128	1.0155189439130494	135	1:22
372.00000000104814	-52861.44847281673	7199.548159556077	286.2028135492757	30.56245218896036	1.015279580131339	135	1:21
373.0000000010529	-52946.29623245663	7445.734252573711	295.98942111364477	30.317500508346555	1.023482579563221	135	1:21
374.0000000010577	-52907.766147484916	7353.15807566054	292.3092509539359	30.248559585536423	1.025815247117709	135	1:20
375.00000000106246	-53155.7046273718	7361.709894010253	292.64921040950276	30.07257813127045	1.031818206298926	135	1:20
376.00000000106724	-53219.998528616125	7490.399994437477	297.76501323517357	30.202543297612458	1.0273781687996024	135	1:19
377.000000001072	-53027.38513124219	7588.284224901492	301.65619383985114	30.008841316076634	1.034009720647508	135	1:18
378.0000000010768	-52722.31983523234	7505.491767801892	298.36495477353395	30.11757944250059	1.0302764764157786	135	1:18
379.00000000108156	-52585.940227898885	7428.966147477025	295.3228405518921	30.09877678213021	1.0309200885736367	135	1:17
380.00000000108633	-53025.69397170871	7572.200682557258	301.01682662280587	29.976456540148966	1.035126803084031	135	1:16
381.0000000010911	-52972.90156516977	7539.0551956918225	299.6991978790136	30.239308319916887	1.026129080001294	135	1:16
382.0000000010959	-53026.49226582688	7461.307544625834	296.6085044092577	30.39451879478025	1.0208891226638066	135	1:15
383.00000000110066	-52714.664832540904	7777.8552604963	309.1921895096168	30.645040770329302	1.0125433951530147	135	1:14
384.00000000110543	-52590.435482505825	7433.343551501855	295.4968549928241	30.45795996209612	1.01876270324102	135	1:14
385.0000000011102	-52813.092287317675	7451.379957899522	296.21385419095844	30.471160883212242	1.0183213480155633	135	1:13
386.000000001115	-52977.093418176635	7742.230553263435	307.7760046024595	30.599140751353303	1.0140622535232287	135	1:12
387.00000000111976	-52858.742561673076	7290.086741314843	289.80198342214135	30.365535472823627	1.0218635417762463	135	1:12
388.00000000112453	-52675.150211607426	7377.409191110369	293.2733027693594	30.70241505170484	1.0106512329383939	135	1:11
389.0000000011293	-52710.172935961076	7187.567123505873	285.7265327951492	30.765699870451233	1.0085723307726169	135	1:11
390.0000000011341	-53197.06391728198	7549.071934018577	300.09739213067627	30.249850396773983	1.0257714738814363	135	1:10
391.00000000113886	-53125.785492582974	7585.926595760315	301.5624712785797	30.86801188873372	1.0052294180149968	135	1:09
392.00000000114363	-53282.223606465355	7557.348421419083	300.4264063865482	30.677287535876257	1.0114790491142254	135	1:09
393.0000000011484	-52994.18721094637	7212.840029065703	286.7312037158079	30.44857303891823	1.0190767753395578	135	1:08
394.0000000011532	-52947.75107930554	7391.029808562237	293.8147616151939	30.552131882416187	1.0156225348074748	135	1:07
395.00000000115796	-52739.69429794897	7304.9278599718655	290.3919607126219	30.305486736182694	1.0238883109290158	135	1:07
396.00000000116273	-53035.3094774177	7204.541059132866	286.40129571440286	30.383150510437194	1.0212711027295402	135	1:06
397.0000000011675	-53230.9220475418	7435.519932634663	295.58337242277406	30.14672744775044	1.0292803316702033	135	1:05
398.0000000011723	-53070.380977418856	7555.248025795924	300.342909599862	30.211263417383307	1.0270816283816093	135	1:05
399.00000000117706	-52950.91582734173	7287.5562409515605	289.7013887309735	30.2386354826407	1.0261519123111582	135	1:04
400.00000000118183	-53230.646264892246	7537.810370805837	299.6497124978689	30.194920292561594	1.0276375405380944	135	1:04
401.0000000011866	-53109.84867417853	7696.762077057643	305.9685014745552	30.659270228345413	1.0120734575575172	135	1:03
402.0000000011914	-52854.263296178746	7460.206580301866	296.56473790056106	30.809381902078613	1.0071423608825576	135	1:02
403.00000000119616	-52577.613859859965	7536.376905450485	299.5927281137471	30.719695137164518	1.0100827331665982	135	1:02
404.00000000120093	-52769.79681574565	7565.245346677421	300.740331952047	30.873311454793114	1.005056865105879	135	1:01
405.0000000012057	-53140.9769519589	7583.475475523229	301.46503217647853	30.75246524361836	1.009006379826115	135	1:00
406.0000000012105	-53220.50356971769	7566.629834660274	300.7953693442883	30.410694065155102	1.0203461177081667	135	1:00
407.00000000121526	-52992.3300103544	7386.897645625478	293.6504962151528	30.48424474575985	1.0178842836678044	135	0:59
408.00000000122003	-53193.84981232995	7585.315730305068	301.538187614089	30.257389104090844	1.0255159002465473	135	0:58
409.0000000012248	-53290.91651350231	7468.069825049035	296.8773245685562	30.191154421381928	1.0277657221419854	135	0:58
410.0000000012296	-53205.77957195608	7422.125777177095	295.05091609466626	30.262009797240705	1.0253593146685538	135	0:57
411.00000000123435	-52927.73966317673	7316.675244250143	290.85895313461504	30.626291051590748	1.0131632842488811	135	0:56
412.00000000123913	-52900.81398124489	7425.793621895474	295.1967235057423	30.636117356373255	1.0128383197271151	135	0:56
413.0000000012439	-52701.262203488266	7535.573764909623	299.5608009597958	31.111552184181928	0.9973605123426825	135	0:55
414.0000000012487	-52660.27029333735	7570.9018804470725	300.96519549124866	30.732356818620303	1.0096665807092118	135	0:55
415.00000000125345	-53313.7444142992	7541.6019303525845	299.8004379303502	30.120651854843764	1.03017138459445	135	0:54
416.00000000125823	-53266.87764218773	7256.783946869566	288.4781012481413	30.348770907289705	1.0224280159806602	135	0:53
417.000000001263	-53219.02014216679	7383.7463965829265	293.5252249728214	30.20764941303868	1.0272045071073421	135	0:53
418.0000000012678	-53129.95068562511	7433.602946632199	295.50716669773675	30.33667523448307	1.0228356728729877	135	0:52
419.00000000127255	-52997.08343311111	7416.1983045861725	294.8152819555284	30.560693613563927	1.0153380030752908	135	0:51
420.00000000127733	-52990.38011619204	7492.10774648435	297.83290130673413	30.651455698033235	1.0123314837599313	135	0:51
421.0000000012821	-52988.01062100069	7411.353184960113	294.62267446986004	30.444665482406137	1.0192075732979755	135	0:50
422.0000000012869	-52949.45943551749	7427.515799811828	295.2651850472404	30.393592829485016	1.0209202248735116	135	0:49
423.00000000129165	-53161.55746095654	7493.455833061333	297.8864916380563	30.642505444033805	1.0126271718500526	135	0:49
424.0000000012964	-53181.5919701519	7632.123502621858	303.3989316269279	30.71511046534239	1.0102335025362863	135	0:48
425.0000000013012	-52963.202577505115	7447.62887379967	296.0647377742826	30.725251100557962	1.0099000826596434	135	0:48
426.000000001306	-52862.525882187125	7316.501740497526	290.85205585980555	30.824868916804512	1.0066363529376037	135	0:47
427.00000000131075	-52781.91283186636	7281.4580861227405	289.45896948037773	30.857862462793744	1.0055600469282315	135	0:46
428.0000000013155	-53269.46416803656	7519.274533171532	298.91285946697565	30.199140715749536	1.0274939250178479	135	0:46
429.0000000013203	-53107.39896593359	7472.68707574791	297.0608736068561	30.47134504557833	1.0183151934966668	135	0:45
430.0000000013251	-52601.20179477782	7003.380239307346	278.4045726792877	30.724648949483576	1.0099198749905764	135	0:44
431.00000000132985	-53160.46911608332	7586.9053313892855	301.60137884396084	30.410537836560536	1.0203513595503464	135	0:44
432.0000000013346	-53033.933787978225	7347.416788149325	292.08101820895115	30.852434597420018	1.0057369549950064	135	0:43
433.0000000013394	-52805.38868781339	7254.158315917763	288.3737248415816	30.833108997769816	1.006367331573218	135	0:42
434.0000000013442	-52799.724485803046	7480.0112432352	297.3520303982703	30.686242456063663	1.0111838772902713	135	0:42
435.00000000134895	-52948.432229443715	7443.4724033662915	295.89950608111195	30.725955575588536	1.0098769279886732	135	0:41
436.0000000013537	-52820.65606399349	7760.378884144152	308.49745312175173	30.591038590627374	1.0143308320266948	135	0:40
437.0000000013585	-52763.452841917984	7522.585567818371	299.04448264813686	30.720003236283322	1.0100726027770401	135	0:40
438.0000000013633	-52875.01797596237	7699.888357825759	306.0927801559322	30.53926130516863	1.0160505624587652	135	0:39
439.00000000136805	-53007.342164024274	7224.566398046678	287.197360719094	30.4751440949383	1.0181882497266208	135	0:39
440.0000000013728	-52848.170746119955	7449.788250564249	296.1505792315295	30.296961726323175	1.0241764143376864	135	0:38
441.0000000013776	-52744.215029741375	7533.780873767445	299.48952836352913	30.4022715261727	1.0206287908283163	135	0:37
442.0000000013824	-52810.2359216513	7480.972801461321	297.39025511232296	30.33348290598857	1.022943317203638	135	0:37
443.00000000138715	-53016.07939251143	7645.085887612778	303.91422383311806	30.275675270782546	1.0248965001991768	135	0:36
444.0000000013919	-52873.67298467754	7560.070317781094	300.5346096209363	30.014104556219902	1.033828397847754	135	0:35
445.0000000013967	-52778.27672045809	7644.272193350995	303.88187713830746	30.38233279774873	1.0212985893068425	135	0:35
446.0000000014015	-53046.1670932672	7369.637246755363	292.96434555539884	30.099039817698724	1.0309110793609428	135	0:34
447.00000000140625	-53099.73647838982	7557.74259029505	300.4420757367372	30.366452582434892	1.021832680058928	135	0:33
448.000000001411	-52807.667944176676	7534.025886119643	299.499268311509	30.630318088142687	1.0130300814017212	135	0:33
449.0000000014158	-52811.26192208074	7493.646032076404	297.8940525977223	30.49188717583063	1.0176291630380703	135	0:32
450.0000000014206	-52656.47091471177	7430.289679711315	295.37545477724103	30.89227759934995	1.0044398159507908	135	0:32
451.00000000142535	-52739.84868902768	7363.3144339385535	292.71299550153276	30.131434798706902	1.0298027237495981	135	0:31
452.0000000014301	-53007.74920968947	7565.295634612727	300.7423310425806	30.070114500056224	1.0319027427093361	135	0:30
453.0000000014349	-52939.01445538411	7649.783236197849	304.1009569935157	30.156313243206228	1.0289531540524857	135	0:30
454.0000000014397	-53024.55393629175	7519.512690840867	298.9223269215328	30.28169734178359	1.0246926807295063	135	0:29
455.00000000144445	-52900.7665977861	7345.152342622914	291.9909999652469	30.354827867877088	1.0222240021011157	135	0:28
456.0000000014492	-52836.76811383813	7331.212281660199	291.43684231810585	30.201786112399088	1.0274039260695553	135	0:28
457.000000001454	-52710.2915643148	7487.102361045634	297.6339227925676	30.828097374732558	1.006530933421284	135	0:27
458.0000000014588	-52495.683893835056	7471.923509676593	297.03051965226086	30.595171701311912	1.0141938057782256	135	0:26
459.00000000146355	-52362.88282239734	7477.323825288034	297.2451977803593	30.567435403940767	1.0151140655454356	135	0:26
460.0000000014683	-52432.605542999605	7290.90093000024	289.8343497717173	30.958603076880404	1.0022879116714503	135	0:25
461.0000000014731	-52700.539621640404	7254.442831445049	288.38503515475725	30.49148017636984	1.017642746324885	135	0:24
462.0000000014779	-52927.00125220799	7363.793127972172	292.73202497063477	30.487178283037224	1.0177863408059733	135	0:24
463.00000000148265	-53061.51262961756	7297.196299145187	290.08460886043855	30.52687219343285	1.016462919278938	135	0:23
464.0000000014874	-53044.09259483972	7311.068454872089	290.63606707851613	30.518492913405517	1.016742003421861	135	0:23
465.0000000014922	-53070.80534932806	7363.31269822666	292.7129265019766	30.3801645725378	1.0213714791473152	135	0:22
466.00000000149697	-53123.0801458068	7485.659431920829	297.57656219630246	30.714714168665314	1.0102465370766025	135	0:21
467.00000000150175	-53312.546726875735	7348.1951513074355	292.1119603904433	30.52457600589578	1.016539381913069	135	0:21
468.0000000015065	-53072.064011090115	7446.873175834556	296.03469659961223	30.59083158443927	1.0143376959381394	135	0:20
469.0000000015113	-52913.29446675762	7514.2156052878845	298.711752486127	30.325163353229645	1.0232239564469532	135	0:19
470.00000000151607	-52502.288020556385	7332.909619199332	291.50431638293287	30.692270224747507	1.0109852871415301	135	0:19
471.00000000152085	-52746.58123211647	7476.732140735727	297.22167661210665	30.573717915011358	1.0149054724861146	135	0:18
472.0000000015256	-52684.95680254797	7457.582688917679	296.4604306468335	30.30797911645216	1.023804111351918	135	0:17
473.0000000015304	-53018.75080691639	7621.926025612835	302.99355249112574	30.292297830837157	1.024334099693297	135	0:17
474.00000000153517	-53095.98834778936	7503.038245385205	298.2674201778621	30.123939257476952	1.0300589627729413	135	0:16
475.00000000153995	-53125.87929604511	7355.403605478838	292.3985172436616	30.372350375524686	1.021634257558039	135	0:16
476.0000000015447	-53473.850086978084	7372.582693134924	293.0814355480354	30.25910021226969	1.0254579088115032	135	0:15
477.0000000015495	-53081.32580770241	7444.742642518941	295.95000175268905	30.76230050914323	1.008683782182323	135	0:14
478.00000000155427	-53267.76049724821	7665.766109856171	304.7363223398178	30.28908024105924	1.0244429140548463	135	0:14
479.00000000155904	-53024.873406787025	7581.069589428958	301.3693912620768	30.45467814599267	1.0188724857785028	135	0:13
480.0000000015638	-53105.89641628266	7357.749373050145	292.49176827330433	30.230824311464144	1.0264170538818158	135	0:12
481.0000000015686	-53406.257135935244	7447.329304484928	296.0528290296181	30.207677754211264	1.0272035433728754	135	0:12
482.00000000157337	-53161.754236800596	7404.359670791415	294.34466210195586	30.426323074132625	1.0198219992139608	135	0:11
483.00000000157814	-53223.469004405255	7392.179619729803	293.8604699268705	30.221840534276538	1.0267221677316216	135	0:10
484.0000000015829	-53052.410553358844	7263.127386934052	288.73027129462224	30.347997527555748	1.0224540712453039	135	0:10
485.0000000015877	-53257.21327478945	7491.931041004387	297.82587675402414	30.094088731920525	1.0310806850675347	135	0:09
486.00000000159247	-53289.603441387095	7578.21254386981	301.2558154571311	30.1623118525467	1.0287485182795058	135	0:08
487.00000000159724	-52640.70579912767	7361.276284802618	292.6319731923253	30.485194294615138	1.0178525787409132	135	0:08
488.000000001602	-52742.00049205907	7477.261046874104	297.2427021572593	30.329056344826373	1.0230926169743786	135	0:07
489.0000000016068	-52979.557754127774	7646.29075274058	303.96212069857154	30.037379704704485	1.0330273123434908	135	0:07
490.00000000161157	-52533.99940364738	7374.96333109073	293.17607277608	30.44049528810317	1.0193471995943113	135	0:06
491.00000000161634	-52890.9090280465	7428.531575330388	295.3055650551108	30.430573265680575	1.0196795622377122	135	0:05
492.0000000016211	-52863.92928057615	7311.940245411943	290.67072326801616	30.32620282067307	1.0231888842027836	135	0:05
493.0000000016259	-52669.02209135334	7507.4946402125215	298.44457473112	30.207472241774365	1.0272105318127458	135	0:04
494.00000000163067	-52728.011679984134	7362.430606191394	292.67786079830915	30.314173313678626	1.0235949140064597	135	0:03
495.00000000163544	-52825.4913011771	7501.960460754894	298.2245751288731	30.695655400312024	1.0108737937511632	135	0:03
496.0000000016402	-52655.42282866247	7450.90552946004	296.19499429153166	30.637021717533152	1.0128084221853089	135	0:02
497.000000001645	-52983.33436164219	7519.977088807769	298.9407880807317	30.670559121091998	1.011700944338279	135	0:01
498.00000000164977	-53144.70182981438	7481.0404588376305	297.3929446882558	30.633037615940275	1.0129401470145176	135	0:01
499.00000000165454	-53192.164321705146	7460.050293245079	296.5585250390894	30.42231546324222	1.0199563430233678	135	0:00
500.0000000016593	-52956.13399064049	7445.006287218109	295.9604823902245	30.599934256869343	1.0140359572578503	135	0:00
