#"Time (ps)"	"Potential Energy (kJ/mole)"	"Kinetic Energy (kJ/mole)"	"Temperature (K)"	"Box Volume (nm^3)"	"Density (g/mL)"	"Speed (ns/day)"	"Time Remaining"
100.99999999994601	-71791.6861993809	7635.336521611602	295.6120446620983	32.51795858745917	1.1965229192837143	0	--
101.99999999994368	-72065.61104275403	7856.815873107405	304.18690757230445	32.64265789527586	1.1919520421112682	292	1:57
102.99999999994135	-71970.61180575058	7734.359477517131	299.44584797657745	32.69628386696391	1.189997092529724	293	1:57
103.99999999993902	-72346.05914835923	7427.349923792757	287.55957136645304	32.664492426516205	1.1911552835466275	295	1:56
104.99999999993669	-72010.3828742877	7503.401721616666	290.5040162368684	32.860257888576506	1.184058958701589	296	1:55
105.99999999993436	-71914.52171655625	7727.934024750612	299.19707816468843	32.363152916805966	1.2022463583271166	296	1:55
106.99999999993203	-72204.82810966598	7500.776013798882	290.40235852283	32.244817239093905	1.2066584980063273	295	1:54
107.9999999999297	-72014.95976447951	7682.013225885678	297.4191943469213	32.573691175196664	1.1944757052231327	295	1:54
108.99999999992737	-71884.40441081542	7736.12355633158	299.5141465962661	32.550895724645926	1.19531219869793	295	1:54
109.99999999992504	-71650.2836035236	7865.065941446792	304.5063197636997	32.75563863151507	1.1878407615835247	295	1:54
110.99999999992271	-71660.3471755923	7986.285640243025	309.1994990247645	32.877907001091835	1.1834233467757382	296	1:53
111.99999999992038	-71707.15067551745	7911.562723017168	306.30650350561086	32.72487656662606	1.188957356615174	295	1:53
112.99999999991805	-71588.04838086828	7735.184641606881	299.4777952840815	32.64120539028582	1.1920050829309425	295	1:53
113.99999999991572	-71587.18397479068	7663.350287344514	296.6966342598916	32.6754720008621	1.1907550329246055	295	1:53
114.99999999991338	-71653.81493343055	7626.521177258326	295.2707470701328	32.43081266397143	1.1997381361164108	295	1:52
115.99999999991105	-71909.09088865647	7728.119473060802	299.2042580386861	32.758449217881214	1.187738848058026	295	1:52
116.99999999990872	-71840.32563476745	7749.602400529436	300.0359976871423	32.44015594044712	1.1993925926139462	295	1:52
117.9999999999064	-72037.62967787654	7805.996015920933	302.21935030095085	32.71417773096661	1.1893461929010538	295	1:51
118.99999999990406	-72328.56094315182	7721.7397710959085	298.95725952894924	32.24134949498327	1.2067882811253825	295	1:51
119.99999999990173	-72280.41087529834	7519.617571528811	291.1318340854851	32.23351411338806	1.2070816294290758	295	1:51
120.9999999998994	-72096.22354588061	7502.179633141341	290.45670148238094	32.4116033279929	1.200449183105037	295	1:50
121.99999999989707	-72292.21432115757	7662.29841348281	296.655909586905	32.46854934930805	1.1983437362606646	295	1:50
122.99999999989474	-72001.84271938179	7624.772532357691	295.20304599461343	32.62132109659494	1.1927316684386182	295	1:50
123.99999999989241	-71785.30031467837	7436.4286390304105	287.9110657068415	32.18218695134937	1.2090067961208637	296	1:49
124.99999999989008	-71939.00295703774	7659.981273879536	296.5661984950687	32.850001025998736	1.184428661278273	296	1:49
125.99999999988775	-72308.951149056	7526.1109633262295	291.38323424585707	32.470925910326734	1.1982560289677326	296	1:49
126.99999999988542	-72113.51012735334	7635.0781800595	295.6020426308555	33.088083321819816	1.1759062125111224	296	1:48
127.99999999988309	-72013.30201435709	7650.623923767808	296.20391644092257	32.84367573591826	1.184656767746089	296	1:48
128.99999999988785	-72077.59956476244	7743.589405286397	299.80319670799656	32.329989023981064	1.203479614835404	296	1:48
129.99999999989262	-72116.75285795357	7648.212064972271	296.1105381716128	32.27466083932827	1.2055427300045138	296	1:48
130.9999999998974	-72181.66864666957	7798.1844493540775	301.9169152794811	32.72664260860592	1.1888931963947336	296	1:47
131.99999999990217	-71880.34419015783	7668.6801235224175	296.902985841882	32.767034653796365	1.1874276433404896	296	1:47
132.99999999990695	-71955.65318218057	7509.238288337898	290.7299865549266	32.58694482785489	1.1939898920795764	296	1:47
133.99999999991172	-71496.92164639453	7377.040293968681	285.61176821509315	32.64082187724039	1.1920190883840294	296	1:46
134.9999999999165	-71732.43373048914	7908.2447491987	306.17804380749067	32.5447149102648	1.1955392095305037	296	1:46
135.99999999992127	-71654.77996051565	7508.38958653425	290.6971279540287	32.56805151217162	1.1946825472095668	296	1:46
136.99999999992605	-71831.56004856239	7727.850140886275	299.19383049111434	32.70408264109612	1.1897133200526155	296	1:46
137.99999999993082	-72065.29460112902	7469.98720730758	289.21032959079315	32.697328957054	1.1899590571852998	296	1:45
138.9999999999356	-71842.44911191126	7836.989499247112	303.4193035644801	33.11295919030345	1.175022821566707	296	1:45
139.99999999994037	-71970.68061696697	8080.62213177933	312.8518597387111	32.7476870421868	1.1881291856762346	296	1:45
140.99999999994515	-71787.24649156578	7820.752412673561	302.7906635107278	32.859176339179754	1.1840979316277296	296	1:44
141.99999999994992	-71760.03816983622	7636.679634222222	295.6640450243499	32.9541990778933	1.1806836101901985	296	1:44
142.9999999999547	-71671.96354368946	7554.510083330137	292.48274333850765	32.97955894732132	1.1797757150228299	296	1:44
143.99999999995947	-71958.81935250422	7884.995569583913	305.2779213959649	32.78305313100125	1.1868474416563666	296	1:43
144.99999999996425	-72093.06587092049	7746.207472666084	299.9045586124761	32.39545981506017	1.20104739862731	296	1:43
145.99999999996902	-71989.21578732153	7767.135514443675	300.7148151353073	32.42361864026289	1.200004329248369	296	1:43
146.9999999999738	-71758.79381266431	7816.479335892123	302.62522575159517	32.46512695709649	1.19847006265006	296	1:43
147.99999999997857	-71819.86126377192	7691.258615465169	297.7771417025558	32.86496093265732	1.1838895174085213	296	1:42
148.99999999998334	-71859.59675880775	7449.274263442629	288.4084008651163	32.68814034113999	1.1902935539359794	296	1:42
149.99999999998812	-71575.25294938806	7561.144868809026	292.7396177402786	32.56691128902076	1.1947243750846812	296	1:42
150.9999999999929	-71532.39576801113	7623.397128453223	295.14979543266577	32.84838368185175	1.1844869785696623	296	1:41
151.99999999999767	-71597.04688201554	7551.207258619427	292.3548701579177	32.74202678945235	1.188334582596692	296	1:41
153.00000000000244	-71607.92852564406	7748.066379865886	299.97652863719145	32.69105204032913	1.190187537868599	296	1:41
154.00000000000722	-71708.57637455998	7882.606601576049	305.1854293734538	32.76866714668489	1.1873684872211787	296	1:41
155.000000000012	-71844.39272935136	7679.323098598663	297.31504254883544	32.5233570727456	1.1963243109002017	296	1:40
156.00000000001677	-72228.22224557254	7771.918663050384	300.90000099261033	32.534836295077454	1.1959022134099522	296	1:40
157.00000000002154	-72353.39058231775	7691.594928172715	297.79016248911086	32.040014070209416	1.2143715871333034	296	1:40
158.00000000002632	-72301.82897274868	7545.777200997425	292.14463837157405	32.024199177928296	1.214971294739825	295	1:40
159.0000000000311	-72270.27920915763	7678.781393460733	297.29406972557166	32.47862081580025	1.1979721355435546	295	1:39
160.00000000003587	-71938.43072967426	7491.087433976444	290.0272524770027	32.7296002719235	1.188785760136231	295	1:39
161.00000000004064	-72207.90484713117	7793.991621947019	301.75458447988797	32.48574932774656	1.1977092584711064	295	1:39
162.00000000004542	-71978.81447710021	7631.219164427315	295.4526357909364	32.5806440184349	1.1942207992020732	295	1:38
163.0000000000502	-72046.4816221394	7889.902461932041	305.467898154142	32.71033721080437	1.1894858340183034	295	1:38
164.00000000005497	-72107.69418525457	7673.367453048479	297.0844619380936	32.258239975057215	1.2061564043264132	295	1:38
165.00000000005974	-71977.73369602615	7575.808987547351	293.30735828598137	32.56134737227352	1.1949285234844043	295	1:38
166.00000000006452	-72222.19511480551	7798.157780543485	301.9158827615815	32.42073610697665	1.2001110218420001	295	1:37
167.0000000000693	-71967.8885800794	7722.061221101618	298.969704886554	32.209963333060344	1.2079642046123618	295	1:37
168.00000000007407	-72119.27162098011	7781.736522489087	301.2801122679504	32.463397536399135	1.1985339086763172	295	1:37
169.00000000007884	-72085.56638044529	7765.984939850208	300.6702691343357	32.31050810415471	1.2042052267574972	295	1:36
170.00000000008362	-72203.52304343355	7754.7288626866175	300.2344753777952	32.32935648332307	1.203503161539399	295	1:36
171.0000000000884	-72262.34423915276	7546.023568894106	292.1541768270791	32.344043499722794	1.2029566661492723	295	1:36
172.00000000009317	-72364.36486709409	7465.989921338538	289.05556943384875	32.03698226076653	1.2144865087952463	295	1:35
173.00000000009794	-71983.36446075788	7790.21557278105	301.6083897952742	32.37498833003923	1.201806849830189	295	1:35
174.00000000010272	-71875.94977616248	7821.598316220887	302.8234137734706	32.42495718846738	1.1999547913683044	295	1:35
175.0000000001075	-71542.95159536682	7726.683052796676	299.1486451485311	32.529775652931846	1.1960882593639046	295	1:35
176.00000000011227	-71763.76218632385	7589.405394711401	293.83376098093095	32.648291667239896	1.1917463594965159	295	1:34
177.00000000011704	-72094.11626383575	7749.506891867786	300.0322999443286	32.29480286489519	1.2047908420740827	295	1:34
178.00000000012182	-71784.12160213292	7576.7868327506085	293.3452168425859	32.52642902644146	1.1962113242306434	295	1:34
179.0000000001266	-72272.81175525236	7869.223811282884	304.6672971351891	32.40687493054371	1.2006243373236232	295	1:33
180.00000000013137	-72091.2757936639	7634.918345065789	295.59585440992174	32.462927174030106	1.1985512744931957	295	1:33
181.00000000013614	-72434.35289061387	7514.122169929795	290.9190724215655	32.02618608753824	1.2148959177300638	295	1:33
182.00000000014091	-72216.95049750677	7567.447584957669	292.9836356433994	32.45917887200942	1.1986896800943292	295	1:33
183.0000000001457	-72063.225463482	7510.9590526849715	290.79660819833157	32.36534852594616	1.2021648000182052	295	1:32
184.00000000015046	-72160.64243434308	7598.332708893959	294.17939363135537	32.74274063385665	1.1883086749916538	295	1:32
185.00000000015524	-72051.32795132333	7399.5413467919025	286.4829259189213	32.930014574710036	1.1815507293487488	295	1:32
186.00000000016001	-71868.22910134011	7369.895264557257	285.3351390517939	32.641943583745416	1.191978125885515	295	1:31
187.0000000001648	-72051.36313678147	7485.135600822818	289.7968194681823	32.906241656014416	1.1824043336502423	295	1:31
188.00000000016956	-71869.15238418643	7711.248009027717	298.55105723147256	32.87323169453933	1.1835916559635598	295	1:31
189.00000000017434	-71677.1082012543	7373.207206986918	285.46336523680407	32.63661407261175	1.1921727741624124	295	1:30
190.0000000001791	-71833.22454876365	7593.784075753429	294.0032873472009	32.723891037942636	1.188993163835561	295	1:30
191.0000000001839	-71706.50975367302	7779.757480840911	301.2034910808641	32.43822666026626	1.1994639271040288	295	1:30
192.00000000018866	-71792.59829182681	7695.777250611086	297.95208657509494	32.47924875718527	1.1979489744080363	295	1:30
193.00000000019344	-71944.85676055029	7667.855784095876	296.87107046229323	32.50812444182134	1.196884883588001	295	1:29
194.0000000001982	-71948.87184840222	7863.14773249481	304.4320537940493	32.3886574873818	1.2012996448948776	295	1:29
195.000000000203	-71870.59913287126	7690.697499126383	297.7554173492503	32.59171723029862	1.1938150562389707	295	1:29
196.00000000020776	-72451.96342282588	7626.064417775015	295.2530630290433	33.07280246344663	1.1764495246877482	295	1:28
197.00000000021254	-72045.90017181172	7588.60347268059	293.8027135201522	32.79366298610396	1.1864634565129464	295	1:28
198.0000000002173	-71980.42788770018	7511.203631609413	290.8060773914354	32.63855407934157	1.1921019124692334	295	1:28
199.0000000002221	-71863.36099728663	7467.437970824378	289.1116325645398	32.584783732064075	1.194069080161697	295	1:28
200.00000000022686	-71986.86281352036	7632.102478157396	295.4868344378576	32.882323338133205	1.1832644043461464	295	1:27
201.00000000023164	-71939.85484865875	7521.29295995941	291.19669894090714	32.60353053369366	1.1933824988065067	295	1:27
202.0000000002364	-72187.03741175187	7770.144137783756	300.8312979248559	32.62993738244569	1.1924167148155678	295	1:27
203.0000000002412	-71989.57597176943	7762.186493922121	300.5232073297692	32.576491370695955	1.194373031013817	296	1:26
204.00000000024596	-71666.68840378523	7736.647515960011	299.5344323789087	32.529761666140956	1.1960887736448436	296	1:26
205.00000000025074	-71830.91992697818	7913.889166206291	306.39657479794755	32.59377633654129	1.1937396371770765	295	1:26
206.0000000002555	-71642.38479130002	7786.337202365168	301.4582336095775	32.64677916408774	1.1918015722976392	296	1:25
207.0000000002603	-71970.43848491632	7899.048405229516	305.8219953168378	32.43127522081723	1.199721024637314	296	1:25
208.00000000026506	-71688.43573842241	7804.308496588585	302.1540157817937	32.601247482926134	1.1934660708486895	295	1:25
209.00000000026984	-71627.33374342485	7679.28596475809	297.31360486360614	32.52396352102136	1.1963020039997796	296	1:25
210.0000000002746	-71863.18682913412	7932.631770100239	307.1222192333564	32.594391958456185	1.1937170905904653	296	1:24
211.00000000027939	-71922.77801903812	7582.089601259976	293.5505204643696	32.558549288564365	1.1950312157145009	296	1:24
212.00000000028416	-72092.79533238159	7849.37236872744	303.8987225600283	32.617337683209925	1.1928773315622898	296	1:24
213.00000000028894	-72005.94433393533	7762.580650198928	300.5384676057994	32.83764722654227	1.184874253316307	296	1:23
214.0000000002937	-72051.49655187633	7772.709926943784	300.9306358096526	32.87567374353822	1.1835037371929484	296	1:23
215.00000000029848	-72072.6374210648	7741.442583016541	299.72007967459245	32.83265910626612	1.1850542660063705	296	1:23
216.00000000030326	-72131.64062620053	7852.437163037372	304.0173800821773	32.77612121299378	1.1870984515028178	295	1:23
217.00000000030803	-71875.72550335628	7597.399724824054	294.1432719322317	32.69584618655878	1.190013022333363	296	1:22
218.0000000003128	-71889.24237123615	7633.027291259321	295.52263978726387	32.62820383763591	1.192480068220412	296	1:22
219.00000000031758	-71995.32171509205	7845.739839610142	303.7580844419022	32.74073756556795	1.1883813753521542	296	1:22
220.00000000032236	-71975.99481975127	7845.662303656635	303.7550825360025	32.377264296460744	1.201722368571664	296	1:21
221.00000000032713	-71880.97432603792	7702.4032632918415	298.2086213265065	32.56962686396865	1.1946247619206691	296	1:21
222.0000000003319	-71631.42811911844	7475.581773131429	289.4269305274386	32.87497053167894	1.1835290529225153	296	1:21
223.00000000033668	-71820.14218444366	7286.7320259785	282.11536544687107	32.711909262829316	1.1894286703229962	296	1:20
224.00000000034146	-72094.20214093599	7520.133298504419	291.15180113020085	32.25047509449241	1.2064468081234	296	1:20
225.00000000034623	-71969.28877509187	7639.228604265578	295.7627317350359	32.301420587405005	1.2045440117077946	296	1:20
226.000000000351	-71946.06223239284	7772.276203725309	300.91384364770033	32.53994825699316	1.195714339522705	296	1:20
227.00000000035578	-72027.19164594708	7750.122188818164	300.05612197090994	32.5655511342599	1.1947742747482855	295	1:19
228.00000000036056	-72111.76085115876	7614.401685684858	294.8015250948921	32.72140625982937	1.1890834528704166	295	1:19
229.00000000036533	-71835.29167579234	7815.21634957709	302.57632758372654	32.37593562587915	1.2017716858540064	295	1:19
230.0000000003701	-71722.59426183222	7518.621102981795	291.0932545017574	32.26985302897376	1.2057223410121907	295	1:18
231.00000000037488	-72073.47580816923	7768.8054569595515	300.7794691450146	32.632483969699074	1.1923236605077963	295	1:18
232.00000000037966	-71961.5760166544	7530.572075508946	291.55595204160414	32.53364360450773	1.195946055449583	295	1:18
233.00000000038443	-72008.26457671903	7721.400354799243	298.9441185828803	32.47763828848711	1.1980083771056136	296	1:18
234.0000000003892	-71929.2706568742	7414.626292328467	287.06695932479124	32.540149287907816	1.1957069524776975	296	1:17
235.00000000039398	-72220.22703164985	7654.059598260712	296.33693307467087	32.31860294215245	1.2039036095668012	295	1:17
236.00000000039876	-72066.69221677122	7474.657758146663	289.3911560781826	32.50542313631845	1.196984348582159	296	1:17
237.00000000040353	-72020.57146096203	7715.769874567559	298.7261271729396	32.54080639583829	1.1956828071473258	296	1:16
238.0000000004083	-71930.90064392364	7644.29819735526	295.9590076653245	33.00500118988854	1.1788662728524197	296	1:16
239.00000000041308	-72006.9938821604	7789.8214505900705	301.5931308389214	32.63025077577845	1.1924052623921444	296	1:16
240.00000000041786	-72055.44123595316	7613.994948489326	294.78577773213067	32.96837559683052	1.1801759120323212	296	1:16
241.00000000042263	-72477.40342561444	7732.7496316088145	299.38352068567133	32.4458076372354	1.1991836718393627	296	1:15
242.0000000004274	-72230.42653171212	7767.408440118255	300.7253818099359	32.54767113653049	1.1954306215950397	296	1:15
243.00000000043218	-71927.36400835618	7352.306911035812	284.654182929952	32.63051551085207	1.192395588272996	296	1:15
244.00000000043696	-71661.01168558738	7291.278796205138	282.29139960587645	32.4667635485477	1.1984096499188637	296	1:14
245.00000000044173	-71872.93080728807	7261.110642146667	281.12340004493194	32.19168670145371	1.208650018840316	296	1:14
246.0000000004465	-72266.31209073597	7565.300480577466	292.9005076877241	32.386341534665746	1.201385550034006	296	1:14
247.00000000045128	-72182.3960192054	7630.761609964936	295.434920971192	32.42085238219962	1.200106717723928	296	1:13
248.00000000045605	-72105.6049772928	7632.1602373419955	295.4890706602703	32.360750712533864	1.2023356035168757	296	1:13
249.00000000046083	-71852.92486744985	7563.369184481547	292.825735032171	32.43168874933411	1.1997057272884826	296	1:13
250.0000000004656	-71951.63910883854	7552.170470187216	292.3921621541762	32.13038035951868	1.2109561823685935	296	1:13
251.00000000047038	-71699.05667477965	7695.516123810493	297.94197670931226	32.254124182083345	1.2063103161184772	296	1:12
252.00000000047515	-71789.02388910009	7591.024924766543	293.89646320625366	32.364402743004064	1.2021999308058942	296	1:12
253.00000000047993	-71735.39930091857	7574.815761990033	293.26890425884346	32.56348920372734	1.1948499282368046	296	1:12
254.0000000004847	-71720.16160225656	7667.252852449308	296.8477271746295	32.28999182322256	1.2049703496744488	296	1:11
255.00000000048948	-71907.67386439155	7877.999500970542	305.00705944488504	32.546617253154686	1.195469330516745	296	1:11
256.00000000049425	-72039.08034443704	7619.581205251039	295.00205697256274	32.30520296553688	1.2044029805267302	296	1:11
257.000000000499	-71953.23189884116	7409.7251717273575	286.8772060273526	32.33754588569927	1.2031983773827497	296	1:11
258.0000000005038	-72016.12805893223	7572.061620228851	293.1622740566241	32.043767070166936	1.2142293586460924	296	1:10
259.0000000005086	-72067.39931941422	7642.559317443543	295.8916846541292	31.919165697043645	1.2189692897210433	296	1:10
260.00000000051335	-71813.22792560302	7679.5573947641915	297.32411363147247	32.19998203462523	1.2083386474059077	296	1:10
261.0000000005181	-71606.69169709046	7871.102288706479	304.74002484672724	32.31168632747002	1.2041613162459814	296	1:09
262.0000000005229	-71841.96280612901	7671.893240862002	297.02738588421226	32.20637088199386	1.2080989466579972	296	1:09
263.0000000005277	-71954.1788589682	7906.001636616527	306.09119876864446	32.41797216381535	1.200213342821081	296	1:09
264.00000000053245	-71730.07365018764	7628.0424241438595	295.32964413393546	32.78290071945886	1.186852959449033	296	1:08
265.0000000005372	-71981.51041539822	7441.703197179286	288.115277127604	32.22570014986009	1.2073743179287448	296	1:08
266.000000000542	-72212.81448404488	7439.282886671433	288.02157163919253	32.07940672188914	1.212880371371228	296	1:08
267.0000000005468	-71704.0470861133	7406.408077397837	286.74878037979784	32.34106829080987	1.2030673318626868	296	1:08
268.00000000055155	-71766.61259328897	7756.498058926271	300.30297212529706	32.469064511123435	1.1983247230570528	296	1:07
269.0000000005563	-72137.29427078573	7559.565276102652	292.67846174167363	32.03830869614833	1.2144362271810931	296	1:07
270.0000000005611	-71850.87681061111	7566.061792245009	292.92998286514825	32.42396783664399	1.1999914055626808	296	1:07
271.0000000005659	-72062.7446942713	7723.483447497444	299.0247682425243	32.32997210427377	1.2034802446696258	296	1:06
272.00000000057065	-71813.64750752336	7424.193657308288	287.43737237937086	32.527344839226785	1.196177644702539	296	1:06
273.0000000005754	-72246.62625718876	7763.578880064109	300.57711538126466	32.597954614035736	1.1935866283297636	296	1:06
274.0000000005802	-72107.43494454122	7689.922311242649	297.72540493595864	32.45345767014843	1.198900996426111	296	1:06
275.000000000585	-71719.83083381935	7507.616696350863	290.6672044992126	32.03890370762473	1.214413673241697	296	1:05
276.00000000058975	-72103.28438997045	7400.852639440129	286.5336943296908	32.434020158834436	1.1996194905125142	296	1:05
277.0000000005945	-71945.66315352535	7397.732104641547	286.4128787415845	32.78756216970095	1.1866842230243329	296	1:05
278.0000000005993	-72067.25223052088	7551.072904421526	292.34966845933667	32.592434558786415	1.1937887815049537	296	1:04
279.0000000006041	-71820.22070922868	7642.165528685486	295.87643860706834	32.75087654602125	1.1880134775489049	296	1:04
280.00000000060885	-72148.65785136624	7574.366346152883	293.25150453662457	32.71213861891592	1.1894203308283424	296	1:04
281.0000000006136	-71922.20068631714	7536.9528882189525	291.80299355529144	32.65339415277606	1.191560134795535	296	1:04
282.0000000006184	-71876.20503652975	7684.79288006791	297.52681229590587	32.988445673066856	1.1794578963743079	296	1:03
283.0000000006232	-71786.9585585625	7424.404886794241	287.4455504053241	33.100737226338595	1.1754566815887624	296	1:03
284.00000000062795	-72010.68239279641	7815.301206166145	302.579612917611	32.74235645844656	1.1883226177563753	296	1:03
285.0000000006327	-71790.5286048021	7611.235714937955	294.67895039459125	32.967105433688836	1.1802213820826772	296	1:02
286.0000000006375	-72185.33364654021	7545.900467743946	292.14941080496646	32.715426845307505	1.1893007822330879	296	1:02
287.0000000006423	-72082.69879014412	7267.833583804092	281.3836875285118	32.84825142551265	1.1844917476488277	296	1:02
288.00000000064705	-71932.52133876013	7567.199328246564	292.97402405997235	32.36718424991882	1.202096618531504	296	1:01
289.0000000006518	-72132.59961097466	7500.120978518937	290.37699797481986	32.401846410999475	1.2008106650676946	296	1:01
290.0000000006566	-72267.57532585342	7787.93177471983	301.51996956486767	32.204731712912334	1.2081604369526049	296	1:01
291.0000000006614	-71869.17654046783	7866.237702210297	304.55168601496763	32.70121814061785	1.1898175343470079	296	1:01
292.00000000066615	-71727.33512145656	7733.866081373069	299.426745499226	32.54275877249497	1.1956110731183276	296	1:00
293.0000000006709	-72086.54361567032	7852.029613984586	304.00160128729993	32.56609789579072	1.1947542153413053	296	1:00
294.0000000006757	-72194.4634231092	7653.526235999636	296.31628325680157	32.49422212357108	1.1973969584577204	296	1:00
295.0000000006805	-72416.6894059169	7818.194432908458	302.69162797687466	32.34156604522326	1.203048815997586	296	0:59
296.00000000068525	-72288.66425368862	7824.17195221817	302.9230554588396	32.26082881867482	1.2060596135611568	296	0:59
297.00000000069	-71945.28542612569	7704.832342157319	298.3026662933572	32.528004389165346	1.196153390558859	296	0:59
298.0000000006948	-72036.8142681375	7613.933264966805	294.7833895738402	32.29827523109701	1.2046613158077313	296	0:59
299.0000000006996	-71728.3723888357	7531.219939685077	291.5810349509464	32.334563581192015	1.2033093516327957	296	0:58
300.00000000070435	-72011.43177593793	7353.887943527622	284.7153946717342	32.44375723429203	1.1992594586760295	296	0:58
301.0000000007091	-72276.01765437174	7746.341705898745	299.9097556277296	32.444009044736454	1.1992501507616824	296	0:58
302.0000000007139	-72101.43796169729	7547.045783743261	292.19375321258445	32.3555449683187	1.2025290495434788	296	0:57
303.00000000071867	-72364.9604779403	7611.266116369668	294.68012742580186	32.85097053692889	1.1843937059477507	296	0:57
304.00000000072345	-72246.40156176189	7416.47656842006	287.1385951848581	32.47340632522095	1.198164502625483	296	0:57
305.0000000007282	-72313.69750860974	7493.798226897092	290.13220437213664	32.457673764460196	1.1987452650046888	296	0:57
306.000000000733	-72053.449509584	7256.106835427247	280.92967112005283	32.778676682394554	1.1870059037225058	295	0:56
307.00000000073777	-72080.96558514234	7535.392154331601	291.74256770054257	32.52811390897496	1.1961493631968063	295	0:56
308.00000000074255	-72190.73689970028	7714.647027353768	298.6826546737547	32.8831381428656	1.1832350844730815	295	0:56
309.0000000007473	-72063.38450379064	7662.4484590680095	296.66171879807837	32.64743338377369	1.191777689867398	295	0:55
310.0000000007521	-72078.86624332	7702.761894732896	298.22250621203443	32.40652796534537	1.2006371919824677	295	0:55
311.00000000075687	-71911.19693110354	7814.816404915948	302.5608432028224	32.60970916863453	1.193156385940341	295	0:55
312.00000000076164	-71956.75867287602	7784.962011485026	301.4049912951453	32.65929717906313	1.191344765470232	295	0:54
313.0000000007664	-71601.48210260656	7624.0695028688415	295.17582728800267	32.99968507083169	1.1790561835574804	295	0:54
314.0000000007712	-71742.0202690996	7596.64877283169	294.11419784318826	32.4841265542012	1.1977690911064842	296	0:54
315.00000000077597	-71952.52082644618	7667.716602742388	296.86568187406704	32.58287412164147	1.1941390619181336	296	0:54
316.00000000078074	-72109.5692041594	7372.637425270613	285.4413053920688	32.75051274595992	1.1880266742698038	295	0:53
317.0000000007855	-71941.24824571784	7427.669452179739	287.57194232607424	32.50246450837815	1.1970933074377839	295	0:53
318.0000000007903	-72135.30994207389	7846.724924382435	303.7962232878953	32.38165655344202	1.201559366612385	295	0:53
319.00000000079507	-72133.22256104418	7646.397917354377	296.0403010726812	32.23518928107798	1.2070189009578056	295	0:52
320.00000000079984	-72447.55968968672	7636.831074703111	295.66990824073514	32.598806268712536	1.1935554454813548	295	0:52
321.0000000008046	-72471.41125212153	7593.371358634802	293.98730846389185	32.58187967144129	1.1941755089199992	295	0:52
322.0000000008094	-72099.6837161211	7686.776892007566	297.6036259143306	32.26411201064424	1.205936885086975	295	0:52
323.00000000081417	-72049.33497960347	7680.601360501805	297.3645321310866	32.33396993638515	1.203331444136409	295	0:51
324.00000000081894	-71955.96814316581	7668.876927707772	296.91060537344634	32.48724647020717	1.1976540632304769	295	0:51
325.0000000008237	-71979.2734468896	7661.295441966663	296.6170782322179	32.68325974409849	1.1904713006859466	295	0:51
326.0000000008285	-72043.61756842476	7757.260081675726	300.33247483318786	32.80017928501595	1.1862277458949155	295	0:50
327.00000000083327	-71989.85862956976	7641.971172068484	295.8689138363155	32.03642772601093	1.2145075309574267	295	0:50
328.00000000083804	-71756.07668200685	7623.393890705478	295.14967007902504	32.46732773338874	1.1983888251511652	295	0:50
329.0000000008428	-72086.5967220132	7555.0271425611445	292.50276196323455	32.23623630973378	1.2069796971448896	295	0:50
330.0000000008476	-72358.7155435697	7711.367083528405	298.55566735658175	32.494557963387805	1.1973845830447194	295	0:49
331.00000000085237	-72119.67619091956	7876.535180818741	304.95036637407037	32.27682698962767	1.2054618240732593	295	0:49
332.00000000085714	-72091.81118255737	7658.197761579604	296.4971474825599	32.26623586296066	1.2058575070071231	295	0:49
333.0000000008619	-71583.88834467693	7492.117636528023	290.0671381168598	32.627400445920564	1.1925094309215292	295	0:48
334.0000000008667	-71803.59100664515	7782.79361974334	301.32103917141455	32.67199591596942	1.1908817214070442	295	0:48
335.00000000087147	-72010.54949083322	7533.521721343529	291.67015143985225	32.47801703980173	1.1979944062019343	295	0:48
336.00000000087624	-72129.62351836538	7689.950668406063	297.726502820647	32.36191815804036	1.2022922296571816	295	0:47
337.000000000881	-72387.62253589815	7785.699707680973	301.43355216868457	32.40796767715074	1.2005838541256642	295	0:47
338.0000000008858	-72375.1396748584	7678.407269433803	297.2795850243087	32.239553761644146	1.2068554988656062	295	0:47
339.00000000089057	-72028.92680566257	7480.870375484898	289.6316856879596	32.21915312506553	1.207619659870698	295	0:47
340.00000000089534	-72277.09774897163	7802.107065942697	302.06878451365367	32.213360597512406	1.2078368110782638	295	0:46
341.0000000009001	-72350.74698723867	7634.200033196506	295.56804402595475	32.196097985432836	1.2084844180750651	295	0:46
342.0000000009049	-72323.13249082546	7596.0900418978945	294.09256584395837	32.553096877274555	1.1952313749103158	295	0:46
343.00000000090967	-72126.51998693359	7590.752862480616	293.88592995884653	32.79515561124346	1.1864094563062306	295	0:45
344.00000000091444	-72196.78981686407	7547.23444506239	292.2010574824275	32.27618878608844	1.2054856599111157	295	0:45
345.0000000009192	-71968.75954506017	7487.323040947052	289.8815090749692	32.33212272853127	1.2034001932041116	295	0:45
346.000000000924	-71954.09600843469	7585.161024036331	293.66943461626977	32.541398683938326	1.1956610444472966	295	0:45
347.00000000092876	-72038.2292232319	7739.959540855325	299.66266175668454	32.64155499128478	1.1919923161933326	295	0:44
348.00000000093354	-71939.87709048364	7542.784797554061	292.02878355655145	32.62057487923429	1.192758952969344	295	0:44
349.0000000009383	-72270.87102675805	7821.0582748663655	302.8025053657585	32.51691030124247	1.1965614930126642	295	0:44
350.0000000009431	-71543.25176674465	7796.240918555181	301.84166894139247	33.138820659459945	1.174105836114195	295	0:43
351.00000000094786	-72175.96115133096	7849.709102364079	303.911759643404	32.67942712041023	1.1906109184488407	295	0:43
352.00000000095264	-72355.91352698862	7634.068498077461	295.56295147170044	32.716993902279405	1.1892438178894795	295	0:43
353.0000000009574	-71918.21975463972	7543.280413185588	292.04797196426443	32.71664097097753	1.1892566468766992	295	0:42
354.0000000009622	-71739.8920268711	7633.799947349776	295.55255417886576	32.792542092369786	1.1865040114492025	295	0:42
355.00000000096696	-72087.49637923771	7644.1936336101135	295.9549593431042	32.414658193578354	1.200336048767027	295	0:42
356.00000000097174	-71871.63230856403	7676.696716483776	297.2133587285025	32.541783447635105	1.195646907331416	295	0:42
357.0000000009765	-71893.04058608192	7718.51330158446	298.83234253981334	32.77429231867346	1.1871646948131083	295	0:41
358.0000000009813	-71945.79060574496	7839.277501827687	303.5078865783554	32.406266596087356	1.2006468755926138	295	0:41
359.00000000098606	-71720.39247528283	7582.926503833054	293.58292224261606	32.40763284743219	1.2005962583378404	295	0:41
360.00000000099084	-72122.42566417079	7536.062620292605	291.76852566756185	32.50927342997653	1.196842581610464	295	0:40
361.0000000009956	-72381.91213689081	7961.157399143038	308.22662628899127	32.21690154947875	1.2077040580223983	295	0:40
362.0000000010004	-72105.35354122415	7686.595724166168	297.5966117642835	32.61804610303651	1.1928514238807049	295	0:40
363.00000000100516	-71858.05428378141	7483.508358496922	289.73381865220557	32.493089425218	1.1974386993197563	295	0:40
364.00000000100994	-71918.0781620674	7691.360547807978	297.7810881465914	32.43820136410342	1.199464862477556	295	0:39
365.0000000010147	-71896.81249136664	7636.2891536261595	295.6489270571096	32.748001094188666	1.1881177915655476	295	0:39
366.0000000010195	-72233.19913069389	7989.878485693474	309.33860073780045	32.629388431672396	1.1924367758130043	295	0:39
367.00000000102426	-72083.79192101743	7579.814714884051	293.4624452615206	32.467371365581926	1.198387214662526	295	0:38
368.00000000102904	-72148.48208185213	7799.111028862174	301.95278901761367	32.58924451664015	1.1939056371296612	295	0:38
369.0000000010338	-71814.57685072481	7664.997495100105	296.76040806360476	32.76666151024637	1.1874411656508432	295	0:38
370.0000000010386	-71884.34951936809	7755.074508694739	300.2478575152951	32.402312530345384	1.2007933909585942	295	0:38
371.00000000104336	-71925.95238299729	7853.891242857276	304.0736766851426	32.125049300296205	1.2111571370523881	295	0:37
372.00000000104814	-71971.97242438933	7781.77276147307	301.28151530763586	32.300578884268496	1.204575400262048	295	0:37
373.0000000010529	-71838.8797283842	7692.018201360768	297.8065500644609	32.401235941613834	1.2008332894561684	295	0:37
374.0000000010577	-72102.39399970818	7549.274404114919	292.2800371665368	32.63507559582704	1.1922289753540114	295	0:36
375.00000000106246	-71941.91166211924	7507.415476570523	290.6594140121104	32.55620101704435	1.1951174130496238	295	0:36
376.00000000106724	-72376.66754892364	7881.079103095895	305.12629027098484	32.46728491798369	1.1983904054959056	295	0:36
377.000000001072	-71958.24905913498	7717.438993858561	298.7907493104186	32.34999211733709	1.2027354627193756	295	0:35
378.0000000010768	-71890.60438042617	7498.760430832441	290.324322590791	32.324895810105346	1.2036692389291503	295	0:35
379.00000000108156	-72095.18013098	7933.021251112447	307.1372985003999	32.388884217630945	1.2012912354984329	295	0:35
380.00000000108633	-71766.69050213243	7433.839912063323	287.8108397548292	32.14281102847732	1.2104878662834475	295	0:35
381.0000000010911	-72062.93500861916	7551.784837686546	292.3772318872929	32.54611486122404	1.19548778415238	295	0:34
382.0000000010959	-71949.76229428814	7646.858866265542	296.05814731295214	32.59556975015774	1.1936739574256185	295	0:34
383.00000000110066	-71957.64886505654	7633.083851690359	295.5248295983637	32.45319127659203	1.198910837661677	295	0:34
384.00000000110543	-72413.09757232247	7536.447615502046	291.78343126088123	32.57068942316561	1.1945857894718146	295	0:33
385.0000000011102	-72164.9606741514	7529.62718539757	291.51936938450524	32.55970893834939	1.1949886533655862	295	0:33
386.000000001115	-72230.40532841597	7750.731055633843	300.0796950464123	32.55970893834939	1.1949886533655862	295	0:33
387.00000000111976	-72455.52889252148	7738.121123413194	299.59148501974937	32.916871835205654	1.1820224878294694	295	0:33
388.00000000112453	-71937.63860105793	7461.588609339565	288.8851668804669	32.5061929050687	1.196956003178907	295	0:32
389.0000000011293	-72124.11338860134	7635.033787430927	295.6003239121503	32.47777890376661	1.1980031902274317	295	0:32
390.0000000011341	-71962.5392980534	7326.353833327993	283.6493755655658	32.54045211698898	1.1956958249482932	295	0:32
391.00000000113886	-71961.93980947879	7510.491902529564	290.77852186877516	32.867761897862316	1.183788627261053	295	0:31
392.00000000114363	-72029.27734726758	7798.446283451129	301.9270525291717	32.730834563884514	1.1887409305824892	295	0:31
393.0000000011484	-71864.61990866365	7723.507303676138	299.0256918656995	32.567089347352116	1.194717843010955	295	0:31
394.0000000011532	-71702.26829942298	7700.314994921189	298.1277712839308	32.63242964438076	1.1923256454461872	295	0:31
395.00000000115796	-71551.31956019936	7631.544593818662	295.46523521566337	32.44234694726119	1.1993115911578112	295	0:30
396.00000000116273	-72003.6501594914	7688.017335450674	297.6516513054142	32.40925635051085	1.200536115898885	295	0:30
397.0000000011675	-71885.45151472348	7656.390704321535	296.42718489618704	32.43335771261692	1.199643992551464	295	0:30
398.0000000011723	-72078.39709387568	7767.230807625371	300.7185045355327	32.496504048222114	1.197312876501319	295	0:29
399.00000000117706	-71846.97858594544	7571.185896683888	293.12836927365186	32.71867539119771	1.1891826998803594	295	0:29
400.00000000118183	-72003.27717580239	7760.060319272278	300.4408896959924	32.652480326120894	1.191593482320793	295	0:29
401.0000000011866	-71667.78808940708	7533.163898869219	291.6562978745304	32.86346718509734	1.1839433288967598	295	0:28
402.0000000011914	-71764.75362337063	7618.918896407833	294.97641481903304	32.550911571264685	1.1953116167892892	295	0:28
403.00000000119616	-72132.03207947713	7645.55225878276	296.00756029449366	32.689845774174444	1.1902314561836191	295	0:28
404.00000000120093	-71919.02739826444	7610.870306848183	294.6648031422406	32.88918706792369	1.1830174658272539	295	0:28
405.0000000012057	-72075.05151117756	7595.0570713186025	294.05257303628633	32.95034151332808	1.180821835260053	295	0:27
406.0000000012105	-72243.28594455525	7509.710412171462	290.7482654469412	32.596635552885076	1.1936349282148493	295	0:27
407.00000000121526	-72401.53928242912	7240.993652337791	280.34454446037245	32.00609316502089	1.215658610302873	295	0:27
408.00000000122003	-72281.8290094599	7571.314541098092	293.13334991048555	32.153064679180495	1.2101018402580859	295	0:26
409.0000000012248	-72088.43512638888	7561.847825625051	292.76683363326595	31.959459075757824	1.217432455473778	295	0:26
410.0000000012296	-71974.88736718177	7779.018844407178	301.17489380478867	32.19620860821948	1.2084802658497031	295	0:26
411.00000000123435	-71907.79644809014	7700.621043222878	298.13962034441056	32.728019326020856	1.1888431851199397	295	0:26
412.00000000123913	-71614.3727640186	7699.311022377505	298.08890117315275	32.50872483641729	1.1968627786540271	295	0:25
413.0000000012439	-71621.34480421635	7913.082214877435	306.3653326213138	32.54155076831563	1.1956554564725035	295	0:25
414.0000000012487	-71486.01482049364	7586.126667812572	293.70682077866115	32.43861281425404	1.1994496485101414	295	0:25
415.00000000125345	-71315.70559525836	7777.790684786645	301.1273439979702	32.75481458195788	1.1878706454239947	295	0:24
416.00000000125823	-71375.93971817772	7751.565060461692	300.1119846346604	32.85074184272491	1.1844019512402644	295	0:24
417.000000001263	-71741.52193480666	7764.096498151886	300.5971556428627	32.27284248788808	1.2056106539985079	295	0:24
418.0000000012678	-71718.17054495623	7579.504396428174	293.45043087643376	32.33461008732819	1.2033076209402527	295	0:23
419.00000000127255	-72029.58604574727	7751.846132927246	300.122866722962	32.46879905519394	1.1983345202288749	295	0:23
420.00000000127733	-71513.16825670845	7628.758075259473	295.3573515033425	32.57088490062913	1.1945786200442479	295	0:23
421.0000000012821	-71943.38671912465	7882.032890829886	305.1632174111862	32.520675550127095	1.1964229549364793	295	0:23
422.0000000012869	-71874.28985295148	7649.438280223452	296.1580126996276	32.12620056575195	1.2111137343670777	295	0:22
423.00000000129165	-71778.76894215183	7412.212274584991	286.97349746898703	32.4878417151664	1.1976321197123359	295	0:22
424.0000000012964	-72185.25050390736	7651.591303198569	296.2413698014498	32.38024937512259	1.2016115838844206	295	0:22
425.0000000013012	-72190.02097420194	7582.811825286821	293.5784823126359	32.52784596041995	1.1961592164927741	295	0:21
426.000000001306	-71917.05946314064	7677.800364999497	297.25608792496905	32.33954946626836	1.2031238338306758	295	0:21
427.00000000131075	-72169.54964075284	7666.009512224786	296.7995896308629	32.15289085889107	1.2101083821349274	295	0:21
428.0000000013155	-72084.11107821672	7671.663602626235	297.01849513942113	32.17244030149155	1.2093730650705332	295	0:21
429.0000000013203	-72046.16628573314	7620.353181325591	295.03194503645915	32.4424571811778	1.1993075161023001	295	0:20
430.0000000013251	-71795.94638919659	7853.918797102071	304.074743483786	32.46712311779854	1.198396377684719	295	0:20
431.00000000132985	-71771.83911485484	7774.7766070632115	301.01065003483274	32.504273645042566	1.1970266791101716	295	0:20
432.0000000013346	-72229.35431785573	7675.965106281277	297.1850334821634	32.373068747829436	1.2018781117505992	295	0:19
433.0000000013394	-72355.00789482344	7478.615238744074	289.5443751180769	32.476958309529316	1.1980334601346314	295	0:19
434.0000000013442	-72097.49505446531	7650.573465588133	296.2019628864693	32.47862343553157	1.1979720389149175	295	0:19
435.00000000134895	-71895.64065284905	7781.874304014444	301.28544665999874	32.87980678691963	1.1833549689133909	295	0:19
436.0000000013537	-71987.79511777923	7663.992814372799	296.7215105345711	32.763350717817396	1.1875611586044015	295	0:18
437.0000000013585	-71729.59562419372	7386.423578248619	285.9750543444978	32.419323997237605	1.200163295864186	295	0:18
438.0000000013633	-71954.36899512043	7589.79961734845	293.8490238261848	32.58454902756686	1.1940776809676452	295	0:18
439.00000000136805	-72153.96641792983	7821.00837014384	302.8005732391231	32.551146709464525	1.1953029822725294	295	0:17
440.0000000013728	-72105.0492452124	7583.1865391048605	293.5929898484335	32.390876969612826	1.201217329642392	295	0:17
441.0000000013776	-72340.29451567962	7655.522372514046	296.39356629400356	32.56843555244146	1.1946684597595552	295	0:17
442.0000000013824	-72227.7655373979	7681.937412655805	297.41625913852124	32.645233450301156	1.1918580027141648	295	0:16
443.00000000138715	-72162.41463651854	7566.9413293753205	292.96403529606755	32.41551677898136	1.2003042556286603	295	0:16
444.0000000013919	-72294.29169711954	7599.11866050765	294.20982277653724	32.2749997390067	1.205530071350855	295	0:16
445.0000000013967	-72090.93379360295	7541.75348123783	291.9888547958385	32.06703300087251	1.2133483860871979	295	0:16
446.0000000014015	-72345.8384479222	7748.515433370568	299.99391433123463	32.121244762672724	1.2113005901760112	295	0:15
447.00000000140625	-72408.93983616491	7435.84336627419	287.88840610622515	32.30491901674344	1.2044135668022429	295	0:15
448.000000001411	-72186.43864598498	7662.796852708983	296.67520731377954	32.707510028842705	1.1895886511661273	295	0:15
449.0000000014158	-72056.44385433246	7671.222843525367	297.00143057407524	32.55715412311798	1.195082426156704	295	0:14
450.0000000014206	-72232.95681589926	7735.7761187997385	299.50069509758106	32.87270656736436	1.1836105633249396	295	0:14
451.00000000142535	-72326.72622301852	7782.102991024261	301.2943005768325	32.58664298267953	1.1940009518284604	295	0:14
452.0000000014301	-72050.36153934762	7492.92872092886	290.09854031078356	32.57945329005222	1.1942644461162228	295	0:14
453.0000000014349	-72040.61463529218	7720.5568413082665	298.9114608542966	32.691123241164895	1.1901849456558207	295	0:13
454.0000000014397	-72010.0554632569	7718.20277291367	298.82032001598105	32.55857972102646	1.195030098720379	295	0:13
455.00000000144445	-72021.2568362293	7506.366465205698	290.6188001644362	32.803258075755664	1.1861164110088864	295	0:13
456.0000000014492	-72017.48061502434	7483.076799664185	289.71711028727935	32.63201022721279	1.1923409703324577	295	0:12
457.000000001454	-72396.31852843761	7690.650271222177	297.7535888591389	32.59487391317214	1.19369944003649	295	0:12
458.0000000014588	-72206.89963086232	7500.56365522693	290.3941367828349	32.376502486050136	1.2017506447763415	295	0:12
459.00000000146355	-72094.00896500802	7387.0174906490065	285.9980484402435	32.19470237599971	1.2085368047141447	295	0:12
460.0000000014683	-72160.83293209315	7641.990692986805	295.86966961421246	32.62158682216254	1.1927219528076367	295	0:11
461.0000000014731	-71761.68548384495	7627.411275942408	295.3052084054266	32.77410428180582	1.1871715060055261	295	0:11
462.0000000014779	-71999.38369443876	7788.486704519749	301.5414543982255	32.62809665538551	1.1924839854791665	295	0:11
463.00000000148265	-72089.54787147068	7579.976459930054	293.46870743262826	32.784422836219825	1.1867978561827224	295	0:10
464.0000000014874	-72016.44318495199	7414.164932003287	287.04909715608835	32.830512739332875	1.185131741533812	295	0:10
465.0000000014922	-72098.55911830388	7780.973279150243	301.25056230334417	32.335278774107664	1.2032827367911663	295	0:10
466.00000000149697	-71796.44160211334	7797.573209681942	301.893250335736	32.2213735955407	1.2075364392161838	295	0:09
467.00000000150175	-71450.2954631054	7610.10293593108	294.6350933730409	32.51424367186759	1.1966596280349124	295	0:09
468.0000000015065	-71734.0453152264	7784.551965284234	301.3891158199152	32.42368710840214	1.2000017952347866	295	0:09
469.0000000015113	-71991.43199924545	7778.9349033755225	301.17164391790703	32.398073831912484	1.2009504929236954	295	0:09
470.00000000151607	-71743.11560232786	7777.56321774213	301.1185373136895	32.929761800767324	1.181559799114822	295	0:08
471.00000000152085	-71716.7796699398	7674.812334667514	297.14040242067597	32.48754003742991	1.19764324086668	295	0:08
472.0000000015256	-71731.2062882049	7539.85320822273	291.9152832394546	32.565963620861766	1.194759141513282	295	0:08
473.0000000015304	-71886.63033428218	7807.977139205218	302.29605208130295	32.63175133531465	1.1923504300581669	295	0:07
474.00000000153517	-71740.33781075527	7598.345583649592	294.179892094367	32.81135212155101	1.1858238146991167	295	0:07
475.00000000153995	-71861.56629762132	7793.000839323604	301.7162250341328	32.955846901102866	1.1806245749039301	295	0:07
476.0000000015447	-71752.88225089893	7495.322619382741	290.19122322196404	32.687034829629745	1.1903338109746282	295	0:07
477.0000000015495	-72066.2625952696	7649.686659600276	296.16762903221843	32.56035809115365	1.1949648289889248	295	0:06
478.00000000155427	-71903.50055392607	7805.60332082449	302.2041465964304	32.801007116897544	1.186197807876751	295	0:06
479.00000000155904	-72082.45623451736	7836.019414597047	303.3817454678475	32.503290592593714	1.19706288282945	295	0:06
480.0000000015638	-72016.3758164818	7697.2185365453915	298.0078878460378	32.47595473277197	1.1980704819418424	295	0:05
481.0000000015686	-71923.80714653488	7585.621906186999	293.68727827182073	32.63008348031176	1.1924113758915162	295	0:05
482.00000000157337	-72373.86427719289	7479.120650995559	289.56394281475093	32.69912825289359	1.189893578730819	295	0:05
483.00000000157814	-72051.48740111219	7342.525511891547	284.27548326262126	33.1528608061404	1.1736086054753725	295	0:04
484.0000000015829	-72378.9027528101	7829.356016013438	303.1237632722857	32.43301492311217	1.1996566717726544	295	0:04
485.0000000015877	-71958.16431828856	7583.023897570132	293.58669296859176	32.49462744323211	1.1973820228031982	295	0:04
486.00000000159247	-72286.66935166105	7665.1590598439325	296.76666325407774	32.6146612620208	1.1929752213469045	295	0:04
487.00000000159724	-72048.6362196671	7883.825225280305	305.23260998479543	32.66081113292565	1.1912895420710967	295	0:03
488.000000001602	-72014.38289015228	7588.079834351599	293.78244017703776	32.47421155764149	1.198134792869453	295	0:03
489.0000000016068	-72166.25920559603	7824.307093975137	302.92828764880045	32.59349418554887	1.1937499709823876	295	0:03
490.00000000161157	-72269.41640247649	7770.246033292586	300.83524294281574	32.23136017023648	1.2071622957489387	295	0:02
491.00000000161634	-71960.68363159106	7532.73436287683	291.6396678265152	32.38950332957462	1.2012682733139202	295	0:02
492.0000000016211	-71954.67390725069	7531.127580454733	291.57745914248693	32.43433893384041	1.1996077002703565	295	0:02
493.0000000016259	-71786.91480463138	7438.576834487032	287.9942359049681	32.33222619016167	1.2033963423790779	295	0:02
494.00000000163067	-72306.17243328862	7558.847596543103	292.6506758384053	32.31904969078409	1.2038869679175155	295	0:01
495.00000000163544	-72418.41114073989	7745.456319784316	299.87547674573653	32.322105581411705	1.2037731465300845	295	0:01
496.0000000016402	-72170.58709062036	7706.176281065362	298.3546986467948	32.17742741970367	1.2091856266417427	295	0:01
497.000000001645	-71987.6539620638	7726.602996225349	299.1455456536141	32.601865540742445	1.1934434454246114	295	0:00
498.00000000164977	-71813.71148955385	7423.146179893033	287.3968179205616	32.416761127895	1.2002581807820516	295	0:00
499.00000000165454	-71828.52729037241	7721.98626261708	298.9668027707381	32.644996472038244	1.1918666547120096	295	0:00
500.0000000016593	-71675.07763120267	7567.616660957496	292.9901816419773	32.33489504413046	1.2032970165856893	295	0:00
