    -44.945         0.00000     0.00000     0.00000     0.00000
    -44.795         0.00000     0.00000     0.00000     0.00000
    -44.645         0.00000     0.00000     0.00000     0.00000
    -44.495         0.00000     0.00000     0.00000     0.00000
    -44.345         0.00000     0.00000     0.00000     0.00000
    -44.195         0.00000     0.00000     0.00000     0.00000
    -44.045         0.00000     0.00000     0.00000     0.00000
    -43.895         0.00000     0.00000     0.00000     0.00000
    -43.745         0.00000     0.00000     0.00000     0.00000
    -43.595         0.00000     0.00000     0.00000     0.00000
    -43.445         0.00000     0.00000     0.00000     0.00000
    -43.295         0.00000     0.00000     0.00000     0.00000
    -43.145         0.00000     0.00000     0.00000     0.00000
    -42.995         0.00000     0.00000     0.00000     0.00000
    -42.845         0.00000     0.00000     0.00000     0.00000
    -42.695         0.00000     0.00000     0.00000     0.00000
    -42.545         0.00000     0.00000     0.00000     0.00000
    -42.395         0.00000     0.00000     0.00000     0.00000
    -42.245         0.00000     0.00000     0.00000     0.00000
    -42.095         0.00000     0.00000     0.00000     0.00000
    -41.945         0.00000     0.00000     0.00000     0.00000
    -41.795         0.00000     0.00000     0.00000     0.00000
    -41.645         0.00000     0.00000     0.00000     0.00000
    -41.495         0.00000     0.00000     0.00000     0.00000
    -41.345         0.00000     0.00000     0.00000     0.00000
    -41.195         0.00000     0.00000     0.00000     0.00000
    -41.045         0.00000     0.00000     0.00000     0.00000
    -40.895         0.00000     0.00000     0.00000     0.00000
    -40.745         0.00000     0.00000     0.00000     0.00000
    -40.595         0.00000     0.00000     0.00000     0.00000
    -40.445         0.00000     0.00000     0.00000     0.00000
    -40.295         0.00000     0.00000     0.00000     0.00000
    -40.145         0.00000     0.00000     0.00000     0.00000
    -39.995         0.00000     0.00000     0.00000     0.00000
    -39.845         0.00000     0.00000     0.00000     0.00000
    -39.695         0.00000     0.00000     0.00000     0.00000
    -39.545         0.00000     0.00000     0.00000     0.00000
    -39.395         0.00000     0.00000     0.00000     0.00000
    -39.245         0.00000     0.00000     0.00000     0.00000
    -39.095         0.00000     0.00000     0.00000     0.00000
    -38.945         0.00000     0.00000     0.00000     0.00000
    -38.795         0.00000     0.00000     0.00000     0.00000
    -38.645         0.00000     0.00000     0.00000     0.00000
    -38.495         0.00000     0.00000     0.00000     0.00000
    -38.345         0.00000     0.00000     0.00000     0.00000
    -38.195         0.00000     0.00000     0.00000     0.00000
    -38.045         0.00000     0.00000     0.00000     0.00000
    -37.895         0.00000     0.00000     0.00000     0.00000
    -37.745         0.00000     0.00000     0.00000     0.00000
    -37.595         0.00000     0.00000     0.00000     0.00000
    -37.445         0.00000     0.00000     0.00000     0.00000
    -37.295         0.00000     0.00000     0.00000     0.00000
    -37.145         0.00000     0.00000     0.00000     0.00000
    -36.995         0.00000     0.00000     0.00000     0.00000
    -36.845         0.00000     0.00000     0.00000     0.00000
    -36.695         0.00000     0.00000     0.00000     0.00000
    -36.545         0.00000     0.00000     0.00000     0.00000
    -36.395         0.00000     0.00000     0.00000     0.00000
    -36.245         0.00000     0.00000     0.00000     0.00000
    -36.095         0.00000     0.00000     0.00000     0.00000
    -35.945         0.00000     0.00000     0.00000     0.00000
    -35.795         0.00000     0.00000     0.00000     0.00000
    -35.645         0.00000     0.00000     0.00000     0.00000
    -35.495         0.00000     0.00000     0.00000     0.00000
    -35.345         0.00000     0.00000     0.00000     0.00000
    -35.195         0.00000     0.00000     0.00000     0.00000
    -35.045         0.00000     0.00000     0.00000     0.00000
    -34.895         0.00000     0.00000     0.00000     0.00000
    -34.745         0.00000     0.00000     0.00000     0.00000
    -34.595         0.00000     0.00000     0.00000     0.00000
    -34.445         0.00000     0.00000     0.00000     0.00000
    -34.295         0.00000     0.00000     0.00000     0.00000
    -34.145         0.00000     0.00000     0.00000     0.00000
    -33.995         0.00000     0.00000     0.00000     0.00000
    -33.845         0.00000     0.00000     0.00000     0.00000
    -33.695         0.00000     0.00000     0.00000     0.00000
    -33.545         0.00000     0.00000     0.00000     0.00000
    -33.395         0.00000     0.00000     0.00000     0.00000
    -33.245         0.00000     0.00000     0.00000     0.00000
    -33.095         0.00000     0.00000     0.00000     0.00000
    -32.945         0.00000     0.00000     0.00000     0.00000
    -32.795         0.00000     0.00000     0.00000     0.00000
    -32.645         0.00000     0.00000     0.00000     0.00000
    -32.495         0.00000     0.00000     0.00000     0.00000
    -32.345         0.00000     0.00000     0.00000     0.00000
    -32.195         0.00000     0.00000     0.00000     0.00000
    -32.045         0.00000     0.00000     0.00000     0.00000
    -31.895         0.00000     0.00000     0.00000     0.00000
    -31.745         0.00000     0.00000     0.00000     0.00000
    -31.595         0.00000     0.00000     0.00000     0.00000
    -31.445         0.00000     0.00000     0.00000     0.00000
    -31.295         0.00000     0.00000     0.00000     0.00000
    -31.145         0.00000     0.00000     0.00000     0.00000
    -30.995         0.00000     0.00000     0.00000     0.00000
    -30.845         0.00000     0.00000     0.00000     0.00000
    -30.695         0.00000     0.00000     0.00000     0.00000
    -30.545         0.00000     0.00000     0.00000     0.00000
    -30.395         0.00000     0.00000     0.00000     0.00000
    -30.245         0.00000     0.00000     0.00000     0.00000
    -30.095         0.00000     0.00000     0.00000     0.00000
    -29.945         0.00000     0.00000     0.00000     0.00000
    -29.795         0.00000     0.00000     0.00000     0.00000
    -29.645         0.00000     0.00000     0.00000     0.00000
    -29.495         0.00000     0.00000     0.00000     0.00000
    -29.345         0.00000     0.00000     0.00000     0.00000
    -29.195         0.00000     0.00000     0.00000     0.00000
    -29.045         0.00000     0.00000     0.00000     0.00000
    -28.895         0.00000     0.00000     0.00000     0.00000
    -28.745         0.00000     0.00000     0.00000     0.00000
    -28.595         0.00000     0.00000     0.00000     0.00000
    -28.445         0.00000     0.00000     0.00000     0.00000
    -28.295         0.00000     0.00000     0.00000     0.00000
    -28.145         0.00000     0.00000     0.00000     0.00000
    -27.995         0.00000     0.00000     0.00000     0.00000
    -27.845         0.00000     0.00000     0.00000     0.00000
    -27.695         0.00000     0.00000     0.00000     0.00000
    -27.545         0.00000     0.00000     0.00000     0.00000
    -27.395         0.00000     0.00000     0.00000     0.00000
    -27.245         0.00000     0.00000     0.00000     0.00000
    -27.095         0.00000     0.00000     0.00000     0.00000
    -26.945         0.00000     0.00000     0.00000     0.00000
    -26.795         0.00000     0.00000     0.00000     0.00000
    -26.645         0.00000     0.00000     0.00000     0.00000
    -26.495         0.00000     0.00000     0.00000     0.00000
    -26.345         0.00000     0.00000     0.00000     0.00000
    -26.195         0.00000     0.00000     0.00000     0.00000
    -26.045         0.00000     0.00000     0.00000     0.00000
    -25.895         0.00000     0.00000     0.00000     0.00000
    -25.745         0.00000     0.00000     0.00000     0.00000
    -25.595         0.00000     0.00000     0.00000     0.00000
    -25.445         0.00000     0.00000     0.00000     0.00000
    -25.295         0.00000     0.00000     0.00000     0.00000
    -25.145         0.00000     0.00000     0.00000     0.00000
    -24.995         0.00000     0.00000     0.00000     0.00000
    -24.845         0.00000     0.00000     0.00000     0.00000
    -24.695         0.00000     0.00000     0.00000     0.00000
    -24.545         0.00000     0.00000     0.00000     0.00000
    -24.395         0.00000     0.00000     0.00000     0.00000
    -24.245         0.00000     0.00000     0.00000     0.00000
    -24.095         0.00000     0.00000     0.00000     0.00000
    -23.945         0.00000     0.00000     0.00000     0.00000
    -23.795         0.00000     0.00000     0.00000     0.00000
    -23.645         0.00000     0.00000     0.00000     0.00000
    -23.495         0.00000     0.00000     0.00000     0.00000
    -23.345         0.00000     0.00000     0.00000     0.00000
    -23.195         0.00000     0.00000     0.00000     0.00000
    -23.045         0.00000     0.00000     0.00000     0.00000
    -22.895         0.00000     0.00000     0.00000     0.00000
    -22.745         0.00000     0.00000     0.00000     0.00000
    -22.595         0.00000     0.00000     0.00000     0.00000
    -22.445         0.00000     0.00000     0.00000     0.00000
    -22.295         0.00000     0.00000     0.00000     0.00000
    -22.145         0.00000     0.00000     0.00000     0.00000
    -21.995         0.00000     0.00000     0.00000     0.00000
    -21.845         0.00000     0.00000     0.00000     0.00000
    -21.695         0.00000     0.00000     0.00000     0.00000
    -21.545         0.00000     0.00000     0.00000     0.00000
    -21.395         0.00000     0.00000     0.00000     0.00000
    -21.245         0.00000     0.00000     0.00000     0.00000
    -21.095         0.00000     0.00000     0.00000     0.00000
    -20.945         0.00000     0.00000     0.00000     0.00000
    -20.795         0.00000     0.00000     0.00000     0.00000
    -20.645         0.00000     0.00000     0.00000     0.00000
    -20.495         0.00000     0.00000     0.00000     0.00000
    -20.345         0.00000     0.00000     0.00000     0.00000
    -20.195         0.00000     0.00000     0.00000     0.00000
    -20.045         0.00000     0.00000     0.00000     0.00000
    -19.895         0.00000     0.00000     0.00000     0.00000
    -19.745         0.00000     0.00000     0.00000     0.00000
    -19.595         0.00000     0.00000     0.00000     0.00000
    -19.445         0.00000     0.00000     0.00000     0.00000
    -19.295         0.00000     0.00000     0.00000     0.00000
    -19.145         0.00000     0.00000     0.00000     0.00000
    -18.995         0.00000     0.00000     0.00000     0.00000
    -18.845         0.00000     0.00000     0.00000     0.00000
    -18.695         0.00000     0.00000     0.00000     0.00000
    -18.545         0.00000     0.00000     0.00000     0.00000
    -18.395         0.00000     0.00000     0.00000     0.00000
    -18.245         0.00000     0.00000     0.00000     0.00000
    -18.095         0.00000     0.00000     0.00000     0.00000
    -17.945         0.00000     0.00000     0.00000     0.00000
    -17.795         0.00000     0.00000     0.00000     0.00000
    -17.645         0.00000     0.00000     0.00000     0.00000
    -17.495         0.00000     0.00000     0.00000     0.00000
    -17.345         0.00000     0.00000     0.00000     0.00000
    -17.195         0.00000     0.00000     0.00000     0.00000
    -17.045        -0.00000     0.00000    -0.00000     0.00000
    -16.895        -0.00000     0.00000    -0.00000     0.00000
    -16.745        -0.00000     0.00000    -0.00000     0.00000
    -16.595        -0.00000     0.00000    -0.00000     0.00000
    -16.445        -0.00000    -0.00000    -0.00000     0.00000
    -16.295        -0.00116    -0.00000    -0.00116     0.00000
    -16.145        -0.00199    -0.00000    -0.00199     0.00000
    -15.995        -0.00435     0.00000    -0.00435     0.00000
    -15.845        -0.00679    -0.00000    -0.00679     0.00000
    -15.695        -0.01114     0.00000    -0.01114     0.00000
    -15.545        -0.01488     0.00000    -0.01488     0.00000
    -15.395        -0.02376     0.00000    -0.02377     0.00000
    -15.245        -0.03058     0.00001    -0.03058     0.00000
    -15.095        -0.03751     0.00001    -0.03752     0.00000
    -14.945        -0.04418     0.00002    -0.04420     0.00000
    -14.795        -0.05340     0.00003    -0.05343     0.00000
    -14.645        -0.06280    -0.00114    -0.06165     0.00000
    -14.495        -0.07090    -0.00206    -0.06885     0.00000
    -14.345        -0.08090    -0.00308    -0.07782     0.00000
    -14.195        -0.09369    -0.00421    -0.08948     0.00000
    -14.045        -0.10496    -0.00416    -0.10080     0.00000
    -13.895        -0.11839    -0.00631    -0.11208     0.00000
    -13.745        -0.12832    -0.00762    -0.12071     0.00000
    -13.595        -0.14000    -0.01002    -0.12998     0.00000
    -13.445        -0.15049    -0.01292    -0.13757     0.00000
    -13.295        -0.15943    -0.01558    -0.14385     0.00000
    -13.145        -0.17017    -0.01909    -0.15108     0.00000
    -12.995        -0.18015    -0.02343    -0.15672     0.00000
    -12.845        -0.19195    -0.02861    -0.16334     0.00000
    -12.695        -0.20297    -0.03333    -0.16964     0.00000
    -12.545        -0.21696    -0.03854    -0.17843     0.00000
    -12.395        -0.22930    -0.04488    -0.18442     0.00000
    -12.245        -0.24127    -0.05053    -0.19074     0.00000
    -12.095        -0.25709    -0.05853    -0.19856     0.00000
    -11.945        -0.26810    -0.06527    -0.20283     0.00000
    -11.795        -0.28025    -0.07345    -0.20680     0.00000
    -11.645        -0.29361    -0.08189    -0.21171     0.00000
    -11.495        -0.30784    -0.09121    -0.21663     0.00000
    -11.345        -0.32518    -0.10330    -0.22188     0.00000
    -11.195        -0.34140    -0.11396    -0.22745     0.00000
    -11.045        -0.35765    -0.12488    -0.23277     0.00000
    -10.895        -0.37793    -0.14037    -0.23756     0.00000
    -10.745        -0.39236    -0.15178    -0.24058     0.00000
    -10.595        -0.40923    -0.16471    -0.24452     0.00000
    -10.445        -0.42539    -0.17649    -0.24889     0.00000
    -10.295        -0.44077    -0.18748    -0.25329     0.00000
    -10.145        -0.45791    -0.19929    -0.25863     0.00000
    -9.9950        -0.47410    -0.21314    -0.26097     0.00000
    -9.8450        -0.49370    -0.22758    -0.26612     0.00000
    -9.6950        -0.51299    -0.24165    -0.27134     0.00000
    -9.5450        -0.53279    -0.25778    -0.27502     0.00000
    -9.3950        -0.55213    -0.27248    -0.27965     0.00000
    -9.2450        -0.56963    -0.28626    -0.28337     0.00000
    -9.0950        -0.58871    -0.30108    -0.28763     0.00000
    -8.9450        -0.60652    -0.31375    -0.29277     0.00000
    -8.7950        -0.62731    -0.32975    -0.29756     0.00000
    -8.6450        -0.64568    -0.34250    -0.30319     0.00000
    -8.4950        -0.66641    -0.35837    -0.30805     0.00000
    -8.3450        -0.68639    -0.37301    -0.31338    -0.00000
    -8.1950        -0.70812    -0.38740    -0.32073    -0.00000
    -8.0450        -0.73084    -0.40234    -0.32822    -0.00027
    -7.8950        -0.75114    -0.41862    -0.33195    -0.00058
    -7.7450        -0.77545    -0.43447    -0.33868    -0.00230
    -7.5950        -0.80400    -0.45135    -0.34759    -0.00506
    -7.4450        -0.83463    -0.46526    -0.35781    -0.01155
    -7.2950        -0.87296    -0.48098    -0.36652    -0.02546
    -7.1450        -0.92547    -0.50042    -0.37926    -0.04579
    -6.9950        -0.98609    -0.51589    -0.39167    -0.07853
    -6.8450        -1.06012    -0.53168    -0.40505    -0.12339
    -6.6950        -1.15217    -0.54956    -0.42012    -0.18249
    -6.5450        -1.25379    -0.56435    -0.43308    -0.25636
    -6.3950        -1.37567    -0.58043    -0.44959    -0.34565
    -6.2450        -1.51240    -0.59585    -0.46509    -0.45145
    -6.0950        -1.67360    -0.61153    -0.48007    -0.58199
    -5.9450        -1.87716    -0.62651    -0.49672    -0.75393
    -5.7950        -2.13954    -0.64175    -0.51448    -0.98332
    -5.6450        -2.46513    -0.65789    -0.53237    -1.27487
    -5.4950        -2.85287    -0.67254    -0.55026    -1.63008
    -5.3450        -3.31127    -0.69045    -0.57116    -2.04966
    -5.1950        -3.81916    -0.70793    -0.59302    -2.51820
    -5.0450        -4.37226    -0.72940    -0.61624    -3.02662
    -4.8950        -4.95377    -0.75088    -0.64023    -3.56266
    -4.7450        -5.55003    -0.77368    -0.66922    -4.10714
    -4.5950        -6.17234    -0.79691    -0.69832    -4.67711
    -4.4450        -6.80799    -0.82093    -0.72803    -5.25903
    -4.2950        -7.44937    -0.84598    -0.76162    -5.84178
    -4.1450        -8.10650    -0.87408    -0.80010    -6.43232
    -3.9950        -8.76578    -0.90303    -0.84192    -7.02083
    -3.8450        -9.43930    -0.93349    -0.88693    -7.61888
    -3.6950       -10.12582    -0.96439    -0.93633    -8.22510
    -3.5450       -10.84035    -1.00009    -0.98723    -8.85303
    -3.3950       -11.57228    -1.03418    -1.04262    -9.49548
    -3.2450       -12.34174    -1.07253    -1.09881   -10.17039
    -3.0950       -13.13762    -1.10760    -1.15817   -10.87185
    -2.9450       -13.97906    -1.15444    -1.22349   -11.60113
    -2.7950       -14.87006    -1.20112    -1.29298   -12.37596
    -2.6450       -15.82022    -1.25251    -1.37199   -13.19572
    -2.4950       -16.84089    -1.31127    -1.45862   -14.07100
    -2.3450       -17.93538    -1.37602    -1.54784   -15.01153
    -2.1950       -19.13023    -1.44926    -1.64390   -16.03706
    -2.0450       -20.41058    -1.53324    -1.74780   -17.12954
    -1.8950       -21.77929    -1.61777    -1.86115   -18.30037
    -1.7450       -23.25861    -1.71120    -1.98102   -19.56639
    -1.5950       -24.84837    -1.80789    -2.11042   -20.93005
    -1.4450       -26.58114    -1.91172    -2.25035   -22.41907
    -1.2950       -28.49328    -2.02565    -2.40743   -24.06019
    -1.1450       -30.62852    -2.14944    -2.58211   -25.89698
   -0.99500       -33.04141    -2.28465    -2.78513   -27.97162
   -0.84500       -35.83137    -2.44154    -3.02142   -30.36841
   -0.69500       -39.09401    -2.63105    -3.28944   -33.17353
   -0.54500       -43.00795    -2.84600    -3.57178   -36.59017
   -0.39500       -48.07124    -3.06623    -3.85307   -41.15194
   -0.25300       -52.48889    -3.18688    -4.00295   -45.29906
   -0.21500       -52.81428    -3.19356    -4.01054   -45.61018
   -0.20900       -53.14904    -3.19986    -4.01803   -45.93115
   -0.20300       -53.49134    -3.20612    -4.02521   -46.26000
   -0.19700       -53.84292    -3.21236    -4.03218   -46.59838
   -0.19100       -54.20702    -3.21860    -4.03904   -46.94938
   -0.18500       -54.58040    -3.22462    -4.04563   -47.31015
   -0.17900       -54.96614    -3.23030    -4.05191   -47.68393
   -0.17300       -55.36521    -3.23577    -4.05823   -48.07122
   -0.16700       -55.77576    -3.24135    -4.06435   -48.47007
   -0.16100       -56.20168    -3.24680    -4.07002   -48.88486
   -0.15500       -56.64063    -3.25197    -4.07563   -49.31302
   -0.14900       -57.09624    -3.25699    -4.08104   -49.75821
   -0.14300       -57.56547    -3.26185    -4.08612   -50.21750
   -0.13700       -58.05310    -3.26652    -4.09119   -50.69539
   -0.13100       -58.56057    -3.27096    -4.09600   -51.19361
   -0.12500       -59.08691    -3.27520    -4.10056   -51.71115
   -0.11900       -59.63452    -3.27936    -4.10485   -52.25031
   -0.11300       -60.20477    -3.28322    -4.10899   -52.81255
   -0.10700       -60.79690    -3.28687    -4.11288   -53.39715
   -0.10100       -61.41524    -3.29051    -4.11649   -54.00824
   -0.95000E-01   -62.05861    -3.29397    -4.11995   -54.64469
   -0.89000E-01   -62.73105    -3.29719    -4.12307   -55.31078
   -0.83000E-01   -63.43264    -3.30017    -4.12603   -56.00644
   -0.77000E-01   -64.16866    -3.30298    -4.12878   -56.73690
   -0.71000E-01   -64.93787    -3.30552    -4.13125   -57.50111
   -0.65000E-01   -65.74740    -3.30785    -4.13352   -58.30603
   -0.59000E-01   -66.60429    -3.30994    -4.13563   -59.15872
   -0.53000E-01   -67.51277    -3.31188    -4.13754   -60.06335
   -0.47000E-01   -68.47465    -3.31355    -4.13922   -61.02189
   -0.41000E-01   -69.48096    -3.31501    -4.14068   -62.02527
   -0.35000E-01   -70.51240    -3.31630    -4.14191   -63.05419
   -0.29000E-01   -71.53453    -3.31737    -4.14293   -64.07423
   -0.23000E-01   -72.46674    -3.31821    -4.14376   -65.00477
   -0.19700E-01   -72.55121    -3.31828    -4.14384   -65.08909
   -0.19100E-01   -72.63339    -3.31835    -4.14391   -65.17112
   -0.18500E-01   -72.71412    -3.31842    -4.14398   -65.25172
   -0.17900E-01   -72.79244    -3.31849    -4.14405   -65.32990
   -0.17300E-01   -72.86879    -3.31856    -4.14412   -65.40612
   -0.16700E-01   -72.94337    -3.31862    -4.14417   -65.48058
   -0.16100E-01   -73.01568    -3.31868    -4.14423   -65.55276
   -0.15500E-01   -73.08565    -3.31874    -4.14429   -65.62262
   -0.14900E-01   -73.15334    -3.31880    -4.14435   -65.69020
   -0.14300E-01   -73.21873    -3.31885    -4.14440   -65.75547
   -0.13700E-01   -73.28182    -3.31890    -4.14445   -65.81847
   -0.13100E-01   -73.34246    -3.31895    -4.14450   -65.87902
   -0.12500E-01   -73.40071    -3.31900    -4.14454   -65.93717
   -0.11900E-01   -73.45649    -3.31904    -4.14458   -65.99287
   -0.11300E-01   -73.50955    -3.31908    -4.14462   -66.04585
   -0.10700E-01   -73.56011    -3.31912    -4.14466   -66.09633
   -0.10100E-01   -73.60776    -3.31916    -4.14470   -66.14391
   -0.95000E-02   -73.65294    -3.31919    -4.14473   -66.18902
   -0.89000E-02   -73.69551    -3.31923    -4.14476   -66.23152
   -0.83000E-02   -73.73526    -3.31926    -4.14479   -66.27121
   -0.77000E-02   -73.77232    -3.31929    -4.14482   -66.30822
   -0.71000E-02   -73.80664    -3.31931    -4.14484   -66.34248
   -0.65000E-02   -73.83818    -3.31934    -4.14487   -66.37397
   -0.59000E-02   -73.86683    -3.31936    -4.14489   -66.40258
   -0.53000E-02   -73.89257    -3.31938    -4.14491   -66.42828
   -0.47000E-02   -73.91553    -3.31940    -4.14493   -66.45121
   -0.41000E-02   -73.93556    -3.31941    -4.14494   -66.47120
   -0.35000E-02   -73.95271    -3.31943    -4.14495   -66.48834
   -0.29000E-02   -73.96695    -3.31944    -4.14496   -66.50255
   -0.23000E-02   -73.97821    -3.31945    -4.14497   -66.51379
   -0.17000E-02   -73.98657    -3.31945    -4.14498   -66.52214
   -0.11000E-02   -73.99198    -3.31946    -4.14498   -66.52754
   -0.50000E-03   -73.99444    -3.31946    -4.14498   -66.53000
    0.10000E-03   -73.99395    -3.31946    -4.14498   -66.52951
    0.70000E-03   -73.99050    -3.31946    -4.14498   -66.52607
    0.13000E-02   -73.98413    -3.31945    -4.14497   -66.51970
    0.19000E-02   -73.97479    -3.31944    -4.14497   -66.51038
    0.25000E-02   -73.96256    -3.31943    -4.14496   -66.49816
    0.31000E-02   -73.94737    -3.31942    -4.14495   -66.48300
    0.37000E-02   -73.92926    -3.31941    -4.14493   -66.46491
    0.43000E-02   -73.90826    -3.31939    -4.14492   -66.44395
    0.49000E-02   -73.88431    -3.31937    -4.14490   -66.42003
    0.55000E-02   -73.85753    -3.31935    -4.14488   -66.39330
    0.61000E-02   -73.82788    -3.31933    -4.14486   -66.36369
    0.67000E-02   -73.79541    -3.31931    -4.14484   -66.33126
    0.73000E-02   -73.76015    -3.31928    -4.14481   -66.29606
    0.79000E-02   -73.72220    -3.31925    -4.14478   -66.25816
    0.85000E-02   -73.68135    -3.31922    -4.14475   -66.21738
    0.91000E-02   -73.63767    -3.31919    -4.14472   -66.17377
    0.97000E-02   -73.59142    -3.31915    -4.14468   -66.12759
    0.10300E-01   -73.54245    -3.31911    -4.14465   -66.07869
    0.10900E-01   -73.49092    -3.31907    -4.14461   -66.02724
    0.11500E-01   -73.43677    -3.31902    -4.14456   -65.97319
    0.12100E-01   -73.37990    -3.31898    -4.14452   -65.91640
    0.12700E-01   -73.32082    -3.31893    -4.14448   -65.85741
    0.13300E-01   -73.25915    -3.31889    -4.14443   -65.79584
    0.13900E-01   -73.19502    -3.31883    -4.14438   -65.73180
    0.14500E-01   -73.12852    -3.31878    -4.14433   -65.66541
    0.15100E-01   -73.05967    -3.31872    -4.14428   -65.59667
    0.15700E-01   -72.98877    -3.31867    -4.14423   -65.52587
    0.16300E-01   -72.91542    -3.31861    -4.14417   -65.45264
    0.16900E-01   -72.83974    -3.31855    -4.14411   -65.37708
    0.17500E-01   -72.76229    -3.31848    -4.14405   -65.29976
    0.18100E-01   -72.68243    -3.31842    -4.14399   -65.22002
    0.18700E-01   -72.60093    -3.31835    -4.14393   -65.13865
    0.19300E-01   -72.51744    -3.31829    -4.14386   -65.05530
    0.20200E-01   -72.17520    -3.31798    -4.14358   -64.71364
    0.25000E-01   -71.19641    -3.31704    -4.14268   -63.73669
    0.31000E-01   -70.15781    -3.31590    -4.14162   -62.70029
    0.37000E-01   -69.12423    -3.31452    -4.14032   -61.66939
    0.43000E-01   -68.12243    -3.31291    -4.13881   -60.67071
    0.49000E-01   -67.16935    -3.31109    -4.13709   -59.72117
    0.55000E-01   -66.26885    -3.30908    -4.13519   -58.82458
    0.61000E-01   -65.41949    -3.30684    -4.13313   -57.97951
    0.67000E-01   -64.61653    -3.30437    -4.13089   -57.18128
    0.73000E-01   -63.85396    -3.30160    -4.12842   -56.42394
    0.79000E-01   -63.12568    -3.29863    -4.12573   -55.70132
    0.85000E-01   -62.43319    -3.29549    -4.12282   -55.01488
    0.91000E-01   -61.77258    -3.29221    -4.11977   -54.36059
    0.97000E-01   -61.14218    -3.28868    -4.11658   -53.73692
    0.10300       -60.54012    -3.28493    -4.11317   -53.14202
    0.10900       -59.96381    -3.28096    -4.10952   -52.57333
    0.11500       -59.41279    -3.27681    -4.10564   -52.03033
    0.12100       -58.88400    -3.27242    -4.10174   -51.50984
    0.12700       -58.37899    -3.26770    -4.09765   -51.01365
    0.13300       -57.89364    -3.26276    -4.09336   -50.53753
    0.13900       -57.42942    -3.25789    -4.08904   -50.08248
    0.14500       -56.98689    -3.25259    -4.08441   -49.64989
    0.15100       -56.56017    -3.24715    -4.07950   -49.23351
    0.15700       -56.15138    -3.24154    -4.07447   -48.83537
    0.16300       -55.75892    -3.23564    -4.06944   -48.45385
    0.16900       -55.38206    -3.22952    -4.06412   -48.08843
    0.17500       -55.01985    -3.22318    -4.05875   -47.73792
    0.18100       -54.67002    -3.21673    -4.05320   -47.40009
    0.18700       -54.33405    -3.21019    -4.04755   -47.07631
    0.19300       -54.00939    -3.20330    -4.04174   -46.76436
    0.19900       -53.69712    -3.19619    -4.03593   -46.46501
    0.20500       -53.39720    -3.18908    -4.02980   -46.17833
    0.21100       -53.10711    -3.18162    -4.02373   -45.90176
    0.21700       -52.82565    -3.17383    -4.01749   -45.63433
    0.29500       -47.57915    -2.93355    -3.83459   -40.81102
    0.44500       -44.42275    -2.63957    -3.63220   -38.15098
    0.59500       -42.20271    -2.36456    -3.43128   -36.40686
    0.74500       -40.54774    -2.13857    -3.25696   -35.15221
    0.89500       -39.23797    -1.94378    -3.10947   -34.18471
     1.0450       -38.15046    -1.76630    -2.98191   -33.40225
     1.1950       -37.24092    -1.60780    -2.86820   -32.76493
     1.3450       -36.47478    -1.46470    -2.76857   -32.24151
     1.4950       -35.81329    -1.33556    -2.67590   -31.80184
     1.6450       -35.23617    -1.21781    -2.58874   -31.42962
     1.7950       -34.72876    -1.11004    -2.50491   -31.11381
     1.9450       -34.27266    -1.00853    -2.42567   -30.83847
     2.0950       -33.87408    -0.91652    -2.35374   -30.60382
     2.2450       -33.51371    -0.83381    -2.28103   -30.39887
     2.3950       -33.18294    -0.75747    -2.20911   -30.21636
     2.5450       -32.89020    -0.69001    -2.13991   -30.06028
     2.6950       -32.62439    -0.62820    -2.07602   -29.92017
     2.8450       -32.37243    -0.57159    -2.01362   -29.78723
     2.9950       -32.14835    -0.52114    -1.95585   -29.67136
     3.1450       -31.93729    -0.47320    -1.90119   -29.56291
     3.2950       -31.73980    -0.43017    -1.84941   -29.46022
     3.4450       -31.55434    -0.38913    -1.79839   -29.36682
     3.5950       -31.38224    -0.34854    -1.75033   -29.28337
     3.7450       -31.22047    -0.31250    -1.70499   -29.20298
     3.8950       -31.06244    -0.27515    -1.66054   -29.12676
     4.0450       -30.91628    -0.24398    -1.61947   -29.05283
     4.1950       -30.77435    -0.21189    -1.57840   -28.98406
     4.3450       -30.63985    -0.18050    -1.53996   -28.91938
     4.4950       -30.51253    -0.15092    -1.50500   -28.85662
     4.6450       -30.39004    -0.12218    -1.47174   -28.79612
     4.7950       -30.26950    -0.09400    -1.43835   -28.73715
     4.9450       -30.15489    -0.06819    -1.40600   -28.68070
     5.0950       -30.04649    -0.04358    -1.37716   -28.62575
     5.2450       -29.94131    -0.02112    -1.34754   -28.57265
     5.3950       -29.84419     0.00120    -1.32443   -28.52096
     5.5450       -29.74764     0.02168    -1.29872   -28.47061
     5.6950       -29.65477     0.04178    -1.27415   -28.42240
     5.8450       -29.56575     0.06157    -1.25190   -28.37542
     5.9950       -29.48158     0.08078    -1.23267   -28.32970
     6.1450       -29.39980     0.09927    -1.21419   -28.28488
     6.2950       -29.32114     0.11691    -1.19658   -28.24147
     6.4450       -29.24774     0.13323    -1.18194   -28.19903
     6.5950       -29.17049     0.14958    -1.16292   -28.15716
     6.7450       -29.09713     0.16528    -1.14583   -28.11658
     6.8950       -29.03306     0.18042    -1.13648   -28.07700
     7.0450       -28.96551     0.19500    -1.12226   -28.03826
     7.1950       -28.90170     0.20916    -1.11053   -28.00033
     7.3450       -28.83825     0.22307    -1.09812   -27.96320
     7.4950       -28.77559     0.23577    -1.08452   -27.92684
     7.6450       -28.71632     0.24836    -1.07344   -27.89124
     7.7950       -28.65330     0.26037    -1.05743   -27.85624
     7.9450       -28.59557     0.27127    -1.04499   -27.82185
     8.0950       -28.53799     0.28219    -1.03200   -27.78818
     8.2450       -28.48590     0.29246    -1.02326   -27.75511
     8.3950       -28.43608     0.30307    -1.01647   -27.72269
     8.5450       -28.38940     0.31346    -1.01199   -27.69087
     8.6950       -28.34538     0.32306    -1.00889   -27.65955
     8.8450       -28.30416     0.33168    -1.00713   -27.62871
     8.9950       -28.26301     0.33957    -1.00406   -27.59851
     9.1450       -28.22239     0.34736    -1.00102   -27.56873
     9.2950       -28.18184     0.35557    -0.99801   -27.53940
     9.4450       -28.14271     0.36285    -0.99497   -27.51059
     9.5950       -28.10653     0.36765    -0.99198   -27.48220
     9.7450       -28.07473     0.37004    -0.99054   -27.45424
     9.8950       -28.03724     0.37560    -0.98607   -27.42677
     10.045       -28.00327     0.38113    -0.98471   -27.39968
     10.195       -27.96882     0.38590    -0.98176   -27.37296
     10.345       -27.93348     0.39197    -0.97879   -27.34666
     10.495       -27.89913     0.39744    -0.97588   -27.32069
     10.645       -27.86641     0.40340    -0.97471   -27.29510
     10.795       -27.83639     0.40714    -0.97359   -27.26993
     10.945       -27.80805     0.40956    -0.97249   -27.24512
     11.095       -27.78003     0.41197    -0.97141   -27.22059
     11.245       -27.75408     0.41261    -0.97039   -27.19630
     11.395       -27.72859     0.41322    -0.96938   -27.17244
     11.545       -27.70341     0.41382    -0.96840   -27.14884
     11.695       -27.67865     0.41441    -0.96746   -27.12560
     11.845       -27.65235     0.41683    -0.96655   -27.10263
     11.995       -27.62504     0.42057    -0.96567   -27.07994
     12.145       -27.59808     0.42428    -0.96482   -27.05754
     12.295       -27.57466     0.42481    -0.96400   -27.03546
     12.445       -27.55148     0.42532    -0.96319   -27.01362
     12.595       -27.52866     0.42582    -0.96241   -26.99206
     12.745       -27.50611     0.42629    -0.96166   -26.97074
     12.895       -27.48186     0.42877    -0.96092   -26.94971
     13.045       -27.45985     0.42923    -0.96021   -26.92887
     13.195       -27.43814     0.42966    -0.95951   -26.90829
     13.345       -27.41661     0.43010    -0.95883   -26.88788
     13.495       -27.39334     0.43258    -0.95817   -26.86775
     13.645       -27.37240     0.43300    -0.95752   -26.84788
     13.795       -27.35168     0.43340    -0.95689   -26.82819
     13.945       -27.33122     0.43380    -0.95628   -26.80874
     14.095       -27.31099     0.43418    -0.95569   -26.78948
     14.245       -27.29096     0.43456    -0.95512   -26.77041
     14.395       -27.27113     0.43494    -0.95455   -26.75151
     14.545       -27.25152     0.43530    -0.95401   -26.73281
     14.695       -27.23218     0.43565    -0.95347   -26.71435
     14.845       -27.21302     0.43600    -0.95296   -26.69607
     14.995       -27.19405     0.43635    -0.95245   -26.67795
     15.145       -27.17530     0.43669    -0.95196   -26.66003
     15.295       -27.15673     0.43702    -0.95148   -26.64226
     15.445       -27.13838     0.43734    -0.95101   -26.62471
     15.595       -27.12025     0.43766    -0.95055   -26.60736
     15.745       -27.10227     0.43798    -0.95011   -26.59013
     15.895       -27.08450     0.43828    -0.94967   -26.57311
     16.045       -27.06689     0.43859    -0.94925   -26.55623
     16.195       -27.04943     0.43889    -0.94883   -26.53949
     16.345       -27.03213     0.43918    -0.94842   -26.52290
     16.495       -27.01499     0.43947    -0.94802   -26.50645
     16.645       -26.99799     0.43976    -0.94762   -26.49014
     16.795       -26.98111     0.44005    -0.94723   -26.47393
     16.945       -26.96442     0.44033    -0.94685   -26.45789
     17.095       -26.94792     0.44060    -0.94648   -26.44204
     17.245       -26.93160     0.44087    -0.94612   -26.42635
     17.395       -26.91538     0.44113    -0.94576   -26.41075
     17.545       -26.89933     0.44140    -0.94542   -26.39531
     17.695       -26.88341     0.44165    -0.94507   -26.37999
     17.845       -26.86766     0.44191    -0.94474   -26.36483
     17.995       -26.85209     0.44217    -0.94442   -26.34984
     18.145       -26.83657     0.44242    -0.94409   -26.33489
     18.295       -26.82124     0.44266    -0.94377   -26.32013
     18.445       -26.80605     0.44289    -0.94346   -26.30548
     18.595       -26.79095     0.44314    -0.94315   -26.29094
     18.745       -26.77600     0.44338    -0.94285   -26.27652
     18.895       -26.76110     0.44361    -0.94256   -26.26216
     19.045       -26.74639     0.44384    -0.94227   -26.24796
     19.195       -26.73178     0.44407    -0.94199   -26.23386
     19.345       -26.71734     0.44429    -0.94170   -26.21993
     19.495       -26.70301     0.44452    -0.94142   -26.20610
     19.645       -26.68877     0.44474    -0.94114   -26.19237
     19.795       -26.67463     0.44496    -0.94087   -26.17872
     19.945       -26.66065     0.44518    -0.94061   -26.16521
     20.095       -26.64670     0.44539    -0.94035   -26.15174
     20.245       -26.63285     0.44560    -0.94009   -26.13836
     20.395       -26.61916     0.44581    -0.93984   -26.12513
     20.545       -26.60552     0.44602    -0.93959   -26.11195
     20.695       -26.59197     0.44623    -0.93934   -26.09885
     20.845       -26.57855     0.44643    -0.93910   -26.08588
     20.995       -26.56529     0.44663    -0.93886   -26.07305
     21.145       -26.55209     0.44682    -0.93863   -26.06029
     21.295       -26.53899     0.44702    -0.93839   -26.04762
     21.445       -26.52596     0.44721    -0.93816   -26.03501
     21.595       -26.51304     0.44740    -0.93793   -26.02251
     21.745       -26.50018     0.44760    -0.93770   -26.01008
     21.895       -26.48745     0.44779    -0.93749   -25.99776
     22.045       -26.47483     0.44797    -0.93726   -25.98554
     22.195       -26.46223     0.44816    -0.93705   -25.97335
     22.345       -26.44976     0.44835    -0.93682   -25.96128
     22.495       -26.43737     0.44854    -0.93661   -25.94929
     22.645       -26.42504     0.44872    -0.93640   -25.93735
     22.795       -26.41283     0.44890    -0.93620   -25.92553
     22.945       -26.40066     0.44907    -0.93599   -25.91374
     23.095       -26.38862     0.44924    -0.93579   -25.90208
     23.245       -26.37668     0.44942    -0.93559   -25.89050
     23.395       -26.36476     0.44959    -0.93539   -25.87896
     23.545       -26.35296     0.44976    -0.93519   -25.86753
     23.695       -26.34122     0.44993    -0.93500   -25.85615
     23.845       -26.32957     0.45011    -0.93481   -25.84487
     23.995       -26.31799     0.45027    -0.93462   -25.83364
     24.145       -26.30649     0.45044    -0.93443   -25.82249
     24.295       -26.29506     0.45060    -0.93424   -25.81142
     24.445       -26.28371     0.45077    -0.93406   -25.80042
     24.595       -26.27243     0.45093    -0.93388   -25.78949
     24.745       -26.26123     0.45109    -0.93370   -25.77863
     24.895       -26.25010     0.45125    -0.93352   -25.76783
     25.045       -26.23903     0.45141    -0.93335   -25.75709
     25.195       -26.22805     0.45157    -0.93317   -25.74645
     25.345       -26.21712     0.45172    -0.93300   -25.73584
     25.495       -26.20626     0.45187    -0.93282   -25.72531
     25.645       -26.19546     0.45203    -0.93265   -25.71484
     25.795       -26.18479     0.45218    -0.93248   -25.70449
     25.945       -26.17412     0.45233    -0.93231   -25.69413
     26.095       -26.16348     0.45248    -0.93215   -25.68381
     26.245       -26.15294     0.45263    -0.93198   -25.67359
     26.395       -26.14246     0.45277    -0.93182   -25.66341
     26.545       -26.13208     0.45292    -0.93166   -25.65334
     26.695       -26.12172     0.45306    -0.93150   -25.64328
     26.845       -26.11142     0.45321    -0.93134   -25.63328
     26.995       -26.10119     0.45335    -0.93119   -25.62335
     27.145       -26.09101     0.45349    -0.93103   -25.61347
     27.295       -26.08085     0.45363    -0.93088   -25.60361
     27.445       -26.07077     0.45377    -0.93072   -25.59382
     27.595       -26.06082     0.45391    -0.93057   -25.58417
     27.745       -26.05088     0.45405    -0.93042   -25.57451
     27.895       -26.04096     0.45418    -0.93027   -25.56487
     28.045       -26.03109     0.45432    -0.93013   -25.55529
     28.195       -26.02131     0.45446    -0.92998   -25.54579
     28.345       -26.01157     0.45459    -0.92983   -25.53634
     28.495       -26.00188     0.45472    -0.92968   -25.52692
     28.645       -25.99225     0.45486    -0.92954   -25.51757
     28.795       -25.98267     0.45499    -0.92940   -25.50826
     28.945       -25.97311     0.45513    -0.92926   -25.49898
     29.095       -25.96367     0.45526    -0.92912   -25.48981
     29.245       -25.95424     0.45539    -0.92898   -25.48066
     29.395       -25.94484     0.45552    -0.92884   -25.47152
     29.545       -25.93554     0.45565    -0.92870   -25.46248
     29.695       -25.92625     0.45577    -0.92857   -25.45345
     29.845       -25.91704     0.45590    -0.92843   -25.44451
     29.995       -25.90787     0.45602    -0.92830   -25.43560
     30.145       -25.89872     0.45615    -0.92817   -25.42671
     35.794       -25.29685     0.46412    -0.91992   -24.84105
     49.810       -24.70404     0.47169    -0.91249   -24.26324
     69.316       -24.12197     0.47896    -0.90560   -23.69533
     96.460       -23.55186     0.48599    -0.89909   -23.13877
     134.23       -22.99500     0.49282    -0.89285   -22.59496
     186.80       -22.45188     0.49942    -0.88691   -22.06438
     259.95       -21.92298     0.50584    -0.88122   -21.54761
     361.74       -21.40880     0.51208    -0.87576   -21.04513
     503.40       -20.90933     0.51814    -0.87049   -20.55697
     700.53       -20.42472     0.52402    -0.86541   -20.08333
     974.85       -19.95477     0.52967    -0.86051   -19.62393
     1356.6       -19.49898     0.53516    -0.85579   -19.17835
     1887.8       -19.05675     0.54047    -0.85123   -18.74598
     2627.1       -18.62829     0.54558    -0.84683   -18.32704
     3655.9       -18.21282     0.55052    -0.84258   -17.92076
     5087.5       -17.80975     0.55529    -0.83848   -17.52656
     7079.7       -17.41869     0.55992    -0.83450   -17.14411
     9852.1       -17.03982     0.56438    -0.83065   -16.77355
     13710.       -16.67325     0.56870    -0.82695   -16.41499
     19079.       -16.31902     0.57287    -0.82335   -16.06854
     26550.       -15.97701     0.57693    -0.81989   -15.73405
     36947.       -15.64722     0.58086    -0.81654   -15.41153
     51416.       -15.33075     0.58465    -0.81331   -15.10209
     71550.       -15.02808     0.58832    -0.81018   -14.80621
     99568.       -14.73891     0.59186    -0.80719   -14.52357
    0.13856E+06   -14.46149     0.59527    -0.80434   -14.25242
    0.19282E+06   -14.19656     0.59855    -0.80162   -13.99349
    0.26832E+06   -13.94350     0.60174    -0.79899   -13.74625
    0.37340E+06   -13.70176     0.60478    -0.79647   -13.51007
    0.51962E+06   -13.47092     0.60769    -0.79406   -13.28455
    0.72310E+06   -13.25037     0.61046    -0.79178   -13.06905
    0.10063E+07   -13.03965     0.61312    -0.78961   -12.86316
    0.14003E+07   -12.83910     0.61565    -0.78752   -12.66723
    0.19487E+07   -12.64787     0.61807    -0.78553   -12.48040
    0.27118E+07   -12.46591     0.62036    -0.78363   -12.30265
    0.37737E+07   -12.29252     0.62257    -0.78182   -12.13327
    0.52514E+07   -12.12744     0.62468    -0.78011   -11.97201
    0.73079E+07   -11.97032     0.62668    -0.77846   -11.81855
    0.10170E+08   -11.82082     0.62859    -0.77689   -11.67252
    0.14152E+08   -11.67868     0.63042    -0.77540   -11.53370
    0.19694E+08   -11.54317     0.63215    -0.77398   -11.40134
    0.27406E+08   -11.41436     0.63381    -0.77263   -11.27555
    0.38138E+08   -11.29186     0.63538    -0.77134   -11.15590
    0.53073E+08   -11.17574     0.63687    -0.77012   -11.04248
    0.73856E+08   -11.06607     0.63830    -0.76896   -10.93541
    0.10278E+09   -10.96282     0.63967    -0.76785   -10.83463
    0.14302E+09   -10.86643     0.64094    -0.76680   -10.74057
    0.19903E+09   -10.77728     0.64217    -0.76581   -10.65364
    0.27697E+09   -10.69506     0.64333    -0.76489   -10.57350
    0.38543E+09   -10.61887     0.64442    -0.76403   -10.49926
    0.53637E+09   -10.54821     0.64547    -0.76324   -10.43044
    0.74641E+09   -10.48334     0.64644    -0.76251   -10.36727
    0.10387E+10   -10.42428     0.64735    -0.76184   -10.30978
    0.14454E+10   -10.37007     0.64818    -0.76122   -10.25703
    0.20115E+10   -10.32022     0.64894    -0.76065   -10.20851
    0.27992E+10   -10.27434     0.64965    -0.76013   -10.16386
    0.38953E+10   -10.23213     0.65032    -0.75965   -10.12280
    0.54207E+10   -10.19325     0.65092    -0.75922   -10.08495
    0.75434E+10   -10.15740     0.65147    -0.75882   -10.05005
    0.10497E+11   -10.12438     0.65197    -0.75844   -10.01791
    0.14608E+11   -10.09400     0.65244    -0.75810    -9.98834
    0.20329E+11   -10.06604     0.65287    -0.75778    -9.96112
    0.28289E+11   -10.04026     0.65327    -0.75749    -9.93603
    0.39367E+11   -10.01658     0.65364    -0.75723    -9.91299
    0.54783E+11    -9.99467     0.65397    -0.75698    -9.89166
    0.10000E+12    -9.74066     0.65786    -0.75411    -9.64441
