#"Time (ps)"	"Potential Energy (kJ/mole)"	"Kinetic Energy (kJ/mole)"	"Temperature (K)"	"Box Volume (nm^3)"	"Density (g/mL)"	"Speed (ns/day)"	"Time Remaining"
100.99999999994601	-72431.22691757188	7598.669060495826	296.77179414422625	29.543584921935828	1.0763038100151352	0	--
101.99999999994368	-72515.24913563862	7524.516120357826	293.8756947206796	29.517636599258225	1.0772499656623697	295	1:56
102.99999999994135	-72313.61922887852	7587.26452469542	296.32638133259786	29.70062124260244	1.070613060691623	303	1:53
103.99999999993902	-72521.29062127828	7523.350778717456	293.83018141740894	29.298200131310786	1.085318308649379	300	1:54
104.99999999993669	-72366.94914431867	7623.99937466108	297.761088811649	29.366748973517407	1.0827849225551045	302	1:53
105.99999999993436	-72432.64627831933	7778.303181174757	303.7875412255879	29.453290212080283	1.0796034257640703	301	1:53
106.99999999993203	-72560.31871698642	7508.575360510886	293.2531162319817	29.306203453447804	1.0850219157010694	302	1:52
107.9999999999297	-72892.77802571552	7665.319680011324	299.3748847350866	29.08208810094497	1.0933834222155465	301	1:52
108.99999999992737	-72916.22791583114	7590.5858310458925	296.4560974758705	29.23785905326511	1.0875581880005756	300	1:52
109.99999999992504	-73044.69022284835	7524.044530754574	293.8572764303787	29.25553845425212	1.0869009662122149	301	1:51
110.99999999992271	-72575.55163600147	7445.044600987102	290.77187414378	29.191720412733368	1.0892771156822627	301	1:51
111.99999999992038	-72853.91093839661	7525.269453871205	293.90511673347874	29.120458566630468	1.091942729549694	301	1:51
112.99999999991805	-72954.08101346786	7440.576355928413	290.5973634377358	29.204143478868314	1.088813751240255	302	1:50
113.99999999991572	-72559.2858230045	7360.59038497414	287.4734505633253	29.361978836975688	1.0829608314049328	302	1:50
114.99999999991338	-72685.454388541	7590.967758791972	296.4710139542084	29.28385348054969	1.085850024284043	302	1:50
115.99999999991105	-72596.97711046285	7435.564772002532	290.4016322193675	29.03757927556343	1.0950593612238444	302	1:49
116.99999999990872	-72616.41587980022	7524.09265470277	293.8591559477433	29.15151431313979	1.0907794590503528	302	1:49
117.9999999999064	-72367.96666413586	7738.543955308833	302.23471444762504	29.10654821854303	1.0924645813112128	301	1:49
118.99999999990406	-72537.06919746415	7816.742295051365	305.288810026697	29.455381246297947	1.079526784837718	301	1:49
119.99999999990173	-72650.52121926678	7843.609299248092	306.3381212909808	29.44947962987532	1.0797431198318206	301	1:49
120.9999999998994	-72703.49844020349	7573.800758770312	295.80054372370597	29.392402136322218	1.0818398872438675	300	1:49
121.99999999989707	-72805.79411714143	7405.695556181852	289.23506729882524	29.298958908806213	1.085290201332988	300	1:48
122.99999999989474	-72856.62745635651	7655.326916698684	298.98460977072887	29.386721091491392	1.0820490286747904	300	1:48
123.99999999989241	-72800.1412177817	7262.399235135506	283.6385205940506	29.44980438060791	1.0797312132206718	300	1:48
124.99999999989008	-72718.2097835069	7637.523661532801	298.2892901120989	29.65066338140247	1.0724169170842073	300	1:47
125.99999999988775	-72416.08212455836	7520.312809990113	293.7115312403069	29.243972298054125	1.0873308416825798	301	1:47
126.99999999988542	-72416.17844706928	7738.137506779278	302.218840291456	29.106107369191292	1.0924811280893978	301	1:47
127.99999999988309	-72392.81332702984	7502.264994006628	293.00666007311145	28.753092638201295	1.1058940133187152	302	1:46
128.99999999988785	-72349.82931721589	7510.496075980069	293.32813123412114	29.342265907941744	1.0836883938257427	302	1:46
129.99999999989262	-72621.84206251852	7619.695365443639	297.5929924611824	29.547350689641135	1.0761666366295608	302	1:45
130.9999999998974	-72673.98126048507	7671.074155094369	299.5996301320972	29.721785441185265	1.069850701799467	302	1:45
131.99999999990217	-73014.24238048121	7687.6996059964395	300.2489497502281	29.113751124576332	1.0921942994196685	302	1:45
132.99999999990695	-72818.815788684	7548.326661502626	294.8056334979615	29.69976542633725	1.0706439110386852	302	1:44
133.99999999991172	-72505.17816853095	7187.808870790604	280.72533723571865	29.53198895611159	1.0767264291017125	302	1:44
134.9999999999165	-72459.73766810072	7527.230427833694	293.9817040616654	29.71825161739284	1.069977918700146	302	1:44
135.99999999992127	-72451.20763523984	7495.043489650156	292.7246187330783	29.406986730437985	1.0813033414291489	301	1:44
136.99999999992605	-72743.8693201651	7600.5742648487085	296.84620334793215	29.1040288792465	1.092559148594704	301	1:44
137.99999999993082	-72338.5346024592	7585.863118495188	296.27164834856393	29.027002702737796	1.0954583681485686	301	1:43
138.9999999999356	-72631.11973974822	7525.723047049289	293.92283215971975	29.082183051869137	1.093379852409036	301	1:43
139.99999999994037	-72720.17939139306	7569.292809787197	295.6244823507236	28.93178162042014	1.0990637711208977	301	1:43
140.99999999994515	-72693.22310271108	7572.821210534231	295.7622867230183	28.869769870292288	1.1014245404742917	300	1:43
141.99999999994992	-72560.79733627528	7700.032763329636	300.7306305814495	29.277265882506292	1.0860943484475118	300	1:42
142.9999999999547	-72538.39113633937	7396.573681532619	288.87880555297744	29.340848213985257	1.0837407555869105	300	1:42
143.99999999995947	-72650.71750240077	7556.606054858701	295.12899149673024	29.379501638128097	1.0823149216295291	300	1:42
144.99999999996425	-72478.93934990597	7631.806649681557	298.0660078700734	29.6669876217322	1.0718268203844223	300	1:42
145.99999999996902	-72463.64191638713	7638.8712504035775	298.3419212194369	29.239382115995504	1.0875015377151251	300	1:41
146.9999999999738	-72365.01092751569	7678.898527265446	299.90521693272984	29.469346655868712	1.0790152012634733	300	1:41
147.99999999997857	-72550.32002349093	7437.832572738011	290.4902029003212	29.141112720552144	1.0911688005159588	300	1:41
148.99999999998334	-72988.49291369572	7729.437440743983	301.87905260154446	29.15880639987002	1.0905066749620786	300	1:41
149.99999999998812	-72575.62684570215	7546.2463100519435	294.72438379126226	29.440834390445907	1.0800601841401694	300	1:40
150.9999999999929	-72366.371323803	7519.034980540417	293.66162464016713	29.52211139268409	1.0770866822508198	300	1:40
151.99999999999767	-72486.94991482428	7401.832107001626	289.08417735537955	29.39352991597929	1.0817983788908208	300	1:40
153.00000000000244	-72590.72408080299	7698.33325442188	300.6642549696544	29.461643515910826	1.0792973241907815	300	1:39
154.00000000000722	-72631.16695583574	7552.202103079369	294.95699181356576	29.72777105815225	1.0696352898703214	300	1:39
155.000000000012	-72456.02978442179	7763.075671262666	303.19281925507147	29.636478879364855	1.0729301933073199	300	1:39
156.00000000001677	-72508.45404743805	7418.024073249599	289.7165669009535	29.30874600754949	1.0849277892952016	300	1:39
157.00000000002154	-72881.90824522323	7415.472113543248	289.6168981754691	29.024467241588937	1.095554063001794	300	1:38
158.00000000002632	-72859.48368890694	7551.193797116634	294.9176116580116	29.0724053435286	1.0937475808159545	300	1:38
159.0000000000311	-72760.39061683859	7336.201141318858	286.520910119759	29.291164298416955	1.0855790056356263	300	1:38
160.00000000003587	-72800.10355216151	7454.705453037048	291.1491860615643	29.120598077764438	1.0919374982639891	300	1:38
161.00000000004064	-72642.79373476567	7618.342947600837	297.5401727546725	29.45330223041347	1.0796029852350737	300	1:37
162.00000000004542	-72452.58643231224	7493.234402700497	292.65396346759184	29.38596124491744	1.082077007723712	300	1:37
163.0000000000502	-72548.2472694206	7458.454950317905	291.2956255269917	29.54158761525395	1.0763765789136615	300	1:37
164.00000000005497	-72569.14926926992	7625.825591455346	297.83241309623304	29.06487167237206	1.094031082312022	299	1:36
165.00000000005974	-72424.36564342794	7628.5278985346695	297.9379537526131	29.103818509149114	1.0925670459011836	300	1:36
166.00000000006452	-72546.84191559715	7659.187237360087	299.1353775274947	29.046700638792984	1.094715486223518	300	1:36
167.0000000000693	-72238.05757157702	7664.961965930854	299.3609139398583	28.905143827913488	1.1000766231191785	300	1:36
168.00000000007407	-72383.72648267733	7513.237162350424	293.43518644517957	29.15976341323645	1.0904708849095557	300	1:35
169.00000000007884	-72503.81355367281	7811.953377002396	305.1017751933482	29.28913535321456	1.0856542069103907	300	1:35
170.00000000008362	-72109.45714187858	7728.425655805402	301.8395365719451	29.502290067508127	1.0778103306632902	300	1:35
171.0000000000884	-72320.34801142945	7658.318484184794	299.1014477120958	29.368744989461057	1.0827113322137487	300	1:34
172.00000000009317	-72408.63131008262	7444.127140365593	290.73604202205786	29.662794044508125	1.0719783498908932	300	1:34
173.00000000009794	-72578.85855439043	7702.792384758359	300.8384096932967	29.58094130545651	1.0749445964087623	300	1:34
174.00000000010272	-72206.2466248571	7399.161976602061	288.9798933836775	29.483955685285007	1.0784805591352542	300	1:33
175.0000000001075	-72254.92554161043	7526.61339832926	293.95760550550864	29.52356275980197	1.077033733079121	300	1:33
176.00000000011227	-72320.9426212298	7596.535924807367	296.6884829090116	29.629965980191407	1.0731660317883303	300	1:33
177.00000000011704	-72205.12417260674	7567.5952242582935	295.55818185795107	29.488303741546538	1.0783215369619483	300	1:33
178.00000000012182	-72274.80504864169	7585.994782656349	296.27679059242547	29.75627977203546	1.0686105002571067	300	1:32
179.0000000001266	-72246.8944528453	7704.080772377456	300.88872865076524	29.53179149291549	1.0767336285918638	300	1:32
180.00000000013137	-72544.56349385728	7379.831984462374	288.2249458524168	29.477748053124547	1.0787076731804406	300	1:32
181.00000000013614	-72633.6722172799	7379.678783763886	288.218962482725	29.595171893604086	1.0744277183893358	300	1:32
182.00000000014091	-72895.15624254657	7543.193645727042	294.6051596664309	29.717475322826097	1.0700058691917607	299	1:31
183.0000000001457	-72785.23169647591	7544.355017570748	294.6505179262762	29.51584587340033	1.0773153223991276	300	1:31
184.00000000015046	-72529.25544117656	7472.7141524715735	291.8525295022167	29.12831262604907	1.0916483018157672	300	1:31
185.00000000015524	-72648.46620724475	7791.106707066271	304.28759265827244	29.10040543899241	1.0926951887198937	300	1:30
186.00000000016001	-72511.20848199335	7608.871557458086	297.17026041563975	29.368937702000636	1.08270422769902	300	1:30
187.0000000001648	-72398.36271930128	7682.016043110996	300.0269738829787	29.383371519553172	1.0821723773878478	300	1:30
188.00000000016956	-72485.96089003317	7661.729063435696	299.2346504763303	29.424964282660337	1.08064270554521	300	1:29
189.00000000017434	-72388.91824507545	7436.012774508478	290.41912929766005	29.611912004203408	1.0738203263764774	300	1:29
190.0000000001791	-72689.10024564213	7652.839755531511	298.8874718014304	29.619150905441213	1.0735578853863692	300	1:29
191.0000000001839	-72659.15261497223	7323.14315692009	286.0109206167187	29.410635742420943	1.0811691828586016	300	1:29
192.00000000018866	-72830.4033752023	7493.386705423603	292.65991176617274	29.177873322076675	1.0897940594226312	300	1:28
193.00000000019344	-72579.7720407816	7339.945952198085	286.66716655420964	29.31008384563011	1.0848782685323515	300	1:28
194.0000000001982	-72543.7938307889	7504.379614589161	293.0892481867951	29.56855526550923	1.0753948824167419	300	1:28
195.000000000203	-72323.31782347715	7810.625090721727	305.0498979633343	29.63683795425385	1.0729171938675466	300	1:27
196.00000000020776	-72168.57511600971	7423.672324832942	289.9371636584674	29.651049271501126	1.0724029602401797	300	1:27
197.00000000021254	-72314.31250831657	7724.421225009908	301.68314048438765	29.39307659259783	1.0818150632449621	300	1:27
198.0000000002173	-72130.63617187054	7753.486803730815	302.8183187473401	29.304843060397705	1.0850722847226775	300	1:27
199.0000000002221	-72250.31420784164	7488.782011396757	292.48007194199397	29.359044571111337	1.0830690670456509	300	1:26
200.00000000022686	-72221.15522855928	7476.115639372724	291.98537715782277	29.60873168631854	1.073935667014006	300	1:26
201.00000000023164	-71955.86749685684	7619.263267849414	297.57611656130274	29.752948110980487	1.0687301606004567	300	1:26
202.0000000002364	-72314.75233363392	7665.30911615593	299.37447215568704	29.484437291427906	1.0784629429651662	300	1:25
203.0000000002412	-72593.47852759028	7544.152916145287	294.6426247015345	29.577668074020753	1.0750635558357144	300	1:25
204.00000000024596	-72544.73234097316	7650.046176999664	298.77836646911777	29.065102517148038	1.094022393150855	300	1:25
205.00000000025074	-72660.30954850928	7632.624672021086	298.0979563541328	28.963472848854394	1.0978611984454396	300	1:24
206.0000000002555	-72779.13389984981	7615.781820916797	297.44014600590873	29.28546507475004	1.0857902693989105	300	1:24
207.0000000002603	-72689.49161028105	7648.555279720012	298.72013834297564	29.264967637038325	1.08655076634157	300	1:24
208.00000000026506	-72391.04442975816	7650.411827025262	298.79264720871333	29.357735034116477	1.083117378640862	300	1:24
209.00000000026984	-72288.81826003848	7599.955015498748	296.8220180940216	29.408608326494228	1.0812437181646068	300	1:23
210.0000000002746	-72172.01494977102	7461.7275399831415	291.4234390031042	29.430890948890404	1.080425090365267	300	1:23
211.00000000027939	-72136.08198263508	7161.731538237229	279.70686719751234	29.344345318923846	1.0836116010562054	300	1:23
212.00000000028416	-72802.7815605941	7769.4294180162215	303.4409696625413	29.27768336756502	1.0860788612876449	300	1:22
213.00000000028894	-72584.27882184536	7395.064331543716	288.81985674225393	29.08263998272758	1.0933626738105706	300	1:22
214.0000000002937	-72547.96318012592	7562.2834546878385	295.3507266611325	29.700697144286007	1.0706103246840015	300	1:22
215.00000000029848	-72269.64541713949	7499.3023702370965	292.89095255058896	29.62988746134672	1.0731688756653812	300	1:22
216.00000000030326	-72532.49592494927	7604.128467426903	296.9850154303488	29.03969870104165	1.0949794397090165	300	1:21
217.00000000030803	-72105.199095775	7706.118163911852	300.96830052529003	29.291018479060362	1.0855844099691165	300	1:21
218.0000000003128	-72360.81779023167	7652.458036155314	298.8725634611367	29.41684048319874	1.080941137480295	300	1:21
219.00000000031758	-72781.0983757455	7753.886283502914	302.8339207333913	29.23086904383279	1.0878182569701615	300	1:20
220.00000000032236	-72440.68097185329	7544.706436392102	294.6642428553762	29.506440817455093	1.0776587122013916	300	1:20
221.00000000032713	-72486.02237261037	7602.87070419869	296.9358925317368	29.392829644936597	1.0818241522541858	300	1:20
222.0000000003319	-72615.63305392719	7479.040483423078	292.09960916470516	29.2723425671491	1.0862770186582338	300	1:20
223.00000000033668	-72463.44060788534	7597.167482357307	296.71314886902496	29.307245207564005	1.0849833475572932	300	1:19
224.00000000034146	-72398.30417755246	7634.194194357531	298.1592552416127	29.40983689626013	1.0811985501704287	300	1:19
225.00000000034623	-72131.10940744437	7717.15338218416	301.3992893602258	29.553632585067213	1.0759378875492953	300	1:19
226.000000000351	-72033.61059514244	7627.584294844656	297.90110059348524	29.619060321809698	1.0735611686361026	300	1:18
227.00000000035578	-72040.95241684941	7889.213485420951	308.1192274351301	29.80246858306834	1.0669543338114797	300	1:18
228.00000000036056	-72273.97759601712	7746.23785953413	302.53520572349674	29.397601461367092	1.081648550640176	300	1:18
229.00000000036533	-72205.22090772391	7980.99885309723	311.7039747145042	29.66574057817323	1.071871876220098	300	1:18
230.0000000003701	-71936.06651255355	7567.796980377425	295.5660615964918	29.83357695119588	1.0658417884319638	300	1:17
231.00000000037488	-71895.24506025511	7341.29844105166	286.71998903409917	29.452766322602702	1.0796226291512334	300	1:17
232.00000000037966	-72134.71011639264	7607.253176772132	297.1070533281939	29.604627829072257	1.074084538288273	300	1:17
233.00000000038443	-72473.85042511876	7825.574753904044	305.63376841869245	29.25366642746995	1.086970520150808	300	1:16
234.0000000003892	-72375.80396574165	7641.480299397977	298.44381961044644	29.41483755754547	1.0810147413113445	300	1:16
235.00000000039398	-72031.5929312621	7768.028699057951	303.38626351926433	29.69509504216984	1.0708122997360088	300	1:16
236.00000000039876	-72214.98127917771	7829.157929652807	305.77371207030154	29.59615044863791	1.074392193949962	300	1:16
237.00000000040353	-72347.90625461377	7597.273362818583	296.7172841108953	29.211183312086497	1.0885513494356958	300	1:15
238.0000000004083	-72508.11913169327	7482.398821493167	292.2307716099266	29.20471504931331	1.0887924418811576	300	1:15
239.00000000041308	-72777.26191767186	7741.085645986768	302.3339821084016	29.34847851418658	1.083458994223999	300	1:15
240.00000000041786	-72552.72355407552	7623.924740192964	297.7581739057844	29.261319327808586	1.0866862377858002	300	1:14
241.00000000042263	-72568.83729180851	7535.999772961493	294.3241974991776	29.232422269495068	1.0877604572019095	300	1:14
242.0000000004274	-72971.64163522265	7569.645092271356	295.63824101083065	29.417701992375676	1.0809094816864497	300	1:14
243.00000000043218	-72636.21590421355	7682.495125014415	300.04568479075584	29.262791357509553	1.0866315733350271	300	1:14
244.00000000043696	-72345.36144271438	7382.008752364551	288.3099611768929	29.187399760309656	1.0894383629276019	300	1:13
245.00000000044173	-72615.41905556407	7528.730632537468	294.04029569632905	29.19231220549597	1.0892550336248707	300	1:13
246.0000000004465	-72463.64020115646	7482.311148077882	292.22734745807236	29.574158144158023	1.0751911468785622	300	1:13
247.00000000045128	-72418.2855886732	7617.162452677932	297.494067628438	29.558108798144584	1.0757749499515086	300	1:12
248.00000000045605	-72419.77139082164	7750.429189074892	302.698901283569	29.6288026013919	1.0732081697925735	300	1:12
249.00000000046083	-72550.31479616737	7460.0449438613105	291.35772393301494	29.370203233658383	1.0826575750945002	300	1:12
250.0000000004656	-72747.90416476427	7507.162715746947	293.1979443173023	29.018432459385593	1.0957818985394807	300	1:11
251.00000000047038	-72865.92653951046	7696.445962862623	300.5905453637149	29.273740484679507	1.0862251453525982	300	1:11
252.00000000047515	-72540.11559228381	7308.820279647329	285.45152976133284	29.216132407973056	1.0883669531942437	300	1:11
253.00000000047993	-73053.50229567377	7528.366440909764	294.02607191557144	29.022311813672808	1.0956354275680005	300	1:11
254.0000000004847	-72915.34803076336	7634.489703575575	298.1707965786714	29.200863073788543	1.0889360678358797	300	1:10
255.00000000048948	-72805.21452927071	7602.998443550736	296.94088148919604	29.24882846158326	1.087150312866377	300	1:10
256.00000000049425	-72825.94171125928	7825.043549668092	305.61302183361215	28.91644391793103	1.0996467305327071	300	1:10
257.000000000499	-72895.15346689255	7804.634982830465	304.8159497479488	29.233657721001983	1.0877144870633508	300	1:10
258.0000000005038	-72519.8494879372	7635.135415244544	298.1960153385587	29.525928992133544	1.076947418706351	300	1:09
259.0000000005086	-72590.9804312397	7475.784747540354	291.97245392587536	29.4446504913208	1.0799202056196278	300	1:09
260.00000000051335	-72813.75230670907	7381.156401062957	288.27667194913454	29.399733181972124	1.0815701222922542	300	1:09
261.0000000005181	-72665.61769913786	7478.874421839531	292.0931235033748	29.45054886980658	1.0797039183736636	300	1:08
262.0000000005229	-72603.56754323444	7356.421619252955	287.3106362503721	29.21193233060348	1.088523438063446	300	1:08
263.0000000005277	-72826.66655544893	7534.8280501479285	294.278434974339	29.304541421275598	1.0850834536485678	300	1:08
264.00000000053245	-72338.02461315817	7664.192276735364	299.33085314346613	29.2738751299068	1.0862201492586088	300	1:07
265.0000000005372	-72286.57805164164	7541.229748843551	294.52845818134347	29.527036098116604	1.0769070389362068	300	1:07
266.000000000542	-72408.93965072409	7647.61825927055	298.68354229730994	29.510154391752433	1.077523099027641	300	1:07
267.0000000005468	-72460.64596009062	7906.74095323011	308.80377600898123	29.50942326257968	1.0775497958751195	300	1:07
268.00000000055155	-72692.26486774223	7389.471259794007	288.601415075072	29.518623283371962	1.0772139577016517	300	1:06
269.0000000005563	-72903.31960821312	7578.358085711299	295.97853359035383	29.28980751380839	1.0856292926470903	300	1:06
270.0000000005611	-72881.29238277805	7557.173883439275	295.15116847341943	29.61805887344969	1.0735974679788884	300	1:06
271.0000000005659	-72804.15525309191	7477.619820717964	292.04412410324056	29.59688521856089	1.0743655211746423	300	1:05
272.00000000057065	-72553.6350460074	7450.31173716372	290.9775861494868	29.784788216679875	1.0675876820630879	300	1:05
273.0000000005754	-72594.21439705786	7428.139152643643	290.11161901281446	29.703004304683407	1.0705271657645592	300	1:05
274.0000000005802	-72541.13651414635	7451.885063412417	291.03903360165015	29.93777471285073	1.0621321496996925	300	1:05
275.000000000585	-72787.64844105617	7917.344177964083	309.2178930080193	29.83856609372659	1.0656635748884251	300	1:04
276.00000000058975	-72489.55722916967	7573.465231255869	295.78743944167275	29.814034035227433	1.0665404411698785	300	1:04
277.0000000005945	-72581.1235216588	7600.958556569176	296.86121215308606	29.809681353686198	1.0666961728208202	300	1:04
278.0000000005993	-72829.66589282922	7509.155461132757	293.2757725025689	29.414748656053273	1.0810180085098753	300	1:03
279.0000000006041	-72368.37293172462	7543.664462565306	294.623547775808	29.43815732678124	1.080158403259067	300	1:03
280.00000000060885	-72392.92408329132	7524.029126897956	293.85667482105356	29.380225016601987	1.0822882736608415	300	1:03
281.0000000006136	-72565.4656792701	7348.807324191039	287.0132541708687	29.385984440594704	1.0820761535917331	300	1:03
282.0000000006184	-72770.47657565383	7342.578788686003	286.76999398385385	28.979580930374574	1.0972509605774425	300	1:02
283.0000000006232	-72557.77170852615	7536.445152317401	294.34159212835215	29.313786036836696	1.0847412535872012	300	1:02
284.00000000062795	-72682.30837003313	7532.199577138541	294.1757779636645	29.09804373517525	1.0927838758640085	300	1:02
285.0000000006327	-72435.5695881769	7419.199752751605	289.7624839572657	29.575890876483122	1.0751281557597607	300	1:01
286.0000000006375	-72497.8809653025	7518.047030395217	293.62303949653455	29.352068712222138	1.0833264709463108	300	1:01
287.0000000006423	-72777.12261689242	7560.312421045794	295.27374644451675	29.190596916302237	1.0893190401059218	300	1:01
288.00000000064705	-72573.76077310336	7279.889078279655	284.32159970802	29.391755912335864	1.0818636731955	300	1:00
289.0000000006518	-73003.77988719917	7559.276713011019	295.23329608021703	29.536617506532902	1.0765577001480344	300	1:00
290.0000000006566	-72798.07926652412	7645.3987820715265	298.596858928792	29.290704775151482	1.0855960365952235	300	1:00
291.0000000006614	-72581.2316762126	7289.2906219477645	284.68878413991155	29.482424187587466	1.0785365820213866	300	1:00
292.00000000066615	-72737.54435222864	7481.611356133557	292.20001655193715	29.385000621502147	1.0821123818427791	300	0:59
293.0000000006709	-72233.87866618301	7529.738428257653	294.0796559239727	29.71158774619686	1.0702178989763154	300	0:59
294.0000000006757	-72245.80419687458	7441.888637367306	290.6486155864926	29.515766105931178	1.0773182338843466	300	0:59
295.0000000006805	-72584.42366688326	7671.514641100494	299.61683364777775	29.797525959840893	1.067131313379516	300	0:59
296.00000000068525	-72502.53904159044	7516.148791275756	293.5489023253125	29.33701436489552	1.0838823820816055	300	0:58
297.00000000069	-72413.1306299287	7687.311472292302	300.2337908934826	29.332115077846318	1.084063420881682	300	0:58
298.0000000006948	-72102.88793408425	7583.912613277645	296.195469885166	29.37500918826969	1.0824804448293779	300	0:58
299.0000000006996	-72222.58660459431	7688.470973915562	300.27907611044736	29.26453189084498	1.0865669449827347	300	0:57
300.00000000070435	-72487.12763928605	7617.428588042827	297.50446174734174	29.525271580033717	1.0769713981052202	300	0:57
301.0000000007091	-72309.17160847838	7298.1763709600455	285.0358238195838	29.732633927091385	1.0694603475412945	300	0:57
302.0000000007139	-72675.23576935803	7599.2911323187045	296.7960896319613	29.657549850311955	1.0721679023882942	300	0:57
303.00000000071867	-72454.38052817469	7616.323443540147	297.46129948902546	29.482055339735663	1.0785500755141835	300	0:56
304.00000000072345	-72835.21240539846	7531.959474243145	294.1664005626382	29.479961284258042	1.0786266883588116	300	0:56
305.0000000007282	-72556.8001871091	7377.66316652975	288.1402410200425	29.308413307444024	1.0849401050622183	300	0:56
306.000000000733	-72886.61361114678	7459.858364350714	291.3504369284527	29.355140877967532	1.0832130952861851	300	0:55
307.00000000073777	-72527.13492166513	7782.010853813039	303.93234719781833	29.17700295213391	1.089826568724381	300	0:55
308.00000000074255	-72529.44039507236	7648.855352580606	298.731857916562	29.27045340022989	1.0863471289015119	300	0:55
309.0000000007473	-72383.24397058462	7820.936447875778	305.45261585225757	29.2151600864178	1.0884031755748669	300	0:54
310.0000000007521	-72486.25178823443	7611.564047189018	297.27541764801845	29.327264042229277	1.084242736287928	300	0:54
311.00000000075687	-72751.36718382241	7818.04251404491	305.33959106748483	29.120951009992698	1.0919242644951386	300	0:54
312.00000000076164	-72564.02420383561	7584.521917469499	296.2192667233697	29.63157965789748	1.0731075892712454	300	0:54
313.0000000007664	-72361.22592961899	7513.959367399416	293.46339271214856	29.82948151477178	1.0659881231002521	300	0:53
314.0000000007712	-72633.44913718093	7462.365708603091	291.44836316348034	29.469492907293073	1.0790098463185955	300	0:53
315.00000000077597	-72591.26334907045	7553.119678523723	294.99282841978135	29.317388069480092	1.084607978638021	300	0:53
316.00000000078074	-72374.16945761692	7432.584455040045	290.2852336757497	29.487568915204083	1.0783484085929491	300	0:52
317.0000000007855	-72303.5315086692	7662.295287162415	299.25676477423264	29.54465585252546	1.0762647963038354	300	0:52
318.0000000007903	-72202.301101738	7773.67196416909	303.6066655263173	29.258490785148958	1.0867912923630776	300	0:52
319.00000000079507	-72251.46578983092	7553.679567701874	295.01469531707596	29.554158328675182	1.0759187475196363	300	0:52
320.00000000079984	-72400.4377852359	7878.15365337314	307.6872772904888	29.182001328989166	1.0896399001050514	300	0:51
321.0000000008046	-72429.58837826437	7686.080609255766	300.1857186022971	29.450392750261692	1.079709641994594	300	0:51
322.0000000008094	-72277.72214738568	7635.117413701603	298.1953122746204	29.36185398110669	1.0829654364961434	300	0:51
323.00000000081417	-72176.82658542041	7747.762378613642	302.5947469745806	29.34588590949534	1.0835547139742856	300	0:50
324.00000000081894	-72221.9046091013	7517.3103775884065	293.59426896140553	29.395642255738135	1.081720642003601	300	0:50
325.0000000008237	-72428.32619716667	7570.608872502714	295.67588218011224	29.409842428432263	1.0811983467903359	300	0:50
326.0000000008285	-72359.19461138194	7512.471766227432	293.40529331799604	29.551080415045302	1.0760308105958802	300	0:50
327.00000000083327	-72362.9498505608	7770.229867196153	303.4722318134994	29.587055659348128	1.0747224522470722	300	0:49
328.00000000083804	-72361.8735502263	7478.971215088	292.0969038372439	29.33077453982397	1.0841129670753	300	0:49
329.0000000008428	-72593.23020405995	7838.043152858936	306.12073121421497	29.467405247480144	1.0790862902903329	300	0:49
330.0000000008476	-72408.32164822242	7356.501755308852	287.31376602492804	29.482299843352397	1.0785411308458335	300	0:48
331.00000000085237	-72429.86558877543	7512.521121413685	293.40722092229856	29.46216315286364	1.0792782881556533	300	0:48
332.00000000085714	-72279.86284507904	7503.671356394661	293.0615866248261	29.35508296657242	1.0832152322374458	300	0:48
333.0000000008619	-71933.32445372955	7312.397111490523	285.59122564688926	29.511162071501527	1.077486306230277	300	0:48
334.0000000008667	-72098.84490718265	7563.132786968469	295.38389797873305	29.489143895352875	1.0782908152852884	300	0:47
335.00000000087147	-72248.8783321768	7643.505506157126	298.52291559931507	29.37942860516271	1.0823176121062323	300	0:47
336.00000000087624	-72252.71653424055	7576.821369848463	295.9185159846293	29.26938188840624	1.0863868985761038	300	0:47
337.000000000881	-72094.24558665385	7649.453560147167	298.7552213676329	29.51353784179487	1.0773995711200526	300	0:46
338.0000000008858	-72454.57436381825	7655.225561701589	298.9806512743009	29.534295382250804	1.0766423441439126	300	0:46
339.00000000089057	-72019.25094388149	7487.3359250294125	292.42359394008236	29.584806512897792	1.0748041566241995	300	0:46
340.00000000089534	-72413.57548922024	7788.7652363000525	304.19614473828875	29.259121622666225	1.086767860739617	300	0:46
341.0000000009001	-72619.59859428796	7740.18718142001	302.29889189203226	29.675766633894792	1.071509740768302	300	0:45
342.0000000009049	-72549.23995707982	7494.257878568629	292.69393609532847	29.499136602928292	1.0779255488389026	300	0:45
343.00000000090967	-72723.58455331915	7505.213953604173	293.12183393101407	29.346876222946747	1.0835181493055135	300	0:45
344.00000000091444	-72727.35216713304	7727.353932239377	301.79767959370537	29.378210778101195	1.0823624778636172	300	0:44
345.0000000009192	-72543.71239217508	7846.872191393668	306.465556023094	29.586439725599206	1.0747448259370194	300	0:44
346.000000000924	-72347.44603661523	7598.1167573132125	296.75022352375163	29.740192401963302	1.0691885440151387	300	0:44
347.00000000092876	-72305.51441786534	7689.440579051789	300.31694477581476	29.572329248772146	1.0752576418817432	300	0:44
348.00000000093354	-72525.06131368192	7829.66585334903	305.7935494162125	29.692668912024196	1.0708997937234441	300	0:43
349.0000000009383	-72665.07258369506	7616.505318128611	297.4684027392786	29.45360176641972	1.0795920059338289	300	0:43
350.0000000009431	-72308.25994461024	7589.318876421593	296.40661560030003	29.503392535191487	1.0777700555980776	300	0:43
351.00000000094786	-72325.99971718091	7665.409309199416	299.37838527113394	29.76086129778858	1.068445993374124	300	0:42
352.00000000095264	-72822.05807759578	7688.714720280323	300.28859580993816	29.54979630061301	1.0760775705355907	300	0:42
353.0000000009574	-72785.02969224867	7532.390474287795	294.1832335968852	29.077922626936264	1.0935400517067664	300	0:42
354.0000000009622	-72905.57582404494	7606.280067745523	297.06904781572507	29.40125331779665	1.0815142017683275	300	0:42
355.00000000096696	-72709.18228300672	7435.7607035365545	290.40928447431094	29.305625397966796	1.0850433178331471	300	0:41
356.00000000097174	-72671.93427543566	7559.120381867013	295.22719044859684	29.407429345674117	1.081287066584851	300	0:41
357.0000000009765	-72549.2286243884	7403.808449187072	289.1613649011917	29.276767071448017	1.0861128530819206	300	0:41
358.0000000009813	-72495.37048528658	7522.15992327176	293.7836716530842	29.495278337505276	1.0780665518437251	300	0:40
359.00000000098606	-72400.17244801123	7426.566969230715	290.0502161949705	29.38980660536792	1.081935428835979	300	0:40
360.00000000099084	-72218.63995452592	7652.897777573251	298.8897378963597	29.336499128508557	1.0839014182876636	300	0:40
361.0000000009956	-72598.30823752334	7578.701898032972	295.9919614418288	29.07544577736377	1.0936332070870938	300	0:40
362.0000000010004	-72401.83345721138	7521.954203215162	293.7756370999536	29.35715116420488	1.0831389202286195	300	0:39
363.00000000100516	-72570.0066028497	7816.820785329571	305.29187552415453	29.445549485757407	1.0798872348558355	300	0:39
364.00000000100994	-72588.65809664395	7722.791938778211	301.619507472566	29.43392196322904	1.0803138315277663	300	0:39
365.0000000010147	-72341.0614338223	7664.991025377567	299.362048878631	29.47066380789823	1.0789669761175622	300	0:38
366.0000000010195	-72607.82521263362	7815.066350332154	305.2233547321912	29.780900751315638	1.067727040176261	300	0:38
367.00000000102426	-72368.63026173008	7477.894474247603	292.05485090554106	29.612746117097092	1.0737900796922901	300	0:38
368.00000000102904	-72729.82358010754	7833.289085845429	305.93505751453836	29.398606652707734	1.0816115671269924	300	0:38
369.0000000010338	-72549.81058521397	7703.011778793652	300.8469782940556	29.393633708863003	1.0817945589148878	300	0:37
370.0000000010386	-72353.6750664858	7613.354398349183	297.3453411730095	29.306663391742735	1.085004887384908	300	0:37
371.00000000104336	-72456.84924287975	7437.851254388581	290.49093252637977	29.430321043385394	1.0804460123323039	300	0:37
372.00000000104814	-72599.76248636699	7551.171401618026	294.9167369847958	29.570715275466092	1.0753163295771526	300	0:36
373.0000000010529	-72325.43800269865	7459.469340848003	291.3352433199478	29.656941614700084	1.0721898915302834	300	0:36
374.0000000010577	-72457.9284804955	7464.732328741719	291.54079331131373	29.62506973674497	1.0733433978568925	300	0:36
375.00000000106246	-72767.85596860512	7538.333696635857	294.41535066175413	29.710080881670045	1.0702721793195547	300	0:35
376.00000000106724	-72816.74936685065	7481.73307484133	292.20477036855937	29.519153222281272	1.0771946191526918	300	0:35
377.000000001072	-72935.89558795543	7399.358405643165	288.987565069138	29.142820947815807	1.0911048408774038	300	0:35
378.0000000010768	-72400.10145828358	7261.83072143169	283.6163168593526	29.313024497354093	1.0847694346878274	300	0:35
379.00000000108156	-72575.42307485454	7359.258049638862	287.42141519440685	29.514793489579528	1.0773537353128277	300	0:34
380.00000000108633	-72616.89086856117	7719.228847217778	301.4803482241935	29.60731478111091	1.0739870619159246	300	0:34
381.0000000010911	-72339.60718538068	7508.218189665151	293.23916665319877	29.3193245753133	1.0845363415963156	300	0:34
382.0000000010959	-72252.78970618013	7641.822170840425	298.45717165940846	29.80852985450171	1.0667373791392498	300	0:33
383.00000000110066	-72308.9073995229	7370.129363150084	287.84600260435246	29.747096235402406	1.0689404021607385	300	0:33
384.00000000110543	-72746.38722274697	7743.632128421392	302.43343691487667	29.372964053704244	1.08255581407608	300	0:33
385.0000000011102	-72503.8745031473	7502.722599615565	293.0245322078884	29.432932364264946	1.0803501540197065	300	0:33
386.000000001115	-72301.77152378406	7572.163489722741	295.7365989369445	29.388079306520957	1.0819990201241074	300	0:32
387.00000000111976	-72493.8461266752	7645.440604861395	298.5984923496302	29.245941120728666	1.0872576430938594	300	0:32
388.00000000112453	-72515.17463511694	7841.084442247888	306.23951108227936	29.62889141415614	1.0732049528452081	300	0:32
389.0000000011293	-72525.2949217635	7635.710312115479	298.2184683726989	29.570934230661326	1.0753083674987465	300	0:31
390.0000000011341	-72361.28557033997	7731.594188836828	301.9632860371547	29.2427945750207	1.0873746327974787	300	0:31
391.00000000113886	-72117.16721344381	7566.901628005733	295.5310929292657	29.302664681128576	1.0851529497064347	300	0:31
392.00000000114363	-72654.1949409054	7316.365232393565	285.7462036240063	29.32111723711812	1.0844700342022353	300	0:31
393.0000000011484	-72584.43569989482	7602.864624714252	296.93565509285247	29.493399837099822	1.078135216306484	300	0:30
394.0000000011532	-72367.40998185557	7546.292813158755	294.72620000543503	29.215582192255617	1.08838745035908	300	0:30
395.00000000115796	-72709.96901930816	7681.51614996024	300.0074501761231	29.23968547165512	1.0874902551126966	300	0:30
396.00000000116273	-72468.5770552505	7672.7596672542	299.66545909026644	29.128823950679013	1.091629139124376	300	0:29
397.0000000011675	-72414.46119048353	7577.834264398048	295.9580753509296	29.565114537224783	1.0755200346999918	300	0:29
398.0000000011723	-72260.02945839881	7610.2014123062845	297.22219890725046	29.740265144633188	1.0691859288525327	300	0:29
399.00000000117706	-72259.46029129403	7653.972350880702	298.9317061734162	29.7120027971771	1.0702029489579314	300	0:29
400.00000000118183	-72171.46647796413	7473.579700110871	291.8863341229716	29.998769070061776	1.0599725921660879	300	0:28
401.0000000011866	-72229.62814333476	7729.511075608366	301.88192846712576	29.58755657400453	1.0747042572931715	300	0:28
402.0000000011914	-72026.67993176146	7623.5379883173955	297.7430690174037	29.67850368024403	1.0714109227195305	300	0:28
403.00000000119616	-72475.06442780569	7642.539941355099	298.48520473227	29.457562831838338	1.0794468366071832	300	0:27
404.00000000120093	-72481.01339304578	7415.029768172433	289.59962204088777	29.478834481575664	1.0786679179212115	300	0:27
405.0000000012057	-72338.1537790254	7353.483396658157	287.1958817342706	29.511274270740664	1.0774822097232057	300	0:27
406.0000000012105	-72633.11378115456	7782.389514661787	303.9471360849985	29.19183105440656	1.0892729871490978	300	0:27
407.00000000121526	-72486.54127881065	7662.534957677361	299.26612528831186	29.318925216367987	1.0845511142827746	300	0:26
408.00000000122003	-72306.88981431402	7389.422750991	288.5995205269102	29.29627090488823	1.0853897793414928	300	0:26
409.0000000012248	-72432.6610205165	7473.492346815385	291.8829224736394	29.293094142400832	1.0855074871370045	300	0:26
410.0000000012296	-72446.00259642914	7669.987865180201	299.5572042540623	29.60137309296888	1.0742026362465626	301	0:25
411.00000000123435	-72701.82034431343	7667.384458775628	299.4555262386861	29.689515072278265	1.071013552615266	301	0:25
412.00000000123913	-72595.72373502183	7307.94346566024	285.41728512480404	29.658045030585935	1.072150001127604	301	0:25
413.0000000012439	-72708.95689820591	7661.849320878255	299.2393472221292	29.706014315349584	1.0704186928421007	301	0:25
414.0000000012487	-72734.82072276296	7425.135703328126	289.9943170175715	29.7006871904913	1.0706106834849716	301	0:24
415.00000000125345	-72848.64132197385	7635.680325018317	298.217297203833	29.638259211805476	1.0728657437586464	301	0:24
416.00000000125823	-72436.69368818455	7582.828604133684	296.1531330843446	29.355845739570015	1.0831870863159465	301	0:24
417.000000001263	-72330.40082989595	7607.824672196373	297.12937351624873	29.66020375719845	1.0720719679907114	301	0:23
418.0000000012678	-72241.37182839584	7577.260445733211	295.93566442694794	29.385273622146197	1.0821023285970282	301	0:23
419.00000000127255	-72332.77421547534	7751.857076998324	302.7546685314252	29.288479112423545	1.0856785321944988	301	0:23
420.00000000127733	-72224.76321117344	7616.273105659395	297.45933350484256	29.405656814726182	1.0813522450231767	301	0:23
421.0000000012821	-72495.91878900697	7565.6166985427735	295.4809090327128	29.318671515075224	1.0845604991561517	301	0:22
422.0000000012869	-72486.77871159793	7500.107664088289	292.92240391386446	29.586686003458798	1.0747358798233753	301	0:22
423.00000000129165	-72549.44293901074	7482.063575358467	292.217678317393	29.65512881978828	1.0722554336626973	301	0:22
424.0000000012964	-72478.05487944049	7706.59246533698	300.98682472785487	29.530617685175294	1.0767764275025011	301	0:21
425.0000000013012	-72241.42178919667	7406.837116246072	289.2796517945685	29.475818007894873	1.0787783058121887	301	0:21
426.000000001306	-72349.57011734473	7481.084663963896	292.1794461890344	29.547289991183618	1.0761688473790034	300	0:21
427.00000000131075	-72152.63503538893	7857.120274582491	306.86580269922547	29.440818250912248	1.0800607762319903	300	0:20
428.0000000013155	-72139.68320506997	7893.911512213834	308.3027124414071	29.36800516604842	1.0827386073108543	300	0:20
429.0000000013203	-72003.77640097289	7478.492822744114	292.0782198607383	29.294105138688483	1.0854700241718613	300	0:20
430.0000000013251	-72233.43501818067	7776.351507080914	303.7113171108379	29.18981458017986	1.089348235688221	300	0:20
431.00000000132985	-72213.95859364673	7554.035649544234	295.0286023640046	29.308038189304277	1.084953991379389	300	0:19
432.0000000013346	-72434.45801720934	7877.519998789409	307.6625294292272	29.486699076826877	1.0783802191671796	300	0:19
433.0000000013394	-72110.86542556633	7700.929473931227	300.76565229537647	29.45057280279607	1.0797030409529524	300	0:19
434.0000000013442	-72207.85823682672	7482.968917397235	292.25303713865765	29.21716033302562	1.0883286620104045	300	0:18
435.00000000134895	-72566.44651036139	7822.149477769614	305.4999916565041	29.177847561961308	1.0897950215642231	300	0:18
436.0000000013537	-72851.48363528016	7698.347606744118	300.66481551050526	28.947333704582963	1.0984732942070923	300	0:18
437.0000000013585	-72322.07614001364	7567.806314991166	295.56642616692454	29.420753808176425	1.0807973589088726	300	0:18
438.0000000013633	-72422.13895669539	7616.415156504808	297.46488140855007	29.16545352891998	1.0902581364440294	300	0:17
439.00000000136805	-72607.27859437434	7823.1551823922	305.5392702147421	29.282604615490623	1.0858963343774422	300	0:17
440.0000000013728	-72436.56974830577	7589.140137070803	296.39963479913655	29.489101050394556	1.078292381942914	300	0:17
441.0000000013776	-72467.95884506658	7513.372520614466	293.4404729650362	29.62850578429474	1.073218921145879	300	0:16
442.0000000013824	-72258.23425942415	7456.269910312939	291.2102871292555	29.409281768825178	1.0812189587945682	300	0:16
443.00000000138715	-72451.46306135438	7667.214796596926	299.448899953376	29.722811663684798	1.069813763676864	300	0:16
444.0000000013919	-72298.98025664722	7763.622193783691	303.2141641074152	29.825090533503634	1.066145062569567	300	0:16
445.0000000013967	-72503.9018790146	7584.457788060339	296.21676210056506	29.60107637424425	1.0742134039643372	300	0:15
446.0000000014015	-72503.98473856287	7455.553960330742	291.1823251586732	29.425019873137547	1.0806406639682136	300	0:15
447.00000000140625	-72719.72641451526	7571.92977967841	295.72747121357435	29.34755747336049	1.0834929973933591	300	0:15
448.000000001411	-72378.15096964611	7571.2454144275125	295.70074280867317	29.341858222046433	1.0837034509659458	300	0:14
449.0000000014158	-72074.82906093009	7457.643111405667	291.26391854138376	29.356348969518585	1.083168518196924	300	0:14
450.0000000014206	-72003.53685727791	7713.687298401545	301.26391882432915	29.552983928288437	1.0759615032493541	300	0:14
451.00000000142535	-72424.42769911306	7586.710427434722	296.3047406430405	29.288199155616063	1.085688909858698	300	0:14
452.0000000014301	-72396.51581766707	7746.595039276795	302.5491556497561	29.588620929704827	1.074665598255797	300	0:13
453.0000000014349	-72327.18594864963	7570.674127840193	295.6784307769029	29.326579666717905	1.0842680385627086	300	0:13
454.0000000014397	-72392.50918385602	7500.893079463571	292.9530789081582	29.208930983315284	1.0886352886775899	300	0:13
455.00000000144445	-72505.71856115712	7821.486706521617	305.47410662179476	29.560930707566598	1.0756722556386242	300	0:12
456.0000000014492	-72260.4337666074	7594.072345909076	296.5922659631437	29.620716762979367	1.073501133258427	300	0:12
457.000000001454	-72258.85767085594	7731.302981388927	301.95191270899767	29.8492896528776	1.0652807280430467	300	0:12
458.0000000014588	-71986.46056976833	7566.112041316401	295.500255021132	29.7623588725356	1.068392231582423	300	0:12
459.00000000146355	-72384.15493338986	7755.212044164158	302.88569932341954	29.872199662838725	1.0644637278767948	300	0:11
460.0000000014683	-72115.49520612226	7380.9490347426745	288.2685730999248	29.947660587636637	1.0617815344852821	300	0:11
461.0000000014731	-72382.2275618127	7593.936529313938	296.5869615428179	29.878719579256753	1.0642314483603525	300	0:11
462.0000000014779	-72202.64326522229	7406.171107380895	289.2536403122601	29.849939997260808	1.0652575186383348	300	0:10
463.00000000148265	-72339.54478580054	7781.504739786374	303.91258052992697	29.472023973502008	1.0789171806311766	300	0:10
464.0000000014874	-72184.9310109792	7579.258690426753	296.0137073918567	29.57835704700408	1.0750385142235603	300	0:10
465.0000000014922	-72201.1013305274	7521.735693155298	293.7671030235268	29.435577746813273	1.0802530626879816	300	0:10
466.00000000149697	-71975.89757169574	7704.52304431328	300.9060019172872	29.530885192064016	1.0767666734734536	300	0:09
467.00000000150175	-72083.90228693793	7545.678989442402	294.7022266537678	29.455971802169984	1.0795051416583283	300	0:09
468.0000000015065	-72061.58029784833	7658.4637713395605	299.1071220123243	29.3630209136962	1.0829223977480231	300	0:09
469.0000000015113	-72397.68587644564	7531.577158308302	294.15146892329324	29.349893557387723	1.0834067575342645	300	0:08
470.00000000151607	-72373.34538876027	7445.6701016539555	290.79630354762196	29.460021844949978	1.0793567357261145	300	0:08
471.00000000152085	-72574.52147223667	7632.338188182307	298.08676751011933	29.52557300585451	1.0769604033317204	300	0:08
472.0000000015256	-72542.28275658228	7581.025015919051	296.08269257613284	29.602511777355822	1.0741613161795527	300	0:08
473.0000000015304	-72862.52965810022	7610.884833934605	297.24889045825483	29.266651371456977	1.086488256186251	300	0:07
474.00000000153517	-72714.93135884701	7675.202038355741	299.7608477495171	29.03045437883035	1.095328119844137	300	0:07
475.00000000153995	-72761.26886550995	7577.388825320206	295.9406783892695	29.456863380728038	1.079472467994973	300	0:07
476.0000000015447	-72765.10906355211	7564.794488244314	295.44879698473505	29.39695290376447	1.0816724140451073	300	0:06
477.0000000015495	-72821.09393579137	7389.836024319622	288.6156612307928	29.142284893571446	1.0911249110737915	300	0:06
478.00000000155427	-73077.26937052936	7774.231870048006	303.628533075873	29.000592526714602	1.0964559770181885	300	0:06
479.00000000155904	-72792.35779082697	7370.082580965909	287.84417549060123	29.265601744640446	1.0865272236819303	300	0:06
480.0000000015638	-72659.8858871313	7533.139381595018	294.2124827408396	29.114153883323258	1.0921791902459934	300	0:05
481.0000000015686	-72623.60251964116	7429.665677094176	290.1712385851874	29.34825576746763	1.08346721743624	300	0:05
482.00000000157337	-72539.12538849324	7620.316719575529	297.61725991895054	29.537969470723993	1.076508425689217	300	0:05
483.00000000157814	-72365.29056187274	7577.187819720525	295.93282796283626	29.500885503077107	1.0778616462095194	300	0:04
484.0000000015829	-72339.4337738899	7592.309850842437	296.5234303790523	29.727891566338702	1.0696309538813844	300	0:04
485.0000000015877	-72615.43828603957	7584.924279369832	296.2349812731292	29.38739562894048	1.0820241920883569	300	0:04
486.00000000159247	-72538.50328411924	7561.165298350508	295.3070562157267	29.432232548275923	1.0803758417180584	300	0:04
487.00000000159724	-72771.54679231596	7568.3199950384505	295.5864883315004	29.380641720305945	1.0822729236376296	300	0:03
488.000000001602	-72530.0519004082	7313.9477089869	285.65178541036	29.42512376616196	1.080636848486322	300	0:03
489.0000000016068	-72778.56378346612	7704.340510913547	300.8988729366593	29.205252133898107	1.0887724189882242	300	0:03
490.00000000161157	-72581.87014597261	7496.29417991623	292.7734653917795	29.360791141662414	1.0830046390631705	300	0:02
491.00000000161634	-72533.65855648628	7430.428746407166	290.20104083703825	29.5443097162034	1.076277405646945	300	0:02
492.0000000016211	-72655.43087510491	7737.462542299296	302.1924790408063	29.39522293423039	1.0817360726989755	300	0:02
493.0000000016259	-72525.39075719952	7667.671168768767	299.4667239153299	29.65951221511552	1.0720969644531082	300	0:02
494.00000000163067	-72393.64755573423	7632.45236293765	298.091226691947	29.165065020052925	1.09027265981139	300	0:01
495.00000000163544	-72079.31207904851	7672.910098821949	299.67133430945296	29.479498248030268	1.0786436304121925	300	0:01
496.0000000016402	-72338.85343024501	7828.252114130614	305.7383347567819	29.36783209459219	1.0827449881409705	300	0:01
497.000000001645	-72130.99888827297	7524.0522041110235	293.85757611914556	29.53812377905603	1.0765028019664362	300	0:00
498.00000000164977	-72395.36848465638	7353.549799408081	287.1984751441262	29.633626648361382	1.0730334626370657	300	0:00
499.00000000165454	-72469.77103861878	7732.901004763722	302.01432472618734	29.802836606648	1.066941158409472	300	0:00
500.0000000016593	-72204.60047766732	7445.266477716034	290.7805397080255	29.8353175647404	1.0657796064676113	300	0:00
