    -44.945         0.00000     0.00000     0.00000     0.00000
    -44.795         0.00000     0.00000     0.00000     0.00000
    -44.645         0.00000     0.00000     0.00000     0.00000
    -44.495         0.00000     0.00000     0.00000     0.00000
    -44.345         0.00000     0.00000     0.00000     0.00000
    -44.195         0.00000     0.00000     0.00000     0.00000
    -44.045         0.00000     0.00000     0.00000     0.00000
    -43.895         0.00000     0.00000     0.00000     0.00000
    -43.745         0.00000     0.00000     0.00000     0.00000
    -43.595         0.00000     0.00000     0.00000     0.00000
    -43.445         0.00000     0.00000     0.00000     0.00000
    -43.295         0.00000     0.00000     0.00000     0.00000
    -43.145         0.00000     0.00000     0.00000     0.00000
    -42.995         0.00000     0.00000     0.00000     0.00000
    -42.845         0.00000     0.00000     0.00000     0.00000
    -42.695         0.00000     0.00000     0.00000     0.00000
    -42.545         0.00000     0.00000     0.00000     0.00000
    -42.395         0.00000     0.00000     0.00000     0.00000
    -42.245         0.00000     0.00000     0.00000     0.00000
    -42.095         0.00000     0.00000     0.00000     0.00000
    -41.945         0.00000     0.00000     0.00000     0.00000
    -41.795         0.00000     0.00000     0.00000     0.00000
    -41.645         0.00000     0.00000     0.00000     0.00000
    -41.495         0.00000     0.00000     0.00000     0.00000
    -41.345         0.00000     0.00000     0.00000     0.00000
    -41.195         0.00000     0.00000     0.00000     0.00000
    -41.045         0.00000     0.00000     0.00000     0.00000
    -40.895         0.00000     0.00000     0.00000     0.00000
    -40.745         0.00000     0.00000     0.00000     0.00000
    -40.595         0.00000     0.00000     0.00000     0.00000
    -40.445         0.00000     0.00000     0.00000     0.00000
    -40.295         0.00000     0.00000     0.00000     0.00000
    -40.145         0.00000     0.00000     0.00000     0.00000
    -39.995         0.00000     0.00000     0.00000     0.00000
    -39.845         0.00000     0.00000     0.00000     0.00000
    -39.695         0.00000     0.00000     0.00000     0.00000
    -39.545         0.00000     0.00000     0.00000     0.00000
    -39.395         0.00000     0.00000     0.00000     0.00000
    -39.245         0.00000     0.00000     0.00000     0.00000
    -39.095         0.00000     0.00000     0.00000     0.00000
    -38.945         0.00000     0.00000     0.00000     0.00000
    -38.795         0.00000     0.00000     0.00000     0.00000
    -38.645         0.00000     0.00000     0.00000     0.00000
    -38.495         0.00000     0.00000     0.00000     0.00000
    -38.345         0.00000     0.00000     0.00000     0.00000
    -38.195         0.00000     0.00000     0.00000     0.00000
    -38.045         0.00000     0.00000     0.00000     0.00000
    -37.895         0.00000     0.00000     0.00000     0.00000
    -37.745         0.00000     0.00000     0.00000     0.00000
    -37.595         0.00000     0.00000     0.00000     0.00000
    -37.445         0.00000     0.00000     0.00000     0.00000
    -37.295         0.00000     0.00000     0.00000     0.00000
    -37.145         0.00000     0.00000     0.00000     0.00000
    -36.995         0.00000     0.00000     0.00000     0.00000
    -36.845         0.00000     0.00000     0.00000     0.00000
    -36.695         0.00000     0.00000     0.00000     0.00000
    -36.545         0.00000     0.00000     0.00000     0.00000
    -36.395         0.00000     0.00000     0.00000     0.00000
    -36.245         0.00000     0.00000     0.00000     0.00000
    -36.095         0.00000     0.00000     0.00000     0.00000
    -35.945         0.00000     0.00000     0.00000     0.00000
    -35.795         0.00000     0.00000     0.00000     0.00000
    -35.645         0.00000     0.00000     0.00000     0.00000
    -35.495         0.00000     0.00000     0.00000     0.00000
    -35.345         0.00000     0.00000     0.00000     0.00000
    -35.195         0.00000     0.00000     0.00000     0.00000
    -35.045         0.00000     0.00000     0.00000     0.00000
    -34.895         0.00000     0.00000     0.00000     0.00000
    -34.745         0.00000     0.00000     0.00000     0.00000
    -34.595         0.00000     0.00000     0.00000     0.00000
    -34.445         0.00000     0.00000     0.00000     0.00000
    -34.295         0.00000     0.00000     0.00000     0.00000
    -34.145         0.00000     0.00000     0.00000     0.00000
    -33.995         0.00000     0.00000     0.00000     0.00000
    -33.845         0.00000     0.00000     0.00000     0.00000
    -33.695         0.00000     0.00000     0.00000     0.00000
    -33.545         0.00000     0.00000     0.00000     0.00000
    -33.395         0.00000     0.00000     0.00000     0.00000
    -33.245         0.00000     0.00000     0.00000     0.00000
    -33.095         0.00000     0.00000     0.00000     0.00000
    -32.945         0.00000     0.00000     0.00000     0.00000
    -32.795         0.00000     0.00000     0.00000     0.00000
    -32.645         0.00000     0.00000     0.00000     0.00000
    -32.495         0.00000     0.00000     0.00000     0.00000
    -32.345         0.00000     0.00000     0.00000     0.00000
    -32.195         0.00000     0.00000     0.00000     0.00000
    -32.045         0.00000     0.00000     0.00000     0.00000
    -31.895         0.00000     0.00000     0.00000     0.00000
    -31.745         0.00000     0.00000     0.00000     0.00000
    -31.595         0.00000     0.00000     0.00000     0.00000
    -31.445         0.00000     0.00000     0.00000     0.00000
    -31.295         0.00000     0.00000     0.00000     0.00000
    -31.145         0.00000     0.00000     0.00000     0.00000
    -30.995         0.00000     0.00000     0.00000     0.00000
    -30.845         0.00000     0.00000     0.00000     0.00000
    -30.695         0.00000     0.00000     0.00000     0.00000
    -30.545         0.00000     0.00000     0.00000     0.00000
    -30.395         0.00000     0.00000     0.00000     0.00000
    -30.245         0.00000     0.00000     0.00000     0.00000
    -30.095         0.00000     0.00000     0.00000     0.00000
    -29.945         0.00000     0.00000     0.00000     0.00000
    -29.795         0.00000     0.00000     0.00000     0.00000
    -29.645         0.00000     0.00000     0.00000     0.00000
    -29.495         0.00000     0.00000     0.00000     0.00000
    -29.345         0.00000     0.00000     0.00000     0.00000
    -29.195         0.00000     0.00000     0.00000     0.00000
    -29.045         0.00000     0.00000     0.00000     0.00000
    -28.895         0.00000     0.00000     0.00000     0.00000
    -28.745         0.00000     0.00000     0.00000     0.00000
    -28.595         0.00000     0.00000     0.00000     0.00000
    -28.445         0.00000     0.00000     0.00000     0.00000
    -28.295         0.00000     0.00000     0.00000     0.00000
    -28.145         0.00000     0.00000     0.00000     0.00000
    -27.995         0.00000     0.00000     0.00000     0.00000
    -27.845         0.00000     0.00000     0.00000     0.00000
    -27.695         0.00000     0.00000     0.00000     0.00000
    -27.545         0.00000     0.00000     0.00000     0.00000
    -27.395         0.00000     0.00000     0.00000     0.00000
    -27.245         0.00000     0.00000     0.00000     0.00000
    -27.095         0.00000     0.00000     0.00000     0.00000
    -26.945         0.00000     0.00000     0.00000     0.00000
    -26.795         0.00000     0.00000     0.00000     0.00000
    -26.645         0.00000     0.00000     0.00000     0.00000
    -26.495         0.00000     0.00000     0.00000     0.00000
    -26.345         0.00000     0.00000     0.00000     0.00000
    -26.195         0.00000     0.00000     0.00000     0.00000
    -26.045         0.00000     0.00000     0.00000     0.00000
    -25.895         0.00000     0.00000     0.00000     0.00000
    -25.745         0.00000     0.00000     0.00000     0.00000
    -25.595         0.00000     0.00000     0.00000     0.00000
    -25.445         0.00000     0.00000     0.00000     0.00000
    -25.295         0.00000     0.00000     0.00000     0.00000
    -25.145         0.00000     0.00000     0.00000     0.00000
    -24.995         0.00000     0.00000     0.00000     0.00000
    -24.845         0.00000     0.00000     0.00000     0.00000
    -24.695         0.00000     0.00000     0.00000     0.00000
    -24.545         0.00000     0.00000     0.00000     0.00000
    -24.395         0.00000     0.00000     0.00000     0.00000
    -24.245         0.00000     0.00000     0.00000     0.00000
    -24.095         0.00000     0.00000     0.00000     0.00000
    -23.945         0.00000     0.00000     0.00000     0.00000
    -23.795         0.00000     0.00000     0.00000     0.00000
    -23.645         0.00000     0.00000     0.00000     0.00000
    -23.495        -0.00000     0.00000    -0.00000     0.00000
    -23.345         0.00000     0.00000    -0.00000     0.00000
    -23.195         0.00000     0.00000    -0.00000     0.00000
    -23.045        -0.00000     0.00000    -0.00000     0.00000
    -22.895        -0.00000     0.00000    -0.00000     0.00000
    -22.745        -0.00000    -0.00000    -0.00000     0.00000
    -22.595        -0.00000    -0.00000    -0.00000     0.00000
    -22.445        -0.00000    -0.00000    -0.00000     0.00000
    -22.295        -0.00000    -0.00000    -0.00000     0.00000
    -22.145        -0.00000     0.00000    -0.00000     0.00000
    -21.995        -0.00000     0.00000    -0.00000     0.00000
    -21.845        -0.00000     0.00000    -0.00000     0.00000
    -21.695        -0.00100    -0.00050    -0.00050     0.00000
    -21.545        -0.00100    -0.00050    -0.00050     0.00000
    -21.395        -0.00150    -0.00050    -0.00100     0.00000
    -21.245        -0.00202    -0.00050    -0.00152     0.00000
    -21.095        -0.00254    -0.00050    -0.00204     0.00000
    -20.945        -0.00305    -0.00101    -0.00204     0.00000
    -20.795        -0.00408    -0.00101    -0.00307     0.00000
    -20.645        -0.00407    -0.00101    -0.00307     0.00000
    -20.495        -0.00464    -0.00101    -0.00363     0.00000
    -20.345        -0.00464    -0.00100    -0.00364     0.00000
    -20.195        -0.00525    -0.00100    -0.00424     0.00000
    -20.045        -0.00637    -0.00100    -0.00537     0.00000
    -19.895        -0.00807    -0.00152    -0.00655     0.00000
    -19.745        -0.00981    -0.00202    -0.00779     0.00000
    -19.595        -0.01159    -0.00202    -0.00956     0.00000
    -19.445        -0.01344    -0.00202    -0.01142     0.00000
    -19.295        -0.01733    -0.00253    -0.01481     0.00000
    -19.145        -0.02041    -0.00304    -0.01737     0.00000
    -18.995        -0.02399    -0.00304    -0.02095     0.00000
    -18.845        -0.02821    -0.00401    -0.02420     0.00000
    -18.695        -0.03206    -0.00401    -0.02805     0.00000
    -18.545        -0.03692    -0.00401    -0.03291     0.00000
    -18.395        -0.04053    -0.00400    -0.03652     0.00000
    -18.245        -0.04571    -0.00454    -0.04117     0.00000
    -18.095        -0.05140    -0.00453    -0.04687     0.00000
    -17.945        -0.05630    -0.00453    -0.05177     0.00000
    -17.795        -0.06092    -0.00453    -0.05639     0.00000
    -17.645        -0.06921    -0.00509    -0.06412     0.00000
    -17.495        -0.07588    -0.00566    -0.07021     0.00000
    -17.345        -0.08222    -0.00666    -0.07556     0.00000
    -17.195        -0.08892    -0.00666    -0.08226     0.00000
    -17.045        -0.09566    -0.00665    -0.08901     0.00000
    -16.895        -0.10210    -0.00665    -0.09545     0.00000
    -16.745        -0.10926    -0.00728    -0.10198     0.00000
    -16.595        -0.11850    -0.00832    -0.11018     0.00000
    -16.445        -0.12452    -0.00897    -0.11555     0.00000
    -16.295        -0.13225    -0.00964    -0.12262     0.00000
    -16.145        -0.13728    -0.00964    -0.12764     0.00000
    -15.995        -0.14304    -0.01033    -0.13272     0.00000
    -15.845        -0.15014    -0.01104    -0.13910     0.00000
    -15.695        -0.15850    -0.01215    -0.14635     0.00000
    -15.545        -0.16493    -0.01289    -0.15204     0.00000
    -15.395        -0.17187    -0.01407    -0.15780     0.00000
    -15.245        -0.17920    -0.01406    -0.16513     0.00000
    -15.095        -0.18665    -0.01405    -0.17259     0.00000
    -14.945        -0.19270    -0.01525    -0.17745     0.00000
    -14.795        -0.20067    -0.01612    -0.18455     0.00000
    -14.645        -0.20830    -0.01700    -0.19130     0.00000
    -14.495        -0.21596    -0.01827    -0.19769     0.00000
    -14.345        -0.22291    -0.01922    -0.20369     0.00000
    -14.195        -0.23064    -0.02092    -0.20973     0.00000
    -14.045        -0.23619    -0.02091    -0.21528     0.00000
    -13.895        -0.24364    -0.02231    -0.22134     0.00000
    -13.745        -0.25130    -0.02229    -0.22901     0.00000
    -13.595        -0.26091    -0.02377    -0.23714     0.00000
    -13.445        -0.26899    -0.02484    -0.24414     0.00000
    -13.295        -0.27674    -0.02594    -0.25080     0.00000
    -13.145        -0.28500    -0.02748    -0.25752     0.00000
    -12.995        -0.29063    -0.02747    -0.26316     0.00000
    -12.845        -0.29749    -0.02864    -0.26885     0.00000
    -12.695        -0.30453    -0.03063    -0.27391     0.00000
    -12.545        -0.31079    -0.03182    -0.27896     0.00000
    -12.395        -0.31754    -0.03353    -0.28400     0.00000
    -12.245        -0.32449    -0.03627    -0.28821     0.00000
    -12.095        -0.33203    -0.03747    -0.29455     0.00000
    -11.945        -0.33355    -0.03871    -0.29484     0.00000
    -11.795        -0.33800    -0.03995    -0.29804     0.00000
    -11.645        -0.34697    -0.04254    -0.30442     0.00000
    -11.495        -0.35536    -0.04519    -0.31017     0.00000
    -11.345        -0.36410    -0.04754    -0.31656     0.00000
    -11.195        -0.37291    -0.04995    -0.32296     0.00000
    -11.045        -0.38349    -0.05303    -0.33046     0.00000
    -10.895        -0.39456    -0.05501    -0.33955     0.00000
    -10.745        -0.40157    -0.05628    -0.34529     0.00000
    -10.595        -0.40764    -0.05921    -0.34843     0.00000
    -10.445        -0.41542    -0.06125    -0.35417     0.00000
    -10.295        -0.42504    -0.06333    -0.36171     0.00000
    -10.145        -0.43472    -0.06600    -0.36813    -0.00059
    -9.9950        -0.44561    -0.07009    -0.37455    -0.00096
    -9.8450        -0.45862    -0.07396    -0.38312    -0.00154
    -9.6950        -0.47332    -0.07791    -0.39169    -0.00372
    -9.5450        -0.49272    -0.08161    -0.40217    -0.00894
    -9.3950        -0.51372    -0.08498    -0.41078    -0.01796
    -9.2450        -0.54735    -0.09134    -0.42230    -0.03371
    -9.0950        -0.59197    -0.09805    -0.43292    -0.06100
    -8.9450        -0.65489    -0.10349    -0.44426    -0.10714
    -8.7950        -0.73384    -0.10996    -0.45239    -0.17149
    -8.6450        -0.84300    -0.11872    -0.46380    -0.26048
    -8.4950        -0.98834    -0.12740    -0.47798    -0.38296
    -8.3450        -1.15786    -0.13795    -0.49103    -0.52888
    -8.1950        -1.37822    -0.14893    -0.50569    -0.72360
    -8.0450        -1.63682    -0.15887    -0.52300    -0.95495
    -7.8950        -1.94056    -0.17106    -0.53855    -1.23095
    -7.7450        -2.30539    -0.18720    -0.55784    -1.56035
    -7.5950        -2.71587    -0.20438    -0.57683    -1.93466
    -7.4450        -3.17082    -0.22294    -0.59576    -2.35213
    -7.2950        -3.67138    -0.24245    -0.61719    -2.81174
    -7.1450        -4.22210    -0.26462    -0.63967    -3.31781
    -6.9950        -4.79862    -0.28785    -0.66466    -3.84611
    -6.8450        -5.41722    -0.31672    -0.68818    -4.41232
    -6.6950        -6.05519    -0.34610    -0.71487    -4.99422
    -6.5450        -6.72229    -0.37595    -0.74363    -5.60271
    -6.3950        -7.37125    -0.40610    -0.77214    -6.19300
    -6.2450        -8.02865    -0.43620    -0.80222    -6.79023
    -6.0950        -8.68609    -0.46882    -0.83638    -7.38089
    -5.9450        -9.33767    -0.50397    -0.87150    -7.96220
    -5.7950        -9.95935    -0.53925    -0.90523    -8.51487
    -5.6450       -10.57532    -0.57859    -0.94252    -9.05421
    -5.4950       -11.17224    -0.61865    -0.98045    -9.57315
    -5.3450       -11.74477    -0.65793    -1.01905   -10.06779
    -5.1950       -12.30773    -0.69978    -1.05970   -10.54824
    -5.0450       -12.84672    -0.74306    -1.10080   -11.00286
    -4.8950       -13.37058    -0.78397    -1.14403   -11.44258
    -4.7450       -13.88272    -0.82948    -1.19084   -11.86240
    -4.5950       -14.38624    -0.87584    -1.23797   -12.27243
    -4.4450       -14.89720    -0.92672    -1.28871   -12.68178
    -4.2950       -15.40945    -0.97571    -1.33914   -13.09460
    -4.1450       -15.91446    -1.02553    -1.39265   -13.49627
    -3.9950       -16.42963    -1.08268    -1.44825   -13.89870
    -3.8450       -16.96809    -1.14053    -1.50955   -14.31802
    -3.6950       -17.52386    -1.20084    -1.57217   -14.75086
    -3.5450       -18.10124    -1.26486    -1.63801   -15.19838
    -3.3950       -18.69310    -1.33219    -1.70844   -15.65247
    -3.2450       -19.30158    -1.40291    -1.78386   -16.11481
    -3.0950       -19.94640    -1.48126    -1.86414   -16.60100
    -2.9450       -20.60848    -1.56480    -1.94904   -17.09465
    -2.7950       -21.29299    -1.65124    -2.04062   -17.60112
    -2.6450       -22.03609    -1.74448    -2.13905   -18.15256
    -2.4950       -22.82360    -1.84778    -2.24173   -18.73409
    -2.3450       -23.68823    -1.96005    -2.35428   -19.37390
    -2.1950       -24.63934    -2.07930    -2.47505   -20.08499
    -2.0450       -25.71645    -2.20769    -2.60936   -20.89940
    -1.8950       -26.92594    -2.34792    -2.75129   -21.82673
    -1.7450       -28.30241    -2.50081    -2.90646   -22.89514
    -1.5950       -29.86128    -2.66863    -3.07990   -24.11275
    -1.4450       -31.61547    -2.85467    -3.27630   -25.48450
    -1.2950       -33.56657    -3.05300    -3.49522   -27.01835
    -1.1450       -35.71803    -3.27129    -3.74148   -28.70526
   -0.99500       -38.08027    -3.50922    -4.02236   -30.54869
   -0.84500       -40.67740    -3.77662    -4.35409   -32.54669
   -0.69500       -43.57197    -4.07597    -4.74997   -34.74603
   -0.54500       -46.95435    -4.42136    -5.22605   -37.30694
   -0.39500       -51.21246    -4.81817    -5.79030   -40.60399
   -0.25300       -54.68835    -5.07009    -6.14716   -43.47110
   -0.21500       -54.93369    -5.08458    -6.16737   -43.68174
   -0.20900       -55.18109    -5.09881    -6.18661   -43.89567
   -0.20300       -55.43480    -5.11233    -6.20578   -44.11669
   -0.19700       -55.69488    -5.12647    -6.22472   -44.34370
   -0.19100       -55.96034    -5.14029    -6.24267   -44.57739
   -0.18500       -56.23126    -5.15375    -6.26037   -44.81714
   -0.17900       -56.50993    -5.16684    -6.27759   -45.06550
   -0.17300       -56.79484    -5.17960    -6.29416   -45.32108
   -0.16700       -57.08832    -5.19219    -6.31028   -45.58585
   -0.16100       -57.39145    -5.20449    -6.32601   -45.86095
   -0.15500       -57.70435    -5.21644    -6.34107   -46.14684
   -0.14900       -58.02665    -5.22821    -6.35536   -46.44308
   -0.14300       -58.36039    -5.23924    -6.36913   -46.75201
   -0.13700       -58.70825    -5.25019    -6.38261   -47.07545
   -0.13100       -59.06983    -5.26096    -6.39524   -47.41362
   -0.12500       -59.44821    -5.27133    -6.40750   -47.76938
   -0.11900       -59.84483    -5.28124    -6.41910   -48.14449
   -0.11300       -60.26102    -5.29068    -6.43007   -48.54027
   -0.10700       -60.69893    -5.29993    -6.44059   -48.95841
   -0.10100       -61.16105    -5.30854    -6.45057   -49.40194
   -0.95000E-01   -61.64752    -5.31668    -6.45979   -49.87104
   -0.89000E-01   -62.16246    -5.32430    -6.46868   -50.36948
   -0.83000E-01   -62.70918    -5.33167    -6.47689   -50.90063
   -0.77000E-01   -63.28837    -5.33852    -6.48446   -51.46539
   -0.71000E-01   -63.90642    -5.34495    -6.49146   -52.07001
   -0.65000E-01   -64.56385    -5.35077    -6.49789   -52.71520
   -0.59000E-01   -65.26630    -5.35612    -6.50381   -53.40637
   -0.53000E-01   -66.01641    -5.36094    -6.50894   -54.14652
   -0.47000E-01   -66.82027    -5.36529    -6.51354   -54.94144
   -0.41000E-01   -67.68526    -5.36906    -6.51757   -55.79863
   -0.35000E-01   -68.62108    -5.37233    -6.52098   -56.72777
   -0.29000E-01   -69.62180    -5.37496    -6.52383   -57.72301
   -0.23000E-01   -70.65126    -5.37712    -6.52606   -58.74808
   -0.19700E-01   -70.75201    -5.37731    -6.52626   -58.84844
   -0.19100E-01   -70.85223    -5.37748    -6.52645   -58.94830
   -0.18500E-01   -70.95160    -5.37765    -6.52662   -59.04732
   -0.17900E-01   -71.04992    -5.37782    -6.52680   -59.14530
   -0.17300E-01   -71.14690    -5.37798    -6.52697   -59.24195
   -0.16700E-01   -71.24210    -5.37814    -6.52714   -59.33682
   -0.16100E-01   -71.33605    -5.37830    -6.52730   -59.43046
   -0.15500E-01   -71.42816    -5.37844    -6.52746   -59.52226
   -0.14900E-01   -71.51795    -5.37859    -6.52760   -59.61176
   -0.14300E-01   -71.60558    -5.37873    -6.52773   -59.69912
   -0.13700E-01   -71.69084    -5.37886    -6.52788   -59.78410
   -0.13100E-01   -71.77374    -5.37899    -6.52800   -59.86675
   -0.12500E-01   -71.85365    -5.37911    -6.52812   -59.94643
   -0.11900E-01   -71.93063    -5.37922    -6.52823   -60.02317
   -0.11300E-01   -72.00470    -5.37933    -6.52835   -60.09702
   -0.10700E-01   -72.07551    -5.37943    -6.52845   -60.16763
   -0.10100E-01   -72.14295    -5.37952    -6.52856   -60.23488
   -0.95000E-02   -72.20721    -5.37961    -6.52865   -60.29895
   -0.89000E-02   -72.26780    -5.37969    -6.52873   -60.35938
   -0.83000E-02   -72.32486    -5.37977    -6.52882   -60.41628
   -0.77000E-02   -72.37812    -5.37984    -6.52889   -60.46939
   -0.71000E-02   -72.42769    -5.37991    -6.52896   -60.51881
   -0.65000E-02   -72.47337    -5.37998    -6.52902   -60.56437
   -0.59000E-02   -72.51495    -5.38003    -6.52908   -60.60584
   -0.53000E-02   -72.55245    -5.38008    -6.52913   -60.64323
   -0.47000E-02   -72.58599    -5.38013    -6.52918   -60.67668
   -0.41000E-02   -72.61533    -5.38017    -6.52922   -60.70594
   -0.35000E-02   -72.64052    -5.38020    -6.52925   -60.73106
   -0.29000E-02   -72.66142    -5.38023    -6.52928   -60.75190
   -0.23000E-02   -72.67808    -5.38025    -6.52930   -60.76853
   -0.17000E-02   -72.69043    -5.38027    -6.52932   -60.78084
   -0.11000E-02   -72.69844    -5.38028    -6.52933   -60.78882
   -0.50000E-03   -72.70211    -5.38029    -6.52933   -60.79249
    0.10000E-03   -72.70143    -5.38029    -6.52933   -60.79181
    0.70000E-03   -72.69641    -5.38028    -6.52933   -60.78680
    0.13000E-02   -72.68705    -5.38027    -6.52932   -60.77746
    0.19000E-02   -72.67335    -5.38025    -6.52930   -60.76380
    0.25000E-02   -72.65544    -5.38024    -6.52927   -60.74593
    0.31000E-02   -72.63318    -5.38021    -6.52924   -60.72373
    0.37000E-02   -72.60662    -5.38017    -6.52921   -60.69724
    0.43000E-02   -72.57608    -5.38013    -6.52917   -60.66678
    0.49000E-02   -72.54126    -5.38008    -6.52912   -60.63206
    0.55000E-02   -72.50232    -5.38003    -6.52906   -60.59323
    0.61000E-02   -72.45955    -5.37997    -6.52901   -60.55057
    0.67000E-02   -72.41274    -5.37991    -6.52894   -60.50388
    0.73000E-02   -72.36214    -5.37984    -6.52887   -60.45342
    0.79000E-02   -72.30761    -5.37977    -6.52880   -60.39904
    0.85000E-02   -72.24956    -5.37970    -6.52871   -60.34115
    0.91000E-02   -72.18776    -5.37961    -6.52863   -60.27952
    0.97000E-02   -72.12254    -5.37952    -6.52853   -60.21449
    0.10300E-01   -72.05408    -5.37941    -6.52843   -60.14623
    0.10900E-01   -71.98226    -5.37931    -6.52833   -60.07462
    0.11500E-01   -71.90721    -5.37921    -6.52822   -59.99978
    0.12100E-01   -71.82919    -5.37909    -6.52810   -59.92199
    0.12700E-01   -71.74868    -5.37897    -6.52797   -59.84174
    0.13300E-01   -71.66545    -5.37884    -6.52784   -59.75877
    0.13900E-01   -71.57991    -5.37871    -6.52771   -59.67349
    0.14500E-01   -71.49188    -5.37858    -6.52758   -59.58573
    0.15100E-01   -71.40170    -5.37845    -6.52743   -59.49582
    0.15700E-01   -71.30963    -5.37830    -6.52728   -59.40404
    0.16300E-01   -71.21574    -5.37815    -6.52714   -59.31046
    0.16900E-01   -71.12017    -5.37799    -6.52697   -59.21521
    0.17500E-01   -71.02310    -5.37784    -6.52680   -59.11846
    0.18100E-01   -70.92532    -5.37767    -6.52665   -59.02101
    0.18700E-01   -70.82638    -5.37749    -6.52647   -58.92243
    0.19300E-01   -70.72667    -5.37732    -6.52627   -58.82308
    0.20200E-01   -70.33478    -5.37655    -6.52548   -58.43275
    0.25000E-01   -69.31949    -5.37419    -6.52306   -57.42224
    0.31000E-01   -68.35058    -5.37117    -6.52011   -56.45930
    0.37000E-01   -67.45263    -5.36756    -6.51657   -55.56850
    0.43000E-01   -66.62408    -5.36346    -6.51247   -54.74816
    0.49000E-01   -65.85513    -5.35873    -6.50779   -53.98860
    0.55000E-01   -65.13944    -5.35345    -6.50264   -53.28335
    0.61000E-01   -64.47238    -5.34758    -6.49687   -52.62793
    0.67000E-01   -63.85046    -5.34129    -6.49055   -52.01862
    0.73000E-01   -63.26750    -5.33418    -6.48388   -51.44945
    0.79000E-01   -62.72358    -5.32635    -6.47667   -50.92056
    0.85000E-01   -62.21377    -5.31816    -6.46886   -50.42675
    0.91000E-01   -61.73667    -5.30947    -6.46050   -49.96670
    0.97000E-01   -61.28814    -5.29989    -6.45172   -49.53654
    0.10300       -60.86740    -5.28985    -6.44234   -49.13520
    0.10900       -60.47063    -5.27912    -6.43253   -48.75898
    0.11500       -60.09609    -5.26794    -6.42229   -48.40587
    0.12100       -59.74379    -5.25640    -6.41188   -48.07551
    0.12700       -59.40860    -5.24410    -6.40100   -47.76350
    0.13300       -59.09014    -5.23109    -6.38946   -47.46960
    0.13900       -58.78614    -5.21740    -6.37761   -47.19113
    0.14500       -58.49657    -5.20340    -6.36555   -46.92762
    0.15100       -58.22107    -5.18879    -6.35325   -46.67903
    0.15700       -57.95606    -5.17376    -6.34071   -46.44159
    0.16300       -57.69972    -5.15818    -6.32792   -46.21362
    0.16900       -57.45426    -5.14187    -6.31457   -45.99782
    0.17500       -57.21815    -5.12506    -6.30095   -45.79215
    0.18100       -56.98830    -5.10800    -6.28724   -45.59306
    0.18700       -56.76643    -5.09028    -6.27388   -45.40227
    0.19300       -56.55085    -5.07242    -6.25993   -45.21850
    0.19900       -56.34072    -5.05349    -6.24577   -45.04146
    0.20500       -56.13586    -5.03445    -6.23141   -44.87000
    0.21100       -55.93544    -5.01471    -6.21701   -44.70372
    0.21700       -55.74181    -4.99488    -6.20220   -44.54473
    0.29500       -51.75880    -4.42696    -5.79988   -41.53197
    0.44500       -49.11089    -3.88839    -5.41465   -39.80784
    0.59500       -47.15987    -3.43017    -5.08834   -38.64136
    0.74500       -45.60209    -3.04691    -4.80088   -37.75430
    0.89500       -44.30672    -2.73059    -4.54926   -37.02687
     1.0450       -43.19807    -2.45638    -4.32601   -36.41568
     1.1950       -42.22448    -2.21055    -4.12668   -35.88725
     1.3450       -41.36919    -1.99207    -3.94740   -35.42971
     1.4950       -40.61425    -1.79793    -3.78387   -35.03245
     1.6450       -39.94829    -1.62125    -3.63805   -34.68899
     1.7950       -39.35701    -1.46288    -3.50530   -34.38883
     1.9450       -38.82991    -1.32156    -3.38322   -34.12513
     2.0950       -38.35963    -1.19331    -3.27110   -33.89522
     2.2450       -37.93867    -1.07948    -3.16736   -33.69183
     2.3950       -37.55747    -0.97622    -3.07113   -33.51012
     2.5450       -37.21080    -0.88047    -2.98393   -33.34640
     2.6950       -36.90061    -0.79441    -2.90415   -33.20205
     2.8450       -36.60976    -0.71337    -2.82720   -33.06919
     2.9950       -36.34236    -0.63884    -2.75624   -32.94728
     3.1450       -36.09300    -0.56915    -2.68990   -32.83395
     3.2950       -35.86695    -0.50443    -2.62990   -32.73262
     3.4450       -35.65636    -0.44439    -2.57414   -32.63783
     3.5950       -35.45998    -0.38853    -2.52250   -32.54894
     3.7450       -35.27437    -0.33646    -2.47339   -32.46452
     3.8950       -35.10202    -0.28764    -2.42779   -32.38659
     4.0450       -34.93828    -0.24058    -2.38295   -32.31475
     4.1950       -34.78428    -0.19580    -2.34089   -32.24758
     4.3450       -34.63837    -0.15344    -2.30208   -32.18285
     4.4950       -34.50153    -0.11435    -2.26743   -32.11975
     4.6450       -34.36968    -0.07614    -2.23332   -32.06022
     4.7950       -34.24580    -0.04074    -2.20142   -32.00364
     4.9450       -34.12945    -0.00590    -2.17377   -31.94977
     5.0950       -34.01202     0.02732    -2.14301   -31.89633
     5.2450       -33.90086     0.05949    -2.11619   -31.84416
     5.3950       -33.79371     0.09009    -2.08879   -31.79501
     5.5450       -33.69100     0.11997    -2.06432   -31.74665
     5.6950       -33.59271     0.14867    -2.04251   -31.69888
     5.8450       -33.50177     0.17643    -2.02439   -31.65381
     5.9950       -33.41432     0.20297    -2.00673   -31.61056
     6.1450       -33.32760     0.22871    -1.98868   -31.56763
     6.2950       -33.24242     0.25347    -1.97035   -31.52554
     6.4450       -33.16637     0.27768    -1.95906   -31.48499
     6.5950       -33.09036     0.30044    -1.94517   -31.44562
     6.7450       -33.01699     0.32245    -1.93248   -31.40696
     6.8950       -32.94639     0.34364    -1.92046   -31.36957
     7.0450       -32.87846     0.36296    -1.90846   -31.33297
     7.1950       -32.81359     0.38221    -1.89858   -31.29722
     7.3450       -32.74981     0.40113    -1.88867   -31.26226
     7.4950       -32.69190     0.41844    -1.88233   -31.22801
     7.6450       -32.63031     0.43530    -1.87111   -31.19449
     7.7950       -32.57544     0.45088    -1.86476   -31.16156
     7.9450       -32.52028     0.46556    -1.85650   -31.12934
     8.0950       -32.46897     0.48003    -1.85125   -31.09775
     8.2450       -32.41449     0.49253    -1.84031   -31.06670
     8.3950       -32.36703     0.50543    -1.83624   -31.03621
     8.5450       -32.31988     0.51737    -1.83096   -31.00629
     8.6950       -32.28097     0.52174    -1.82571   -30.97700
     8.8450       -32.23818     0.53038    -1.82047   -30.94809
     8.9950       -32.19798     0.53813    -1.81644   -30.91967
     9.1450       -32.16040     0.54377    -1.81238   -30.89179
     9.2950       -32.12357     0.55054    -1.80976   -30.86435
     9.4450       -32.08724     0.55735    -1.80714   -30.83745
     9.5950       -32.05001     0.56172    -1.80081   -30.81091
     9.7450       -32.01996     0.56462    -1.79979   -30.78479
     9.8950       -31.98726     0.56751    -1.79573   -30.75905
     10.045       -31.95665     0.56879    -1.79164   -30.73379
     10.195       -31.92798     0.57000    -1.78909   -30.70889
     10.345       -31.89967     0.57288    -1.78822   -30.68433
     10.495       -31.86722     0.57578    -1.78290   -30.66011
     10.645       -31.84142     0.57693    -1.78209   -30.63626
     10.795       -31.81237     0.57981    -1.77952   -30.61265
     10.945       -31.78393     0.58087    -1.77538   -30.58943
     11.095       -31.75930     0.58191    -1.77466   -30.56655
     11.245       -31.73500     0.58291    -1.77394   -30.54397
     11.395       -31.71106     0.58390    -1.77326   -30.52170
     11.545       -31.68551     0.58679    -1.77256   -30.49974
     11.695       -31.66216     0.58773    -1.77190   -30.47799
     11.845       -31.63911     0.58865    -1.77126   -30.45651
     11.995       -31.61644     0.58955    -1.77065   -30.43534
     12.145       -31.59410     0.59044    -1.77005   -30.41449
     12.295       -31.57200     0.59128    -1.76944   -30.39385
     12.445       -31.55021     0.59214    -1.76887   -30.37348
     12.595       -31.52869     0.59295    -1.76831   -30.35333
     12.745       -31.50744     0.59375    -1.76776   -30.33343
     12.895       -31.48641     0.59452    -1.76721   -30.31371
     13.045       -31.46572     0.59528    -1.76667   -30.29433
     13.195       -31.44528     0.59604    -1.76618   -30.27514
     13.345       -31.42500     0.59677    -1.76566   -30.25611
     13.495       -31.40504     0.59747    -1.76515   -30.23736
     13.645       -31.38531     0.59817    -1.76465   -30.21884
     13.795       -31.36582     0.59885    -1.76419   -30.20048
     13.945       -31.34650     0.59953    -1.76372   -30.18230
     14.095       -31.32742     0.60020    -1.76327   -30.16435
     14.245       -31.30863     0.60085    -1.76283   -30.14665
     14.395       -31.29007     0.60149    -1.76240   -30.12915
     14.545       -31.27159     0.60212    -1.76197   -30.11173
     14.695       -31.25333     0.60273    -1.76156   -30.09450
     14.845       -31.23528     0.60333    -1.76115   -30.07746
     14.995       -31.21740     0.60392    -1.76074   -30.06058
     15.145       -31.19970     0.60451    -1.76033   -30.04387
     15.295       -31.18228     0.60507    -1.75995   -30.02741
     15.445       -31.16500     0.60564    -1.75957   -30.01108
     15.595       -31.14783     0.60620    -1.75919   -29.99484
     15.745       -31.13089     0.60674    -1.75882   -29.97881
     15.895       -31.11409     0.60728    -1.75844   -29.96293
     16.045       -31.09754     0.60780    -1.75808   -29.94726
     16.195       -31.08104     0.60832    -1.75772   -29.93164
     16.345       -31.06477     0.60884    -1.75736   -29.91625
     16.495       -31.04871     0.60933    -1.75702   -29.90101
     16.645       -31.03270     0.60982    -1.75669   -29.88584
     16.795       -31.01685     0.61033    -1.75635   -29.87082
     16.945       -31.00115     0.61082    -1.75602   -29.85595
     17.095       -30.98559     0.61131    -1.75570   -29.84120
     17.245       -30.97019     0.61178    -1.75537   -29.82660
     17.395       -30.95499     0.61224    -1.75505   -29.81218
     17.545       -30.93990     0.61270    -1.75475   -29.79785
     17.695       -30.92493     0.61316    -1.75444   -29.78365
     17.845       -30.91003     0.61360    -1.75414   -29.76948
     17.995       -30.89534     0.61404    -1.75384   -29.75554
     18.145       -30.88078     0.61447    -1.75354   -29.74171
     18.295       -30.86635     0.61489    -1.75325   -29.72799
     18.445       -30.85197     0.61532    -1.75296   -29.71433
     18.595       -30.83779     0.61573    -1.75268   -29.70084
     18.745       -30.82366     0.61615    -1.75241   -29.68740
     18.895       -30.80964     0.61657    -1.75213   -29.67408
     19.045       -30.79577     0.61698    -1.75185   -29.66090
     19.195       -30.78204     0.61737    -1.75158   -29.64783
     19.345       -30.76835     0.61777    -1.75131   -29.63480
     19.495       -30.75483     0.61816    -1.75105   -29.62194
     19.645       -30.74141     0.61855    -1.75079   -29.60917
     19.795       -30.72810     0.61893    -1.75053   -29.59651
     19.945       -30.71488     0.61931    -1.75028   -29.58390
     20.095       -30.70180     0.61967    -1.75003   -29.57144
     20.245       -30.68871     0.62005    -1.74978   -29.55897
     20.395       -30.67582     0.62041    -1.74954   -29.54669
     20.545       -30.66296     0.62078    -1.74930   -29.53445
     20.695       -30.65026     0.62114    -1.74907   -29.52233
     20.845       -30.63762     0.62151    -1.74883   -29.51030
     20.995       -30.62513     0.62185    -1.74860   -29.49838
     21.145       -30.61270     0.62220    -1.74836   -29.48654
     21.295       -30.60030     0.62254    -1.74812   -29.47472
     21.445       -30.58809     0.62288    -1.74790   -29.46307
     21.595       -30.57591     0.62322    -1.74767   -29.45146
     21.745       -30.56379     0.62357    -1.74744   -29.43991
     21.895       -30.55181     0.62390    -1.74722   -29.42849
     22.045       -30.53985     0.62422    -1.74699   -29.41709
     22.195       -30.52804     0.62455    -1.74677   -29.40583
     22.345       -30.51628     0.62487    -1.74655   -29.39460
     22.495       -30.50466     0.62518    -1.74634   -29.38351
     22.645       -30.49306     0.62550    -1.74612   -29.37244
     22.795       -30.48155     0.62582    -1.74592   -29.36145
     22.945       -30.47009     0.62612    -1.74571   -29.35051
     23.095       -30.45876     0.62643    -1.74549   -29.33970
     23.245       -30.44749     0.62674    -1.74528   -29.32895
     23.395       -30.43632     0.62704    -1.74508   -29.31828
     23.545       -30.42522     0.62734    -1.74488   -29.30767
     23.695       -30.41419     0.62764    -1.74468   -29.29714
     23.845       -30.40317     0.62793    -1.74449   -29.28661
     23.995       -30.39227     0.62823    -1.74430   -29.27620
     24.145       -30.38142     0.62853    -1.74411   -29.26584
     24.295       -30.37070     0.62881    -1.74392   -29.25559
     24.445       -30.35999     0.62909    -1.74372   -29.24537
     24.595       -30.34937     0.62938    -1.74354   -29.23521
     24.745       -30.33883     0.62966    -1.74337   -29.22513
     24.895       -30.32838     0.62995    -1.74317   -29.21515
     25.045       -30.31796     0.63023    -1.74300   -29.20519
     25.195       -30.30753     0.63050    -1.74282   -29.19521
     25.345       -30.29720     0.63077    -1.74265   -29.18533
     25.495       -30.28700     0.63105    -1.74247   -29.17558
     25.645       -30.27678     0.63132    -1.74228   -29.16582
     25.795       -30.26666     0.63158    -1.74210   -29.15614
     25.945       -30.25661     0.63185    -1.74193   -29.14653
     26.095       -30.24663     0.63212    -1.74175   -29.13699
     26.245       -30.23673     0.63238    -1.74158   -29.12753
     26.395       -30.22684     0.63264    -1.74141   -29.11808
     26.545       -30.21700     0.63290    -1.74123   -29.10867
     26.695       -30.20729     0.63316    -1.74107   -29.09939
     26.845       -30.19761     0.63341    -1.74090   -29.09013
     26.995       -30.18800     0.63367    -1.74073   -29.08094
     27.145       -30.17845     0.63392    -1.74057   -29.07180
     27.295       -30.16893     0.63417    -1.74041   -29.06269
     27.445       -30.15942     0.63442    -1.74025   -29.05359
     27.595       -30.15001     0.63466    -1.74009   -29.04459
     27.745       -30.14065     0.63490    -1.73992   -29.03563
     27.895       -30.13135     0.63515    -1.73977   -29.02672
     28.045       -30.12211     0.63539    -1.73961   -29.01789
     28.195       -30.11291     0.63563    -1.73946   -29.00908
     28.345       -30.10371     0.63587    -1.73930   -29.00028
     28.495       -30.09463     0.63610    -1.73915   -28.99158
     28.645       -30.08552     0.63634    -1.73898   -28.98288
     28.795       -30.07651     0.63658    -1.73883   -28.97426
     28.945       -30.06754     0.63681    -1.73868   -28.96566
     29.095       -30.05859     0.63704    -1.73853   -28.95710
     29.245       -30.04973     0.63726    -1.73838   -28.94862
     29.395       -30.04087     0.63749    -1.73823   -28.94012
     29.545       -30.03208     0.63772    -1.73809   -28.93170
     29.695       -30.02338     0.63793    -1.73796   -28.92336
     29.845       -30.01471     0.63815    -1.73782   -28.91505
     29.995       -30.00613     0.63837    -1.73767   -28.90684
     30.145       -29.99756     0.63860    -1.73752   -28.89863
     35.794       -29.43142     0.65280    -1.72838   -28.35584
     49.810       -28.87333     0.66639    -1.71981   -27.81992
     69.316       -28.32560     0.67946    -1.71162   -27.29345
     96.460       -27.78854     0.69217    -1.70373   -26.77698
     134.23       -27.26321     0.70457    -1.69608   -26.27170
     186.80       -26.75039     0.71660    -1.68860   -25.77839
     259.95       -26.25030     0.72834    -1.68138   -25.29727
     361.74       -25.76355     0.73972    -1.67433   -24.82894
     503.40       -25.29001     0.75075    -1.66747   -24.37330
     700.53       -24.82976     0.76140    -1.66079   -23.93037
     974.85       -24.38272     0.77180    -1.65432   -23.50019
     1356.6       -23.94842     0.78187    -1.64804   -23.08225
     1887.8       -23.52649     0.79163    -1.64187   -22.67625
     2627.1       -23.11690     0.80109    -1.63584   -22.28215
     3655.9       -22.71921     0.81024    -1.62999   -21.89946
     5087.5       -22.33324     0.81911    -1.62433   -21.52803
     7079.7       -21.95899     0.82767    -1.61879   -21.16787
     9852.1       -21.59641     0.83600    -1.61342   -20.81899
     13710.       -21.24562     0.84405    -1.60823   -20.48144
     19079.       -20.90646     0.85185    -1.60322   -20.15510
     26550.       -20.57878     0.85947    -1.59839   -19.83986
     36947.       -20.26302     0.86682    -1.59369   -19.53614
     51416.       -19.96005     0.87391    -1.58920   -19.24477
     71550.       -19.66909     0.88080    -1.58486   -18.96504
     99568.       -19.38991     0.88743    -1.58070   -18.69664
    0.13856E+06   -19.12254     0.89386    -1.57671   -18.43969
    0.19282E+06   -18.86715     0.90007    -1.57288   -18.19434
    0.26832E+06   -18.62326     0.90602    -1.56922   -17.96006
    0.37340E+06   -18.39016     0.91171    -1.56573   -17.73615
    0.51962E+06   -18.16752     0.91715    -1.56239   -17.52228
    0.72310E+06   -17.95456     0.92236    -1.55921   -17.31772
    0.10063E+07   -17.75130     0.92733    -1.55613   -17.12250
    0.14003E+07   -17.55764     0.93210    -1.55322   -16.93651
    0.19487E+07   -17.37310     0.93664    -1.55044   -16.75930
    0.27118E+07   -17.19724     0.94098    -1.54778   -16.59044
    0.37737E+07   -17.02978     0.94512    -1.54527   -16.42963
    0.52514E+07   -16.87030     0.94906    -1.54286   -16.27651
    0.73079E+07   -16.71859     0.95282    -1.54057   -16.13084
    0.10170E+08   -16.57407     0.95639    -1.53841   -15.99205
    0.14152E+08   -16.43642     0.95981    -1.53632   -15.85991
    0.19694E+08   -16.30543     0.96306    -1.53435   -15.73415
    0.27406E+08   -16.18102     0.96616    -1.53249   -15.61469
    0.38138E+08   -16.06311     0.96910    -1.53072   -15.50149
    0.53073E+08   -15.95180     0.97192    -1.52905   -15.39467
    0.73856E+08   -15.84681     0.97459    -1.52746   -15.29394
    0.10278E+09   -15.74777     0.97713    -1.52596   -15.19894
    0.14302E+09   -15.65525     0.97955    -1.52457   -15.11023
    0.19903E+09   -15.56956     0.98184    -1.52327   -15.02814
    0.27697E+09   -15.49033     0.98401    -1.52209   -14.95225
    0.38543E+09   -15.41809     0.98605    -1.52099   -14.88315
    0.53637E+09   -15.35204     0.98797    -1.51999   -14.82002
    0.74641E+09   -15.29140     0.98978    -1.51908   -14.76210
    0.10387E+10   -15.23572     0.99146    -1.51825   -14.70893
    0.14454E+10   -15.18448     0.99304    -1.51748   -14.66003
    0.20115E+10   -15.13728     0.99446    -1.51678   -14.61496
    0.27992E+10   -15.09379     0.99576    -1.51612   -14.57342
    0.38953E+10   -15.05374     0.99694    -1.51552   -14.53515
    0.54207E+10   -15.01688     0.99802    -1.51497   -14.49993
    0.75434E+10   -14.98297     0.99902    -1.51447   -14.46753
    0.10497E+11   -14.95176     0.99993    -1.51400   -14.43769
    0.14608E+11   -14.92290     1.00079    -1.51357   -14.41012
    0.20329E+11   -14.89636     1.00156    -1.51318   -14.38474
    0.28289E+11   -14.87187     1.00227    -1.51281   -14.36133
    0.39367E+11   -14.84933     1.00292    -1.51247   -14.33978
    0.54783E+11   -14.82856     1.00353    -1.51216   -14.31993
    0.10000E+12   -14.58675     1.01052    -1.50858   -14.08869
