#"Time (ps)"	"Potential Energy (kJ/mole)"	"Kinetic Energy (kJ/mole)"	"Temperature (K)"	"Box Volume (nm^3)"	"Density (g/mL)"	"Speed (ns/day)"	"Time Remaining"
100.99999999994601	-58939.41982876492	7623.178431003238	300.36250164959716	30.700233772037052	1.1383463789846553	0	--
101.99999999994368	-58431.422138919996	7344.487630302581	289.38174515244634	31.041038870208403	1.1258482712033722	306	1:52
102.99999999994135	-58689.501181455766	7599.801499087183	299.4414221005941	30.865116629023298	1.1322652808484364	301	1:53
103.99999999993902	-58513.30819241109	7365.494459804246	290.20943978375465	31.12954049472147	1.1226474722396476	304	1:52
104.99999999993669	-58415.59990315203	7495.903701503327	295.34772251312904	31.212934086191133	1.1196480232161794	306	1:51
105.99999999993436	-58491.12197404838	7484.452916510596	294.89654765773264	31.10552278728643	1.1235143092552262	305	1:51
106.99999999993203	-58591.68097784923	7407.42166101825	291.8614225043201	31.11528876770506	1.1231616781475364	304	1:51
107.9999999999297	-58452.07328847109	7527.4867941465745	296.59213477528675	31.353479898945153	1.114629063855734	303	1:51
108.99999999992737	-58456.59610902786	7657.434884342501	301.7122475745748	31.19606667824081	1.1202534059448146	304	1:51
109.99999999992504	-58781.60208881274	7550.353563850349	297.49311331265613	31.38995051907609	1.1133340247587438	303	1:51
110.99999999992271	-58490.61887577688	7397.4517535138075	291.4685960230363	31.65826023342858	1.1038983093416816	303	1:50
111.99999999992038	-58863.332566205616	7488.693421250779	295.0636287018859	31.54816989401893	1.1077504674845289	304	1:50
112.99999999991805	-58747.02331637408	7476.9849742878	294.60230165148795	31.39137924525726	1.11328335322064	304	1:50
113.99999999991572	-58693.12155002105	7476.07393631593	294.5664056473729	31.197456097740243	1.1202035139945978	303	1:49
114.99999999991338	-58925.28377971813	7723.372003449909	304.3102502615015	30.842945216503164	1.1330792083267527	304	1:49
115.99999999991105	-58752.61746526841	7652.129048215985	301.5031911781218	30.879826834938573	1.131725904267051	304	1:49
116.99999999990872	-58931.722487641266	7550.91304526712	297.51515756092977	31.17809606209412	1.1208991042551015	304	1:48
117.9999999999064	-58650.318752189836	7180.375171944767	282.9155146961653	31.27804826189308	1.117317156612944	304	1:48
118.99999999990406	-58778.686646420014	7477.976391459837	294.6413646938484	30.72496681238964	1.1374300308206828	304	1:48
119.99999999990173	-58716.613710445	7593.146772577557	299.1792177824981	30.89049170595321	1.1313351785088526	304	1:48
120.9999999998994	-58412.7552609696	7509.247162514444	295.8734711055617	31.296566640955394	1.1166560328904487	304	1:47
121.99999999989707	-58402.5098811255	7545.125938194146	297.2871385038547	31.161712106683968	1.1214884416085988	304	1:47
122.99999999989474	-58323.13998554938	7666.768105510121	302.0799878398366	31.176552768620013	1.1209545907062677	304	1:47
123.99999999989241	-58471.098128382146	7673.074551325708	302.3284694750012	31.0812937739667	1.1243901300418966	304	1:46
124.99999999989008	-58444.72606448745	7509.939227557603	295.900739309966	30.783079680837258	1.1352827693239522	304	1:46
125.99999999988775	-58258.02008506411	7367.2008154583455	290.2766722718314	30.984570997255815	1.1279000748945651	304	1:46
126.99999999988542	-58534.14564925138	7693.914190703639	303.1495766120943	30.8112954009693	1.1342431239447788	304	1:46
127.99999999988309	-58266.457931037	7787.592529758831	306.8406171044121	31.173833878573078	1.1210523570667228	303	1:45
128.99999999988785	-58428.471388532285	7606.079953719771	299.68880084910506	31.27014149888871	1.1175996741051775	303	1:45
129.99999999989262	-58376.33496762777	7444.031973345119	293.30391333622157	30.896872755453508	1.1311015268434355	303	1:45
130.9999999998974	-58880.08113727285	7525.545812192659	296.5156577256398	31.004810130205783	1.1271638110866526	303	1:45
131.99999999990217	-58906.774610230816	7541.256191525483	297.134665778643	30.812528895582552	1.1341977176495586	303	1:44
132.99999999990695	-58661.72671956534	7507.357186979785	295.7990037708686	30.944514069577792	1.1293601143583132	303	1:44
133.99999999991172	-58669.22943529842	7713.727331524155	303.9302384575763	31.167573408588808	1.1212775370812273	303	1:44
134.9999999999165	-58870.85771808683	7590.783306045703	299.08609432664593	31.019088600433914	1.1266449636399678	303	1:44
135.99999999992127	-58331.338786090346	7259.228710101485	286.02244000285214	31.149618789550093	1.121923840689338	303	1:43
136.99999999992605	-58415.7591931998	7352.718520884346	289.70605225194805	30.903078998735978	1.1308743685317006	303	1:43
137.99999999993082	-58771.01628363054	7496.200900692404	295.3594325226385	31.199118923215206	1.1201438102912722	303	1:43
138.9999999999356	-58738.76900502297	7293.842036635115	287.38624716572446	31.291005401597435	1.1168544922048655	303	1:42
139.99999999994037	-59109.3114775453	7475.23454722875	294.5333326964556	30.99881977562766	1.1273816294082828	303	1:42
140.99999999994515	-59239.61217615547	7376.833878487073	290.65622667109477	31.023085573152226	1.1264998082145903	303	1:42
141.99999999994992	-58610.56499252352	7479.3950435753795	294.69726131259495	31.278914847998806	1.1172862012064562	303	1:42
142.9999999999547	-58442.22849749081	7391.145344061366	291.2201158206238	31.107949041226938	1.1234266811375244	303	1:41
143.99999999995947	-58249.82444802864	7497.630412521123	295.41575702729193	31.264675029215844	1.117795080733239	303	1:41
144.99999999996425	-58655.112196608825	7752.370495292484	305.45282610866747	31.170511008741794	1.1211718646056126	302	1:41
145.99999999996902	-58649.10348080742	7485.217436778987	294.9266706861327	31.327588539708636	1.1155502730152318	302	1:41
146.9999999999738	-58900.52494681461	7223.260302184943	284.60524098541504	31.273747829436125	1.117470798158921	302	1:40
147.99999999997857	-58553.67814235872	7426.25817754539	292.6036041648523	31.025003621028553	1.126430165013538	303	1:40
148.99999999998334	-58386.78019006047	7419.124149989973	292.3225148026163	30.77416110962472	1.1356117823614973	302	1:40
149.99999999998812	-58424.70202315078	7556.975504284243	297.7540258194931	30.849326337777413	1.1328448331652825	302	1:40
150.9999999999929	-58709.89207769872	7417.195265610884	292.2465144121309	31.04767459157707	1.1256076472104524	302	1:39
151.99999999999767	-58620.67400490807	7543.784677469725	297.2342912000433	31.346762703966952	1.1148679140624043	302	1:39
153.00000000000244	-58402.476436837635	7660.073102742367	301.81619658818556	31.056058440664454	1.1253037797810472	302	1:39
154.00000000000722	-58427.69588565981	7700.244912744345	303.39901476005383	31.219007344581712	1.1194302100206335	302	1:38
155.000000000012	-58586.32510056422	7726.655356143114	304.43961835089556	30.857571699520225	1.1325421290011672	302	1:38
156.00000000001677	-58567.810697359004	7607.934659304239	299.76187850486457	30.808525879629713	1.1343450863219569	302	1:38
157.00000000002154	-58184.73984995566	7473.980810743233	294.48393395410585	31.062825124627416	1.125058645122189	303	1:37
158.00000000002632	-58460.87936645621	7619.240900075851	300.2073581421511	30.904790159378464	1.1308117533933661	303	1:37
159.0000000000311	-58420.93535005889	7361.178465961275	290.03938437714015	30.823997694885726	1.1337757124923238	303	1:37
160.00000000003587	-58504.813189719076	7305.532262172687	287.84685626980007	31.25805525620012	1.1180318053039744	303	1:37
161.00000000004064	-58631.28894108036	7345.037383251036	289.4034060872364	31.20237586975652	1.120026888152909	303	1:36
162.00000000004542	-58553.90566812488	7679.917039056689	302.59807181357763	30.86164731677339	1.1323925644561021	303	1:36
163.0000000000502	-58628.67938970259	7758.13667053163	305.6800204260321	31.09868668053624	1.1237612799338383	303	1:36
164.00000000005497	-58657.649545117485	7587.162969078716	298.9434486470176	31.127529839648822	1.1227199886534613	303	1:35
165.00000000005974	-58202.015902122075	7690.256113356035	303.00544391556895	31.16511650703243	1.1213659329813472	303	1:35
166.00000000006452	-58066.28059050662	7602.966034950794	299.56610866239464	30.9076579092977	1.1307068316511888	303	1:35
167.0000000000693	-58256.311086415866	7944.640441251714	313.0284958221661	31.115628109439445	1.123149429137794	303	1:35
168.00000000007407	-58227.74598263836	7643.633527795938	301.16845734114344	30.98032264867409	1.1280547444484572	303	1:34
169.00000000007884	-58320.73816341112	7709.600418849092	303.76763307894186	30.957421265516558	1.1288892459304676	303	1:34
170.00000000008362	-58245.81203930025	7388.521405974735	291.11672946872255	31.19744549694278	1.1202038946363577	303	1:34
171.0000000000884	-58279.09446629448	7692.461055356671	303.0923213120903	31.03287311931073	1.1261445182345726	303	1:33
172.00000000009317	-58099.93449698202	7560.781584962623	297.9039900272557	31.2542794732245	1.1181668730619845	303	1:33
173.00000000009794	-57938.67689220875	7694.047129249418	303.15481455248056	31.28241553295721	1.117161170356627	303	1:33
174.00000000010272	-58138.15179873642	7535.572407618749	296.9107177799816	31.414450490226198	1.1124657411802834	302	1:33
175.0000000001075	-58309.95213369263	7526.545633804069	296.55505191313324	31.140854127480218	1.1222396086285065	302	1:32
176.00000000011227	-58672.01886547191	7581.587790019181	298.7237798114232	30.965433782170468	1.12859713815807	302	1:32
177.00000000011704	-58767.27508464368	7320.523054158603	288.437511706158	30.9680459784734	1.1285019394725009	302	1:32
178.00000000012182	-58798.18835906341	7287.561157750869	287.13877289874966	31.513711710839875	1.1089617201886062	302	1:32
179.0000000001266	-58804.76162115898	7375.858844078013	290.6178091295207	31.50422995315562	1.1092954819192555	302	1:31
180.00000000013137	-58416.98469222331	7591.9249571752425	299.13107676964955	31.517835857161742	1.1088166112280753	302	1:31
181.00000000013614	-58689.62985364691	7648.830991489196	301.3732437319212	31.294806023139092	1.1167188549608182	302	1:31
182.00000000014091	-58276.20480185322	7485.382988556209	294.93319362750276	31.30835507102498	1.1162355821345518	302	1:30
183.0000000001457	-58635.851235894224	7601.526719287653	299.50939787474124	31.276021667419304	1.1173895554876834	302	1:30
184.00000000015046	-58569.49569112857	7569.574177291731	298.25042885875615	30.959988206376035	1.128795647964219	302	1:30
185.00000000015524	-58295.00999752176	7549.504554426045	297.4596613087556	31.20490145382228	1.1199362382251683	302	1:30
186.00000000016001	-58262.174423698074	7589.969306305855	299.0540217468925	31.240403684320096	1.1186635198930335	302	1:29
187.0000000001648	-58091.91467053749	7461.397189868596	293.9881239871838	31.06028703655707	1.125150579170392	302	1:29
188.00000000016956	-58294.96243681267	7780.909901072837	306.57731340663196	30.84583330353366	1.1329731184268983	302	1:29
189.00000000017434	-58378.446434199665	7603.496702743943	299.58701761885396	30.74609890859444	1.1366482639725053	302	1:28
190.0000000001791	-58239.94455252649	7387.749487081692	291.0863149255128	30.929058731787716	1.1299244587894004	302	1:28
191.0000000001839	-58611.94711714177	7481.441042460572	294.77787615705785	30.826967469888306	1.1336664880357572	302	1:28
192.00000000018866	-58690.437041980826	7434.451424824745	292.9264280724566	30.778147500727865	1.1354646977227705	302	1:28
193.00000000019344	-58972.008696542354	7571.489546888899	298.3258967503969	30.944138651147373	1.1293738159063282	302	1:27
194.0000000001982	-58858.018743643916	7486.345327048008	294.9711109344957	31.151113645071803	1.1218700026767616	302	1:27
195.000000000203	-58925.609316839866	7483.863338798692	294.87331757882697	31.046619571003973	1.125645897404562	302	1:27
196.00000000020776	-58281.325648900674	7423.572300803145	292.4977773545887	30.907537616397555	1.1307112323901178	302	1:26
197.00000000021254	-58565.58853859198	7709.297109329725	303.75568231498744	31.00268326023756	1.1272411376470328	302	1:26
198.0000000002173	-58593.22039391351	7490.972545175675	295.15342895644466	31.076753147029166	1.124554414775524	303	1:26
199.0000000002221	-58427.90833631373	7596.866162023707	299.32576625027514	30.844540350076922	1.133020610835384	303	1:25
200.00000000022686	-58550.22481653679	7520.1370875657085	296.3025473971347	31.151233883941718	1.1218656724347615	303	1:25
201.00000000023164	-58567.483509400976	7620.849007327845	300.2707195236932	31.05333606550718	1.1254024325972214	303	1:25
202.0000000002364	-58405.32784321898	7613.059246849758	299.96379348678795	31.17051063564539	1.1211718780255144	303	1:25
203.0000000002412	-58096.50131245289	7354.328799638576	289.76949919331923	31.122383866824684	1.1229056263146204	302	1:24
204.00000000024596	-58401.370259119925	7402.2773078044465	291.6587287310269	30.842900447651484	1.1330808530052454	302	1:24
205.00000000025074	-58722.88570559508	7548.929256413743	297.4369938673815	31.051432656949217	1.125471418162075	303	1:24
206.0000000002555	-58749.76076812658	7370.101510785137	290.3909631955929	31.030574015315473	1.1262279560517345	303	1:23
207.0000000002603	-58936.69578703432	7411.330268426332	292.01542638992805	30.97297636071841	1.128322300749343	303	1:23
208.00000000026506	-58892.197194444336	7431.94319547785	292.82760078562825	31.346332685098776	1.1148832081717148	303	1:23
209.00000000026984	-58628.70424097931	7123.771510937077	280.68526160991314	31.269914272305623	1.1176077952772727	303	1:23
210.0000000002746	-58537.60504947987	7355.592271600355	289.8192815252742	30.87833848526568	1.1317804539598795	303	1:22
211.00000000027939	-58596.68491371558	7358.393766981527	289.9296638505293	31.293824608061133	1.1167538767178526	303	1:22
212.00000000028416	-58407.726079687185	7424.77416612544	292.5451323100208	31.44862753966613	1.1112567600701033	303	1:22
213.00000000028894	-58623.71598263949	7438.344573009213	293.07982284585233	30.80501554531768	1.1344743487296431	303	1:21
214.0000000002937	-58523.408106049814	7506.692309221171	295.772806778541	30.408124654968894	1.1492816589289452	303	1:21
215.00000000029848	-58492.26769049716	7461.987273045099	294.0113739820095	30.68283498688121	1.138991881399584	303	1:21
216.00000000030326	-58458.34877143125	7795.3536245917985	307.1464136800359	30.693058671871725	1.1386124896183127	303	1:21
217.00000000030803	-58412.125695211405	7746.6625843339	305.22792747481935	30.87662347105211	1.1318433176848266	303	1:20
218.0000000003128	-58551.63348767065	7705.528262326785	303.60718515932155	31.123365339449425	1.1228702155831531	303	1:20
219.00000000031758	-58441.84859415391	7445.755988569844	293.37184163285883	31.227514349053138	1.1191252546631354	303	1:20
220.00000000032236	-58480.774007728	7439.594380400875	293.1290667771256	31.338818376995878	1.1151505308200729	303	1:19
221.00000000032713	-58410.27997910252	7334.544954447432	288.98999163126445	31.313058910057464	1.116067901534717	303	1:19
222.0000000003319	-58460.629121382866	7632.137278220995	300.71549112591293	31.28851842006198	1.1169432658713785	303	1:19
223.00000000033668	-58467.629556563916	7563.499299905836	298.0110713013597	31.274678052777187	1.117437560489211	303	1:19
224.00000000034146	-58640.673420569336	7445.970455304692	293.3802918830508	31.387145390207987	1.1134335255376095	303	1:18
225.00000000034623	-58480.49490487206	7307.095120318725	287.9084347815345	31.257686420187486	1.118044997911627	303	1:18
226.000000000351	-58917.713973679405	7368.592140490372	290.3314921702517	31.041810369481222	1.1258202898739265	303	1:18
227.00000000035578	-58525.70468104887	7075.076434936695	278.7666163915344	31.15410777204796	1.1217621831473648	303	1:17
228.00000000036056	-59106.47119331875	7451.956166743388	293.6161361936821	30.787415261085787	1.1351228952484758	303	1:17
229.00000000036533	-58836.109195795376	7645.861423442739	301.2562391392404	31.13517708740502	1.122444232460074	303	1:17
230.0000000003701	-58502.79522497725	7376.675021650655	290.6499675185349	31.34864905990877	1.1148008286288336	302	1:17
231.00000000037488	-58543.87161352381	7605.571894559362	299.6687827002728	31.378256747753547	1.113748932240565	302	1:16
232.00000000037966	-58362.50460684157	7658.640677447051	301.75975728940466	31.280951677367042	1.1172134501798632	302	1:16
233.00000000038443	-58418.9404639705	7592.636558697018	299.15911473507214	31.307228547180117	1.1162757474911835	303	1:16
234.0000000003892	-58564.762560920324	7419.511758978822	292.3377870681951	31.034169700945846	1.1260974688591618	303	1:15
235.00000000039398	-58488.625400289166	7739.887853405529	304.96099483667297	31.437141168065626	1.1116627864330444	303	1:15
236.00000000039876	-58492.16726284646	7468.536270893928	294.2694124622807	31.365596600463594	1.11419847655199	303	1:15
237.00000000040353	-58493.094326582504	7665.196045954002	302.018046781354	31.014120474387653	1.1268254399553728	303	1:15
238.0000000004083	-58310.85341317259	7584.127298366726	298.8238395289193	31.300115097599676	1.1165294389304288	302	1:14
239.00000000041308	-58008.046322332084	7201.84686599409	283.7615255560292	31.283636845668756	1.117117556401353	302	1:14
240.00000000041786	-58534.603750858514	7421.26572158368	292.40689532803225	31.237959471557854	1.1187510496708497	303	1:14
241.00000000042263	-58353.37560475929	7464.14098330307	294.09623278556074	30.952720358343516	1.1290606946268125	303	1:13
242.0000000004274	-58526.92939621856	7339.441284829006	289.18291300331725	31.169333687836932	1.1212142132514757	303	1:13
243.00000000043218	-58429.607687633805	7690.414170036891	303.0116715410265	31.148707613467927	1.1219566597129176	303	1:13
244.00000000043696	-58590.96477532503	7505.786356335035	295.7371111329885	30.919677013814795	1.1302673030111665	303	1:13
245.00000000044173	-58657.42899713194	7422.816187297125	292.4679855628506	31.247782000539868	1.1183993778431065	303	1:12
246.0000000004465	-58933.88131146887	7526.9506525120605	296.5710101428203	30.92240801590738	1.130167480178219	303	1:12
247.00000000045128	-58826.570856039034	7431.948784509686	292.8278210002801	30.99068331183861	1.1276776183579882	303	1:12
248.00000000045605	-58496.77738821285	7475.588113070404	294.5472636206309	30.944262318699412	1.129369302407389	303	1:11
249.00000000046083	-58657.101537176204	7549.723909665111	297.4683041719592	30.825252850830456	1.1337295469237099	303	1:11
250.0000000004656	-58669.033012915315	7430.5632106939065	292.77322770677466	30.986924251862394	1.1278144182470893	303	1:11
251.00000000047038	-58590.53145615998	7414.059361742816	292.12295598577754	30.938268247863643	1.129588109728605	303	1:11
252.00000000047515	-58671.22671529389	7408.145560985	291.8899450434322	31.143040291643253	1.1221608301922412	303	1:10
253.00000000047993	-58321.143453441735	7258.773477562705	286.00450328716096	31.599255211540353	1.105959609314388	303	1:10
254.0000000004847	-58262.37863173208	7378.60938911972	290.72618394943396	31.30578929629122	1.1163270671000467	303	1:10
255.00000000048948	-58268.31867515383	7796.558988379229	307.1939064792491	31.507776461673814	1.1091706198592304	303	1:09
256.00000000049425	-57924.22379149019	7620.030764815915	300.23847977355956	31.491271816928528	1.1097519386179362	303	1:09
257.000000000499	-58281.59925900132	7727.960038876005	304.4910244373537	31.39556662214872	1.1131348692947718	303	1:09
258.0000000005038	-58149.98529049536	7448.356684885734	293.47431223072584	31.310230223204318	1.1161687314097382	303	1:09
259.0000000005086	-58358.64575320901	7290.8888913707115	287.26988965063026	31.007274068641827	1.1270742429991225	303	1:08
260.00000000051335	-58807.48847487196	7682.084618025296	302.6834770611954	31.393439339760135	1.1132102975451756	303	1:08
261.0000000005181	-58684.678990193584	7657.113456197253	301.6995829147244	31.1354934771561	1.1224328265110541	303	1:08
262.0000000005229	-58469.13483334158	7458.478794060444	293.873135642929	31.691107705859057	1.1027541313085663	303	1:07
263.0000000005277	-58566.895162354806	7540.1061674565335	297.08935343164325	31.568184559604664	1.1070481383684125	303	1:07
264.00000000053245	-58707.53422637572	7338.242270329584	289.1356703737736	31.414218580435612	1.112473953757541	303	1:07
265.0000000005372	-58290.20350441546	7361.1929457751885	290.03995489941906	31.55071522725703	1.1076611004427963	303	1:07
266.000000000542	-58368.031267724495	7672.120124139878	302.2908638830853	31.420787172265058	1.1122413883770792	303	1:06
267.0000000005468	-58663.696814911586	7643.102879291309	301.14754914467534	31.42568130645167	1.1120681714927885	303	1:06
268.00000000055155	-58740.93825668687	7606.889307441011	299.7206903700747	31.10480371924852	1.123540282196165	303	1:06
269.0000000005563	-58485.82104905631	7382.720976176731	290.8881854800778	31.024048778279667	1.126464833721123	303	1:05
270.0000000005611	-58654.57974899607	7515.6994055549185	296.1276973287085	30.929777780962443	1.1298981905357015	303	1:05
271.0000000005659	-59011.19881181963	7439.789700351133	293.13676262071795	31.084660417565743	1.1242683522652286	303	1:05
272.00000000057065	-58368.412624998105	7336.055592931994	289.0495126248261	30.93010881258966	1.1298860977222274	303	1:05
273.0000000005754	-58528.29969603781	7423.860599619107	292.50913667857264	30.7372499758103	1.1369754931193876	302	1:04
274.0000000005802	-58611.33252948182	7701.285371981937	303.4400101194431	31.133727972160376	1.1224964764782002	302	1:04
275.000000000585	-58511.2040472659	7552.500876612863	297.5777200471056	30.98132193992899	1.1280183594535447	303	1:04
276.00000000058975	-58510.05019002044	7336.94716603874	289.08464168958164	30.992958040841074	1.1275948524283685	303	1:03
277.0000000005945	-58814.21303079123	7648.351964754522	301.3543694959727	30.93702906936468	1.1296333552269726	302	1:03
278.0000000005993	-58460.4394522676	7713.155905259044	303.90772356775045	30.801169674087223	1.1346160005664285	303	1:03
279.0000000006041	-58607.17123020787	7463.858779582539	294.08511361574983	31.245801477078334	1.1184702678860075	303	1:03
280.00000000060885	-58626.823104409064	7355.767243688265	289.8261756383426	30.986723759858947	1.1278217154939356	303	1:02
281.0000000006136	-58409.87238499269	7529.597763118829	296.6753095201979	31.245225224559352	1.1184908957196888	303	1:02
282.0000000006184	-58758.18738097316	7742.640445242554	305.06945030281116	31.1297390793612	1.122640310581683	303	1:02
283.0000000006232	-58426.961222174315	7544.417215843964	297.2592139812947	31.354761768368995	1.1145834947352784	303	1:01
284.00000000062795	-58507.647357695736	7597.672747278962	299.357546690318	31.505956889829186	1.1092346780828175	302	1:01
285.0000000006327	-58529.67562903615	7717.698230130756	304.08669669216584	30.894542977626283	1.1311868239543037	302	1:01
286.0000000006375	-58451.64331285385	7631.915471456368	300.7067516696207	31.14432721960882	1.1221144609082283	302	1:01
287.0000000006423	-58467.69402951101	7436.835128971689	293.02034891495674	30.74050418055645	1.1368551323398695	302	1:00
288.00000000064705	-58170.307225782744	7367.806356143537	290.30053131129915	31.072093332573036	1.124723061762471	302	1:00
289.0000000006518	-58496.5553628956	7668.353846846141	302.14246797708734	31.1531151404195	1.1217979258529525	302	1:00
290.0000000006566	-58521.98510787447	7801.016702983366	307.36954585621726	31.153003017275676	1.121801963329215	302	0:59
291.0000000006614	-58102.31403437385	7238.164049389181	285.1924667515092	31.201604681876542	1.1200545710612144	302	0:59
292.00000000066615	-58291.258591132384	7694.542603254937	303.17433683090377	31.114431062060806	1.123192639411422	302	0:59
293.0000000006709	-58328.44646753662	7445.039339162583	293.34360477460893	31.327435163994707	1.115555734627989	302	0:59
294.0000000006757	-58399.07620092892	7356.41056278432	289.85152319314517	31.26479021945486	1.117790962391756	302	0:58
295.0000000006805	-58644.46822357553	7627.973040372146	300.5514150900357	31.0265716849709	1.126373235922459	302	0:58
296.00000000068525	-58433.68449888058	7630.0337112867865	300.63260803030335	31.047977275709705	1.1255966737556808	302	0:58
297.00000000069	-58429.283387821924	7611.112819434926	299.88710187935806	31.35507802911894	1.1145722525686477	302	0:58
298.0000000006948	-58403.57512347726	7544.549255805545	297.2644165163707	31.474628667414606	1.110338753084691	302	0:57
299.0000000006996	-58278.72019859412	7425.405440523773	292.5700052890841	31.5521851379106	1.1076094982211127	302	0:57
300.00000000070435	-58713.61940890219	7717.210728824036	304.06748854777186	31.087694232632565	1.124158636110639	302	0:57
301.0000000007091	-58674.24751326995	7227.483717094422	284.7716486694535	31.268203478844857	1.1176689435331728	302	0:56
302.0000000007139	-58876.68446554273	7553.773982077764	297.6278819508	30.845758588179848	1.1329758627422037	302	0:56
303.00000000071867	-58456.713722921995	7497.778371460877	295.421586789469	30.991010226297313	1.1276657228400457	302	0:56
304.00000000072345	-58150.65983589398	7527.351499532619	296.5868040029487	31.668353530655082	1.1035464762811715	302	0:56
305.0000000007282	-58703.325486965856	7652.048001702744	301.49999784692966	31.124115094906337	1.1228431665226746	302	0:55
306.000000000733	-58768.50795870577	7473.050631617809	294.4472837652609	30.9434022183008	1.1294006942685788	302	0:55
307.00000000073777	-58339.09620494637	7570.674327596189	298.29377611877743	31.125875206468947	1.1227796717863086	302	0:55
308.00000000074255	-58436.449747480685	7690.283428141456	303.00652015133534	31.146848894314658	1.1220236135912898	302	0:54
309.0000000007473	-58783.087401023746	7824.309023812412	308.2872916254865	31.446414922583465	1.1113349497682492	302	0:54
310.0000000007521	-58345.62434169365	7428.49144781054	292.691597729449	31.12869324984376	1.1226780278852924	302	0:54
311.00000000075687	-58354.25854592901	7477.645304188813	294.6283194526948	31.030883917760615	1.126216708521748	302	0:54
312.00000000076164	-58437.57255415758	7470.577964481448	294.3498576727792	30.91934855070209	1.130279310091973	302	0:53
313.0000000007664	-58488.83640917178	7722.727605697679	304.2848602063337	31.037290047684007	1.1259842561863285	302	0:53
314.0000000007712	-58451.27590639284	7838.865344697622	308.86082837206374	30.689492579308183	1.1387447954073868	302	0:53
315.00000000077597	-58564.98500679081	7625.151547171054	300.440244826354	30.818093341267435	1.1339929294582227	302	0:52
316.00000000078074	-58698.47967146884	7727.932926976766	304.48995619554967	30.861314781570524	1.1324047661524272	302	0:52
317.0000000007855	-58462.925629693316	7579.78404839359	298.65271019762685	30.926271502595153	1.1300262931937404	302	0:52
318.0000000007903	-58571.939397812064	7721.938907966703	304.25378455650264	30.937039290671635	1.1296329820067312	302	0:52
319.00000000079507	-58629.869152498926	7532.904453633288	296.8055971481333	31.29648074230059	1.116659097747865	302	0:51
320.00000000079984	-58638.660790163645	7702.174618267043	303.4750475045961	31.216346995183514	1.1195256111733056	302	0:51
321.0000000008046	-58520.64920306881	7627.816241254375	300.54523701409323	31.169917159307783	1.1211932251781742	302	0:51
322.0000000008094	-58242.53994276971	7506.146691534906	295.75130877811057	31.0063663917372	1.1271072368445556	302	0:50
323.00000000081417	-58477.378106358665	7652.979295900913	301.53669197099686	31.042650293420383	1.12578982844735	302	0:50
324.00000000081894	-58358.37091369167	7345.300371550902	289.413768146103	31.040847151724982	1.125855224812662	302	0:50
325.0000000008237	-58507.01547472351	7535.637583892529	296.9132858044373	31.082259807529233	1.124355184107794	302	0:49
326.0000000008285	-58148.76699014596	7363.817183080862	290.1433530409146	31.4095129083709	1.1126406210223976	302	0:49
327.00000000083327	-58436.558234463446	7482.137797131628	294.805329138505	31.037974450845272	1.1259594276593994	302	0:49
328.00000000083804	-58290.598400195624	7463.967901129174	294.08941313740314	31.048091572212037	1.1255925301269962	302	0:49
329.0000000008428	-58429.96492320855	7548.860069162458	297.4342678055339	30.970847721818778	1.1283998507977715	302	0:48
330.0000000008476	-58450.75053912672	7611.773827653313	299.9131464070945	30.89266317389022	1.1312556561299527	302	0:48
331.00000000085237	-58650.15691649853	7673.879989511068	302.36020471909507	31.27774523759312	1.117327981378177	302	0:48
332.00000000085714	-58523.51827240008	7718.779747872562	304.12930980655733	31.260944676082744	1.1179284666697415	302	0:47
333.0000000008619	-58515.24550250344	7775.462472644968	306.3626781012983	31.12631723651584	1.122763727004046	302	0:47
334.0000000008667	-58448.908712959965	7784.2354269797925	306.70834317193976	31.22239432513214	1.1193087751201125	302	0:47
335.00000000087147	-58336.548694138444	7508.334224934472	295.83750025457715	31.27192326139242	1.1175359972671133	302	0:47
336.00000000087624	-58558.940907496	7526.915135518082	296.569610730061	31.240611258760797	1.118656087069375	302	0:46
337.000000000881	-58946.38828664424	7493.9998992717	295.2727103897591	30.932412846604613	1.1298019369419132	302	0:46
338.0000000008858	-58431.363683162985	7456.597750986882	293.799020258067	31.259992922968777	1.1179625035264347	302	0:46
339.00000000089057	-58326.942822370125	7472.892545830546	294.4410549929756	30.85241627891664	1.1327313761244235	302	0:46
340.00000000089534	-58170.24741987095	7462.138130071977	294.01731793234393	30.77604879745993	1.1355421281781033	302	0:45
341.0000000009001	-58596.50831927851	7801.02101969913	307.3697159400685	30.701849009496534	1.1382864900928615	302	0:45
342.0000000009049	-58657.87283875741	7515.5483434497	296.121745298038	30.96128851609782	1.1287482408947684	302	0:45
343.00000000090967	-58771.797215461585	7604.005446558455	299.6070627438905	30.883911836828993	1.1315762113627714	302	0:44
344.00000000091444	-58331.20300119446	7197.931329687595	283.60724866339666	31.021567649594306	1.126554929239298	302	0:44
345.0000000009192	-58629.01602093506	7234.196771949493	285.0361511953002	30.988377194782032	1.12776153874445	302	0:44
346.000000000924	-58966.61033581736	7448.125266218549	293.46519405378257	31.009197999100817	1.1270043149582325	302	0:44
347.00000000092876	-58973.73063440347	7454.743089043201	293.72594432180756	30.885521569598072	1.1315172343659274	302	0:43
348.00000000093354	-58836.356888059934	7460.184093419342	293.94032651169016	30.682528295718313	1.1390032663396146	302	0:43
349.0000000009383	-58649.967685159645	7570.743748536267	298.2965113882477	30.869957169205414	1.1320877368512512	302	0:43
350.0000000009431	-58481.53142212477	7290.325125149809	287.2476765758625	30.894541597137675	1.1311868745001425	302	0:42
351.00000000094786	-58719.2866715749	7705.745596842736	303.6157484035768	31.36475338307716	1.1142284309251644	302	0:42
352.00000000095264	-58639.458432209765	7516.259132118153	296.149751236051	31.388867321891095	1.1133724447587146	302	0:42
353.0000000009574	-58541.480623423005	7565.069369268804	298.0729339438116	31.24078069616305	1.1186500199296558	302	0:42
354.0000000009622	-58643.10246106124	7468.130190468197	294.25341239962347	30.935430162785707	1.1296917406508697	302	0:41
355.00000000096696	-58559.962387783075	7555.805623042523	297.7079310757355	30.584507289769387	1.1426536846670359	302	0:41
356.00000000097174	-58433.75628694761	7524.407326170655	296.4707999917226	30.883709347305185	1.1315836305599158	302	0:41
357.0000000009765	-58215.55214885954	7401.50963397423	291.6284814484555	30.95817588785144	1.1288617286425733	302	0:40
358.0000000009813	-58418.73714002382	7636.541801874217	300.88903471472315	30.876575084252266	1.1318450914008529	302	0:40
359.00000000098606	-58436.686483286496	7663.412489037305	301.94777246963713	30.97098906141683	1.1283947012179165	302	0:40
360.00000000099084	-58412.7701826742	7433.7483221065195	292.8987249702304	31.073467808714177	1.1246733117627832	302	0:40
361.0000000009956	-58620.41706050417	7776.265829660752	306.3943313447797	31.055026187923858	1.1253411842869605	302	0:39
362.0000000010004	-58629.646800672606	7583.858267575366	298.8132393885389	31.04030496703248	1.125874890259555	302	0:39
363.00000000100516	-58410.08472676281	7384.135488542404	290.94391898764474	30.59694335206312	1.142189255516739	302	0:39
364.00000000100994	-58702.96582085083	7423.7702880968345	292.5055782947564	31.018400167224044	1.1266699687918944	302	0:38
365.0000000010147	-58406.245335635875	7608.848963885153	299.79790321734885	31.093727272061688	1.1239405183752869	302	0:38
366.0000000010195	-58605.31691229204	7797.7226571756855	307.2397564451077	30.785767592212718	1.135183647563844	302	0:38
367.00000000102426	-58407.80444941649	7608.396633458716	299.78008084841355	31.258187757537154	1.1180270660430105	302	0:38
368.00000000102904	-58641.66609679416	7571.281410913558	298.31769593982915	31.22835577880576	1.1190951004887417	302	0:37
369.0000000010338	-58548.40752859751	7588.485107135999	298.9955424944863	31.255241672558096	1.1181324500544332	302	0:37
370.0000000010386	-58577.24848932054	7780.565101995513	306.56372790363366	31.26244691984043	1.1178747472323318	302	0:37
371.00000000104336	-58219.90413279875	7403.524645026268	291.7078753346041	31.19119491673066	1.1204283786394893	302	0:36
372.00000000104814	-58549.940791055764	7281.783202980825	286.91111445354124	31.082896383855186	1.1243321573639753	302	0:36
373.0000000010529	-58723.08525665631	7395.496648106817	291.39156249216103	31.026509627400944	1.1263754888341373	302	0:36
374.0000000010577	-58774.58536647004	7443.972617930217	293.30157466068516	31.358636048636974	1.1144457907600809	302	0:36
375.00000000106246	-58582.10058145257	7550.419072336578	297.49569442668627	31.43634829119973	1.1116908244130883	302	0:35
376.00000000106724	-58506.43606793834	7416.629161706207	292.2242092297793	30.897441070162497	1.131080721831344	302	0:35
377.000000001072	-58347.774467243784	7480.272354250046	294.73182842018025	30.90980902317923	1.1306281420947544	302	0:35
378.0000000010768	-58519.30317308757	7512.33093733491	295.994975584039	31.184614486683234	1.1206648061435693	302	0:34
379.00000000108156	-58599.07131653046	7322.740030741447	288.5248632798551	30.90119309022185	1.1309433861127953	302	0:34
380.00000000108633	-58863.49264806212	7600.839825569574	299.4823334268345	31.102869778807932	1.1236101426303893	302	0:34
381.0000000010911	-58903.499149655254	7649.441627985385	301.3973035525399	30.836454167822634	1.1333177205843592	302	0:34
382.0000000010959	-58799.431103031326	7318.266220288164	288.3485897068544	30.972442805038906	1.1283417381174468	302	0:33
383.00000000110066	-58724.899321363395	7339.446676597761	289.18312544556375	30.961880212793996	1.1287266699630174	302	0:33
384.00000000110543	-58425.773358211154	7418.424241610559	292.2949375612243	31.05882801491505	1.125203434321422	302	0:33
385.0000000011102	-58553.65870126602	7692.160338834984	303.0804727153982	30.747168269720756	1.136608732284347	302	0:32
386.000000001115	-58946.040706732834	7714.762758863491	303.9710355540544	31.110862969899042	1.1233214579162865	302	0:32
387.00000000111976	-58618.19160750171	7300.8090726463615	287.66075685802156	31.198453457973546	1.1201677030387895	302	0:32
388.00000000112453	-58761.60102400163	7522.219325569983	296.3845901069643	31.02617288119626	1.126387714082555	302	0:32
389.0000000011293	-58837.805132955895	7454.515105335017	293.71696148642656	31.155384139978363	1.121716227004771	302	0:31
390.0000000011341	-59013.14075666282	7365.432789163473	290.2070098855031	31.170435631597666	1.1211745758520715	302	0:31
391.00000000113886	-58784.254371372575	7370.160329489938	290.3932807240986	31.136329399180955	1.1224026923770951	302	0:31
392.00000000114363	-58718.45782161987	7520.683142490425	296.3240626252919	30.879812936058062	1.131726413652362	302	0:30
393.0000000011484	-58826.1722012618	7411.026314885663	292.0034502507511	30.814497659633332	1.134125252807923	302	0:30
394.0000000011532	-58926.18584746035	7490.069516096601	295.1178485124464	31.034841658288546	1.1260730869251043	302	0:30
395.00000000115796	-58850.59529137568	7372.748583325347	290.49526107310186	31.021721311284587	1.1265493490094687	302	0:30
396.00000000116273	-58649.2963709707	7289.750899527653	287.2250513879644	30.928545748362694	1.1299431998101905	302	0:29
397.0000000011675	-58488.47003145053	7338.844192891305	289.15938685477624	31.255070623679874	1.1181385692311772	302	0:29
398.0000000011723	-58534.129648415226	7611.581521248265	299.9055693008485	31.352499277855923	1.114663926427837	302	0:29
399.00000000117706	-58466.422947812476	7628.440230923119	300.56982296595095	31.010075259216663	1.1269724325481567	302	0:28
400.00000000118183	-58239.25872383613	7658.003432857745	301.7346490775559	31.134716365451805	1.122460842044471	302	0:28
401.0000000011866	-58162.027234546025	7544.656607845662	297.2686463173151	31.44729086439349	1.1113039943275516	302	0:28
402.0000000011914	-58070.09185485981	7723.28604515275	304.3068634000492	31.243093514408354	1.1185672101344284	302	0:28
403.00000000119616	-58165.6850941485	7619.419646599968	300.21440097259654	31.042004582147225	1.1258132462386048	302	0:27
404.00000000120093	-58547.26355515054	7723.633696934292	304.32056130306324	31.301623969333345	1.1164756174510106	302	0:27
405.0000000012057	-58641.910023954406	7543.13719244972	297.2087795027704	31.249242188307477	1.118347118236906	302	0:27
406.0000000012105	-58541.88528930477	7404.134052546152	291.73188673206164	31.34723072016239	1.1148512690118666	302	0:26
407.00000000121526	-58217.412220575265	7699.108285838992	303.3542302775936	31.411005815286888	1.112587739274901	302	0:26
408.00000000122003	-57930.13827386254	7712.4571431011145	303.88019148887895	31.541304761838383	1.1079915752459157	302	0:26
409.0000000012248	-57947.37897895067	7644.339401287512	301.1962696152095	31.32835172327932	1.115523097323125	302	0:26
410.0000000012296	-58364.85470582993	7922.198007844347	312.1442366509619	31.168033755207393	1.1212609760005139	302	0:25
411.00000000123435	-58277.68523666338	7399.071022970094	291.53239720900314	31.315345339005034	1.1159864140106326	302	0:25
412.00000000123913	-58809.357819969795	7621.7495650596165	300.306202593602	30.876262223251217	1.1318565600878907	302	0:25
413.0000000012439	-58302.11124246163	7642.818703796007	301.1363522845403	31.16380437347869	1.121413147430811	302	0:24
414.0000000012487	-58416.027082871326	7576.643395258103	298.52896464436105	31.10152149870248	1.1236588521831248	302	0:24
415.00000000125345	-58561.9042023221	7386.645171014668	291.04280352937997	31.372376712380348	1.1139576790364636	302	0:24
416.00000000125823	-58822.805598283245	7437.774530694195	293.05736248534333	30.93403521781468	1.1297426831742532	302	0:24
417.000000001263	-58848.53749245257	7534.098179359538	296.85263139358165	31.30484921626728	1.1163605902379066	302	0:23
418.0000000012678	-58772.09232106796	7495.533634909492	295.33314143924923	31.598892080354155	1.105972318887363	302	0:23
419.00000000127255	-58557.09208924987	7644.115107239857	301.18743215694076	31.10281328715204	1.1236121834296235	302	0:23
420.00000000127733	-58404.46015928028	7420.678117463716	292.3837430110493	31.118529104102574	1.1230447246227147	302	0:22
421.0000000012821	-58603.00891152222	7435.164079365847	292.95450752812127	31.079072159090227	1.1244705044439083	302	0:22
422.0000000012869	-58845.25561359621	7527.4916674895285	296.59232679092617	31.064009952378647	1.1250157337045532	302	0:22
423.00000000129165	-58969.16007657116	7471.992283403528	294.4055835584332	31.131605907686502	1.1225729906773665	302	0:22
424.0000000012964	-58606.290601847606	7315.573097338456	288.2424773872038	31.20966078223351	1.119765453146966	302	0:21
425.0000000013012	-58546.823826207576	7481.132745415129	294.7657288785102	31.367317144144835	1.1141373611196541	302	0:21
426.000000001306	-58437.2431592709	7613.779958434701	299.9921903997791	31.375946416657552	1.1138309418398007	302	0:21
427.00000000131075	-58479.382093173335	7507.816058014967	295.8170838477432	31.17007442072306	1.1211875684565695	302	0:20
428.0000000013155	-58437.88793122338	7657.304372482198	301.7071052485476	31.38643519128238	1.113458719838547	302	0:20
429.0000000013203	-58474.82103946092	7479.67662545882	294.7083559812682	31.499957150613497	1.1094459519828321	302	0:20
430.0000000013251	-58279.22526200567	7464.28859418399	294.10204883379646	31.61317223031541	1.105472734396074	302	0:20
431.00000000132985	-58694.36632536602	7670.898184748352	302.2427179849111	31.051590478967945	1.1254656978698616	302	0:19
432.0000000013346	-58571.228374661296	7539.914933956628	297.0818185991648	31.153544202249073	1.1217824759039083	302	0:19
433.0000000013394	-58356.202535923774	7435.5534690185905	292.9698499540232	31.344228796366323	1.114958041412466	302	0:19
434.0000000013442	-58474.87164222359	7535.871842733593	296.9225158876857	31.224317193848865	1.119239845387729	302	0:18
435.00000000134895	-58729.37023840216	7721.74829134751	304.24627402987454	31.026140517080968	1.1263888890447393	302	0:18
436.0000000013537	-58494.723649732856	7661.20845258147	301.86093075268224	30.681303488464565	1.1390487357070807	302	0:18
437.0000000013585	-58567.4048431862	7661.043590503537	301.854434986303	31.030844870040394	1.1262181256985968	302	0:18
438.0000000013633	-58758.89122422424	7518.414142635916	296.2346612714194	31.311262894918947	1.1161319192287174	302	0:17
439.00000000136805	-58657.62199568021	7393.9483250529665	291.3305566807366	31.076885232269234	1.1245496351124808	302	0:17
440.0000000013728	-58501.64315195955	7489.342534220519	295.08920454235835	31.354966395604258	1.1145762207954462	302	0:17
441.0000000013776	-58529.648242998286	7383.8736471487055	290.9336021182761	31.083723395845357	1.1243022434388243	302	0:16
442.0000000013824	-58623.18434563131	7500.9500414561035	295.54655444473195	31.032207515156816	1.126168672702761	302	0:16
443.00000000138715	-58382.32338898713	7354.609652966501	289.7805651560191	30.992637119423218	1.1276065284060341	302	0:16
444.0000000013919	-58490.85306798553	7642.595206321509	301.1275462122228	30.870666376084355	1.1320617288473822	302	0:16
445.0000000013967	-58215.55530163209	7553.448704512424	297.6150656191163	31.458847764163256	1.1108957394234793	302	0:15
446.0000000014015	-58211.18229948747	7491.2848597517095	295.16573453058396	31.179582002465512	1.1208456850260964	302	0:15
447.00000000140625	-58628.40820188378	7686.030924726175	302.83896634479026	31.290806435548536	1.1168615938475148	302	0:15
448.000000001411	-58286.34224136459	7377.431272617114	290.6797647263815	31.27936671266852	1.1172700607850432	302	0:14
449.0000000014158	-58413.21111466753	7360.952111960372	290.0304657542082	31.19206837714567	1.1203970036814463	302	0:14
450.0000000014206	-58372.25658532526	7385.16115625116	290.9843315428081	31.24309118423427	1.1185672935594746	302	0:14
451.00000000142535	-58607.44665974213	7453.038409947675	293.65877789217774	31.1497064641689	1.121920682898905	302	0:14
452.0000000014301	-58610.17081551929	7538.489003667757	297.02563521153724	31.18465547309808	1.1206633332386438	302	0:13
453.0000000014349	-58474.838880093914	7596.205919728316	299.2997519008364	31.341192614519066	1.1150660531083647	302	0:13
454.0000000014397	-58477.16396527708	7435.785236379355	292.97898186991756	31.264752420824305	1.1177923137847579	302	0:13
455.00000000144445	-58368.68011779379	7496.172416788088	295.3583102221657	31.249074566193613	1.118353117125212	302	0:12
456.0000000014492	-58646.715607289865	7677.651606039688	302.5088109974411	31.158642900688857	1.1215989110876259	302	0:12
457.000000001454	-58479.17732092767	7477.677140635543	294.6295738474161	31.29737352907771	1.1166272440053744	302	0:12
458.0000000014588	-58662.06566690403	7603.8295832367285	299.60013351512583	31.395682568171935	1.1131307584250327	302	0:12
459.00000000146355	-58615.3792265275	7365.555522770848	290.21184573890486	31.38207478397733	1.1136134302447036	302	0:11
460.0000000014683	-58664.61962086719	7263.601112057671	286.19471795773205	31.201207497250735	1.1200688291137506	302	0:11
461.0000000014731	-58415.28201249105	7512.415688415511	295.9983148796908	31.375569263344513	1.1138443307611732	302	0:11
462.0000000014779	-58497.38432537904	7831.258226397298	308.5610986590956	31.356906854042183	1.1145072475117477	302	0:10
463.00000000148265	-58351.82004181086	7482.504966263552	294.8197960488616	31.32705954814584	1.115569110298105	302	0:10
464.0000000014874	-58492.3537358194	7709.009587774649	303.74435361602775	31.044612455551082	1.1257186733581483	302	0:10
465.0000000014922	-58495.449950082926	7668.361896348217	302.14278513725907	30.866122208247525	1.1322283930775967	302	0:10
466.00000000149697	-58219.16480714438	7601.387085923734	299.50389615037784	31.252509345925034	1.1182302055030844	302	0:09
467.00000000150175	-58488.47622444265	7617.952199127054	300.1565817574237	30.7435326787596	1.1367431424862144	302	0:09
468.0000000015065	-58557.35038520294	7568.5775212994495	298.2111594005065	30.979622123559313	1.1280802525284521	302	0:09
469.0000000015113	-58475.98327189186	7622.534548884574	300.33713191101896	31.06188442501364	1.1250927171771377	302	0:08
470.00000000151607	-58289.274669545586	7438.898873291253	293.1016629511162	30.986216787858147	1.1278401680218955	302	0:08
471.00000000152085	-58470.448595094174	7429.9110181586075	292.7475305276738	31.304783558972062	1.1163629316441872	302	0:08
472.0000000015256	-58636.41446308221	7715.599359695551	304.00399864432893	31.222053774271224	1.1193209838482685	302	0:08
473.0000000015304	-58403.70564805367	7805.917251001582	307.5626334082833	31.25569474443607	1.1181162419882515	302	0:07
474.00000000153517	-58526.17687498301	7621.388128754154	300.29196156358046	31.207446909986846	1.119844889880982	302	0:07
475.00000000153995	-58725.81410865075	7717.024471216404	304.0601497715008	31.116231228096474	1.1231276593942032	302	0:07
476.0000000015447	-58652.21853479784	7522.861841954102	296.40990603394033	31.365948123299855	1.114185989564283	302	0:06
477.0000000015495	-58455.42615547846	7192.829370637512	283.40622527171473	31.31028272925043	1.1161668596410486	302	0:06
478.00000000155427	-58545.224925411865	7723.700351799428	304.32318758581664	31.253253670383707	1.1182035738409486	302	0:06
479.00000000155904	-58279.221387696016	7621.611190674923	300.30075047455125	31.23546105942893	1.1188405345414725	302	0:06
480.0000000015638	-58582.72680480464	7468.742046674662	294.2775202783104	31.185826593312974	1.1206212490091392	302	0:05
481.0000000015686	-58465.193770586775	7626.937013885681	300.51059438643205	30.823706535019532	1.13378642210586	302	0:05
482.00000000157337	-58252.180734314985	7393.541151979607	291.3145135664339	31.380081126691035	1.113684180970948	302	0:05
483.00000000157814	-58313.71638420888	7601.7840782473395	299.51953813075824	31.124618443364	1.122825007862285	302	0:04
484.0000000015829	-58499.78328146698	7503.539402872881	295.64857843378815	31.35703412963192	1.1145027238196596	302	0:04
485.0000000015877	-58465.03376017304	7259.58586786283	286.0365124530319	31.310385127909814	1.116163209287033	302	0:04
486.00000000159247	-58649.59385256574	7428.576834418214	292.6949620656403	30.751734807516552	1.136439949392341	302	0:04
487.00000000159724	-58648.00686139401	7571.991633609179	298.3456795778242	31.05139840721011	1.1254726595587408	302	0:03
488.000000001602	-58522.661749672814	7772.33862679662	306.23959477558714	31.368535264596495	1.1140940963164334	302	0:03
489.0000000016068	-58380.570836816245	7460.556554329127	293.95500192453034	30.86098649797263	1.1324168121027705	302	0:03
490.00000000161157	-58931.64581971301	7446.254623194021	293.39148844350126	30.844109101620823	1.133036452219797	302	0:02
491.00000000161634	-58858.31706405335	7513.348783855134	296.03507997486196	31.062150517404714	1.1250830791254796	302	0:02
492.0000000016211	-58740.44140258647	7365.570882008553	290.21245091155066	30.72818008331224	1.1373110888321039	302	0:02
493.0000000016259	-58817.1863066098	7573.669021751733	298.4117707107152	31.12363102021923	1.122860630421863	302	0:02
494.00000000163067	-59092.168023812	7307.64689217886	287.93017526390025	31.470305901445105	1.110491269383436	302	0:01
495.00000000163544	-58984.516136521415	7588.1537532503	298.9824867483902	30.89953780612173	1.131003970598457	302	0:01
496.0000000016402	-58584.96957318773	7589.166676659599	299.0223971626551	31.055639773741873	1.1253189502130168	302	0:01
497.000000001645	-58322.14426157344	7454.035413500948	293.6980610447531	31.042346292100554	1.1258008534385178	302	0:00
498.00000000164977	-58276.48384170947	7515.587731881171	296.12329725014297	30.979901979595162	1.128070062048579	302	0:00
499.00000000165454	-58290.83715622223	7473.1356157578775	294.45063224373916	30.97812645007122	1.1281347180471741	302	0:00
500.0000000016593	-58382.53779342561	7552.298743283334	297.56975574808337	30.728362135337324	1.1373043507643226	302	0:00
