#"Time (ps)"	"Potential Energy (kJ/mole)"	"Kinetic Energy (kJ/mole)"	"Temperature (K)"	"Box Volume (nm^3)"	"Density (g/mL)"	"Speed (ns/day)"	"Time Remaining"
100.99999999994601	-53676.93476341819	7286.040397912906	289.64112959624066	30.208773657473618	1.0191970844257352	0	--
101.99999999994368	-53771.07853765652	7669.112566877187	304.86935366256336	30.495905984160032	1.0096008969783061	135	4:14
102.99999999994135	-53721.433214084274	7155.32700859829	284.44489519912105	30.685278491619528	1.00337020060557	135	4:13
103.99999999993902	-53995.399896877585	7528.6020709387885	299.28365600771866	30.263898301235432	1.0173406521960593	135	4:12
104.99999999993669	-53872.469989457255	7652.958673756726	304.22718979916675	30.043088308353337	1.024817878900067	135	4:12
105.99999999993436	-53586.09340659939	7446.773822484663	296.0307470172711	29.92309009164914	1.0289276255050444	135	4:11
106.99999999993203	-53997.18101441505	7428.078537633475	295.28755549942383	29.85419888670798	1.031301967023545	135	4:11
107.9999999999297	-53792.37433219564	7165.865213081599	284.8638192351909	30.19686118643218	1.0195991512391958	135	4:10
108.99999999992737	-53995.520853567374	7247.363709522744	288.1036196316271	30.344711562054226	1.0146312965543238	135	4:10
109.99999999992504	-53933.806095216685	7518.220697674818	298.87096646515204	30.72636417867002	1.0020285464541658	135	4:09
110.99999999992271	-53603.339500949165	7059.451035269965	280.6335486103882	30.827670468106636	0.9987356672839457	135	4:08
111.99999999992038	-54016.04387599384	7266.213767595001	288.85296383160806	30.67898603498618	1.0035759982635273	135	4:07
112.99999999991805	-54089.85373187094	7398.806107905521	294.1238919525047	30.554694851367337	1.007658370850863	135	4:07
113.99999999991572	-53727.38803911567	7226.2869650725315	287.2657582230465	30.640950247831142	1.0048217756547346	135	4:06
114.99999999991338	-54180.53847849005	7299.744035787597	290.18588874343675	30.384906757390965	1.0132890741316782	135	4:05
115.99999999991105	-54117.491705593624	7231.801331120817	287.4849701851006	29.974784962241277	1.0271531246865677	135	4:05
116.99999999990872	-54390.22603570993	7361.233215444074	292.630261061047	30.080146405010836	1.023555325204308	135	4:04
117.9999999999064	-53868.35979780843	7334.816798128971	291.58013224852715	30.39046644209	1.0131037012690445	135	4:03
118.99999999990406	-53767.14453907343	7606.7393425769815	302.389838019465	30.446657193006224	1.0112339703041822	135	4:03
119.99999999990173	-53711.39027295553	7265.117858202593	288.8093982710269	30.318959663553834	1.0154930900477068	135	4:02
120.9999999998994	-53995.12182256809	7311.881113548514	290.6683726058206	30.45738068772433	1.0108779330516517	135	4:02
121.99999999989707	-54212.497229300294	7585.700517086403	301.5534839989445	30.171698351802497	1.0204494847050831	135	4:01
122.99999999989474	-53765.601168216235	7104.122404899146	282.40936445183115	30.41448660972834	1.012303591734014	135	4:00
123.99999999989241	-53786.08313738747	7339.559849189178	291.7686822141854	30.49622425563882	1.009590360356862	135	4:00
124.99999999989008	-53599.17677879779	7188.956718938029	285.78177322323774	30.371509817409805	1.0137360381776317	135	3:59
125.99999999988775	-53958.815564901684	7445.853910978212	295.99417788049647	29.908375767443417	1.0294338373696947	135	3:58
126.99999999988542	-53791.89563823861	7510.82829393399	298.5770970857648	30.266225202175193	1.0172624379191273	135	3:58
127.99999999988309	-53350.43699642719	7487.094014637809	297.63359099877306	30.443192989779703	1.011349041019132	135	3:57
128.99999999988785	-53457.62349776551	7615.9960740275965	302.75781980481077	30.347080707455966	1.01455208600047	135	3:56
129.99999999989262	-53424.47057814646	7368.739487433089	292.9286570318651	30.390230774743106	1.0131115575917942	135	3:56
130.9999999998974	-53692.22464074916	7439.962017220989	295.7599581026605	30.268525121283112	1.0171851424014446	135	3:55
131.99999999990217	-53418.58030673582	7338.416924116662	291.72324764465674	30.031644672583262	1.0252083883997847	135	3:55
132.99999999990695	-53697.53275483663	7580.482746049484	301.34606254441337	30.401669589063808	1.012730368165355	135	3:54
133.99999999991172	-54012.53471016066	7688.717816048659	305.6487188878327	30.234623616011024	1.0183256926495896	135	3:53
134.9999999999165	-53744.38732515491	7369.382081126603	292.9542019853784	30.317571018916436	1.01553960297689	135	3:53
135.99999999992127	-53755.97724829288	7615.891148099403	302.7536486964026	30.49572347706222	1.0096069391149944	135	3:52
136.99999999992605	-53618.40811732615	7395.597970094632	293.99635921748	30.13269676160514	1.0217702809462708	135	3:51
137.99999999993082	-53464.89545706732	7485.548591264178	297.5721559603712	30.36768531365201	1.013863708009803	135	3:51
138.9999999999356	-53756.84890579089	7618.655235555949	302.8635291485404	30.37687200505093	1.0135570914166099	135	3:50
139.99999999994037	-53581.26526029539	7518.945119148574	298.89976430904306	29.938413236280294	1.0284009975005415	135	3:49
140.99999999994515	-53795.32354246572	7514.793123024553	298.7347104825798	30.34691361391908	1.014557672238944	135	3:49
141.99999999994992	-53540.11750169497	7402.900686504752	294.28666326667997	30.251669198425084	1.0177519076328172	135	3:48
142.9999999999547	-53619.42940426286	7547.352898729977	300.0290555176994	30.261768944028436	1.0174122369620964	135	3:48
143.99999999995947	-53905.619198334054	7617.252804395777	302.8077784632258	30.350540863135052	1.0144364205769791	135	3:47
144.99999999996425	-53723.36423977942	7365.926526684734	292.8168337253547	30.371789339416107	1.0137267084167776	135	3:46
145.99999999996902	-54132.27619137519	7394.769387042418	293.9634206502884	30.10779074807088	1.0226155181361758	135	3:46
146.9999999999738	-53878.5667669001	7459.291848429347	296.52837466918095	30.098434671102105	1.0229333974412527	135	3:45
147.99999999997857	-53900.32896077298	7511.860715942962	298.6181388396623	30.278668234909745	1.0168443934491243	135	3:44
148.99999999998334	-53953.020336988004	7452.512071445098	296.25885897109464	30.252095986198608	1.0177375494848442	135	3:44
149.99999999998812	-53871.43678551595	7353.414489306819	292.3194441362538	30.340279504824885	1.0147795121952607	135	3:43
150.9999999999929	-53737.54271108081	7170.507140701473	285.04834925230546	30.398715525500197	1.0128287825170352	135	3:42
151.99999999999767	-54005.395352396066	7186.641973887283	285.6897554283025	30.375497450080907	1.0136029570008593	135	3:42
153.00000000000244	-54113.24936853931	7400.980075857999	294.2103134515733	30.3481160155572	1.0145174751536807	135	3:41
154.00000000000722	-53895.005049791536	7751.161917153645	308.1310520884351	30.100336732576643	1.022868757559527	135	3:40
155.000000000012	-53753.22168433934	7449.584753920928	296.14248965277045	30.18248592191536	1.0200847642380093	135	3:40
156.00000000001677	-53925.74408068074	7521.329878439623	298.99456537205555	30.159320753803545	1.020868284372457	135	3:39
157.00000000002154	-53920.87259178894	7347.3642288384335	292.07892882468394	30.512466300361517	1.0090529468412481	135	3:39
158.00000000002632	-53785.35022722455	7218.105589011243	286.94052491735107	30.271466438159973	1.0170863079484673	135	3:38
159.0000000000311	-53733.51714625579	7176.474687209482	285.28557644528024	30.249006607839043	1.0178414926126917	135	3:37
160.00000000003587	-53987.429882366705	7565.725886834504	300.7594348098837	30.542635961279807	1.0080562160648543	135	3:37
161.00000000004064	-54137.57795584621	7618.32965784319	302.8505864950078	30.816952937165567	0.999083007932383	135	3:36
162.00000000004542	-54119.913619349914	7509.095790041125	298.50822505690496	30.307252523062424	1.0158853565609516	135	3:35
163.0000000000502	-53743.90123969395	7623.998012616664	303.07591995322076	30.35534300269613	1.0142759392651055	135	3:35
164.00000000005497	-53712.439886427106	7527.006347252971	299.2202213867665	30.328219534161576	1.0151830377346687	135	3:34
165.00000000005974	-53807.53899530988	7599.649950640742	302.108014233647	30.49162968685358	1.0097424884130928	135	3:33
166.00000000006452	-53717.546637004154	7572.780377745694	301.03987117924953	30.442893123695043	1.0113590029263635	135	3:33
167.0000000000693	-53736.44974369093	7433.677406300922	295.510126684421	30.31468222119322	1.0156363774860704	135	3:32
168.00000000007407	-53526.354105690785	7435.788658742292	295.59405506095817	30.301730536612357	1.0160704847722586	135	3:32
169.00000000007884	-53536.337291419884	7573.415481112844	301.06511837067666	30.50560633234592	1.0092798582773284	135	3:31
170.00000000008362	-53601.47626202906	7469.699851159572	296.94212280987017	30.383425759542106	1.0133384654988973	135	3:30
171.0000000000884	-53593.71157729707	7560.820954380602	300.5644495917194	30.21278282627302	1.0190618392490558	135	3:30
172.00000000009317	-53570.04621234059	7490.524054771866	297.7699449914401	30.67192558112739	1.0038070141484212	135	3:29
173.00000000009794	-53803.209679510765	7567.316120930778	300.82265120381135	30.225639755258136	1.0186283660188857	135	3:28
174.00000000010272	-53285.86264433709	7564.144400302357	300.6965661568711	30.88462409181455	0.9968939218507143	135	3:28
175.0000000001075	-53310.1950746504	7655.098531978056	304.31225533799903	30.52004708549077	1.0088023111344089	135	3:27
176.00000000011227	-53468.702434020146	7534.938774194938	299.53555824662925	30.257244607208488	1.01756436963989	135	3:26
177.00000000011704	-53406.8812873713	7575.254913318389	301.13824110850584	30.13978051945714	1.0215301340996168	135	3:26
178.00000000012182	-53553.75862254252	7445.529441593837	295.98127928621517	30.34773859262513	1.0145300923099454	135	3:25
179.0000000001266	-53667.209941332054	7376.554366333289	293.2393210178842	30.130923424329254	1.0218304166182208	135	3:25
180.00000000013137	-53676.28737524417	7568.352470675494	300.86384909653816	30.05626691077817	1.024368532764568	135	3:24
181.00000000013614	-53804.10838438524	7615.946371026757	302.75584396711	30.60251747446455	1.0060837008414378	135	3:23
182.00000000014091	-53469.41394366088	7159.914571585223	284.6272640652077	30.60732179763204	1.0059257794373915	135	3:23
183.0000000001457	-53559.10989761166	7555.625097213809	300.3578992767579	30.633656002275035	1.0050610359236103	135	3:22
184.00000000015046	-53730.97923582833	7500.397780394176	298.16245407543977	30.482137535141142	1.010056922690527	135	3:21
185.00000000015524	-53818.0779042716	7406.023253428017	294.41079431200785	30.553771001671667	1.0076888392627394	135	3:21
186.00000000016001	-53909.70353622231	7431.255491620088	295.413848587453	30.44996622800431	1.0111240782742883	135	3:20
187.0000000001648	-53736.617916896415	7523.779309427622	299.0919373216313	30.343454611795156	1.0146733267413077	135	3:19
188.00000000016956	-53533.50794486748	7365.07723124309	292.78307178091785	30.364643565791464	1.0139652707947586	135	3:19
189.00000000017434	-53320.89489925004	7321.109005101413	291.03520792201493	30.42596346666453	1.0119217447134239	135	3:18
190.0000000001791	-53454.782278239756	7527.504644279283	299.2400301313923	30.01217796389704	1.0258733662319053	135	3:17
191.0000000001839	-53599.00035243429	7486.581011929632	297.6131976608601	30.17448812728431	1.0203551392785477	135	3:17
192.00000000018866	-53731.637572771695	7405.232672055652	294.37936642124356	30.030636782906985	1.025242796493032	135	3:16
193.00000000019344	-53997.6035699058	7423.60889299594	295.1098742279776	29.766752962588367	1.034331627452618	135	3:16
194.0000000001982	-53885.278656507755	7229.632119389319	287.39873775954004	30.00230245675259	1.0262110409744396	135	3:15
195.000000000203	-53966.679104188486	7508.681208358992	298.49174423876985	29.9218652879149	1.0289697430129554	135	3:14
196.00000000020776	-53981.00336818141	7567.373359644411	300.8249266078398	30.128001869460565	1.0219295049560926	135	3:14
197.00000000021254	-53766.417309533426	7540.696437303138	299.7644419688457	30.267381775984816	1.0172235664005427	135	3:13
198.0000000002173	-53818.108095008094	7399.248722673487	294.1414871666908	30.217813752911802	1.0188921768970547	135	3:12
199.0000000002221	-53577.645845976076	7306.56530849672	290.4570540163222	30.060333902646157	1.0242299415397975	135	3:12
200.00000000022686	-53506.90154531825	7260.779129754466	288.6369212958668	30.388083485786275	1.0131831462874312	135	3:11
201.00000000023164	-53770.34672972516	7409.766856107369	294.5596133206312	30.12459552539131	1.0220450598190771	135	3:10
202.0000000002364	-53630.55878195114	7223.385123150621	287.15040163342167	30.055156077061714	1.0244063932601633	135	3:10
203.0000000002412	-53609.41890991482	7465.783390416396	296.78643219443	30.25251908057501	1.0177233159913395	135	3:09
204.00000000024596	-53901.32036615876	7328.436002844921	291.3264772242805	29.935045753157656	1.0285166854146652	135	3:09
205.00000000025074	-53688.44563421645	7387.060600114375	293.65697412628964	30.006681874051658	1.0260612674538552	135	3:08
206.0000000002555	-53752.93373073195	7311.8425007939695	290.6668376374108	30.02229129889832	1.025527789642887	135	3:07
207.0000000002603	-53928.87505005553	7513.772851520101	298.6941517462971	30.051781803650886	1.0245214156331208	135	3:07
208.00000000026506	-54009.2282228081	7306.250574060694	290.4445424143279	30.168902643339823	1.0205440482791663	135	3:06
209.00000000026984	-53859.491206182516	7371.44687487223	293.03628349470387	30.06387446056549	1.0241093201795834	135	3:05
210.0000000002746	-53636.153224988375	7545.728601820402	299.96448502865525	29.785899553498357	1.0336667516277154	135	3:05
211.00000000027939	-54038.77884693412	7656.698899835335	304.37587457816744	30.053163359346197	1.0244743179822076	135	3:04
212.00000000028416	-53493.459037685214	7190.055059841163	285.82543544338637	29.988978125457784	1.0266669943527487	135	3:03
213.00000000028894	-53459.946280974225	7469.907150371861	296.95036355171794	30.490043803713586	1.0097950082978924	135	3:03
214.0000000002937	-53626.81038503666	7491.6575731693365	297.8150056184928	30.15719839860498	1.0209401294119649	135	3:02
215.00000000029848	-53436.91493477218	7508.914904343375	298.5010343284759	30.834783676417555	0.9985052711532807	135	3:02
216.00000000030326	-53687.04253632159	7503.020377788516	298.26670988933705	30.50655215364023	1.0092485666919317	135	3:01
217.00000000030803	-53750.17735129758	7344.204456943901	291.95331877439367	30.36073564005186	1.0140957847924357	135	3:00
218.0000000003128	-53806.626450374926	7486.810272126246	297.6223114152029	30.26667976027839	1.0172471602313236	135	3:00
219.00000000031758	-53585.93486235803	7548.073016219105	300.0576822657823	30.307489197845328	1.0158774233915409	135	2:59
220.00000000032236	-53810.67556066756	7659.312144375475	304.4797585891227	29.942983423384252	1.028244033015406	135	2:58
221.00000000032713	-53427.062466883304	7474.284890904856	297.1243913698205	30.2434772426146	1.0180275828994698	135	2:58
222.0000000003319	-53536.02798220987	7505.5288187259775	298.36642765467633	30.381133577208505	1.0134149194114108	135	2:57
223.00000000033668	-53859.52520763595	7527.170263240141	299.22673752023405	30.349061906783426	1.0144858556202154	135	2:56
224.00000000034146	-53662.999762227235	7328.031816526701	291.3104096518566	30.428069236622463	1.011851714821181	135	2:56
225.00000000034623	-53807.86786491639	7413.631546799925	294.71324592717735	30.158604105495467	1.0208925429066456	135	2:55
226.000000000351	-53850.34488013887	7689.4453068101575	305.6776387447678	30.496372178861957	1.0095854633199526	135	2:55
227.00000000035578	-53919.97446721926	7400.418475265087	294.1879882075135	30.284601442716582	1.016645178375914	135	2:54
228.00000000036056	-53860.36365504289	7434.9314817325785	295.5599798014484	30.106696335832755	1.0226526913592178	135	2:53
229.00000000036533	-54297.78690706339	7444.93459654407	295.95763247906893	30.2103859464701	1.0191426912032395	135	2:53
230.0000000003701	-54361.71443468673	7084.488156661177	281.6288464299921	30.279276982836972	1.0168239503613592	135	2:52
231.00000000037488	-54159.302305526595	7386.884993709807	293.64999326499793	29.811459554622928	1.0327804976928612	135	2:51
232.00000000037966	-54078.96571357522	7372.482555213598	293.07745477671597	30.11645225964367	1.0223214132373488	135	2:51
233.00000000038443	-54319.66833895835	7456.372778044246	296.4123331984318	30.013560565362578	1.0258261084593223	135	2:50
234.0000000003892	-53639.5499877519	7498.693778096078	298.09471506721286	30.363289684991233	1.014010482895505	135	2:49
235.00000000039398	-53867.86945345701	7805.402649523567	310.28727771110005	30.308802606058332	1.015833401139371	135	2:49
236.00000000039876	-53661.94959002407	7623.988978947125	303.07556083879007	30.298609559794976	1.0161751474110354	135	2:48
237.00000000040353	-53858.62428796443	7471.980066389976	297.0327679448115	30.0716018325133	1.0238461591522354	135	2:47
238.0000000004083	-53744.602760575595	7454.854712740867	296.35198572226386	30.309478475265877	1.0158107491324622	135	2:47
239.00000000041308	-53810.43533353743	7361.9492661758795	292.6587261437918	30.36802391349085	1.013852403550576	135	2:46
240.00000000041786	-53775.424110339314	7497.419856880699	298.0440730230177	30.321846617866914	1.0153964045722752	135	2:46
241.00000000042263	-53836.530937836214	7499.2163807307315	298.11549002990375	30.449647090878177	1.0111346756789659	135	2:45
242.0000000004274	-53878.88931173438	7348.813605727132	292.13654573816876	30.249669539811535	1.0178191862642705	135	2:44
243.00000000043218	-54033.95108736097	7342.54415059822	291.8873168063595	29.91594307817751	1.029173439570862	135	2:44
244.00000000043696	-53580.987807494734	7179.437541423947	285.40335844958435	30.513651095208417	1.0090137669762123	135	2:43
245.00000000044173	-53727.345062188135	7506.177289054661	298.3922062213946	30.029801018814403	1.0252713301857777	135	2:42
246.0000000004465	-53975.08109291	7478.449130809955	297.2899319219108	30.199642162207503	1.0195052600425747	135	2:42
247.00000000045128	-54033.69259328948	7501.2949553416065	298.1981193683873	29.99171154355301	1.0265734248298468	135	2:41
248.00000000045605	-53702.85320330426	7448.885170040134	296.1146791748683	30.136499799166852	1.0216413399350792	135	2:40
249.00000000046083	-53431.28652771487	7415.033729624788	294.76898674044685	30.522468013676264	1.0087222967021707	135	2:40
250.0000000004656	-53534.486614305904	7570.151002863591	300.9353459406573	30.761441924164924	1.0008859178863048	135	2:39
251.00000000047038	-53561.211575359106	7309.7150452536025	290.5822651409347	30.67762383710575	1.00362056068156	135	2:39
252.00000000047515	-53914.781200383935	7344.565743059062	291.967680939958	30.454219785584797	1.010982854019711	135	2:38
253.00000000047993	-53540.08536751507	7460.091527192166	296.56016420746613	30.374601624458464	1.0136328507756351	135	2:37
254.0000000004847	-53528.27023746079	7457.077626888486	296.4403529738229	30.386445283985566	1.0132377692760428	135	2:37
255.00000000048948	-53466.35773984343	7516.214542212725	298.7912159967972	30.33436317545951	1.0149774319535445	135	2:36
256.00000000049425	-53397.48191315771	7480.007064281479	297.3518642728016	30.13015323531712	1.0218565367163495	135	2:35
257.000000000499	-53291.819220170204	7614.772758128574	302.7091894679618	30.333758152045895	1.0149976762341095	135	2:35
258.0000000005038	-52999.04945989535	7422.508431499951	295.0661277081441	30.024938437910006	1.0254373743161362	135	2:34
259.0000000005086	-53259.423653152946	7488.884949952332	297.70478584524705	30.19993528195218	1.019495364752445	135	2:33
260.00000000051335	-53900.97058542282	7623.502959322415	303.0562401563042	30.05591161823483	1.0243806418799375	135	2:33
261.0000000005181	-53528.74902218458	7315.444553836325	290.81002963952386	30.15610531410985	1.0209771359754547	135	2:32
262.0000000005229	-53768.71730688994	7460.888797038401	296.59185798436624	30.27990084599201	1.016803000524006	135	2:32
263.0000000005277	-53897.03918493638	7516.309228540811	298.7949800515548	30.083063752740163	1.0234560644764659	135	2:31
264.00000000053245	-53665.5063688324	7573.384383537704	301.0638821523331	30.222159743580054	1.0187456587153523	135	2:30
265.0000000005372	-53545.192475100106	7458.800416690627	296.5088388395466	30.40611464255362	1.0125823176593902	135	2:30
266.000000000542	-53569.16753858674	7705.750916831754	306.3258337927617	29.99629893357552	1.0264164290385704	135	2:29
267.0000000005468	-53492.46330495167	7555.43553803575	300.3503637524594	29.605679015944723	1.0399590571522515	135	2:28
268.00000000055155	-53353.65125204009	7434.129304133705	295.5280909272197	30.15247456926291	1.0211000747235421	135	2:28
269.0000000005563	-53354.80250408524	7443.19778955138	295.88858938957446	30.287364745457626	1.0165524235776118	135	2:27
270.0000000005611	-53456.242543081666	7434.686086141547	295.550224618619	30.167959362849995	1.0205759582694367	135	2:26
271.0000000005659	-53571.38787015597	7525.538223748288	299.1618592412032	30.451674955291764	1.011067341319553	135	2:26
272.00000000057065	-53733.22990089265	7530.541041685796	299.3607356897882	30.473787583673104	1.0103336827178542	135	2:25
273.0000000005754	-53714.723840399645	7435.878762747523	295.59763695516006	30.32372213009272	1.0153336026391007	135	2:25
274.0000000005802	-53800.7060263686	7525.292685446795	299.1520983852211	30.213602401779852	1.01903419613281	135	2:24
275.000000000585	-53757.867629009444	7247.0736595393955	288.09208930785337	30.295295642077054	1.0162863039703014	135	2:23
276.00000000058975	-53600.31165010389	7412.137027695154	294.6538344803464	30.452077104432174	1.011053989197108	135	2:23
277.0000000005945	-53592.30957236444	7322.29332208118	291.08228793929266	30.261230911494874	1.017430326143106	135	2:22
278.0000000005993	-53550.68861169292	7335.384981531147	291.6027191782498	30.09420771810644	1.0230770759666745	135	2:21
279.0000000006041	-53817.85414386689	7342.822412363421	291.89837851444713	30.268600237572514	1.0171826180966228	135	2:21
280.00000000060885	-53601.91089651591	7405.88860741586	294.40544174450525	30.12454504677274	1.0220467724232893	135	2:20
281.0000000006136	-53850.94719931329	7457.524318308126	296.45811024667614	29.914541071901827	1.0292216738933466	135	2:19
282.0000000006184	-53845.52065377246	7275.849948768412	289.2360298383324	29.829538738223224	1.0321545467386593	135	2:19
283.0000000006232	-53766.208779268665	7399.867476270662	294.1660844075844	29.86360732644613	1.0309770584382387	135	2:18
284.00000000062795	-53839.83351639935	7339.4274621883815	291.76341944890265	29.96365444239959	1.0275346785539956	135	2:17
285.0000000006327	-53536.933984946256	7560.043846125685	300.53355729625014	30.05744550446476	1.0243283658686393	135	2:17
286.0000000006375	-53269.29350460254	7312.124344132309	290.67804172336525	30.02801370398653	1.0253323559555505	135	2:16
287.0000000006423	-53313.07224500994	7539.891288338139	299.73243497423965	30.5852897692571	1.0066503952733978	135	2:16
288.00000000064705	-53492.1050867131	7588.764188622206	301.67527378267897	30.551736042220938	1.007755958392206	135	2:15
289.0000000006518	-53466.04565703674	7406.315807692977	294.4224241882017	30.967868347318678	0.9942141864743453	135	2:14
290.0000000006566	-53262.78928355628	7356.460679256799	292.44053897650883	31.074897175131074	0.99078989263443	135	2:14
291.0000000006614	-53904.21417379312	7483.6874006575745	297.4981682633164	30.360505579123444	1.0141034692434454	135	2:13
292.00000000066615	-53574.84773775804	7421.531391622935	295.02728755379627	30.480659006560728	1.010105917629505	135	2:12
293.0000000006709	-53178.97442367021	7279.963505642874	289.3995555937097	30.510053488282644	1.0091327452965113	135	2:12
294.0000000006757	-53559.06654524122	7428.661626822608	295.31073497718853	30.211808741436954	1.019094695695789	135	2:11
295.0000000006805	-53438.34328020745	7392.599246385482	293.8771512972612	30.108729984381704	1.0225836178326047	135	2:10
296.00000000068525	-53642.2810152444	7462.378638629287	296.65108348652336	30.387252234865404	1.0132108621669997	135	2:10
297.00000000069	-53453.62796912936	7593.941614072203	301.8810913837132	30.22832993573051	1.0185377128420579	135	2:09
298.0000000006948	-53574.191237268096	7400.48617110918	294.1906793126517	30.284894027065416	1.016635356500122	135	2:09
299.0000000006996	-53456.61705060024	7349.799336697278	292.1757313885466	30.40190945264376	1.012722377972107	135	2:08
300.00000000070435	-53452.41339017032	7434.653527939772	295.5489303361522	30.607700195440092	1.0059133433475325	135	2:07
301.0000000007091	-53539.642998956406	7569.7518639596865	300.9194790175168	30.686335993465324	1.0033356228104438	135	2:07
302.0000000007139	-53731.73166716995	7611.729037483726	302.5881927897109	30.497526957539588	1.0095472357034017	135	2:06
303.00000000071867	-53522.91846753878	7563.822070127876	300.6837526023557	30.701006217448324	1.0028561871133692	135	2:05
304.00000000072345	-53432.725080568925	7238.7600544112265	287.7615995152041	30.23972958772408	1.0181537485795784	135	2:05
305.0000000007282	-53577.32914617556	7510.494479260115	298.56382698926024	30.27571978562407	1.0169434204630727	135	2:04
306.000000000733	-53723.47882701983	7420.806581162522	294.99847424656326	30.171333827611107	1.0204618135774293	135	2:03
307.00000000073777	-53477.4918453889	7477.825070020845	297.265123704824	30.36040397774323	1.0141068629503354	135	2:03
308.00000000074255	-53441.595713531045	7392.126656496633	293.8583644855272	30.14259852351471	1.02143463217862	135	2:02
309.0000000007473	-53529.78131736757	7247.1996974079775	288.0970996768102	30.383864352969734	1.013323837879916	135	2:02
310.0000000007521	-53718.54354925794	7399.595835781031	294.1552859143063	30.153230012435092	1.021074492619096	135	2:01
311.00000000075687	-53491.55924140272	7271.785527248798	289.07445735508986	30.009544888248204	1.0259633776662496	135	2:00
312.00000000076164	-53352.03167895059	7277.6047648045	289.3057888392668	30.606485969381815	1.0059532501239943	135	2:00
313.0000000007664	-53743.91342699758	7478.669559525786	297.2986945994094	30.69608626049389	1.0030169245191158	135	1:59
314.0000000007712	-53413.521459639654	7541.897150200729	299.8121737711671	30.398590999780094	1.0128329314999105	135	1:58
315.00000000077597	-53230.02269877278	7359.859626018001	292.57565691788534	30.358036198418883	1.0141859583584532	135	1:58
316.00000000078074	-53562.60966058	7619.359427189658	302.89152279791654	30.334206777809314	1.0149826649924871	135	1:57
317.0000000007855	-53574.48576312084	7637.430965902379	303.60991860694804	29.976933728589344	1.0270794976742579	135	1:56
318.0000000007903	-53890.85144641044	7560.726155473141	300.56068106160666	30.2788341226031	1.0168388224958225	135	1:56
319.00000000079507	-53556.325172243756	7455.2393081744995	296.36727450049614	30.54097485502808	1.008111043669099	135	1:55
320.00000000079984	-53653.85201490359	7426.054608477141	295.2070984754371	30.59813007049709	1.0062279611478848	135	1:54
321.0000000008046	-53854.2245550309	7769.61437771879	308.86459064024575	30.64354961968825	1.0047365405733728	135	1:54
322.0000000008094	-53927.72824575423	7452.169764556191	296.24525128453826	30.26184153956274	1.0174097962783444	135	1:53
323.00000000081417	-54064.452914464055	7237.288947232471	287.7031187599871	30.04693685183257	1.0246866157305567	135	1:53
324.00000000081894	-53949.89644605908	7214.977122528044	286.81615934749266	30.587475540469857	1.0065784603583248	135	1:52
325.0000000008237	-54044.079555128556	7338.830197587923	291.73967645763486	30.74937034256595	1.0012788454778105	135	1:51
326.0000000008285	-54049.690316128865	7430.383617965357	295.3791890938969	30.584746911584926	1.0066682626074597	135	1:51
327.00000000083327	-53743.92906250994	7400.821660274373	294.204015975018	30.262651573379433	1.0173825634914744	135	1:50
328.00000000083804	-53752.28119772201	7400.830358705847	294.20436176276826	30.198024330629522	1.0195598791059133	135	1:49
329.0000000008428	-53876.34281313143	7415.167636359456	294.7743099195361	30.180530626250075	1.0201508521190488	135	1:49
330.0000000008476	-53897.29573168905	7523.921488770682	299.09758936077463	30.506603155143885	1.0092468794115026	135	1:48
331.00000000085237	-53739.968311022065	7595.203551189348	301.93125702542363	30.319586361034798	1.0154721000858424	135	1:47
332.00000000085714	-53703.119785077055	7498.298667698518	298.07900828882373	30.559441418671515	1.0075018588841904	135	1:47
333.0000000008619	-53725.722019480774	7454.87721376843	296.3528802030359	30.590487193086986	1.0064793620786752	135	1:46
334.0000000008667	-53700.077794749464	7571.928621103146	301.006011394975	30.327845375251293	1.0151955621911355	135	1:46
335.00000000087147	-53804.678814456245	7551.54811103853	300.1958273121975	30.949911535344583	0.9947910190506876	135	1:45
336.00000000087624	-53435.55877086584	7656.997809556942	304.3877571021016	30.984963457695056	0.9936656558530732	135	1:44
337.000000000881	-53354.65138993485	7497.056903860403	298.02964459316445	30.646184926741167	1.0046501419140281	135	1:44
338.0000000008858	-53299.09167257772	7323.744289421242	291.13996807780836	30.567826178245753	1.0072255009643278	135	1:43
339.00000000089057	-53333.95459249258	7357.617758272629	292.48653620612527	30.12621754229541	1.0219900321886932	135	1:42
340.00000000089534	-53501.08235512057	7546.014380601628	299.97584555982013	30.5293425235106	1.0084951555069925	135	1:42
341.0000000009001	-53595.993861274124	7518.4452390477145	298.879892632636	30.260166966775046	1.017466098900886	135	1:41
342.0000000009049	-53689.194197523	7411.105986551294	294.6128476198215	30.134113742443223	1.0217222347710488	135	1:40
343.00000000090967	-53557.88697274504	7594.886375259568	301.9186483670077	30.096198074979927	1.0230094166402313	135	1:40
344.00000000091444	-53522.22379753468	7663.188073266132	304.63383794647103	30.276292896688535	1.0169241703676863	135	1:39
345.0000000009192	-53463.641935639054	7338.6112954088	291.7309744643752	30.562024749665788	1.0074166972890355	135	1:39
346.000000000924	-53867.376723461464	7271.48270324928	289.0624192273142	30.465763085975436	1.010599798497983	135	1:38
347.00000000092876	-54007.44687905841	7367.615540996068	292.88397691786	30.029416246139334	1.0252844671841514	135	1:37
348.00000000093354	-53750.480351547274	7426.252898436733	295.2149810734941	30.366858239396212	1.0138913216853822	135	1:37
349.0000000009383	-53754.261502580775	7451.703059787006	296.22669842329236	30.40598473191935	1.0125866439527924	135	1:36
350.0000000009431	-53515.337074220355	7496.2458726476925	297.9974037622387	30.744963222302857	1.0014223732568817	135	1:35
351.00000000094786	-53902.0869764933	7591.702370114325	301.7920749750769	30.35309203381074	1.0143511574200779	135	1:35
352.00000000095264	-53973.39398719784	7644.25432022101	303.88116662981787	29.91676324602017	1.029145224788644	135	1:34
353.0000000009574	-53544.27501832211	7484.425378452837	297.5275050101038	30.31067856273665	1.0157705302455708	135	1:33
354.0000000009622	-53678.213298531686	7361.487365659319	292.64036426545033	30.257655857115534	1.017550539313628	135	1:33
355.00000000096696	-53762.80898988756	7486.763520749671	297.6204529130836	30.196707303763358	1.019604347124858	135	1:32
356.00000000097174	-53727.1852821894	7396.728396617905	294.0412969336119	30.33820389073969	1.0148489392007773	135	1:31
357.0000000009765	-53751.48789822354	7320.779375273818	291.0221041852253	30.081630808028972	1.0235048170179781	135	1:31
358.0000000009813	-53644.45340179175	7487.13582575954	297.6352531115074	30.33935626895789	1.0148103922453993	135	1:30
359.00000000098606	-53472.406044393545	7485.035570714422	297.551761913204	30.200993162648984	1.0194596538584009	135	1:30
360.00000000099084	-53671.01541487724	7512.84361270525	298.6572118220997	30.311829601823725	1.015731958123757	135	1:29
361.0000000009956	-53453.91761765917	7501.7215400473015	298.21507734134354	30.299895177629175	1.0161320313248403	135	1:28
362.0000000010004	-53655.555341459665	7224.568661421576	287.1974506947771	30.353503433686186	1.0143374092891335	135	1:28
363.00000000100516	-53814.28671784967	7238.01317452462	287.7319088845989	29.852544782785795	1.0313591105816913	135	1:27
364.00000000100994	-53849.70524246688	7401.405470518145	294.2272241167852	30.009785517710494	1.025955151115755	135	1:26
365.0000000010147	-53900.998688180116	7365.650504921865	292.8058610638232	30.38092401465805	1.0134219097786255	135	1:26
366.0000000010195	-53830.35812061644	7474.755086947182	297.1430830192478	30.44464724606775	1.011300731682833	135	1:25
367.00000000102426	-53785.61309288282	7426.673838652939	295.231714661706	30.693225650927307	1.0031104057270654	135	1:24
368.00000000102904	-53936.004679097736	7411.4979443774655	294.62842907440125	30.43930245462034	1.0114783044609714	135	1:24
369.0000000010338	-53939.51455381853	7469.297068421976	296.92611103382615	30.236441516728473	1.01826446801751	135	1:23
370.0000000010386	-53810.57422756436	7373.663068429092	293.1243835833881	30.10769491302253	1.0226187731979768	135	1:23
371.00000000104336	-53620.83902334474	7297.046807170346	290.07866612308135	30.345076925107804	1.014619080115075	135	1:22
372.00000000104814	-53786.20384500915	7182.878461732331	285.54014496057545	30.46456701461502	1.0106394757228472	135	1:21
373.0000000010529	-53581.353463324194	7463.221158672869	296.68457608933693	30.33952370333237	1.014804791823161	135	1:21
374.0000000010577	-53780.08367041321	7463.634354285108	296.70100180719425	29.9637121645805	1.0275326991082487	135	1:20
375.00000000106246	-53684.12053023401	7329.19066687491	291.3564772970463	30.184744201087277	1.020008446341746	135	1:19
376.00000000106724	-53797.86541785742	7192.112511970596	285.9072251022839	30.511465451188432	1.0090860461956224	135	1:19
377.000000001072	-54126.24318709056	7363.382004367883	292.7156816210723	30.144928700345574	1.0213556761678828	135	1:18
378.0000000010768	-53798.047651450936	7449.8932019250005	296.1547513509552	30.011477624310203	1.0258973057306013	135	1:17
379.00000000108156	-53744.10032041246	7780.0657293400145	309.2800620244349	29.861063701996876	1.0310648791025872	135	1:17
380.00000000108633	-53802.03415186639	7591.467503976088	301.78273836837866	29.985489506706745	1.0267864404510614	135	1:16
381.0000000010911	-53826.209766806656	7581.175719953686	301.37361025667303	29.886288879443185	1.0301946206827837	135	1:16
382.0000000010959	-53808.047990887106	7425.503683002904	295.18519759814757	29.92166297053049	1.028976700462722	135	1:15
383.00000000110066	-53856.72924169875	7466.209511238054	296.8033717266573	29.847617659739655	1.0315293631392162	135	1:14
384.00000000110543	-53994.74128438166	7471.475740589829	297.01271953902983	30.42321600477494	1.012013129412149	135	1:14
385.0000000011102	-53923.529573371576	7304.168658208624	290.3617802518657	30.622256715178516	1.0054351748841899	135	1:13
386.000000001115	-53536.150014237384	7487.415939682058	297.6463884481927	30.039719193861668	1.024932817683111	135	1:12
387.00000000111976	-53593.07645597588	7577.790093976777	301.2390218549091	30.350709778750236	1.0144307747731978	135	1:12
388.00000000112453	-53627.28698831404	7502.640158989015	298.2515950949402	29.99917822698074	1.0263179145381807	135	1:11
389.0000000011293	-53437.3901867315	7439.5043090062245	295.74176288041224	30.034132608329898	1.0251234632704156	135	1:10
390.0000000011341	-53248.31247771447	7244.777660767489	288.00081673159406	29.79064347060931	1.0335021486242622	135	1:10
391.00000000113886	-53797.58782769623	7644.020715616857	303.8718801727396	29.891495306038696	1.030015183936085	135	1:09
392.00000000114363	-53667.486714027094	7505.979991835486	298.3843630876337	30.539737331392786	1.008151894093908	135	1:08
393.0000000011484	-53476.147134594416	7303.558659243847	290.33753103287137	30.69505581506362	1.003050596202679	135	1:08
394.0000000011532	-53603.333603320265	7692.150203652598	305.7851661992011	30.41098911604602	1.0124200143009736	135	1:07
395.00000000115796	-53649.42761425636	7341.630609668688	291.85100091839956	30.57773575488113	1.0068990811675538	135	1:07
396.00000000116273	-53753.50767924343	7042.543123291882	279.961410321689	30.00510570261986	1.0261151665626624	135	1:06
397.0000000011675	-54022.85169843031	7633.652660233023	303.45972005433697	30.047435830144988	1.0246695994233694	135	1:05
398.0000000011723	-53882.874881715135	7398.857113524223	294.1259195730242	30.389496465430806	1.0131360376700338	135	1:05
399.00000000117706	-53562.78255969114	7361.792342211067	292.65248796338835	30.01949761958263	1.0256232274749884	135	1:04
400.00000000118183	-53614.7271061303	7265.149075018797	288.8106392295468	30.67584323894524	1.003678816453383	135	1:03
401.0000000011866	-54021.68805467701	7418.68696044321	294.91421320683133	30.13490787253426	1.0216953098381856	135	1:03
402.0000000011914	-53689.42929556721	7308.756878653953	290.54417525382075	30.153996415182224	1.0210485406926784	135	1:02
403.00000000119616	-53688.20343664134	7339.664979822523	291.77286146021396	30.22870602658905	1.0185250406912043	135	1:01
404.00000000120093	-53629.405079455406	7369.648880124751	292.96480801539997	29.983635687955818	1.0268499242785836	135	1:01
405.0000000012057	-53542.86931750865	7691.276505649021	305.75043418251414	30.004775325229065	1.026126464939261	135	1:00
406.0000000012105	-53562.61735994165	7299.325242119879	290.16924048672104	29.830247071215467	1.0321300377523004	135	1:00
407.00000000121526	-53696.118915061146	7322.691152621756	291.09810285121563	29.831822697146833	1.0320755237901957	135	0:59
408.00000000122003	-53510.79144730605	7335.745998413044	291.61707064101495	30.14755730661026	1.0212666227861595	135	0:58
409.0000000012248	-53830.52312912748	7640.343988112152	303.72571964527594	29.987463980705662	1.0267188334293267	135	0:58
410.0000000012296	-53540.172202085	7463.308519291802	296.6880489260175	30.208926432300583	1.0191919300665242	135	0:57
411.00000000123435	-53679.46061893969	7624.498741993235	303.09582539078787	30.408662548084703	1.0124974745958797	135	0:56
412.00000000123913	-53685.934937413316	7518.758640094727	298.89235122856957	30.454385370293696	1.0109773571659886	135	0:56
413.0000000012439	-53725.18812483427	7541.116473815023	299.7811396322033	30.35245121314028	1.0143725730607527	135	0:55
414.0000000012487	-53979.46827302227	7309.212727036054	290.5622965423541	30.51246629538965	1.0090529470056688	135	0:54
415.00000000125345	-53565.271008961456	7593.054302427681	301.8458181855167	30.378350077631108	1.0135077763306544	135	0:54
416.00000000125823	-53659.43898433764	7500.788345098064	298.17798014938893	30.772762921252756	1.000517701792396	135	0:53
417.000000001263	-53647.78364314392	7464.81661466557	296.74800006871527	30.202916178181272	1.0193947450020062	135	0:53
418.0000000012678	-53769.11848224857	7610.391026665995	302.5350029988925	30.11733834276291	1.022291335488233	135	0:52
419.00000000127255	-53865.14141797737	7321.268880068715	291.0415634132824	30.498860585686273	1.009503091083469	135	0:51
420.00000000127733	-53757.91316019176	7338.191937452399	291.71430377555606	30.513730077479106	1.009011155227394	135	0:51
421.0000000012821	-53524.96644523868	7417.83143605598	294.8802036438339	30.481774110452072	1.0100689652842993	135	0:50
422.0000000012869	-53599.56799969822	7224.258851846285	287.1851348702076	30.274560973834703	1.0169823457517257	135	0:49
423.00000000129165	-53578.428255315084	7392.315603554636	293.86587567628726	30.0109399016581	1.025915687301516	135	0:49
424.0000000012964	-53636.08055859248	7310.027847514284	290.59469993338377	29.994639203666527	1.0264732249891664	135	0:48
425.0000000013012	-53657.54692514276	7314.637084874019	290.7779304183305	29.88442204133532	1.0302589755019516	135	0:47
426.000000001306	-53739.77294595592	7463.008685792744	296.6761296792641	29.795210238269494	1.033343741814868	135	0:47
427.00000000131075	-53772.996999053576	7495.9744738994905	297.98661487887995	29.849680218058733	1.0314580863465077	135	0:46
428.0000000013155	-53508.61620829944	7325.979276143411	291.2288152490411	29.979057067806586	1.0270067522849782	135	0:45
429.0000000013203	-53745.440370734985	7472.381024150965	297.04870717276947	30.230056658925854	1.018479534562277	135	0:45
430.0000000013251	-53939.749983579735	7506.716677263973	298.4136484591127	30.114520063148216	1.0223870070388688	135	0:44
431.00000000132985	-53800.72687916289	7498.885813549887	298.1023490306177	30.05208676690304	1.0245110189713102	135	0:44
432.0000000013346	-53707.797098173236	7622.611930624518	303.0208191945106	30.47336380216834	1.0103477330449253	135	0:43
433.0000000013394	-53325.05894125198	7531.37090157899	299.39372501509314	30.771522433211853	1.0005580355213	135	0:42
434.0000000013442	-53305.883105845714	7449.960226401354	296.15741576728857	30.551958465178245	1.00774862177381	135	0:42
435.00000000134895	-53564.337089286506	7383.11733251747	293.5002178610629	30.199221740319437	1.0195194532005973	135	0:41
436.0000000013537	-53593.382731165504	7519.501133194763	298.92186747175066	30.476629268489873	1.0102394777498194	135	0:40
437.0000000013585	-53555.34051883913	7365.19666932136	292.7878197891661	30.24111016244891	1.0181072675699951	135	0:40
438.0000000013633	-53821.09837665275	7503.1057516044875	298.27010374486696	30.354969487608496	1.0142884198365816	135	0:39
439.00000000136805	-53636.606484957796	7341.2276771724655	291.83498318901803	30.352925689154624	1.0143567164194371	135	0:38
440.0000000013728	-53861.09221626725	7099.353040327105	282.21976844815015	30.31729908227277	1.015548712047932	135	0:38
441.0000000013776	-53629.49307614099	7168.021278865845	284.9495290714157	30.41643411360474	1.012238775945232	135	0:37
442.0000000013824	-53600.755513017764	7266.217090181094	288.85309591399255	30.568183497049315	1.007213727264691	135	0:37
443.00000000138715	-53479.679082345305	7536.635408152077	299.60300434204174	30.55560125210045	1.0076284796934767	135	0:36
444.0000000013919	-53395.89246757116	7487.315214602737	297.6423843356487	30.20459572014164	1.0193380610369476	135	0:35
445.0000000013967	-53342.52015902044	7412.164171576141	294.65491352793896	30.434819172137548	1.0116273029793614	135	0:35
446.0000000014015	-53479.64370110034	7311.863643610703	290.6676781253833	30.38560044527111	1.0132659412549372	135	0:34
447.00000000140625	-53734.63472819037	7556.79653259769	300.4044672134295	30.159189662187178	1.0208727217354963	135	0:33
448.000000001411	-53723.219445432245	7287.322879556361	289.6921119421529	30.48156837619014	1.0100757827088658	135	0:33
449.0000000014158	-53744.00407488571	7480.885303420666	297.3867768127324	30.113274958962478	1.0224292800345371	135	0:32
450.0000000014206	-53726.063832092215	7316.261557814638	290.84250790511663	30.34119878521146	1.014748766313766	135	0:31
451.00000000142535	-53940.747168830596	7545.939418143587	299.9728655858097	30.52313561119521	1.0087002340769162	135	0:31
452.0000000014301	-53439.64414751425	7628.221026533131	303.2437969418546	30.783845477617536	1.0001575033294674	135	0:30
453.0000000014349	-53897.76330801632	7442.710486092713	295.86921767098437	30.25877772531109	1.0175128128199211	135	0:30
454.0000000014397	-53968.08521902541	7218.580081043158	286.95938734476056	30.0790017693417	1.0235942758963406	135	0:29
455.00000000144445	-54002.932105044834	7298.501685549307	290.13650173667855	30.011959128316935	1.025880846503095	135	0:28
456.0000000014492	-53966.24011994887	7301.574207533848	290.25864335128813	30.39485177007606	1.0129575320411908	135	0:28
457.000000001454	-54213.786686822394	7411.3705530491425	294.6233649015143	30.270908521237846	1.0171050536581334	135	0:27
458.0000000014588	-53761.799395251815	7535.865253474478	299.57238847133544	30.079996901103655	1.0235604124894178	135	0:26
459.00000000146355	-53633.66606098402	7513.605956189831	298.6875171753445	30.140797008027004	1.021495683328298	135	0:26
460.0000000014683	-53833.39913493206	7637.784186104227	303.623960129184	30.164241541921104	1.0207017469007176	135	0:25
461.0000000014731	-53810.51255290976	7230.146100029362	287.4191699730665	30.00507109693144	1.0261163500100077	135	0:24
462.0000000014779	-53711.50680429055	7441.217709932701	295.8098755112368	30.55448214813856	1.0076653856052924	135	0:24
463.00000000148265	-53780.06333425961	7376.196041700852	293.2250765798035	30.38052353618372	1.0134352687867345	135	0:23
464.0000000014874	-53866.54608997505	7713.048809282642	306.6159460756627	30.436191966620896	1.0115816745255042	135	0:22
465.0000000014922	-53422.886405588855	7464.125045727411	296.7205082079098	30.34273557265153	1.0146973717005425	135	0:22
466.00000000149697	-53678.502582320885	7315.458524431084	290.81058501097743	30.45942480247607	1.0108100936059445	135	0:21
467.00000000150175	-53849.981607892725	7477.525480988084	297.25321417631136	30.435536988436102	1.0116034439435764	135	0:21
468.0000000015065	-53740.736254204065	7326.352466422933	291.243650639488	31.005921947692663	0.992993986365409	135	0:20
469.0000000015113	-53532.34830005237	7324.2104876265275	291.15850080167763	30.64294230231722	1.0047564536074534	135	0:19
470.00000000151607	-53748.295887497225	7501.6612831674265	298.21268195649805	30.17594235951322	1.0203059665531098	135	0:19
471.00000000152085	-54078.222743203456	7441.368988997221	295.8158892905653	29.80112648086178	1.033138598151533	135	0:18
472.0000000015256	-54142.58073925381	7274.717153384709	289.19099795316316	30.27136734069378	1.0170896375197707	135	0:17
473.0000000015304	-54167.86740351084	7230.7040715973935	287.4413509529158	30.277024873388612	1.0168995852308849	135	0:17
474.00000000153517	-53986.1008725377	7402.224250866038	294.2597729981944	30.23317528372282	1.0183744759469684	135	0:16
475.00000000153995	-53869.76370914435	7394.3619900354215	293.94722544372127	30.384597439116533	1.0132993895169171	135	0:15
476.0000000015447	-53787.576740936405	7468.753736243658	296.90451201195975	30.55721634462668	1.007575221791696	135	0:15
477.0000000015495	-53570.33373978181	7473.189919581239	297.0808631001806	30.27886366977993	1.0168378302288463	135	0:14
478.00000000155427	-53782.82185488212	7435.873854587098	295.59744184162076	30.129379370872222	1.021882782807642	135	0:14
479.00000000155904	-53758.61730052743	7464.19551825377	296.7233096941802	30.396805398604123	1.0128924283993324	135	0:13
480.0000000015638	-53719.23885718573	7396.2031407511895	294.0204164972906	30.521763320991106	1.008745586287912	135	0:12
481.0000000015686	-53414.48689476139	7246.415524116679	288.0659265257588	30.429602397871033	1.011800733812025	135	0:12
482.00000000157337	-53432.64419689175	7660.631575263318	304.5322097741159	30.67980665498052	1.0035491547263669	135	0:11
483.00000000157814	-53812.161289892276	7599.157968801294	302.08845653592147	30.360278627116042	1.0141110499649824	135	0:10
484.0000000015829	-54039.946101135225	7503.043824057344	298.26764194617687	30.287436100824177	1.0165500286416203	135	0:10
485.0000000015877	-53999.8497690208	7576.804969810159	301.1998603267225	30.14868923296511	1.0212282795402317	135	0:09
486.00000000159247	-53699.27430612518	7410.5886096517515	294.59228039518007	30.06689817338274	1.0240063294267683	135	0:08
487.00000000159724	-53841.75433619128	7492.520061372201	297.8492920132557	30.27424632100943	1.0169929156719462	135	0:08
488.000000001602	-53883.56173936816	7484.021926593316	297.5114666345325	30.335289406528222	1.0149464415245786	135	0:07
489.0000000016068	-54075.69134222	7533.4309859658215	299.4756193138176	30.191145270091557	1.0197921860975068	135	0:07
490.00000000161157	-53601.134718801186	7287.578156243119	289.7022599270492	30.799726756826022	0.9996417915931831	135	0:06
491.00000000161634	-53794.37392408561	7090.999249436864	281.8876811555031	30.725970937984037	1.0020413707321612	135	0:05
492.0000000016211	-54111.66877758881	7467.926917623273	296.87164358602456	30.857052198009644	0.9977846826781468	135	0:05
493.0000000016259	-53611.35471517878	7412.490947390886	294.6679038094826	30.66519911882198	1.0040272008824582	135	0:04
494.00000000163067	-53469.0011268793	7465.369833851542	296.76999212766475	30.203710991711922	1.019367919532228	135	0:03
495.00000000163544	-53446.200127310236	7094.016130450946	282.00761088098557	30.548877505268244	1.007850256706305	135	0:03
496.0000000016402	-53781.161199529684	7575.687488808835	301.1554372324423	30.241149830659346	1.0181059320885875	135	0:02
497.000000001645	-53497.25426101647	7331.483020115242	291.4476049529063	30.35852122789014	1.0141697549974447	135	0:01
498.00000000164977	-53266.68691499092	7404.771685677068	294.36104088252443	30.13099970508078	1.021827829714604	135	0:01
499.00000000165454	-53983.195761827665	7755.4755728246655	308.30253234835817	30.595309399886492	1.0063207282319	135	0:00
500.0000000016593	-53543.62622984694	7750.259637993492	308.0951838883037	30.466792005576234	1.0105656686840845	135	0:00
