    -44.945         0.00000     0.00000     0.00000     0.00000
    -44.795         0.00000     0.00000     0.00000     0.00000
    -44.645         0.00000     0.00000     0.00000     0.00000
    -44.495         0.00000     0.00000     0.00000     0.00000
    -44.345         0.00000     0.00000     0.00000     0.00000
    -44.195         0.00000     0.00000     0.00000     0.00000
    -44.045         0.00000     0.00000     0.00000     0.00000
    -43.895         0.00000     0.00000     0.00000     0.00000
    -43.745         0.00000     0.00000     0.00000     0.00000
    -43.595         0.00000     0.00000     0.00000     0.00000
    -43.445         0.00000     0.00000     0.00000     0.00000
    -43.295         0.00000     0.00000     0.00000     0.00000
    -43.145         0.00000     0.00000     0.00000     0.00000
    -42.995         0.00000     0.00000     0.00000     0.00000
    -42.845         0.00000     0.00000     0.00000     0.00000
    -42.695         0.00000     0.00000     0.00000     0.00000
    -42.545         0.00000     0.00000     0.00000     0.00000
    -42.395         0.00000     0.00000     0.00000     0.00000
    -42.245         0.00000     0.00000     0.00000     0.00000
    -42.095         0.00000     0.00000     0.00000     0.00000
    -41.945         0.00000     0.00000     0.00000     0.00000
    -41.795         0.00000     0.00000     0.00000     0.00000
    -41.645         0.00000     0.00000     0.00000     0.00000
    -41.495         0.00000     0.00000     0.00000     0.00000
    -41.345         0.00000     0.00000     0.00000     0.00000
    -41.195         0.00000     0.00000     0.00000     0.00000
    -41.045         0.00000     0.00000     0.00000     0.00000
    -40.895         0.00000     0.00000     0.00000     0.00000
    -40.745         0.00000     0.00000     0.00000     0.00000
    -40.595         0.00000     0.00000     0.00000     0.00000
    -40.445         0.00000     0.00000     0.00000     0.00000
    -40.295         0.00000     0.00000     0.00000     0.00000
    -40.145         0.00000     0.00000     0.00000     0.00000
    -39.995         0.00000     0.00000     0.00000     0.00000
    -39.845         0.00000     0.00000     0.00000     0.00000
    -39.695         0.00000     0.00000     0.00000     0.00000
    -39.545         0.00000     0.00000     0.00000     0.00000
    -39.395         0.00000     0.00000     0.00000     0.00000
    -39.245         0.00000     0.00000     0.00000     0.00000
    -39.095         0.00000     0.00000     0.00000     0.00000
    -38.945         0.00000     0.00000     0.00000     0.00000
    -38.795         0.00000     0.00000     0.00000     0.00000
    -38.645         0.00000     0.00000     0.00000     0.00000
    -38.495         0.00000     0.00000     0.00000     0.00000
    -38.345         0.00000     0.00000     0.00000     0.00000
    -38.195         0.00000     0.00000     0.00000     0.00000
    -38.045         0.00000     0.00000     0.00000     0.00000
    -37.895         0.00000     0.00000     0.00000     0.00000
    -37.745         0.00000     0.00000     0.00000     0.00000
    -37.595         0.00000     0.00000     0.00000     0.00000
    -37.445         0.00000     0.00000     0.00000     0.00000
    -37.295         0.00000     0.00000     0.00000     0.00000
    -37.145         0.00000     0.00000     0.00000     0.00000
    -36.995         0.00000     0.00000     0.00000     0.00000
    -36.845         0.00000     0.00000     0.00000     0.00000
    -36.695         0.00000     0.00000     0.00000     0.00000
    -36.545         0.00000     0.00000     0.00000     0.00000
    -36.395         0.00000     0.00000     0.00000     0.00000
    -36.245         0.00000     0.00000     0.00000     0.00000
    -36.095         0.00000     0.00000     0.00000     0.00000
    -35.945         0.00000     0.00000     0.00000     0.00000
    -35.795         0.00000     0.00000     0.00000     0.00000
    -35.645         0.00000     0.00000     0.00000     0.00000
    -35.495         0.00000     0.00000     0.00000     0.00000
    -35.345         0.00000     0.00000     0.00000     0.00000
    -35.195         0.00000     0.00000     0.00000     0.00000
    -35.045         0.00000     0.00000     0.00000     0.00000
    -34.895        -0.00000    -0.00000     0.00000     0.00000
    -34.745        -0.00000    -0.00000     0.00000     0.00000
    -34.595        -0.00000    -0.00000     0.00000     0.00000
    -34.445        -0.00000    -0.00000     0.00000     0.00000
    -34.295        -0.00000    -0.00000     0.00000     0.00000
    -34.145        -0.00000    -0.00000     0.00000     0.00000
    -33.995        -0.00000    -0.00000     0.00000     0.00000
    -33.845        -0.00000    -0.00000     0.00000     0.00000
    -33.695        -0.00000    -0.00000     0.00000     0.00000
    -33.545        -0.00000    -0.00000     0.00000     0.00000
    -33.395        -0.00000    -0.00000     0.00000     0.00000
    -33.245        -0.00000    -0.00000     0.00000     0.00000
    -33.095        -0.00000    -0.00000     0.00000     0.00000
    -32.945        -0.00000    -0.00000     0.00000     0.00000
    -32.795        -0.00000    -0.00000     0.00000     0.00000
    -32.645        -0.00000    -0.00000     0.00000     0.00000
    -32.495        -0.00000    -0.00000     0.00000     0.00000
    -32.345        -0.00000    -0.00000     0.00000     0.00000
    -32.195        -0.00000    -0.00000     0.00000     0.00000
    -32.045        -0.00000    -0.00000     0.00000     0.00000
    -31.895        -0.00000    -0.00000     0.00000     0.00000
    -31.745        -0.00000    -0.00000     0.00000     0.00000
    -31.595        -0.00000    -0.00000     0.00000     0.00000
    -31.445        -0.00000    -0.00000     0.00000     0.00000
    -31.295        -0.00000    -0.00000     0.00000     0.00000
    -31.145        -0.00000    -0.00000     0.00000     0.00000
    -30.995        -0.00000    -0.00000     0.00000     0.00000
    -30.845        -0.00000    -0.00000     0.00000     0.00000
    -30.695        -0.00000    -0.00000     0.00000     0.00000
    -30.545        -0.00000    -0.00000     0.00000     0.00000
    -30.395        -0.00001    -0.00001     0.00000     0.00000
    -30.245        -0.00001    -0.00001     0.00000     0.00000
    -30.095        -0.00001    -0.00001     0.00000     0.00000
    -29.945        -0.00001    -0.00001     0.00000     0.00000
    -29.795        -0.00001    -0.00001     0.00000     0.00000
    -29.645        -0.00001    -0.00001     0.00000     0.00000
    -29.495        -0.00001    -0.00001     0.00000     0.00000
    -29.345        -0.00001    -0.00001     0.00000     0.00000
    -29.195        -0.00001    -0.00001     0.00000     0.00000
    -29.045        -0.00001    -0.00001     0.00000     0.00000
    -28.895        -0.00001    -0.00001     0.00000     0.00000
    -28.745        -0.00002    -0.00002     0.00000     0.00000
    -28.595        -0.00002    -0.00002     0.00000     0.00000
    -28.445        -0.00002    -0.00002     0.00000     0.00000
    -28.295        -0.00002    -0.00002     0.00000     0.00000
    -28.145        -0.00003    -0.00003     0.00000     0.00000
    -27.995        -0.00003    -0.00003     0.00000     0.00000
    -27.845        -0.00003    -0.00003     0.00000     0.00000
    -27.695        -0.00003    -0.00003     0.00000     0.00000
    -27.545        -0.00004    -0.00004     0.00000     0.00000
    -27.395        -0.00004    -0.00004     0.00000     0.00000
    -27.245        -0.00005    -0.00005     0.00000     0.00000
    -27.095        -0.00006    -0.00006     0.00000     0.00000
    -26.945        -0.00006    -0.00006     0.00000     0.00000
    -26.795        -0.00007    -0.00007     0.00000     0.00000
    -26.645        -0.00007    -0.00007     0.00000     0.00000
    -26.495        -0.00008    -0.00008     0.00000     0.00000
    -26.345        -0.00009    -0.00009     0.00000     0.00000
    -26.195        -0.00010    -0.00010     0.00000     0.00000
    -26.045        -0.00011    -0.00011     0.00000     0.00000
    -25.895        -0.00012    -0.00012     0.00000     0.00000
    -25.745        -0.00013    -0.00013     0.00000     0.00000
    -25.595        -0.00014    -0.00014     0.00000     0.00000
    -25.445        -0.00015    -0.00015     0.00000     0.00000
    -25.295        -0.00016    -0.00016     0.00000     0.00000
    -25.145        -0.00017    -0.00017     0.00000     0.00000
    -24.995        -0.00019    -0.00019     0.00000     0.00000
    -24.845        -0.00020    -0.00020     0.00000     0.00000
    -24.695        -0.00022    -0.00022     0.00000     0.00000
    -24.545        -0.00024    -0.00024     0.00000     0.00000
    -24.395        -0.00025    -0.00025     0.00000     0.00000
    -24.245        -0.00027    -0.00027     0.00000     0.00000
    -24.095        -0.00029    -0.00029     0.00000     0.00000
    -23.945        -0.00031    -0.00031     0.00000     0.00000
    -23.795        -0.00033    -0.00033     0.00000     0.00000
    -23.645        -0.00035    -0.00035     0.00000     0.00000
    -23.495        -0.00038    -0.00038     0.00000     0.00000
    -23.345        -0.00041    -0.00041     0.00000     0.00000
    -23.195        -0.00043    -0.00043     0.00000     0.00000
    -23.045        -0.00046    -0.00046     0.00000     0.00000
    -22.895        -0.00049    -0.00049    -0.00000     0.00000
    -22.745        -0.00051    -0.00051    -0.00000     0.00000
    -22.595        -0.00054    -0.00054    -0.00000     0.00000
    -22.445        -0.00058    -0.00058    -0.00000     0.00000
    -22.295        -0.00062    -0.00062    -0.00000     0.00000
    -22.145        -0.00064    -0.00064    -0.00000     0.00000
    -21.995        -0.00068    -0.00068     0.00000     0.00000
    -21.845        -0.00072    -0.00072    -0.00000     0.00000
    -21.695        -0.00076    -0.00076    -0.00000     0.00000
    -21.545        -0.00080    -0.00080    -0.00000     0.00000
    -21.395        -0.00134    -0.00084    -0.00050     0.00000
    -21.245        -0.00139    -0.00088    -0.00050     0.00000
    -21.095        -0.00143    -0.00093    -0.00050     0.00000
    -20.945        -0.00148    -0.00098    -0.00050     0.00000
    -20.795        -0.00153    -0.00103    -0.00051     0.00000
    -20.645        -0.00158    -0.00108    -0.00051     0.00000
    -20.495        -0.00164    -0.00113    -0.00051     0.00000
    -20.345        -0.00228    -0.00119    -0.00109     0.00000
    -20.195        -0.00344    -0.00124    -0.00220     0.00000
    -20.045        -0.00414    -0.00130    -0.00284     0.00000
    -19.895        -0.00588    -0.00136    -0.00451     0.00000
    -19.745        -0.00719    -0.00144    -0.00576     0.00000
    -19.595        -0.00906    -0.00151    -0.00755     0.00000
    -19.445        -0.01289    -0.00158    -0.01132     0.00000
    -19.295        -0.01687    -0.00165    -0.01521     0.00000
    -19.145        -0.02184    -0.00173    -0.02011     0.00000
    -18.995        -0.02506    -0.00181    -0.02325     0.00000
    -18.845        -0.03027    -0.00189    -0.02838     0.00000
    -18.695        -0.03563    -0.00197    -0.03365     0.00000
    -18.545        -0.03972    -0.00206    -0.03766     0.00000
    -18.395        -0.04484    -0.00215    -0.04270     0.00000
    -18.245        -0.05055    -0.00224    -0.04831     0.00000
    -18.095        -0.05459    -0.00233    -0.05225     0.00000
    -17.945        -0.05964    -0.00242    -0.05722     0.00000
    -17.795        -0.06617    -0.00253    -0.06364     0.00000
    -17.645        -0.07150    -0.00263    -0.06887     0.00000
    -17.495        -0.07694    -0.00273    -0.07421     0.00000
    -17.345        -0.08331    -0.00282    -0.08049     0.00000
    -17.195        -0.08936    -0.00293    -0.08643     0.00000
    -17.045        -0.09418    -0.00304    -0.09114     0.00000
    -16.895        -0.09741    -0.00315    -0.09426     0.00000
    -16.745        -0.10494    -0.00327    -0.10167     0.00000
    -16.595        -0.11087    -0.00338    -0.10749     0.00000
    -16.445        -0.11495    -0.00349    -0.11146     0.00000
    -16.295        -0.11910    -0.00361    -0.11549     0.00000
    -16.145        -0.12481    -0.00373    -0.12108     0.00000
    -15.995        -0.12964    -0.00386    -0.12578     0.00000
    -15.845        -0.13590    -0.00398    -0.13192     0.00000
    -15.695        -0.14178    -0.00410    -0.13767     0.00000
    -15.545        -0.14402    -0.00425    -0.13977     0.00000
    -15.395        -0.15001    -0.00440    -0.14560     0.00000
    -15.245        -0.15682    -0.00455    -0.15227     0.00000
    -15.095        -0.16242    -0.00469    -0.15773     0.00000
    -14.945        -0.16748    -0.00483    -0.16265     0.00000
    -14.795        -0.16972    -0.00497    -0.16474     0.00000
    -14.645        -0.17199    -0.00514    -0.16685     0.00000
    -14.495        -0.17643    -0.00531    -0.17112     0.00000
    -14.345        -0.18087    -0.00548    -0.17538     0.00000
    -14.195        -0.18534    -0.00565    -0.17969     0.00000
    -14.045        -0.19289    -0.00582    -0.18707     0.00000
    -13.895        -0.19811    -0.00601    -0.19210     0.00000
    -13.745        -0.20263    -0.00620    -0.19643     0.00000
    -13.595        -0.20851    -0.00775    -0.20076     0.00000
    -13.445        -0.21299    -0.00792    -0.20507     0.00000
    -13.295        -0.21523    -0.00810    -0.20713     0.00000
    -13.145        -0.22055    -0.00829    -0.21226     0.00000
    -12.995        -0.22651    -0.00845    -0.21805     0.00000
    -12.845        -0.23357    -0.00868    -0.22489     0.00000
    -12.695        -0.23412    -0.00887    -0.22525     0.00000
    -12.545        -0.23946    -0.00907    -0.23039     0.00000
    -12.395        -0.24551    -0.00929    -0.23621     0.00000
    -12.245        -0.24903    -0.00951    -0.23952     0.00000
    -12.095        -0.25577    -0.01112    -0.24465     0.00000
    -11.945        -0.26346    -0.01133    -0.25213     0.00000
    -11.795        -0.26937    -0.01293    -0.25644     0.00000
    -11.645        -0.27161    -0.01317    -0.25844     0.00000
    -11.495        -0.27510    -0.01341    -0.26168     0.00000
    -11.345        -0.27872    -0.01503    -0.26369     0.00000
    -11.195        -0.28411    -0.01530    -0.26880     0.00000
    -11.045        -0.29024    -0.01557    -0.27467     0.00000
    -10.895        -0.29853    -0.01579    -0.28273     0.00000
    -10.745        -0.30732    -0.01603    -0.29128     0.00000
    -10.595        -0.31471    -0.01631    -0.29840     0.00000
    -10.445        -0.31815    -0.01656    -0.30159    -0.00000
    -10.295        -0.32802    -0.01927    -0.30875    -0.00000
    -10.145        -0.34194    -0.02203    -0.31991    -0.00000
    -9.9950        -0.35312    -0.02569    -0.32707    -0.00036
    -9.8450        -0.36779    -0.02849    -0.33734    -0.00196
    -9.6950        -0.38029    -0.03132    -0.34446    -0.00451
    -9.5450        -0.39269    -0.03163    -0.35098    -0.01008
    -9.3950        -0.41190    -0.03453    -0.35753    -0.01984
    -9.2450        -0.44494    -0.03922    -0.36720    -0.03852
    -9.0950        -0.48901    -0.04212    -0.37686    -0.07003
    -8.9450        -0.54428    -0.04378    -0.38697    -0.11353
    -8.7950        -0.62897    -0.04669    -0.40056    -0.18173
    -8.6450        -0.73269    -0.05234    -0.41341    -0.26694
    -8.4950        -0.87109    -0.05878    -0.42634    -0.38598
    -8.3450        -1.03981    -0.06266    -0.43962    -0.53754
    -8.1950        -1.25610    -0.06648    -0.45267    -0.73695
    -8.0450        -1.51866    -0.07122    -0.47054    -0.97690
    -7.8950        -1.81915    -0.07685    -0.48723    -1.25507
    -7.7450        -2.16236    -0.08401    -0.50587    -1.57248
    -7.5950        -2.58443    -0.09181    -0.52595    -1.96667
    -7.4450        -3.05178    -0.10260    -0.54574    -2.40344
    -7.2950        -3.54983    -0.11029    -0.56757    -2.87198
    -7.1450        -4.10209    -0.12156    -0.58834    -3.39219
    -6.9950        -4.69303    -0.13519    -0.61338    -3.94447
    -6.8450        -5.31469    -0.14577    -0.63883    -4.53009
    -6.6950        -5.95550    -0.15838    -0.66503    -5.13209
    -6.5450        -6.61501    -0.17140    -0.69484    -5.74877
    -6.3950        -7.27095    -0.18870    -0.72411    -6.35814
    -6.2450        -7.91267    -0.20151    -0.75318    -6.95797
    -6.0950        -8.53974    -0.21912    -0.78352    -7.53710
    -5.9450        -9.16356    -0.23950    -0.81534    -8.10872
    -5.7950        -9.78172    -0.26336    -0.84862    -8.66974
    -5.6450       -10.38533    -0.28772    -0.88439    -9.21323
    -5.4950       -10.96122    -0.31323    -0.92317    -9.72482
    -5.3450       -11.49923    -0.33651    -0.96196   -10.20075
    -5.1950       -12.03643    -0.36626    -1.00129   -10.66888
    -5.0450       -12.56482    -0.39335    -1.04198   -11.12949
    -4.8950       -13.07500    -0.42195    -1.08376   -11.56929
    -4.7450       -13.57065    -0.45379    -1.12818   -11.98868
    -4.5950       -14.06034    -0.48809    -1.17126   -12.40099
    -4.4450       -14.54142    -0.52620    -1.21710   -12.79812
    -4.2950       -15.03132    -0.56712    -1.26655   -13.19765
    -4.1450       -15.55340    -0.61283    -1.32228   -13.61829
    -3.9950       -16.08553    -0.65865    -1.37942   -14.04746
    -3.8450       -16.62537    -0.70635    -1.43787   -14.48115
    -3.6950       -17.18955    -0.75886    -1.50271   -14.92799
    -3.5450       -17.76837    -0.81715    -1.56815   -15.38307
    -3.3950       -18.38446    -0.87871    -1.64207   -15.86368
    -3.2450       -19.00511    -0.94291    -1.72046   -16.34174
    -3.0950       -19.65681    -1.01327    -1.80493   -16.83861
    -2.9450       -20.32730    -1.08604    -1.89796   -17.34329
    -2.7950       -21.03006    -1.16087    -1.99316   -17.87603
    -2.6450       -21.77706    -1.24014    -2.09780   -18.43911
    -2.4950       -22.57622    -1.32365    -2.21287   -19.03970
    -2.3450       -23.45160    -1.41178    -2.33847   -19.70135
    -2.1950       -24.41604    -1.50478    -2.47273   -20.43853
    -2.0450       -25.49465    -1.60833    -2.61978   -21.26654
    -1.8950       -26.71695    -1.72303    -2.77735   -22.21657
    -1.7450       -28.10169    -1.85138    -2.94756   -23.30275
    -1.5950       -29.67256    -1.99336    -3.14065   -24.53854
    -1.4450       -31.45778    -2.15305    -3.35628   -25.94845
    -1.2950       -33.46071    -2.33079    -3.60258   -27.52734
    -1.1450       -35.67848    -2.52690    -3.87666   -29.27492
   -0.99500       -38.10931    -2.74741    -4.18054   -31.18136
   -0.84500       -40.78365    -2.99742    -4.53260   -33.25363
   -0.69500       -43.77352    -3.29078    -4.95239   -35.53034
   -0.54500       -47.29537    -3.64386    -5.46131   -38.19020
   -0.39500       -51.70354    -4.04315    -6.04407   -41.61632
   -0.25300       -55.28795    -4.29822    -6.40181   -44.58793
   -0.21500       -55.53908    -4.31301    -6.42132   -44.80475
   -0.20900       -55.79633    -4.32773    -6.44029   -45.02831
   -0.20300       -56.05917    -4.34234    -6.45901   -45.25781
   -0.19700       -56.32677    -4.35670    -6.47709   -45.49298
   -0.19100       -56.60048    -4.37035    -6.49465   -45.73548
   -0.18500       -56.88229    -4.38419    -6.51174   -45.98636
   -0.17900       -57.17039    -4.39756    -6.52839   -46.24445
   -0.17300       -57.46700    -4.41107    -6.54438   -46.51156
   -0.16700       -57.77341    -4.42413    -6.55993   -46.78935
   -0.16100       -58.08923    -4.43682    -6.57503   -47.07738
   -0.15500       -58.41455    -4.44912    -6.58974   -47.37569
   -0.14900       -58.75085    -4.46125    -6.60370   -47.68591
   -0.14300       -59.10024    -4.47305    -6.61726   -48.00992
   -0.13700       -59.46278    -4.48448    -6.63050   -48.34780
   -0.13100       -59.84035    -4.49570    -6.64319   -48.70146
   -0.12500       -60.23410    -4.50622    -6.65526   -49.07263
   -0.11900       -60.64728    -4.51649    -6.66680   -49.46399
   -0.11300       -61.07949    -4.52629    -6.67819   -49.87501
   -0.10700       -61.53289    -4.53564    -6.68856   -50.30869
   -0.10100       -62.00899    -4.54446    -6.69822   -50.76630
   -0.95000E-01   -62.51236    -4.55305    -6.70742   -51.25189
   -0.89000E-01   -63.04409    -4.56099    -6.71607   -51.76703
   -0.83000E-01   -63.60803    -4.56848    -6.72403   -52.31551
   -0.77000E-01   -64.20656    -4.57551    -6.73151   -52.89954
   -0.71000E-01   -64.84063    -4.58209    -6.73823   -53.52031
   -0.65000E-01   -65.51409    -4.58807    -6.74445   -54.18157
   -0.59000E-01   -66.22969    -4.59357    -6.75011   -54.88601
   -0.53000E-01   -66.99410    -4.59854    -6.75523   -55.64033
   -0.47000E-01   -67.81108    -4.60295    -6.75979   -56.44834
   -0.41000E-01   -68.68784    -4.60677    -6.76376   -57.31731
   -0.35000E-01   -69.63475    -4.61011    -6.76712   -58.25753
   -0.29000E-01   -70.64227    -4.61286    -6.76993   -59.25948
   -0.23000E-01   -71.66699    -4.61505    -6.77214   -60.27979
   -0.19700E-01   -71.76674    -4.61526    -6.77233   -60.37915
   -0.19100E-01   -71.86569    -4.61544    -6.77251   -60.47773
   -0.18500E-01   -71.96370    -4.61561    -6.77269   -60.57540
   -0.17900E-01   -72.06005    -4.61578    -6.77286   -60.67141
   -0.17300E-01   -72.15498    -4.61594    -6.77302   -60.76602
   -0.16700E-01   -72.24881    -4.61609    -6.77318   -60.85954
   -0.16100E-01   -72.34032    -4.61624    -6.77334   -60.95074
   -0.15500E-01   -72.43013    -4.61639    -6.77348   -61.04026
   -0.14900E-01   -72.51821    -4.61653    -6.77363   -61.12805
   -0.14300E-01   -72.60365    -4.61666    -6.77376   -61.21323
   -0.13700E-01   -72.68666    -4.61679    -6.77388   -61.29599
   -0.13100E-01   -72.76727    -4.61691    -6.77402   -61.37635
   -0.12500E-01   -72.84492    -4.61702    -6.77413   -61.45377
   -0.11900E-01   -72.91974    -4.61713    -6.77424   -61.52837
   -0.11300E-01   -72.99152    -4.61724    -6.77435   -61.59993
   -0.10700E-01   -73.06028    -4.61734    -6.77445   -61.66850
   -0.10100E-01   -73.12574    -4.61744    -6.77455   -61.73375
   -0.95000E-02   -73.18797    -4.61753    -6.77464   -61.79580
   -0.89000E-02   -73.24687    -4.61762    -6.77472   -61.85454
   -0.83000E-02   -73.30204    -4.61770    -6.77480   -61.90954
   -0.77000E-02   -73.35355    -4.61777    -6.77487   -61.96090
   -0.71000E-02   -73.40149    -4.61784    -6.77494   -62.00871
   -0.65000E-02   -73.44559    -4.61790    -6.77501   -62.05269
   -0.59000E-02   -73.48583    -4.61795    -6.77506   -62.09281
   -0.53000E-02   -73.52220    -4.61800    -6.77511   -62.12908
   -0.47000E-02   -73.55449    -4.61805    -6.77516   -62.16128
   -0.41000E-02   -73.58287    -4.61809    -6.77520   -62.18958
   -0.35000E-02   -73.60717    -4.61812    -6.77523   -62.21381
   -0.29000E-02   -73.62739    -4.61815    -6.77526   -62.23397
   -0.23000E-02   -73.64348    -4.61817    -6.77529   -62.25002
   -0.17000E-02   -73.65540    -4.61819    -6.77530   -62.26190
   -0.11000E-02   -73.66314    -4.61820    -6.77532   -62.26962
   -0.50000E-03   -73.66669    -4.61821    -6.77532   -62.27316
    0.10000E-03   -73.66605    -4.61821    -6.77532   -62.27252
    0.70000E-03   -73.66123    -4.61820    -6.77531   -62.26771
    0.13000E-02   -73.65219    -4.61819    -6.77530   -62.25870
    0.19000E-02   -73.63900    -4.61817    -6.77529   -62.24554
    0.25000E-02   -73.62164    -4.61815    -6.77526   -62.22822
    0.31000E-02   -73.60012    -4.61812    -6.77524   -62.20676
    0.37000E-02   -73.57448    -4.61808    -6.77520   -62.18120
    0.43000E-02   -73.54486    -4.61804    -6.77516   -62.15165
    0.49000E-02   -73.51121    -4.61800    -6.77511   -62.11809
    0.55000E-02   -73.47341    -4.61795    -6.77506   -62.08040
    0.61000E-02   -73.43184    -4.61789    -6.77501   -62.03895
    0.67000E-02   -73.38632    -4.61783    -6.77494   -61.99354
    0.73000E-02   -73.33716    -4.61777    -6.77488   -61.94451
    0.79000E-02   -73.28421    -4.61770    -6.77482   -61.89169
    0.85000E-02   -73.22772    -4.61761    -6.77474   -61.83537
    0.91000E-02   -73.16769    -4.61753    -6.77466   -61.77550
    0.97000E-02   -73.10430    -4.61743    -6.77457   -61.71229
    0.10300E-01   -73.03753    -4.61734    -6.77447   -61.64572
    0.10900E-01   -72.96759    -4.61724    -6.77437   -61.57598
    0.11500E-01   -72.89465    -4.61712    -6.77426   -61.50327
    0.12100E-01   -72.81858    -4.61702    -6.77415   -61.42742
    0.12700E-01   -72.73972    -4.61689    -6.77402   -61.34880
    0.13300E-01   -72.65806    -4.61678    -6.77390   -61.26737
    0.13900E-01   -72.57401    -4.61664    -6.77379   -61.18358
    0.14500E-01   -72.48755    -4.61650    -6.77366   -61.09738
    0.15100E-01   -72.39854    -4.61636    -6.77353   -61.00866
    0.15700E-01   -72.30750    -4.61620    -6.77338   -60.91792
    0.16300E-01   -72.21482    -4.61604    -6.77323   -60.82555
    0.16900E-01   -72.12019    -4.61589    -6.77306   -60.73124
    0.17500E-01   -72.02433    -4.61572    -6.77289   -60.63571
    0.18100E-01   -71.92684    -4.61555    -6.77272   -60.53857
    0.18700E-01   -71.82838    -4.61537    -6.77254   -60.44046
    0.19300E-01   -71.72890    -4.61519    -6.77236   -60.34135
    0.20200E-01   -71.33559    -4.61443    -6.77164   -59.94952
    0.25000E-01   -70.30970    -4.61204    -6.76932   -58.92834
    0.31000E-01   -69.32544    -4.60912    -6.76648   -57.94984
    0.37000E-01   -68.40831    -4.60564    -6.76305   -57.03962
    0.43000E-01   -67.56074    -4.60161    -6.75911   -56.20001
    0.49000E-01   -66.77470    -4.59695    -6.75466   -55.42309
    0.55000E-01   -66.04119    -4.59175    -6.74961   -54.69983
    0.61000E-01   -65.35733    -4.58603    -6.74415   -54.02715
    0.67000E-01   -64.71917    -4.57977    -6.73837   -53.40103
    0.73000E-01   -64.12219    -4.57286    -6.73194   -52.81740
    0.79000E-01   -63.56347    -4.56539    -6.72521   -52.27287
    0.85000E-01   -63.04066    -4.55740    -6.71780   -51.76545
    0.91000E-01   -62.55099    -4.54870    -6.70983   -51.29246
    0.97000E-01   -62.09017    -4.53932    -6.70151   -50.84933
    0.10300       -61.65922    -4.52948    -6.69297   -50.43678
    0.10900       -61.25297    -4.51919    -6.68384   -50.04995
    0.11500       -60.86988    -4.50861    -6.67434   -49.68693
    0.12100       -60.50717    -4.49739    -6.66423   -49.34555
    0.12700       -60.16329    -4.48528    -6.65385   -49.02416
    0.13300       -59.83912    -4.47283    -6.64341   -48.72287
    0.13900       -59.52990    -4.45978    -6.63227   -48.43785
    0.14500       -59.23427    -4.44623    -6.62108   -48.16695
    0.15100       -58.95372    -4.43232    -6.60945   -47.91195
    0.15700       -58.68427    -4.41761    -6.59758   -47.66908
    0.16300       -58.42361    -4.40226    -6.58532   -47.43603
    0.16900       -58.17422    -4.38694    -6.57276   -47.21452
    0.17500       -57.93324    -4.37073    -6.55996   -47.00254
    0.18100       -57.70139    -4.35402    -6.54723   -46.80013
    0.18700       -57.47621    -4.33658    -6.53438   -46.60525
    0.19300       -57.25814    -4.31868    -6.52072   -46.41873
    0.19900       -57.04620    -4.30066    -6.50683   -46.23871
    0.20500       -56.83936    -4.28243    -6.49324   -46.06369
    0.21100       -56.63798    -4.26361    -6.47906   -45.89531
    0.21700       -56.44200    -4.24412    -6.46477   -45.73311
    0.29500       -52.40023    -3.67024    -6.06934   -42.66065
    0.44500       -49.69097    -3.11007    -5.68583   -40.89508
    0.59500       -47.67945    -2.62266    -5.35705   -39.69974
    0.74500       -46.08474    -2.22194    -5.07472   -38.78808
    0.89500       -44.76139    -1.89253    -4.83167   -38.03719
     1.0450       -43.62663    -1.61232    -4.61256   -37.40175
     1.1950       -42.64038    -1.36717    -4.41672   -36.85649
     1.3450       -41.76989    -1.14923    -4.23828   -36.38239
     1.4950       -41.00172    -0.95008    -4.07745   -35.97418
     1.6450       -40.31869    -0.76726    -3.93118   -35.62025
     1.7950       -39.71330    -0.60161    -3.79624   -35.31546
     1.9450       -39.17330    -0.44918    -3.67540   -35.04872
     2.0950       -38.69363    -0.31369    -3.56348   -34.81646
     2.2450       -38.26272    -0.19209    -3.45933   -34.61130
     2.3950       -37.87276    -0.08117    -3.36239   -34.42920
     2.5450       -37.50998     0.02040    -3.27130   -34.25908
     2.6950       -37.18269     0.11423    -3.18717   -34.10976
     2.8450       -36.88573     0.19996    -3.10786   -33.97783
     2.9950       -36.61072     0.27922    -3.03604   -33.85390
     3.1450       -36.36431     0.35172    -2.96942   -33.74661
     3.2950       -36.13135     0.42009    -2.90640   -33.64505
     3.4450       -35.91345     0.48345    -2.84789   -33.54901
     3.5950       -35.71652     0.54170    -2.79482   -33.46340
     3.7450       -35.52480     0.59650    -2.74545   -33.37586
     3.8950       -35.34941     0.64902    -2.69862   -33.29981
     4.0450       -35.18302     0.69825    -2.65592   -33.22535
     4.1950       -35.02701     0.74348    -2.61554   -33.15496
     4.3450       -34.87751     0.78794    -2.57929   -33.08615
     4.4950       -34.73894     0.82998    -2.54601   -33.02291
     4.6450       -34.60809     0.87053    -2.51533   -32.96329
     4.7950       -34.47884     0.90854    -2.48479   -32.90259
     4.9450       -34.35677     0.94595    -2.45894   -32.84378
     5.0950       -34.24278     0.98141    -2.43525   -32.78894
     5.2450       -34.13045     1.01667    -2.41109   -32.73602
     5.3950       -34.02721     1.04888    -2.39087   -32.68521
     5.5450       -33.92610     1.08088    -2.37156   -32.63542
     5.6950       -33.82826     1.11145    -2.35212   -32.58760
     5.8450       -33.73961     1.14036    -2.33863   -32.54133
     5.9950       -33.65138     1.16910    -2.32500   -32.49548
     6.1450       -33.57264     1.19706    -2.31817   -32.45154
     6.2950       -33.49494     1.22387    -2.31040   -32.40841
     6.4450       -33.42051     1.25023    -2.30444   -32.36630
     6.5950       -33.34360     1.27576    -2.29485   -32.32450
     6.7450       -33.27165     1.30054    -2.28793   -32.28426
     6.8950       -33.20371     1.32450    -2.28287   -32.24534
     7.0450       -33.13963     1.34763    -2.27996   -32.20729
     7.1950       -33.07471     1.37025    -2.27489   -32.17007
     7.3450       -33.01342     1.39238    -2.27208   -32.13371
     7.4950       -32.94985     1.41410    -2.26595   -32.09800
     7.6450       -32.89251     1.43484    -2.26434   -32.06301
     7.7950       -32.83417     1.45491    -2.26042   -32.02866
     7.9450       -32.77717     1.47489    -2.25777   -31.99429
     8.0950       -32.72261     1.49395    -2.25517   -31.96139
     8.2450       -32.67095     1.51182    -2.25383   -31.92895
     8.3950       -32.61886     1.52956    -2.25124   -31.89718
     8.5450       -32.56635     1.54697    -2.24731   -31.86601
     8.6950       -32.51353     1.56404    -2.24217   -31.83540
     8.8450       -32.46574     1.58065    -2.24103   -31.80536
     8.9950       -32.41939     1.59624    -2.23994   -31.77569
     9.1450       -32.37413     1.60983    -2.23743   -31.74653
     9.2950       -32.33336     1.62097    -2.23645   -31.71788
     9.4450       -32.29163     1.63362    -2.23549   -31.68977
     9.5950       -32.24941     1.64727    -2.23455   -31.66213
     9.7450       -32.21087     1.65770    -2.23364   -31.63492
     9.8950       -32.17520     1.66569    -2.23279   -31.60810
     10.045       -32.13759     1.67610    -2.23195   -31.58174
     10.195       -32.10385     1.68304    -2.23113   -31.55575
     10.345       -32.07051     1.68999    -2.23036   -31.53013
     10.495       -32.03750     1.69698    -2.22962   -31.50486
     10.645       -32.00495     1.70396    -2.22888   -31.48003
     10.795       -31.97391     1.70973    -2.22818   -31.45546
     10.945       -31.94325     1.71556    -2.22747   -31.43134
     11.095       -31.91607     1.71822    -2.22680   -31.40749
     11.245       -31.88601     1.72404    -2.22616   -31.38389
     11.395       -31.85948     1.72672    -2.22550   -31.36070
     11.545       -31.83157     1.73114    -2.22488   -31.33784
     11.695       -31.80560     1.73381    -2.22427   -31.31514
     11.845       -31.78203     1.73443    -2.22368   -31.29278
     11.995       -31.75881     1.73501    -2.22314   -31.27068
     12.145       -31.73592     1.73555    -2.22258   -31.24889
     12.295       -31.71114     1.73824    -2.22204   -31.22734
     12.445       -31.68878     1.73875    -2.22150   -31.20603
     12.595       -31.66681     1.73925    -2.22098   -31.18508
     12.745       -31.64504     1.73974    -2.22047   -31.16431
     12.895       -31.62358     1.74022    -2.21998   -31.14383
     13.045       -31.60243     1.74069    -2.21950   -31.12363
     13.195       -31.58150     1.74112    -2.21902   -31.10360
     13.345       -31.56082     1.74158    -2.21854   -31.08385
     13.495       -31.54032     1.74203    -2.21809   -31.06426
     13.645       -31.52007     1.74245    -2.21762   -31.04490
     13.795       -31.49998     1.74287    -2.21716   -31.02569
     13.945       -31.47779     1.74571    -2.21674   -31.00676
     14.095       -31.45821     1.74611    -2.21631   -30.98801
     14.245       -31.43885     1.74649    -2.21589   -30.96945
     14.395       -31.41978     1.74688    -2.21549   -30.95117
     14.545       -31.40087     1.74723    -2.21509   -30.93302
     14.695       -31.38220     1.74759    -2.21470   -30.91510
     14.845       -31.36374     1.74792    -2.21430   -30.89736
     14.995       -31.34545     1.74827    -2.21392   -30.87979
     15.145       -31.32731     1.74861    -2.21353   -30.86239
     15.295       -31.30939     1.74891    -2.21318   -30.84513
     15.445       -31.29169     1.74923    -2.21281   -30.82811
     15.595       -31.27418     1.74954    -2.21245   -30.81127
     15.745       -31.25680     1.74985    -2.21209   -30.79457
     15.895       -31.23962     1.75016    -2.21175   -30.77804
     16.045       -31.22268     1.75045    -2.21142   -30.76171
     16.195       -31.20584     1.75076    -2.21109   -30.74551
     16.345       -31.18912     1.75104    -2.21075   -30.72941
     16.495       -31.17264     1.75131    -2.21043   -30.71351
     16.645       -31.15627     1.75157    -2.21011   -30.69774
     16.795       -31.14008     1.75184    -2.20981   -30.68211
     16.945       -31.12403     1.75207    -2.20951   -30.66658
     17.095       -31.10813     1.75230    -2.20921   -30.65121
     17.245       -31.09233     1.75256    -2.20892   -30.63597
     17.395       -31.07666     1.75281    -2.20863   -30.62084
     17.545       -31.06112     1.75303    -2.20834   -30.60581
     17.695       -31.04575     1.75328    -2.20804   -30.59098
     17.845       -31.03053     1.75349    -2.20776   -30.57626
     17.995       -31.01538     1.75372    -2.20747   -30.56163
     18.145       -31.00031     1.75396    -2.20720   -30.54707
     18.295       -30.98543     1.75417    -2.20692   -30.53268
     18.445       -30.97076     1.75438    -2.20665   -30.51848
     18.595       -30.95620     1.75459    -2.20638   -30.50440
     18.745       -30.94173     1.75479    -2.20612   -30.49040
     18.895       -30.92739     1.75500    -2.20586   -30.47653
     19.045       -30.91320     1.75521    -2.20560   -30.46281
     19.195       -30.89905     1.75540    -2.20533   -30.44911
     19.345       -30.88511     1.75560    -2.20509   -30.43562
     19.495       -30.87118     1.75579    -2.20485   -30.42213
     19.645       -30.85743     1.75598    -2.20460   -30.40882
     19.795       -30.84378     1.75617    -2.20433   -30.39562
     19.945       -30.83028     1.75636    -2.20409   -30.38254
     20.095       -30.81684     1.75655    -2.20386   -30.36952
     20.245       -30.80352     1.75672    -2.20364   -30.35660
     20.395       -30.79024     1.75690    -2.20341   -30.34373
     20.545       -30.77714     1.75708    -2.20319   -30.33103
     20.695       -30.76406     1.75725    -2.20295   -30.31836
     20.845       -30.75110     1.75741    -2.20271   -30.30579
     20.995       -30.73829     1.75759    -2.20248   -30.29340
     21.145       -30.72550     1.75776    -2.20225   -30.28101
     21.295       -30.71286     1.75792    -2.20204   -30.26874
     21.445       -30.70027     1.75809    -2.20182   -30.25655
     21.595       -30.68781     1.75824    -2.20160   -30.24445
     21.745       -30.67543     1.75840    -2.20140   -30.23243
     21.895       -30.66310     1.75855    -2.20118   -30.22047
     22.045       -30.65088     1.75870    -2.20098   -30.20859
     22.195       -30.63870     1.75887    -2.20078   -30.19679
     22.345       -30.62669     1.75901    -2.20058   -30.18512
     22.495       -30.61474     1.75914    -2.20038   -30.17350
     22.645       -30.60290     1.75930    -2.20019   -30.16201
     22.795       -30.59102     1.75945    -2.19999   -30.15048
     22.945       -30.57925     1.75961    -2.19979   -30.13906
     23.095       -30.56761     1.75975    -2.19960   -30.12776
     23.245       -30.55599     1.75990    -2.19940   -30.11649
     23.395       -30.54450     1.76004    -2.19921   -30.10533
     23.545       -30.53312     1.76018    -2.19901   -30.09429
     23.695       -30.52180     1.76030    -2.19882   -30.08328
     23.845       -30.51054     1.76044    -2.19863   -30.07235
     23.995       -30.49930     1.76058    -2.19844   -30.06144
     24.145       -30.48826     1.76068    -2.19825   -30.05069
     24.295       -30.47720     1.76081    -2.19807   -30.03995
     24.445       -30.46621     1.76094    -2.19788   -30.02927
     24.595       -30.45534     1.76107    -2.19771   -30.01870
     24.745       -30.44451     1.76120    -2.19754   -30.00817
     24.895       -30.43379     1.76131    -2.19737   -29.99773
     25.045       -30.42312     1.76143    -2.19719   -29.98736
     25.195       -30.41255     1.76155    -2.19701   -29.97708
     25.345       -30.40199     1.76166    -2.19684   -29.96681
     25.495       -30.39143     1.76178    -2.19666   -29.95654
     25.645       -30.38097     1.76188    -2.19650   -29.94635
     25.795       -30.37054     1.76201    -2.19633   -29.93622
     25.945       -30.36023     1.76214    -2.19616   -29.92620
     26.095       -30.34999     1.76224    -2.19601   -29.91622
     26.245       -30.33979     1.76234    -2.19583   -29.90630
     26.395       -30.32970     1.76243    -2.19566   -29.89647
     26.545       -30.31966     1.76254    -2.19551   -29.88669
     26.695       -30.30967     1.76264    -2.19535   -29.87696
     26.845       -30.29976     1.76274    -2.19519   -29.86731
     26.995       -30.28990     1.76285    -2.19504   -29.85771
     27.145       -30.28005     1.76295    -2.19489   -29.84811
     27.295       -30.27031     1.76305    -2.19473   -29.83862
     27.445       -30.26061     1.76314    -2.19457   -29.82918
     27.595       -30.25093     1.76323    -2.19441   -29.81974
     27.745       -30.24130     1.76334    -2.19426   -29.81038
     27.895       -30.23171     1.76344    -2.19412   -29.80103
     28.045       -30.22224     1.76352    -2.19396   -29.79180
     28.195       -30.21276     1.76361    -2.19381   -29.78255
     28.345       -30.20335     1.76371    -2.19366   -29.77341
     28.495       -30.19401     1.76381    -2.19352   -29.76430
     28.645       -30.18473     1.76391    -2.19338   -29.75526
     28.795       -30.17548     1.76400    -2.19323   -29.74625
     28.945       -30.16625     1.76409    -2.19308   -29.73726
     29.095       -30.15715     1.76419    -2.19293   -29.72841
     29.245       -30.14807     1.76428    -2.19279   -29.71956
     29.395       -30.13903     1.76437    -2.19265   -29.71075
     29.545       -30.13001     1.76444    -2.19251   -29.70194
     29.695       -30.12104     1.76453    -2.19237   -29.69320
     29.845       -30.11212     1.76462    -2.19223   -29.68451
     29.995       -30.10325     1.76471    -2.19210   -29.67586
     30.145       -30.09446     1.76480    -2.19196   -29.66729
     35.794       -29.51383     1.76998    -2.18320   -29.10060
     49.810       -28.94227     1.77445    -2.17490   -28.54182
     69.316       -28.38067     1.77854    -2.16693   -27.99228
     96.460       -27.83023     1.78247    -2.15924   -27.45346
     134.23       -27.29164     1.78626    -2.15174   -26.92616
     186.80       -26.76606     1.78990    -2.14437   -26.41159
     259.95       -26.25373     1.79352    -2.13721   -25.91004
     361.74       -25.75453     1.79713    -2.13021   -25.42145
     503.40       -25.26892     1.80074    -2.12338   -24.94628
     700.53       -24.79676     1.80431    -2.11673   -24.48434
     974.85       -24.33773     1.80788    -2.11020   -24.03541
     1356.6       -23.89190     1.81135    -2.10385   -23.59940
     1887.8       -23.45889     1.81487    -2.09766   -23.17610
     2627.1       -23.03839     1.81836    -2.09164   -22.76511
     3655.9       -22.63007     1.82184    -2.08576   -22.36615
     5087.5       -22.23366     1.82530    -2.08005   -21.97891
     7079.7       -21.84919     1.82884    -2.07451   -21.60352
     9852.1       -21.47664     1.83227    -2.06909   -21.23982
     13710.       -21.11625     1.83557    -2.06385   -20.88797
     19079.       -20.76780     1.83883    -2.05879   -20.54783
     26550.       -20.43083     1.84207    -2.05386   -20.21904
     36947.       -20.10655     1.84517    -2.04909   -19.90263
     51416.       -19.79472     1.84817    -2.04451   -19.59838
     71550.       -19.49610     1.85109    -2.04014   -19.30706
     99568.       -19.20916     1.85394    -2.03592   -19.02717
    0.13856E+06   -18.93464     1.85664    -2.03185   -18.75943
    0.19282E+06   -18.67250     1.85925    -2.02797   -18.50378
    0.26832E+06   -18.42206     1.86171    -2.02426   -18.25951
    0.37340E+06   -18.18295     1.86409    -2.02073   -18.02632
    0.51962E+06   -17.95439     1.86640    -2.01734   -17.80346
    0.72310E+06   -17.73590     1.86859    -2.01408   -17.59041
    0.10063E+07   -17.52736     1.87072    -2.01095   -17.38713
    0.14003E+07   -17.32850     1.87271    -2.00799   -17.19323
    0.19487E+07   -17.13915     1.87464    -2.00515   -17.00864
    0.27118E+07   -16.95855     1.87648    -2.00246   -16.83257
    0.37737E+07   -16.78679     1.87821    -1.99991   -16.66509
    0.52514E+07   -16.62300     1.87987    -1.99746   -16.50542
    0.73079E+07   -16.46716     1.88147    -1.99512   -16.35350
    0.10170E+08   -16.31892     1.88300    -1.99290   -16.20903
    0.14152E+08   -16.17784     1.88443    -1.99077   -16.07150
    0.19694E+08   -16.04354     1.88580    -1.98878   -15.94056
    0.27406E+08   -15.91584     1.88711    -1.98687   -15.81609
    0.38138E+08   -15.79491     1.88838    -1.98506   -15.69823
    0.53073E+08   -15.68065     1.88957    -1.98334   -15.58688
    0.73856E+08   -15.57292     1.89070    -1.98171   -15.48191
    0.10278E+09   -15.47145     1.89175    -1.98019   -15.38301
    0.14302E+09   -15.37662     1.89273    -1.97875   -15.29059
    0.19903E+09   -15.28876     1.89365    -1.97744   -15.20497
    0.27697E+09   -15.20753     1.89451    -1.97621   -15.12583
    0.38543E+09   -15.13357     1.89533    -1.97510   -15.05380
    0.53637E+09   -15.06604     1.89607    -1.97408   -14.98804
    0.74641E+09   -15.00414     1.89678    -1.97315   -14.92777
    0.10387E+10   -14.94719     1.89743    -1.97228   -14.87234
    0.14454E+10   -14.89479     1.89803    -1.97150   -14.82133
    0.20115E+10   -14.84653     1.89859    -1.97078   -14.77435
    0.27992E+10   -14.80215     1.89911    -1.97011   -14.73115
    0.38953E+10   -14.76117     1.89960    -1.96949   -14.69127
    0.54207E+10   -14.72343     1.90004    -1.96892   -14.65455
    0.75434E+10   -14.68868     1.90046    -1.96840   -14.62074
    0.10497E+11   -14.65669     1.90085    -1.96792   -14.58962
    0.14608E+11   -14.62722     1.90121    -1.96748   -14.56094
    0.20329E+11   -14.60007     1.90154    -1.96708   -14.53452
    0.28289E+11   -14.57504     1.90184    -1.96671   -14.51017
    0.39367E+11   -14.55199     1.90212    -1.96637   -14.48775
    0.54783E+11   -14.53077     1.90239    -1.96605   -14.46711
    0.10000E+12   -14.28308     1.90572    -1.96240   -14.22641
