    -44.945         0.00000     0.00000     0.00000     0.00000
    -44.795         0.00000     0.00000     0.00000     0.00000
    -44.645         0.00000     0.00000     0.00000     0.00000
    -44.495         0.00000     0.00000     0.00000     0.00000
    -44.345         0.00000     0.00000     0.00000     0.00000
    -44.195         0.00000     0.00000     0.00000     0.00000
    -44.045         0.00000     0.00000     0.00000     0.00000
    -43.895         0.00000     0.00000     0.00000     0.00000
    -43.745         0.00000     0.00000     0.00000     0.00000
    -43.595         0.00000     0.00000     0.00000     0.00000
    -43.445         0.00000     0.00000     0.00000     0.00000
    -43.295         0.00000     0.00000     0.00000     0.00000
    -43.145         0.00000     0.00000     0.00000     0.00000
    -42.995         0.00000     0.00000     0.00000     0.00000
    -42.845         0.00000     0.00000     0.00000     0.00000
    -42.695         0.00000     0.00000     0.00000     0.00000
    -42.545         0.00000     0.00000     0.00000     0.00000
    -42.395         0.00000     0.00000     0.00000     0.00000
    -42.245         0.00000     0.00000     0.00000     0.00000
    -42.095         0.00000     0.00000     0.00000     0.00000
    -41.945         0.00000     0.00000     0.00000     0.00000
    -41.795         0.00000     0.00000     0.00000     0.00000
    -41.645         0.00000     0.00000     0.00000     0.00000
    -41.495         0.00000     0.00000     0.00000     0.00000
    -41.345         0.00000     0.00000     0.00000     0.00000
    -41.195         0.00000     0.00000     0.00000     0.00000
    -41.045         0.00000     0.00000     0.00000     0.00000
    -40.895         0.00000     0.00000     0.00000     0.00000
    -40.745         0.00000     0.00000     0.00000     0.00000
    -40.595         0.00000     0.00000     0.00000     0.00000
    -40.445         0.00000     0.00000     0.00000     0.00000
    -40.295         0.00000     0.00000     0.00000     0.00000
    -40.145         0.00000     0.00000     0.00000     0.00000
    -39.995         0.00000     0.00000     0.00000     0.00000
    -39.845         0.00000     0.00000     0.00000     0.00000
    -39.695         0.00000     0.00000     0.00000     0.00000
    -39.545         0.00000     0.00000     0.00000     0.00000
    -39.395         0.00000     0.00000     0.00000     0.00000
    -39.245         0.00000     0.00000     0.00000     0.00000
    -39.095         0.00000     0.00000     0.00000     0.00000
    -38.945         0.00000     0.00000     0.00000     0.00000
    -38.795         0.00000     0.00000     0.00000     0.00000
    -38.645         0.00000     0.00000     0.00000     0.00000
    -38.495         0.00000     0.00000     0.00000     0.00000
    -38.345         0.00000     0.00000     0.00000     0.00000
    -38.195         0.00000     0.00000     0.00000     0.00000
    -38.045         0.00000     0.00000     0.00000     0.00000
    -37.895         0.00000     0.00000     0.00000     0.00000
    -37.745         0.00000     0.00000     0.00000     0.00000
    -37.595         0.00000     0.00000     0.00000     0.00000
    -37.445         0.00000     0.00000     0.00000     0.00000
    -37.295         0.00000     0.00000     0.00000     0.00000
    -37.145         0.00000     0.00000     0.00000     0.00000
    -36.995         0.00000     0.00000     0.00000     0.00000
    -36.845         0.00000     0.00000     0.00000     0.00000
    -36.695         0.00000     0.00000     0.00000     0.00000
    -36.545         0.00000     0.00000     0.00000     0.00000
    -36.395         0.00000     0.00000     0.00000     0.00000
    -36.245         0.00000     0.00000     0.00000     0.00000
    -36.095         0.00000     0.00000     0.00000     0.00000
    -35.945         0.00000     0.00000     0.00000     0.00000
    -35.795         0.00000     0.00000     0.00000     0.00000
    -35.645         0.00000     0.00000     0.00000     0.00000
    -35.495         0.00000     0.00000     0.00000     0.00000
    -35.345         0.00000     0.00000     0.00000     0.00000
    -35.195         0.00000     0.00000     0.00000     0.00000
    -35.045         0.00000     0.00000     0.00000     0.00000
    -34.895         0.00000     0.00000     0.00000     0.00000
    -34.745         0.00000     0.00000     0.00000     0.00000
    -34.595         0.00000     0.00000     0.00000     0.00000
    -34.445         0.00000     0.00000     0.00000     0.00000
    -34.295         0.00000     0.00000     0.00000     0.00000
    -34.145         0.00000     0.00000     0.00000     0.00000
    -33.995         0.00000     0.00000     0.00000     0.00000
    -33.845         0.00000     0.00000     0.00000     0.00000
    -33.695        -0.00000    -0.00000     0.00000     0.00000
    -33.545        -0.00000    -0.00000     0.00000     0.00000
    -33.395        -0.00000    -0.00000     0.00000     0.00000
    -33.245        -0.00000    -0.00000     0.00000     0.00000
    -33.095        -0.00000    -0.00000     0.00000     0.00000
    -32.945        -0.00000    -0.00000     0.00000     0.00000
    -32.795        -0.00000    -0.00000     0.00000     0.00000
    -32.645        -0.00000    -0.00000     0.00000     0.00000
    -32.495        -0.00000    -0.00000     0.00000     0.00000
    -32.345        -0.00000    -0.00000     0.00000     0.00000
    -32.195        -0.00000    -0.00000     0.00000     0.00000
    -32.045        -0.00000    -0.00000     0.00000     0.00000
    -31.895        -0.00000    -0.00000     0.00000     0.00000
    -31.745        -0.00000    -0.00000     0.00000     0.00000
    -31.595        -0.00000    -0.00000     0.00000     0.00000
    -31.445        -0.00000    -0.00000     0.00000     0.00000
    -31.295        -0.00000    -0.00000     0.00000     0.00000
    -31.145        -0.00000    -0.00000     0.00000     0.00000
    -30.995        -0.00000    -0.00000     0.00000     0.00000
    -30.845        -0.00000    -0.00000     0.00000     0.00000
    -30.695        -0.00000    -0.00000     0.00000     0.00000
    -30.545        -0.00000    -0.00000     0.00000     0.00000
    -30.395        -0.00001    -0.00001     0.00000     0.00000
    -30.245        -0.00001    -0.00001     0.00000     0.00000
    -30.095        -0.00001    -0.00001     0.00000     0.00000
    -29.945        -0.00001    -0.00001     0.00000     0.00000
    -29.795        -0.00001    -0.00001     0.00000     0.00000
    -29.645        -0.00001    -0.00001     0.00000     0.00000
    -29.495        -0.00001    -0.00001     0.00000     0.00000
    -29.345        -0.00001    -0.00001     0.00000     0.00000
    -29.195        -0.00001    -0.00001     0.00000     0.00000
    -29.045        -0.00001    -0.00001     0.00000     0.00000
    -28.895        -0.00001    -0.00001     0.00000     0.00000
    -28.745        -0.00002    -0.00002     0.00000     0.00000
    -28.595        -0.00002    -0.00002     0.00000     0.00000
    -28.445        -0.00002    -0.00002     0.00000     0.00000
    -28.295        -0.00002    -0.00002     0.00000     0.00000
    -28.145        -0.00002    -0.00002     0.00000     0.00000
    -27.995        -0.00003    -0.00003     0.00000     0.00000
    -27.845        -0.00003    -0.00003     0.00000     0.00000
    -27.695        -0.00003    -0.00003     0.00000     0.00000
    -27.545        -0.00004    -0.00004     0.00000     0.00000
    -27.395        -0.00004    -0.00004     0.00000     0.00000
    -27.245        -0.00005    -0.00005     0.00000     0.00000
    -27.095        -0.00005    -0.00005     0.00000     0.00000
    -26.945        -0.00006    -0.00006     0.00000     0.00000
    -26.795        -0.00007    -0.00007     0.00000     0.00000
    -26.645        -0.00007    -0.00007     0.00000     0.00000
    -26.495        -0.00008    -0.00008     0.00000     0.00000
    -26.345        -0.00009    -0.00009     0.00000     0.00000
    -26.195        -0.00010    -0.00010     0.00000     0.00000
    -26.045        -0.00010    -0.00010     0.00000     0.00000
    -25.895        -0.00011    -0.00011     0.00000     0.00000
    -25.745        -0.00013    -0.00013     0.00000     0.00000
    -25.595        -0.00014    -0.00014     0.00000     0.00000
    -25.445        -0.00015    -0.00015     0.00000     0.00000
    -25.295        -0.00016    -0.00016     0.00000     0.00000
    -25.145        -0.00017    -0.00017     0.00000     0.00000
    -24.995        -0.00019    -0.00019     0.00000     0.00000
    -24.845        -0.00020    -0.00020     0.00000     0.00000
    -24.695        -0.00022    -0.00022     0.00000     0.00000
    -24.545        -0.00023    -0.00023     0.00000     0.00000
    -24.395        -0.00025    -0.00025     0.00000     0.00000
    -24.245        -0.00027    -0.00027     0.00000     0.00000
    -24.095        -0.00028    -0.00028     0.00000     0.00000
    -23.945        -0.00030    -0.00030     0.00000     0.00000
    -23.795        -0.00033    -0.00033     0.00000     0.00000
    -23.645        -0.00087    -0.00035    -0.00052     0.00000
    -23.495        -0.00089    -0.00037    -0.00052     0.00000
    -23.345        -0.00092    -0.00040    -0.00052     0.00000
    -23.195        -0.00095    -0.00043    -0.00052     0.00000
    -23.045        -0.00097    -0.00046    -0.00052     0.00000
    -22.895        -0.00101    -0.00049    -0.00052     0.00000
    -22.745        -0.00103    -0.00051    -0.00052     0.00000
    -22.595        -0.00106    -0.00054    -0.00052     0.00000
    -22.445        -0.00158    -0.00059    -0.00100     0.00000
    -22.295        -0.00297    -0.00062    -0.00235     0.00000
    -22.145        -0.00300    -0.00065    -0.00235     0.00000
    -21.995        -0.00400    -0.00069    -0.00332     0.00000
    -21.845        -0.00404    -0.00073    -0.00332     0.00000
    -21.695        -0.00553    -0.00077    -0.00476     0.00000
    -21.545        -0.00557    -0.00081    -0.00476     0.00000
    -21.395        -0.00611    -0.00085    -0.00526     0.00000
    -21.245        -0.00763    -0.00089    -0.00673     0.00000
    -21.095        -0.00960    -0.00094    -0.00867     0.00000
    -20.945        -0.01208    -0.00099    -0.01109     0.00000
    -20.795        -0.01504    -0.00104    -0.01400     0.00000
    -20.645        -0.01802    -0.00109    -0.01693     0.00000
    -20.495        -0.02056    -0.00115    -0.01942     0.00000
    -20.345        -0.02501    -0.00120    -0.02381     0.00000
    -20.195        -0.03225    -0.00125    -0.03099     0.00000
    -20.045        -0.04312    -0.00132    -0.04181     0.00000
    -19.895        -0.05410    -0.00138    -0.05271     0.00000
    -19.745        -0.06513    -0.00146    -0.06367     0.00000
    -19.595        -0.08028    -0.00153    -0.07875     0.00000
    -19.445        -0.09279    -0.00160    -0.09119     0.00000
    -19.295        -0.10998    -0.00168    -0.10830     0.00000
    -19.145        -0.13248    -0.00176    -0.13071     0.00000
    -18.995        -0.14885    -0.00184    -0.14701     0.00000
    -18.845        -0.17277    -0.00192    -0.17085     0.00000
    -18.695        -0.19459    -0.00201    -0.19258     0.00000
    -18.545        -0.22470    -0.00210    -0.22261     0.00000
    -18.395        -0.25481    -0.00219    -0.25262     0.00000
    -18.245        -0.27807    -0.00228    -0.27578     0.00000
    -18.095        -0.30476    -0.00238    -0.30238     0.00000
    -17.945        -0.33062    -0.00247    -0.32815     0.00000
    -17.795        -0.35988    -0.00258    -0.35730     0.00000
    -17.645        -0.38572    -0.00269    -0.38303     0.00000
    -17.495        -0.41526    -0.00279    -0.41247     0.00000
    -17.345        -0.44140    -0.00289    -0.43851     0.00000
    -17.195        -0.47243    -0.00300    -0.46943     0.00000
    -17.045        -0.49966    -0.00311    -0.49654     0.00000
    -16.895        -0.53403    -0.00323    -0.53080     0.00000
    -16.745        -0.56433    -0.00335    -0.56098     0.00000
    -16.595        -0.58973    -0.00347    -0.58627     0.00000
    -16.445        -0.61384    -0.00358    -0.61026     0.00000
    -16.295        -0.64184    -0.00371    -0.63814     0.00000
    -16.145        -0.66656    -0.00383    -0.66273     0.00000
    -15.995        -0.68851    -0.00397    -0.68454     0.00000
    -15.845        -0.70879    -0.00409    -0.70470     0.00000
    -15.695        -0.73699    -0.00422    -0.73277     0.00000
    -15.545        -0.75687    -0.00437    -0.75250     0.00000
    -15.395        -0.77732    -0.00453    -0.77279     0.00000
    -15.245        -0.80212    -0.00469    -0.79743     0.00000
    -15.095        -0.82284    -0.00483    -0.81801     0.00000
    -14.945        -0.84343    -0.00498    -0.83845     0.00000
    -14.795        -0.86725    -0.00513    -0.86212     0.00000
    -14.645        -0.88845    -0.00530    -0.88316     0.00000
    -14.495        -0.91099    -0.00548    -0.90550     0.00000
    -14.345        -0.92706    -0.00566    -0.92140     0.00000
    -14.195        -0.94765    -0.00584    -0.94182     0.00000
    -14.045        -0.96572    -0.00601    -0.95971     0.00000
    -13.895        -0.98984    -0.00621    -0.98364     0.00000
    -13.745        -1.00343    -0.00641    -0.99702     0.00000
    -13.595        -1.02266    -0.00660    -1.01606     0.00000
    -13.445        -1.03817    -0.00678    -1.03139     0.00000
    -13.295        -1.05199    -0.00697    -1.04502     0.00000
    -13.145        -1.06815    -0.00717    -1.06098     0.00000
    -12.995        -1.08580    -0.00735    -1.07845     0.00000
    -12.845        -1.10186    -0.00759    -1.09427     0.00000
    -12.695        -1.11626    -0.00779    -1.10847     0.00000
    -12.545        -1.12944    -0.00801    -1.12143     0.00000
    -12.395        -1.14227    -0.00824    -1.13403     0.00000
    -12.245        -1.15544    -0.00847    -1.14697     0.00000
    -12.095        -1.16979    -0.00871    -1.16108     0.00000
    -11.945        -1.18445    -0.00894    -1.17552     0.00000
    -11.795        -1.19905    -0.01054    -1.18851     0.00000
    -11.645        -1.21367    -0.01303    -1.20064     0.00000
    -11.495        -1.22867    -0.01330    -1.21537     0.00000
    -11.345        -1.24504    -0.01583    -1.22921     0.00000
    -11.195        -1.25801    -0.01751    -1.24050     0.00000
    -11.045        -1.27352    -0.01780    -1.25572     0.00000
    -10.895        -1.28710    -0.01805    -1.26905     0.00000
    -10.745        -1.30077    -0.01972    -1.28105     0.00000
    -10.595        -1.31634    -0.02142    -1.29492     0.00000
    -10.445        -1.33596    -0.02554    -1.31042    -0.00000
    -10.295        -1.35367    -0.03030    -1.32336    -0.00000
    -10.145        -1.36846    -0.03393    -1.33452    -0.00000
    -9.9950        -1.39012    -0.03834    -1.35159    -0.00019
    -9.8450        -1.41162    -0.04399    -1.36569    -0.00194
    -9.6950        -1.43488    -0.04981    -1.38074    -0.00433
    -9.5450        -1.46065    -0.05516    -1.39641    -0.00907
    -9.3950        -1.49378    -0.06320    -1.41145    -0.01913
    -9.2450        -1.53690    -0.07257    -1.42812    -0.03622
    -9.0950        -1.58855    -0.08144    -1.44384    -0.06327
    -8.9450        -1.65931    -0.09137    -1.46212    -0.10582
    -8.7950        -1.75321    -0.10263    -1.48289    -0.16768
    -8.6450        -1.86564    -0.11512    -1.50148    -0.24904
    -8.4950        -2.00461    -0.12647    -1.51885    -0.35930
    -8.3450        -2.18450    -0.14200    -1.53839    -0.50411
    -8.1950        -2.39630    -0.15585    -1.56144    -0.67901
    -8.0450        -2.66012    -0.17315    -1.58575    -0.90122
    -7.8950        -2.95953    -0.19244    -1.60884    -1.15824
    -7.7450        -3.31658    -0.21637    -1.63100    -1.46921
    -7.5950        -3.71866    -0.23913    -1.65793    -1.82160
    -7.4450        -4.15763    -0.26034    -1.68482    -2.21248
    -7.2950        -4.66770    -0.28400    -1.71557    -2.66813
    -7.1450        -5.20700    -0.30628    -1.74507    -3.15565
    -6.9950        -5.77615    -0.32927    -1.77587    -3.67102
    -6.8450        -6.37397    -0.35586    -1.81050    -4.20761
    -6.6950        -7.00523    -0.38845    -1.84419    -4.77259
    -6.5450        -7.65723    -0.42186    -1.87935    -5.35602
    -6.3950        -8.31334    -0.45355    -1.91621    -5.94358
    -6.2450        -8.96669    -0.49013    -1.95076    -6.52580
    -6.0950        -9.62208    -0.52670    -1.98976    -7.10562
    -5.9450       -10.25704    -0.56144    -2.02868    -7.66692
    -5.7950       -10.87880    -0.60292    -2.06969    -8.20618
    -5.6450       -11.49822    -0.64376    -2.11498    -8.73949
    -5.4950       -12.08923    -0.68543    -2.16139    -9.24242
    -5.3450       -12.66952    -0.73082    -2.20959    -9.72911
    -5.1950       -13.23190    -0.77654    -2.25715   -10.19821
    -5.0450       -13.78784    -0.82428    -2.30571   -10.65784
    -4.8950       -14.30451    -0.87561    -2.35504   -11.07386
    -4.7450       -14.83540    -0.92726    -2.40679   -11.50135
    -4.5950       -15.35839    -0.98361    -2.46176   -11.91302
    -4.4450       -15.87852    -1.04010    -2.52007   -12.31834
    -4.2950       -16.40525    -1.10083    -2.57719   -12.72723
    -4.1450       -16.94582    -1.16378    -2.63642   -13.14561
    -3.9950       -17.49329    -1.23083    -2.69635   -13.56610
    -3.8450       -18.06055    -1.29965    -2.75750   -14.00340
    -3.6950       -18.65217    -1.37198    -2.82602   -14.45417
    -3.5450       -19.26348    -1.44929    -2.89696   -14.91723
    -3.3950       -19.88957    -1.53245    -2.97239   -15.38473
    -3.2450       -20.53744    -1.61859    -3.05501   -15.86384
    -3.0950       -21.20875    -1.70940    -3.14350   -16.35585
    -2.9450       -21.90251    -1.80125    -3.23718   -16.86408
    -2.7950       -22.63264    -1.90469    -3.33867   -17.38928
    -2.6450       -23.40979    -2.01154    -3.44857   -17.94968
    -2.4950       -24.23861    -2.12553    -3.56619   -18.54689
    -2.3450       -25.13466    -2.24681    -3.69350   -19.19435
    -2.1950       -26.13082    -2.37868    -3.83421   -19.91793
    -2.0450       -27.24501    -2.51968    -3.99312   -20.73221
    -1.8950       -28.48635    -2.66902    -4.15810   -21.65923
    -1.7450       -29.90875    -2.83741    -4.34360   -22.72774
    -1.5950       -31.50329    -3.02287    -4.54882   -23.93159
    -1.4450       -33.31280    -3.22244    -4.77748   -25.31288
    -1.2950       -35.31662    -3.44178    -5.02858   -26.84626
    -1.1450       -37.53667    -3.67949    -5.30896   -28.54822
   -0.99500       -39.99085    -3.94477    -5.63123   -30.41485
   -0.84500       -42.71481    -4.24347    -6.01478   -32.45657
   -0.69500       -45.74925    -4.56892    -6.47059   -34.70973
   -0.54500       -49.26202    -4.92481    -6.99403   -37.34317
   -0.39500       -53.58918    -5.30225    -7.55888   -40.72805
   -0.25300       -57.10039    -5.53341    -7.89092   -43.67605
   -0.21500       -57.34725    -5.54662    -7.90921   -43.89143
   -0.20900       -57.60095    -5.55977    -7.92755   -44.11364
   -0.20300       -57.85896    -5.57259    -7.94510   -44.34127
   -0.19700       -58.12319    -5.58534    -7.96211   -44.57574
   -0.19100       -58.39351    -5.59796    -7.97900   -44.81655
   -0.18500       -58.66892    -5.61012    -7.99556   -45.06324
   -0.17900       -58.95255    -5.62198    -8.01141   -45.31916
   -0.17300       -59.24372    -5.63407    -8.02668   -45.58297
   -0.16700       -59.54262    -5.64552    -8.04156   -45.85554
   -0.16100       -59.85064    -5.65686    -8.05587   -46.13791
   -0.15500       -60.16964    -5.66816    -8.06976   -46.43171
   -0.14900       -60.50085    -5.67902    -8.08302   -46.73881
   -0.14300       -60.84355    -5.68971    -8.09579   -47.05805
   -0.13700       -61.20061    -5.70000    -8.10809   -47.39251
   -0.13100       -61.57130    -5.70988    -8.11979   -47.74163
   -0.12500       -61.96097    -5.71967    -8.13109   -48.11021
   -0.11900       -62.36707    -5.72924    -8.14179   -48.49603
   -0.11300       -62.79230    -5.73803    -8.15217   -48.90210
   -0.10700       -63.24083    -5.74663    -8.16196   -49.33223
   -0.10100       -63.71127    -5.75474    -8.17134   -49.78519
   -0.95000E-01   -64.20678    -5.76245    -8.18014   -50.26418
   -0.89000E-01   -64.73151    -5.76975    -8.18820   -50.77356
   -0.83000E-01   -65.28605    -5.77655    -8.19571   -51.31379
   -0.77000E-01   -65.87502    -5.78306    -8.20286   -51.88910
   -0.71000E-01   -66.50034    -5.78906    -8.20938   -52.50190
   -0.65000E-01   -67.16543    -5.79456    -8.21535   -53.15551
   -0.59000E-01   -67.87270    -5.79962    -8.22074   -53.85234
   -0.53000E-01   -68.62832    -5.80413    -8.22565   -54.59854
   -0.47000E-01   -69.43710    -5.80815    -8.23004   -55.39891
   -0.41000E-01   -70.30943    -5.81169    -8.23380   -56.26394
   -0.35000E-01   -71.25048    -5.81469    -8.23701   -57.19878
   -0.29000E-01   -72.25337    -5.81719    -8.23973   -58.19645
   -0.23000E-01   -73.27819    -5.81920    -8.24186   -59.21713
   -0.19700E-01   -73.37835    -5.81938    -8.24204   -59.31693
   -0.19100E-01   -73.47737    -5.81955    -8.24223   -59.41559
   -0.18500E-01   -73.57529    -5.81971    -8.24240   -59.51318
   -0.17900E-01   -73.67240    -5.81987    -8.24257   -59.60996
   -0.17300E-01   -73.76805    -5.82002    -8.24272   -59.70530
   -0.16700E-01   -73.86188    -5.82017    -8.24287   -59.79884
   -0.16100E-01   -73.95411    -5.82031    -8.24303   -59.89077
   -0.15500E-01   -74.04442    -5.82045    -8.24318   -59.98080
   -0.14900E-01   -74.13267    -5.82058    -8.24331   -60.06878
   -0.14300E-01   -74.21834    -5.82071    -8.24344   -60.15419
   -0.13700E-01   -74.30165    -5.82084    -8.24357   -60.23725
   -0.13100E-01   -74.38233    -5.82095    -8.24369   -60.31769
   -0.12500E-01   -74.46023    -5.82107    -8.24382   -60.39534
   -0.11900E-01   -74.53515    -5.82117    -8.24393   -60.47005
   -0.11300E-01   -74.60727    -5.82128    -8.24404   -60.54195
   -0.10700E-01   -74.67612    -5.82137    -8.24414   -60.61061
   -0.10100E-01   -74.74180    -5.82146    -8.24423   -60.67610
   -0.95000E-02   -74.80404    -5.82155    -8.24432   -60.73817
   -0.89000E-02   -74.86300    -5.82163    -8.24440   -60.79696
   -0.83000E-02   -74.91838    -5.82171    -8.24448   -60.85219
   -0.77000E-02   -74.97009    -5.82178    -8.24455   -60.90376
   -0.71000E-02   -75.01816    -5.82185    -8.24461   -60.95170
   -0.65000E-02   -75.06236    -5.82191    -8.24467   -60.99578
   -0.59000E-02   -75.10254    -5.82197    -8.24473   -61.03585
   -0.53000E-02   -75.13893    -5.82202    -8.24478   -61.07213
   -0.47000E-02   -75.17136    -5.82206    -8.24482   -61.10448
   -0.41000E-02   -75.19975    -5.82210    -8.24486   -61.13279
   -0.35000E-02   -75.22408    -5.82213    -8.24490   -61.15705
   -0.29000E-02   -75.24430    -5.82216    -8.24492   -61.17721
   -0.23000E-02   -75.26040    -5.82220    -8.24494   -61.19325
   -0.17000E-02   -75.27230    -5.82222    -8.24496   -61.20512
   -0.11000E-02   -75.28005    -5.82224    -8.24497   -61.21284
   -0.50000E-03   -75.28362    -5.82224    -8.24498   -61.21639
    0.10000E-03   -75.28297    -5.82225    -8.24498   -61.21574
    0.70000E-03   -75.27816    -5.82225    -8.24497   -61.21094
    0.13000E-02   -75.26917    -5.82226    -8.24496   -61.20195
    0.19000E-02   -75.25599    -5.82224    -8.24495   -61.18880
    0.25000E-02   -75.23866    -5.82222    -8.24492   -61.17152
    0.31000E-02   -75.21728    -5.82220    -8.24490   -61.15018
    0.37000E-02   -75.19170    -5.82218    -8.24486   -61.12467
    0.43000E-02   -75.16209    -5.82214    -8.24482   -61.09513
    0.49000E-02   -75.12846    -5.82209    -8.24478   -61.06158
    0.55000E-02   -75.09085    -5.82205    -8.24473   -61.02407
    0.61000E-02   -75.04936    -5.82200    -8.24467   -60.98268
    0.67000E-02   -75.00408    -5.82195    -8.24461   -60.93752
    0.73000E-02   -74.95502    -5.82188    -8.24455   -60.88859
    0.79000E-02   -74.90221    -5.82182    -8.24447   -60.83591
    0.85000E-02   -74.84596    -5.82177    -8.24439   -60.77980
    0.91000E-02   -74.78599    -5.82168    -8.24431   -60.72000
    0.97000E-02   -74.72256    -5.82160    -8.24422   -60.65674
    0.10300E-01   -74.65603    -5.82152    -8.24414   -60.59037
    0.10900E-01   -74.58625    -5.82145    -8.24405   -60.52075
    0.11500E-01   -74.51324    -5.82135    -8.24395   -60.44794
    0.12100E-01   -74.43745    -5.82125    -8.24383   -60.37236
    0.12700E-01   -74.35857    -5.82114    -8.24371   -60.29372
    0.13300E-01   -74.27712    -5.82103    -8.24359   -60.21249
    0.13900E-01   -74.19328    -5.82091    -8.24346   -60.12891
    0.14500E-01   -74.10703    -5.82078    -8.24333   -60.04292
    0.15100E-01   -74.01823    -5.82067    -8.24319   -59.95437
    0.15700E-01   -73.92747    -5.82053    -8.24305   -59.86389
    0.16300E-01   -73.83507    -5.82039    -8.24290   -59.77178
    0.16900E-01   -73.74073    -5.82025    -8.24275   -59.67773
    0.17500E-01   -73.64509    -5.82012    -8.24259   -59.58238
    0.18100E-01   -73.54811    -5.81995    -8.24243   -59.48573
    0.18700E-01   -73.44992    -5.81978    -8.24225   -59.38789
    0.19300E-01   -73.35076    -5.81961    -8.24208   -59.28906
    0.20200E-01   -72.95885    -5.81893    -8.24137   -58.89856
    0.25000E-01   -71.93540    -5.81676    -8.23916   -57.87948
    0.31000E-01   -70.94878    -5.81405    -8.23634   -56.89839
    0.37000E-01   -70.02853    -5.81083    -8.23304   -55.98466
    0.43000E-01   -69.17712    -5.80707    -8.22917   -55.14088
    0.49000E-01   -68.38618    -5.80273    -8.22478   -54.35867
    0.55000E-01   -67.64896    -5.79800    -8.21988   -53.63108
    0.61000E-01   -66.95982    -5.79264    -8.21444   -52.95273
    0.67000E-01   -66.31471    -5.78664    -8.20851   -52.31957
    0.73000E-01   -65.71138    -5.78014    -8.20217   -51.72907
    0.79000E-01   -65.14792    -5.77317    -8.19541   -51.17934
    0.85000E-01   -64.61808    -5.76573    -8.18809   -50.66426
    0.91000E-01   -64.12122    -5.75757    -8.18037   -50.18327
    0.97000E-01   -63.65514    -5.74908    -8.17213   -49.73393
    0.10300       -63.21578    -5.73997    -8.16354   -49.31227
    0.10900       -62.80216    -5.73033    -8.15452   -48.91731
    0.11500       -62.41235    -5.72004    -8.14510   -48.54720
    0.12100       -62.04446    -5.70940    -8.13520   -48.19986
    0.12700       -61.69575    -5.69818    -8.12487   -47.87270
    0.13300       -61.36662    -5.68679    -8.11426   -47.56557
    0.13900       -61.05188    -5.67463    -8.10322   -47.27403
    0.14500       -60.75166    -5.66209    -8.09207   -46.99750
    0.15100       -60.46576    -5.64910    -8.08021   -46.73645
    0.15700       -60.19068    -5.63581    -8.06820   -46.48666
    0.16300       -59.92686    -5.62153    -8.05579   -46.24954
    0.16900       -59.67266    -5.60660    -8.04340   -46.02266
    0.17500       -59.42798    -5.59166    -8.03071   -45.80561
    0.18100       -59.19200    -5.57612    -8.01770   -45.59819
    0.18700       -58.96324    -5.56005    -8.00442   -45.39877
    0.19300       -58.74253    -5.54363    -7.99106   -45.20784
    0.19900       -58.52730    -5.52676    -7.97752   -45.02302
    0.20500       -58.31755    -5.50939    -7.96347   -44.84468
    0.21100       -58.11415    -5.49157    -7.94955   -44.67303
    0.21700       -57.91560    -5.47331    -7.93527   -44.50702
    0.29500       -53.82596    -4.91901    -7.54373   -41.36321
    0.44500       -51.06780    -4.34748    -7.16651   -39.55380
    0.59500       -49.02131    -3.85385    -6.83798   -38.32948
    0.74500       -47.39382    -3.44588    -6.55702   -37.39093
    0.89500       -46.02997    -3.10113    -6.30387   -36.62497
     1.0450       -44.85309    -2.80118    -6.07973   -35.97219
     1.1950       -43.82959    -2.54034    -5.88047   -35.40878
     1.3450       -42.92218    -2.30882    -5.69928   -34.91408
     1.4950       -42.12290    -2.10057    -5.53816   -34.48417
     1.6450       -41.41168    -1.91400    -5.39207   -34.10561
     1.7950       -40.77717    -1.74449    -5.25884   -33.77384
     1.9450       -40.20565    -1.59090    -5.13617   -33.47858
     2.0950       -39.68978    -1.45259    -5.02249   -33.21470
     2.2450       -39.22485    -1.32704    -4.91666   -32.98114
     2.3950       -38.80032    -1.21227    -4.81956   -32.76848
     2.5450       -38.40610    -1.10610    -4.72713   -32.57287
     2.6950       -38.05363    -1.00967    -4.64167   -32.40229
     2.8450       -37.72846    -0.91948    -4.56220   -32.24678
     2.9950       -37.43082    -0.83718    -4.48671   -32.10693
     3.1450       -37.15645    -0.75971    -4.41599   -31.98076
     3.2950       -36.90299    -0.68798    -4.34942   -31.86559
     3.4450       -36.67223    -0.62049    -4.28861   -31.76313
     3.5950       -36.44405    -0.55686    -4.23000   -31.65720
     3.7450       -36.24243    -0.49714    -4.17637   -31.56892
     3.8950       -36.05125    -0.44117    -4.12656   -31.48352
     4.0450       -35.86894    -0.38874    -4.07724   -31.40296
     4.1950       -35.70310    -0.33951    -4.03233   -31.33126
     4.3450       -35.54293    -0.29261    -3.98858   -31.26174
     4.4950       -35.39200    -0.24791    -3.94909   -31.19500
     4.6450       -35.24667    -0.20616    -3.90987   -31.13064
     4.7950       -35.10785    -0.16709    -3.87193   -31.06882
     4.9450       -34.97599    -0.12951    -3.83595   -31.01054
     5.0950       -34.84853    -0.09345    -3.80003   -30.95504
     5.2450       -34.72737    -0.05859    -3.76734   -30.90144
     5.3950       -34.61352    -0.02582    -3.73768   -30.85002
     5.5450       -34.50429     0.00588    -3.70981   -30.80037
     5.6950       -34.39741     0.03602    -3.68152   -30.75191
     5.8450       -34.29556     0.06549    -3.65565   -30.70540
     5.9950       -34.19517     0.09421    -3.63058   -30.65880
     6.1450       -34.09901     0.12202    -3.60672   -30.61432
     6.2950       -34.00637     0.14849    -3.58356   -30.57130
     6.4450       -33.91641     0.17397    -3.56140   -30.52898
     6.5950       -33.83207     0.19870    -3.54276   -30.48801
     6.7450       -33.74873     0.22245    -3.52316   -30.44802
     6.8950       -33.66862     0.24590    -3.50561   -30.40890
     7.0450       -33.58867     0.26814    -3.48740   -30.36941
     7.1950       -33.51378     0.28897    -3.47132   -30.33144
     7.3450       -33.44231     0.31023    -3.45763   -30.29491
     7.4950       -33.37259     0.33094    -3.44451   -30.25902
     7.6450       -33.30481     0.35109    -3.43204   -30.22386
     7.7950       -33.24135     0.37015    -3.42214   -30.18936
     7.9450       -33.17990     0.38797    -3.41229   -30.15557
     8.0950       -33.11702     0.40612    -3.40061   -30.12253
     8.2450       -33.05860     0.42372    -3.39238   -30.08994
     8.3950       -33.00349     0.44056    -3.38602   -30.05803
     8.5450       -32.94859     0.45678    -3.37866   -30.02671
     8.6950       -32.89293     0.47346    -3.37042   -29.99597
     8.8450       -32.84347     0.48872    -3.36641   -29.96578
     8.9950       -32.79698     0.50277    -3.36378   -29.93597
     9.1450       -32.74818     0.51699    -3.35850   -29.90667
     9.2950       -32.69874     0.53129    -3.35213   -29.87790
     9.4450       -32.65276     0.54497    -3.34809   -29.84964
     9.5950       -32.60989     0.55472    -3.34273   -29.82188
     9.7450       -32.56795     0.56833    -3.34173   -29.79455
     9.8950       -32.52651     0.57877    -3.33768   -29.76760
     10.045       -32.48703     0.58920    -3.33511   -29.74112
     10.195       -32.44753     0.59725    -3.32977   -29.71501
     10.345       -32.41526     0.60294    -3.32892   -29.68928
     10.495       -32.38102     0.61099    -3.32810   -29.66391
     10.645       -32.34618     0.61674    -3.32397   -29.63896
     10.795       -32.31818     0.61931    -3.32320   -29.61429
     10.945       -32.28701     0.62363    -3.32059   -29.59005
     11.095       -32.26163     0.62432    -3.31986   -29.56609
     11.245       -32.23456     0.62698    -3.31916   -29.54238
     11.395       -32.20615     0.63139    -3.31845   -29.51909
     11.545       -32.17804     0.63586    -3.31777   -29.49613
     11.695       -32.15195     0.63850    -3.31711   -29.47334
     11.845       -32.12826     0.63910    -3.31648   -29.45088
     11.995       -32.10493     0.63964    -3.31588   -29.42869
     12.145       -32.08193     0.64016    -3.31527   -29.40682
     12.295       -32.05922     0.64064    -3.31469   -29.38517
     12.445       -32.03676     0.64111    -3.31410   -29.36377
     12.595       -32.01469     0.64159    -3.31355   -29.34273
     12.745       -31.98836     0.64435    -3.31084   -29.32188
     12.895       -31.96680     0.64480    -3.31030   -29.30131
     13.045       -31.94555     0.64525    -3.30978   -29.28102
     13.195       -31.92453     0.64564    -3.30926   -29.26091
     13.345       -31.90374     0.64608    -3.30875   -29.24108
     13.495       -31.88315     0.64650    -3.30825   -29.22140
     13.645       -31.86054     0.64691    -3.30548   -29.20197
     13.795       -31.84036     0.64731    -3.30499   -29.18267
     13.945       -31.82055     0.64765    -3.30453   -29.16367
     14.095       -31.80088     0.64802    -3.30407   -29.14483
     14.245       -31.78144     0.64838    -3.30362   -29.12620
     14.395       -31.76227     0.64874    -3.30319   -29.10783
     14.545       -31.74328     0.64908    -3.30276   -29.08960
     14.695       -31.72453     0.64941    -3.30234   -29.07160
     14.845       -31.70598     0.64972    -3.30192   -29.05379
     14.995       -31.68760     0.65005    -3.30151   -29.03614
     15.145       -31.66940     0.65037    -3.30109   -29.01868
     15.295       -31.65139     0.65066    -3.30070   -29.00135
     15.445       -31.63360     0.65095    -3.30031   -28.98424
     15.595       -31.61603     0.65125    -3.29993   -28.96734
     15.745       -31.59858     0.65153    -3.29954   -28.95058
     15.895       -31.58133     0.65182    -3.29918   -28.93398
     16.045       -31.56431     0.65210    -3.29882   -28.91758
     16.195       -31.54740     0.65238    -3.29846   -28.90131
     16.345       -31.53060     0.65265    -3.29811   -28.88514
     16.495       -31.51405     0.65289    -3.29776   -28.86919
     16.645       -31.49761     0.65314    -3.29741   -28.85335
     16.795       -31.48136     0.65339    -3.29709   -28.83766
     16.945       -31.46523     0.65360    -3.29677   -28.82206
     17.095       -31.44925     0.65382    -3.29645   -28.80662
     17.245       -31.43339     0.65406    -3.29613   -28.79132
     17.395       -31.41765     0.65429    -3.29582   -28.77613
     17.545       -31.40205     0.65451    -3.29551   -28.76105
     17.695       -31.38660     0.65474    -3.29519   -28.74615
     17.845       -31.37132     0.65494    -3.29489   -28.73137
     17.995       -31.35612     0.65516    -3.29458   -28.71669
     18.145       -31.34099     0.65538    -3.29429   -28.70208
     18.295       -31.32604     0.65558    -3.29399   -28.68763
     18.445       -31.31131     0.65577    -3.29371   -28.67338
     18.595       -31.29668     0.65597    -3.29342   -28.65923
     18.745       -31.28217     0.65616    -3.29314   -28.64518
     18.895       -31.26776     0.65635    -3.29285   -28.63126
     19.045       -31.25351     0.65655    -3.29258   -28.61748
     19.195       -31.23931     0.65673    -3.29230   -28.60373
     19.345       -31.22531     0.65691    -3.29204   -28.59019
     19.495       -31.21133     0.65710    -3.29178   -28.57664
     19.645       -31.19751     0.65727    -3.29151   -28.56328
     19.795       -31.18380     0.65745    -3.29123   -28.55002
     19.945       -31.17024     0.65762    -3.29097   -28.53689
     20.095       -31.15674     0.65780    -3.29073   -28.52382
     20.245       -31.14337     0.65796    -3.29049   -28.51085
     20.395       -31.13004     0.65813    -3.29024   -28.49793
     20.545       -31.11687     0.65830    -3.29000   -28.48518
     20.695       -31.10374     0.65846    -3.28975   -28.47245
     20.845       -31.09073     0.65861    -3.28950   -28.45984
     20.995       -31.07786     0.65878    -3.28925   -28.44739
     21.145       -31.06503     0.65893    -3.28901   -28.43495
     21.295       -31.05233     0.65909    -3.28878   -28.42264
     21.445       -31.03969     0.65925    -3.28855   -28.41039
     21.595       -31.02718     0.65938    -3.28831   -28.39825
     21.745       -31.01475     0.65953    -3.28810   -28.38618
     21.895       -31.00237     0.65967    -3.28787   -28.37417
     22.045       -30.99009     0.65982    -3.28766   -28.36225
     22.195       -30.97787     0.65997    -3.28744   -28.35041
     22.345       -30.96581     0.66010    -3.28722   -28.33869
     22.495       -30.95381     0.66023    -3.28701   -28.32703
     22.645       -30.94192     0.66038    -3.28681   -28.31550
     22.795       -30.93000     0.66052    -3.28659   -28.30393
     22.945       -30.91819     0.66066    -3.28638   -28.29247
     23.095       -30.90651     0.66080    -3.28618   -28.28113
     23.245       -30.89484     0.66093    -3.28597   -28.26981
     23.395       -30.88330     0.66107    -3.28576   -28.25861
     23.545       -30.87188     0.66119    -3.28555   -28.24752
     23.695       -30.86051     0.66131    -3.28535   -28.23647
     23.845       -30.84921     0.66144    -3.28515   -28.22550
     23.995       -30.83793     0.66157    -3.28495   -28.21455
     24.145       -30.82684     0.66166    -3.28475   -28.20375
     24.295       -30.81573     0.66179    -3.28455   -28.19297
     24.445       -30.80470     0.66190    -3.28435   -28.18225
     24.595       -30.79378     0.66203    -3.28417   -28.17164
     24.745       -30.78291     0.66215    -3.28399   -28.16108
     24.895       -30.77214     0.66225    -3.28380   -28.15059
     25.045       -30.76143     0.66236    -3.28362   -28.14018
     25.195       -30.75081     0.66248    -3.28343   -28.12986
     25.345       -30.74021     0.66258    -3.28324   -28.11955
     25.495       -30.72962     0.66269    -3.28306   -28.10925
     25.645       -30.71911     0.66279    -3.28288   -28.09902
     25.795       -30.70865     0.66291    -3.28270   -28.08885
     25.945       -30.69828     0.66303    -3.28253   -28.07879
     26.095       -30.68801     0.66312    -3.28236   -28.06878
     26.245       -30.67777     0.66322    -3.28217   -28.05881
     26.395       -30.66763     0.66331    -3.28200   -28.04894
     26.545       -30.65755     0.66341    -3.28183   -28.03913
     26.695       -30.64752     0.66350    -3.28166   -28.02936
     26.845       -30.63757     0.66359    -3.28149   -28.01967
     26.995       -30.62767     0.66369    -3.28133   -28.01003
     27.145       -30.61777     0.66379    -3.28116   -28.00040
     27.295       -30.60800     0.66388    -3.28100   -27.99087
     27.445       -30.59825     0.66396    -3.28083   -27.98139
     27.595       -30.58853     0.66405    -3.28066   -27.97192
     27.745       -30.57887     0.66416    -3.28050   -27.96252
     27.895       -30.56924     0.66425    -3.28034   -27.95314
     28.045       -30.55973     0.66432    -3.28018   -27.94387
     28.195       -30.55020     0.66440    -3.28002   -27.93459
     28.345       -30.54077     0.66450    -3.27986   -27.92540
     28.495       -30.53139     0.66459    -3.27971   -27.91627
     28.645       -30.52206     0.66469    -3.27956   -27.90719
     28.795       -30.51278     0.66477    -3.27941   -27.89815
     28.945       -30.50352     0.66485    -3.27924   -27.88913
     29.095       -30.49439     0.66495    -3.27909   -27.88025
     29.245       -30.48527     0.66503    -3.27894   -27.87135
     29.395       -30.47619     0.66511    -3.27879   -27.86251
     29.545       -30.46714     0.66518    -3.27865   -27.85367
     29.695       -30.45813     0.66527    -3.27850   -27.84489
     29.845       -30.44918     0.66535    -3.27835   -27.83618
     29.995       -30.44027     0.66543    -3.27821   -27.82750
     30.145       -30.43145     0.66551    -3.27806   -27.81890
     35.794       -29.84864     0.67034    -3.26879   -27.25019
     49.810       -29.27503     0.67451    -3.26003   -26.68951
     69.316       -28.71147     0.67830    -3.25164   -26.13812
     96.460       -28.15922     0.68197    -3.24358   -25.59761
     134.23       -27.61891     0.68551    -3.23575   -25.06866
     186.80       -27.09170     0.68890    -3.22807   -24.55253
     259.95       -26.57787     0.69229    -3.22063   -24.04953
     361.74       -26.07726     0.69570    -3.21337   -23.55959
     503.40       -25.59033     0.69911    -3.20630   -23.08315
     700.53       -25.11695     0.70250    -3.19942   -22.62003
     974.85       -24.65681     0.70588    -3.19268   -22.17001
     1356.6       -24.20994     0.70917    -3.18614   -21.73297
     1887.8       -23.77592     0.71255    -3.17977   -21.30870
     2627.1       -23.35449     0.71590    -3.17358   -20.89681
     3655.9       -22.94529     0.71925    -3.16754   -20.49700
     5087.5       -22.54806     0.72260    -3.16169   -20.10897
     7079.7       -22.16283     0.72604    -3.15602   -19.73285
     9852.1       -21.78955     0.72937    -3.15047   -19.36845
     13710.       -21.42850     0.73259    -3.14511   -19.01598
     19079.       -21.07940     0.73576    -3.13994   -18.67522
     26550.       -20.74186     0.73892    -3.13490   -18.34588
     36947.       -20.41706     0.74195    -3.13004   -18.02896
     51416.       -20.10473     0.74488    -3.12537   -17.72424
     71550.       -19.80567     0.74773    -3.12091   -17.43249
     99568.       -19.51831     0.75052    -3.11661   -17.15221
    0.13856E+06   -19.24343     0.75316    -3.11247   -16.88411
    0.19282E+06   -18.98094     0.75571    -3.10851   -16.62813
    0.26832E+06   -18.73019     0.75811    -3.10474   -16.38356
    0.37340E+06   -18.49080     0.76044    -3.10114   -16.15009
    0.51962E+06   -18.26197     0.76270    -3.09770   -15.92697
    0.72310E+06   -18.04325     0.76483    -3.09438   -15.71370
    0.10063E+07   -17.83449     0.76692    -3.09121   -15.51020
    0.14003E+07   -17.63543     0.76886    -3.08819   -15.31610
    0.19487E+07   -17.44589     0.77074    -3.08531   -15.13133
    0.27118E+07   -17.26513     0.77254    -3.08257   -14.95509
    0.37737E+07   -17.09322     0.77422    -3.07998   -14.78746
    0.52514E+07   -16.92930     0.77584    -3.07749   -14.62764
    0.73079E+07   -16.77333     0.77739    -3.07512   -14.47560
    0.10170E+08   -16.62499     0.77889    -3.07286   -14.33102
    0.14152E+08   -16.48380     0.78028    -3.07071   -14.19338
    0.19694E+08   -16.34940     0.78163    -3.06868   -14.06234
    0.27406E+08   -16.22162     0.78290    -3.06674   -13.93778
    0.38138E+08   -16.10062     0.78413    -3.06491   -13.81984
    0.53073E+08   -15.98628     0.78529    -3.06315   -13.70842
    0.73856E+08   -15.87849     0.78639    -3.06150   -13.60337
    0.10278E+09   -15.77697     0.78741    -3.05996   -13.50441
    0.14302E+09   -15.68209     0.78836    -3.05851   -13.41194
    0.19903E+09   -15.59418     0.78925    -3.05717   -13.32626
    0.27697E+09   -15.51291     0.79009    -3.05593   -13.24707
    0.38543E+09   -15.43891     0.79089    -3.05479   -13.17501
    0.53637E+09   -15.37136     0.79162    -3.05376   -13.10921
    0.74641E+09   -15.30943     0.79230    -3.05281   -13.04892
    0.10387E+10   -15.25245     0.79294    -3.05194   -12.99346
    0.14454E+10   -15.20004     0.79353    -3.05114   -12.94243
    0.20115E+10   -15.15176     0.79407    -3.05041   -12.89542
    0.27992E+10   -15.10737     0.79458    -3.04973   -12.85222
    0.38953E+10   -15.06636     0.79505    -3.04910   -12.81231
    0.54207E+10   -15.02862     0.79549    -3.04853   -12.77558
    0.75434E+10   -14.99387     0.79589    -3.04800   -12.74176
    0.10497E+11   -14.96187     0.79627    -3.04751   -12.71063
    0.14608E+11   -14.93239     0.79662    -3.04706   -12.68195
    0.20329E+11   -14.90524     0.79694    -3.04666   -12.65552
    0.28289E+11   -14.88021     0.79723    -3.04628   -12.63116
    0.39367E+11   -14.85716     0.79751    -3.04594   -12.60874
    0.54783E+11   -14.83594     0.79777    -3.04561   -12.58810
    0.10000E+12   -14.58832     0.80102    -3.04190   -12.34744
