#"Time (ps)"	"Potential Energy (kJ/mole)"	"Kinetic Energy (kJ/mole)"	"Temperature (K)"	"Box Volume (nm^3)"	"Density (g/mL)"	"Speed (ns/day)"	"Time Remaining"
100.99999999994601	-64508.68836457381	7410.664350872759	291.9895344506607	29.536675111555443	1.0553079970116326	0	--
101.99999999994368	-64679.885278752336	7531.3180733863155	296.7434434928808	29.3387648172274	1.062426780559489	133	4:18
102.99999999994135	-65130.102710368315	7637.15210703567	300.91343807786984	29.362114825838088	1.0615818933767558	133	4:17
103.99999999993902	-64599.38708744632	7648.520606327135	301.36137130738206	29.29795100456449	1.0639068051381038	133	4:16
104.99999999993669	-64780.816793214646	7573.61343329557	298.40993408867627	29.123682532917876	1.070272944196799	133	4:15
105.99999999993436	-64926.5495800763	7481.7877004771135	294.79188424769353	29.215298441439554	1.0669166879413547	133	4:15
106.99999999993203	-64885.83656750931	7619.690537211302	300.2254301743417	28.807573604908885	1.0820171763805686	133	4:14
107.9999999999297	-64797.98559973817	7600.108272258169	299.45386420448614	29.129347777032834	1.0700647913213925	133	4:13
108.99999999992737	-64721.11185207861	7651.535384719111	301.4801573834295	29.118735146202454	1.0704547877459576	133	4:13
109.99999999992504	-64446.53110568927	7662.2651577570905	301.90292399189855	29.282019221622733	1.064485656349198	133	4:12
110.99999999992271	-64315.04712507542	7392.057444102529	291.25639882500434	29.518000682426642	1.0559756328251577	133	4:11
111.99999999992038	-64611.03350182311	7604.523794695706	299.6278413649469	29.484068024752595	1.0571909352600424	133	4:11
112.99999999991805	-64695.16738951963	7582.108761674062	298.74466075565175	29.347574115387328	1.0621078705791873	133	4:10
113.99999999991572	-64669.13169832766	7460.558260099195	293.9554174858618	29.372893332849355	1.0611923414265567	133	4:09
114.99999999991338	-64502.87966933343	7431.13806006506	292.7962244493561	29.532514058650523	1.0554566871095303	133	4:09
115.99999999991105	-64678.88489756259	7664.180523363826	301.97839181574454	29.426187206627617	1.0592704121497083	134	4:08
116.99999999990872	-64520.78640363121	7439.9915731444935	293.14506404590486	29.449072910617858	1.0584472232781381	134	4:07
117.9999999999064	-64669.82698597948	7698.2217626819365	303.3196596360106	29.080254586995355	1.0718712711785616	134	4:07
118.99999999990406	-64508.95738042632	7644.545831992469	301.204760178801	29.290494443821103	1.0641776467837794	134	4:06
119.99999999990173	-64409.13011285255	7410.587374408722	291.986501480763	29.445422658335705	1.0585784355020935	134	4:05
120.9999999998994	-64456.30768974265	7277.425311714836	286.7397480384892	29.26177249634809	1.0652221923415268	134	4:05
121.99999999989707	-64478.83452456628	7362.09787080328	290.0759538006715	29.436119835944428	1.0589129825561074	134	4:04
122.99999999989474	-64632.962836114166	7518.760489878319	296.24865884352704	29.354821874173368	1.061845634218711	134	4:03
123.99999999989241	-64792.884813522425	7499.25349483752	295.4800586032768	29.27284807569883	1.064819158346101	134	4:03
124.99999999989008	-64763.75298629489	7510.302518845966	295.91540410316856	29.13684887381148	1.0697893099337556	134	4:02
125.99999999988775	-64437.70400354534	7449.0822779972	293.50324929787325	29.08567447975162	1.0716715361735385	134	4:01
126.99999999988542	-64638.628448343516	7614.390553768962	300.0166041332941	29.693498594578035	1.0497344848427705	134	4:01
127.99999999988309	-64453.12136331253	7406.123201054339	291.8106074127366	29.492469656956118	1.0568897692502008	134	4:00
128.99999999988785	-64957.08377465859	7699.548377065343	303.37192991811577	29.147299347372886	1.0694057476432497	134	3:59
129.99999999989262	-64719.44567834723	7393.652237399574	291.3192356949935	29.55408489551473	1.054686333904707	134	3:59
130.9999999998974	-64632.76429720121	7563.763121993217	298.0218193832748	29.42709592890843	1.0592377013913223	134	3:58
131.99999999990217	-64550.31860621396	7662.4487230677405	301.9101566969652	28.98704850559044	1.0753178076873677	134	3:58
132.99999999990695	-64686.893729637144	7678.8841033858625	302.557731437959	29.230940387563052	1.0663457636696831	134	3:57
133.99999999991172	-64732.67415320323	7613.642646276092	299.9871356335327	29.196204591673286	1.067614434351807	134	3:56
134.9999999999165	-64481.11887985369	7619.90791423128	300.2339951034571	29.489109460600123	1.05701019869742	134	3:56
135.99999999992127	-64264.983507906465	7692.276772745881	303.08541952452345	29.16229601249766	1.0688558074097017	134	3:55
136.99999999992605	-64352.45113532111	7558.700753410995	297.82235566780287	29.136744382884913	1.0697931464391233	133	3:54
137.99999999993082	-64425.89928000179	7455.486063455435	293.75556653235327	29.265397740883955	1.06509023818302	133	3:54
138.9999999999356	-64606.89806733793	7647.497437730382	301.3210571724968	29.271183898772517	1.0648796973212291	133	3:53
139.99999999994037	-64835.966453572415	7719.086385690948	304.14175213277474	29.336344379005723	1.0625144376429407	133	3:53
140.99999999994515	-64820.27538393726	7583.574842696877	298.80242619948376	29.31889143591773	1.0631469309979804	133	3:52
141.99999999994992	-64697.6683900682	7373.140999833047	290.51106703095843	28.853497430501406	1.0802950153768325	133	3:51
142.9999999999547	-64540.53502218489	7537.30181222966	296.9792103602517	29.047951873083736	1.0730632433759215	133	3:51
143.99999999995947	-64368.43954479616	7629.956132995718	300.6299076128047	29.386298983230134	1.0607082391745501	133	3:50
144.99999999996425	-64501.577329424035	7542.357185000365	297.1783984319148	29.544721308381288	1.0550205948809028	133	3:49
145.99999999996902	-64570.89843133508	7571.0612710519545	298.3093756731183	29.609099695157536	1.05272668778432	133	3:49
146.9999999999738	-64594.67479426495	7582.224716871924	298.7492295368889	29.61446113236692	1.0525361008946927	133	3:48
147.99999999997857	-64446.78051977622	7433.185913431638	292.8769124582605	29.547848834746695	1.054908925001143	133	3:47
148.99999999998334	-64700.90814915372	7683.943519644125	302.7570788281384	29.242897770296373	1.065909736278608	133	3:47
149.99999999998812	-64677.496064479725	7558.585634346882	297.81781983129144	29.38218440824194	1.060856776925523	133	3:46
150.9999999999929	-64702.0884445041	7528.420076556678	296.6292587578745	29.330772912578812	1.0627162653798052	133	3:45
151.99999999999767	-64587.9414381081	7520.477113941417	296.3162959995604	29.296312970776132	1.0639662909613272	133	3:45
153.00000000000244	-64671.410249904264	7404.300879056362	291.7388056245817	29.46390405343137	1.0579144363840274	133	3:44
154.00000000000722	-64835.330701529136	7831.879419941426	308.58594013006217	29.628364740352353	1.0520421806440952	133	3:44
155.000000000012	-64633.891220765916	7246.5576341876695	285.5235225607196	29.67744456256904	1.0503023393622215	133	3:43
156.00000000001677	-64502.61380071571	7696.8085667218365	303.2639779304388	29.477202371045284	1.0574371698508507	133	3:42
157.00000000002154	-64410.02358207025	7734.802008604319	304.7609675230301	29.19890225592696	1.067515798270525	133	3:42
158.00000000002632	-64680.445167663536	7655.574692197804	301.63931119938496	29.12745475434046	1.0701343359125477	133	3:41
159.0000000000311	-64337.282331366034	7736.080951264967	304.8113594790533	29.522839645317223	1.0558025523572219	133	3:40
160.00000000003587	-64533.198111665755	7422.71180538429	292.464219373305	29.480898270586856	1.05730460328129	133	3:40
161.00000000004064	-64819.974063129455	7450.8651560432045	293.57349694450613	29.439508345390458	1.0587911008792186	133	3:39
162.00000000004542	-64940.823049019644	7637.485612932766	300.9265786314044	29.46997546863956	1.057696484461914	133	3:38
163.0000000000502	-65141.205858071684	7666.056856772844	302.0523217217062	29.348034278084725	1.062091217251812	133	3:38
164.00000000005497	-64890.84623722278	7415.36208531432	292.1746311204893	29.40519414185082	1.0600266503935754	133	3:37
165.00000000005974	-64398.759768705146	7582.046719988321	298.74221623488023	29.634707703833854	1.0518170032878846	133	3:36
166.00000000006452	-64589.66528702507	7657.731091517015	301.7242760559072	29.382955598481562	1.0608289334912828	133	3:36
167.0000000000693	-64761.53174396994	7427.9085296200265	292.66897687120496	29.416594343194756	1.0596158442647816	133	3:35
168.00000000007407	-64569.01858456887	7602.110671646482	299.53276126924237	29.569842338533878	1.0541243031837004	133	3:34
169.00000000007884	-64792.74369593701	7644.785858447528	301.21421752426295	29.047894868706365	1.0730653491843576	133	3:34
170.00000000008362	-64521.89321016247	7159.333448363877	282.0867794826813	29.2436429007839	1.0658825768086289	133	3:33
171.0000000000884	-64507.79794535652	7577.5639486562795	298.56558938304653	29.55555391519018	1.0546339121168975	133	3:33
172.00000000009317	-64476.55798503297	7405.175201724491	291.7732550418997	29.349253677559304	1.0620470896059608	133	3:32
173.00000000009794	-64255.403573050105	7723.700831294679	304.32356711720627	29.166203687877776	1.0687126025700107	133	3:31
174.00000000010272	-64376.98378041564	7686.648063741667	302.8636412811862	29.267489996489555	1.0650140976932967	133	3:31
175.0000000001075	-64228.488864429906	7501.126594775513	295.5538611063965	29.305507975930492	1.0636324569415418	133	3:30
176.00000000011227	-64879.67358248329	7868.513769645406	310.029379774405	29.067703852148494	1.072334079392893	133	3:29
177.00000000011704	-64499.34958324718	7464.550944134155	294.1127342792528	29.22093893388754	1.0667107419402841	133	3:29
178.00000000012182	-64746.36822039075	7360.107689887825	289.99753815917666	29.24847883313579	1.0657063441892878	133	3:28
179.0000000001266	-65047.7665256802	7465.7160693605765	294.15864168462593	29.417221396307298	1.0595932576511684	133	3:27
180.00000000013137	-64682.405937058036	7423.744131445568	292.5048943238577	29.303920467232487	1.0636900780976861	133	3:27
181.00000000013614	-64475.85758672774	7365.568193150026	290.2126888838494	29.31292716909914	1.0633632482537516	133	3:26
182.00000000014091	-64744.95866584638	7524.896928135606	296.49044226065337	29.384591144299307	1.0607698877718106	133	3:25
183.0000000001457	-64704.70712059067	7565.639735242832	298.09576031530946	28.970388945696456	1.0759361743049447	133	3:25
184.00000000015046	-64768.94748127405	7607.910219384914	299.7612707744624	28.95961679537422	1.0763363918316005	133	3:24
185.00000000015524	-64922.35264816362	7653.234644350812	301.5471103589361	29.129529594151524	1.0700581123224562	133	3:24
186.00000000016001	-64657.01149081194	7450.595085862297	293.56285583830316	29.499798790548393	1.0566271882622378	133	3:23
187.0000000001648	-64627.52510738265	7646.102166557384	301.2660817261742	29.40937380772132	1.059875999201835	133	3:22
188.00000000016956	-64565.53598092034	7375.911698719094	290.620236066221	29.502145595721906	1.0565431368110019	133	3:22
189.00000000017434	-64448.125036273734	7470.713870907349	294.3555613773586	29.605774270852333	1.0528449337346628	133	3:21
190.0000000001791	-64500.160095680214	7417.19926918085	292.24701848503446	29.532244281325774	1.0554663287161323	133	3:20
191.0000000001839	-64741.00542583389	7644.234069393441	301.1924763386702	29.181222405113303	1.068162567613928	133	3:20
192.00000000018866	-64821.66718617617	7430.905137507681	292.78704700643436	29.12697805964214	1.0701518498257099	133	3:19
193.00000000019344	-64929.463945755386	7435.8879666508865	292.98337676755773	29.284212507082824	1.064405930083314	133	3:18
194.0000000001982	-64999.35425605028	7477.669319996814	294.62961485561243	29.124152772016558	1.070255663550438	133	3:18
195.000000000203	-64822.400736294396	7531.727053846144	296.7595578395049	29.286868087100746	1.0643094153207766	133	3:17
196.00000000020776	-64459.1427700849	7342.8368818174185	289.31704650967015	29.38545007195609	1.0607388817946393	133	3:16
197.00000000021254	-64643.838625856675	7270.73425524773	286.4761119634613	29.377642985515788	1.061020772351511	133	3:16
198.0000000002173	-64661.45436037527	7676.887135392574	302.47904837702606	29.50863275234802	1.056310867126796	133	3:15
199.0000000002221	-64638.540836618224	7538.786319488694	297.03770182106155	29.42759110709215	1.059219877594628	133	3:14
200.00000000022686	-64335.1034210416	7509.113432001936	295.8685525798002	29.51743473864303	1.0559958792608772	133	3:14
201.00000000023164	-64615.60564502148	7534.638363746144	296.8742671262968	29.418929512604098	1.0595317357487282	133	3:13
202.0000000002364	-64298.783231201436	7349.825142800445	289.5923928179689	29.57309989013525	1.054008188730882	133	3:13
203.0000000002412	-64470.78096427518	7612.184341566585	299.9296765862658	29.367043651444124	1.0614037224964628	133	3:12
204.00000000024596	-64414.74184105915	7378.696340050244	290.7299544514288	29.51950784319651	1.0559217184761724	133	3:11
205.00000000025074	-64884.858316934784	7549.003339894851	297.4402653282747	29.549465872271398	1.0548511971449357	133	3:11
206.0000000002555	-64542.11262179559	7488.59886539077	295.06025274720207	29.565345939674035	1.0542846180105467	133	3:10
207.0000000002603	-64909.37133996704	7500.386260518427	295.5246910016894	29.36049166657718	1.0616405816474093	133	3:09
208.00000000026506	-64758.5127664372	7283.015664058687	286.960014980967	29.21342562436601	1.0669850859380468	133	3:09
209.00000000026984	-64831.562899929064	7468.021764376004	294.2494889801266	29.272855114038997	1.0648189023218961	133	3:08
210.0000000002746	-64987.14410420618	7392.645443989082	291.2795667631273	29.083980118595584	1.0717339691216947	133	3:07
211.00000000027939	-64603.44209372645	7645.028957598711	301.2237959378327	29.48790366229863	1.0570534212037346	133	3:07
212.00000000028416	-64665.8620400785	7571.5112230266495	298.3271043491716	29.01076567657132	1.0744387031305276	133	3:06
213.00000000028894	-64583.6632033677	7521.4654108813265	296.3552361471261	29.255348137573936	1.0654561109230325	133	3:05
214.0000000002937	-64500.80522797769	7470.20444593992	294.33548939028236	29.25669502917969	1.0654070604786585	133	3:05
215.00000000029848	-64663.978864460514	7548.487601578812	297.41994458729	28.991321890250642	1.0751593034756037	133	3:04
216.00000000030326	-64879.646870896046	7695.14541610987	303.1984476959123	29.413768643921692	1.0597176386236449	133	3:03
217.00000000030803	-64861.89491075129	7580.450367505457	298.67931793100075	29.59047639914746	1.0533892401697516	133	3:03
218.0000000003128	-65015.28278291671	7877.876367279036	310.3982779453187	29.86130432292075	1.043835497380917	133	3:02
219.00000000031758	-64778.69228689981	7566.362334742391	298.12423164817255	29.634995749057296	1.0518067798727608	133	3:02
220.00000000032236	-64569.11949285286	7324.140695999386	288.5803931767787	29.18085647080354	1.068175962605685	133	3:01
221.00000000032713	-64892.0857954699	7403.802949560111	291.71918657358765	29.32616276152375	1.0628833272130194	133	3:00
222.0000000003319	-64947.01919670333	7350.130906747819	289.60444030364874	29.738459909548567	1.0481474005434492	133	3:00
223.00000000033668	-65191.2824298912	7465.790755395732	294.16158440873306	29.010759900222126	1.0744389170626396	133	2:59
224.00000000034146	-65105.85242243481	7699.018700818813	303.3510600050673	29.098931288027963	1.0711833071059607	133	2:58
225.00000000034623	-64993.37786082251	7460.919882255017	293.96966585549865	29.54515497055016	1.0550051093463086	133	2:58
226.000000000351	-64712.87811539267	7595.660802976952	299.27862829803826	29.225302495120413	1.0665514738662925	133	2:57
227.00000000035578	-64838.20603398429	7379.240747535268	290.7514047938782	29.61548288133828	1.0524997878727942	133	2:56
228.00000000036056	-64809.40665933248	7393.205581649982	291.3016368943721	29.488358454692648	1.057037118503916	133	2:56
229.00000000036533	-64559.37932914522	7396.22169735011	291.4204756620497	29.593641879509285	1.0532765645157482	133	2:55
230.0000000003701	-64948.99571719073	7643.8431470692485	301.17707350539604	29.53461464739738	1.0553816199225632	133	2:54
231.00000000037488	-64686.362462205696	7534.065019389895	296.85167663457634	29.44651553445902	1.0585391474886965	133	2:54
232.00000000037966	-64226.78922768525	7480.827545335349	294.7540529225153	29.253404537935175	1.0655268999523784	133	2:53
233.00000000038443	-64428.06779928692	7759.611017252162	305.73847379538114	29.309833677596213	1.0634754803874846	133	2:52
234.0000000003892	-64624.08951050893	7563.739131306558	298.0208741199223	29.465128223023466	1.0578704838624482	133	2:52
235.00000000039398	-64931.043940933916	7285.260247068762	287.04845438627757	29.341479448496788	1.0623284863693474	133	2:51
236.00000000039876	-64961.012223874655	7334.751824615605	288.99848504519275	29.35500460277448	1.061839024457617	133	2:51
237.00000000040353	-64886.65039791254	7430.93149779542	292.7880856350621	29.11169067982727	1.0707138171112176	133	2:50
238.0000000004083	-64655.1965640827	7486.419200768831	294.97437120837037	29.350659915708018	1.0619962051918654	133	2:49
239.00000000041308	-64970.91608195347	7512.741948197856	296.0115207004207	29.148220808319664	1.0693719405838347	133	2:49
240.00000000041786	-64740.58669273622	7511.813375762025	295.9749337737425	29.247992015301914	1.0657240823250802	133	2:48
241.00000000042263	-64659.169940293854	7440.245485869124	293.15506852792504	29.040686020853308	1.0733317190914977	133	2:47
242.0000000004274	-64836.927645258664	7520.088773373433	296.3009948907413	29.24994320881291	1.0656529904293082	133	2:47
243.00000000043218	-64878.655813286634	7577.737665503036	298.572434046198	29.655334789967174	1.0510854006916917	133	2:46
244.00000000043696	-64746.42495555602	7416.233689727127	292.2089734351147	29.361714464384406	1.0615963685692908	133	2:45
245.00000000044173	-64820.655145210476	7435.952600831022	292.98592343588246	29.15135350796752	1.06925702238284	133	2:45
246.0000000004465	-64546.83755918438	7423.094760342763	292.4793082823077	29.49813969951751	1.0566866171180533	133	2:44
247.00000000045128	-64836.75582057526	7499.876657843349	295.50461201270736	29.48001862115159	1.057336152019747	133	2:43
248.00000000045605	-64707.50246016809	7337.466307835835	289.1054391122267	29.54160110620464	1.055132026808533	133	2:43
249.00000000046083	-64737.277098357445	7549.7260153881525	297.46873965538725	29.36507460872429	1.0614748937534895	133	2:42
250.0000000004656	-64487.020050242165	7534.729058600278	296.87784061808935	29.397324985144117	1.060310401239254	133	2:41
251.00000000047038	-64380.449186791055	7648.150570696868	301.3467914362266	29.18589253730791	1.067991647352034	133	2:41
252.00000000047515	-64176.2321949098	7713.366623146786	303.9163862649708	29.56722246397599	1.0542177063921394	133	2:40
253.00000000047993	-64171.69747557756	7456.366607940661	293.7902610971225	29.513069540583245	1.0561520687469268	133	2:40
254.0000000004847	-64608.22185340666	7432.458472633321	292.84825037211215	29.330529333129057	1.0627250908544577	133	2:39
255.00000000048948	-64676.71112491179	7575.157584845832	298.4707756098861	29.556127767183533	1.0546134356939543	133	2:38
256.00000000049425	-64482.89277480863	7488.634469922032	295.06165561069923	29.60032908834252	1.0530386117441743	133	2:38
257.000000000499	-64545.83100247139	7566.2442376651015	298.11957847418097	29.822423326076322	1.0451963983458055	133	2:37
258.0000000005038	-64545.664245499414	7582.287980142057	298.7517221896281	29.85071533429374	1.044205778698683	133	2:36
259.0000000005086	-64796.03352183636	7777.315282328404	306.43604419833616	29.783973492706714	1.0465457021035711	133	2:36
260.00000000051335	-64827.78323163933	7666.012662364174	302.0505804061909	29.404047237632298	1.0600679967098583	133	2:35
261.0000000005181	-64750.61033291978	7468.899793180737	294.2840844239073	29.553371521744094	1.0547117924405056	133	2:34
262.0000000005229	-65050.575489788345	7647.560073814868	301.3235251133295	29.743310448985167	1.04797646865238	133	2:34
263.0000000005277	-64710.91497222122	7429.944615336071	292.7492012198168	29.984420430051426	1.0395495061535012	133	2:33
264.00000000053245	-64776.711381651985	7531.608990015477	296.75490597547224	29.233791309048986	1.0662417720930537	133	2:32
265.0000000005372	-64613.430710698216	7254.642078563696	285.842059879087	29.358655833759823	1.06170696733724	133	2:32
266.000000000542	-64583.15895493611	7148.084496126064	281.64355655806054	29.301380785194713	1.0637822728855328	133	2:31
267.0000000005468	-65004.915498934686	7263.186981893159	286.1787398617396	29.03148397735879	1.0736719306070657	133	2:30
268.00000000055155	-64839.52035147467	7385.844975640563	291.01161972179403	29.4231618280631	1.059379329539949	133	2:30
269.0000000005563	-64577.06889236372	7357.893108301071	289.91028084783414	29.492032132151	1.056905448586513	133	2:29
270.0000000005611	-64457.51721488751	7389.0442862566715	291.13767660052054	29.516392145135075	1.0560331797020264	133	2:28
271.0000000005659	-64398.42665419183	7522.52760917413	296.39708810132686	29.285036464227368	1.0643759821994565	133	2:28
272.00000000057065	-64727.26556087742	7539.330305443982	297.059135554707	29.140819278382303	1.0696435523170804	133	2:27
273.0000000005754	-64694.293001665006	7535.423258819563	296.9051929834439	28.95545448704049	1.076491113766137	133	2:27
274.0000000005802	-64586.61488669983	7490.919278186318	295.1516799418267	29.10201997996429	1.0710696189411784	133	2:26
275.000000000585	-64966.63342337124	7569.025745317204	298.22917338847674	28.975611920016455	1.0757422323435513	133	2:25
276.00000000058975	-65049.42219025717	7647.380115515898	301.3164345290784	29.265419763385637	1.0650894366926689	133	2:25
277.0000000005945	-64660.78766698012	7450.672885404369	293.5659212385148	29.381103210776267	1.060895815475248	133	2:24
278.0000000005993	-64485.34698783659	7598.5695672502225	299.3932372839221	29.60771504993753	1.052775919985243	133	2:23
279.0000000006041	-64403.55382475964	7491.7390098247615	295.1839784036314	29.422247464834918	1.0594122521609959	133	2:23
280.00000000060885	-64849.71289419744	7749.535442471277	305.34148342443723	29.018752919776134	1.074142970117662	133	2:22
281.0000000006136	-64642.13932114799	7600.72716253185	299.47824926287393	29.10253431912321	1.0710506895571972	133	2:21
282.0000000006184	-64741.509410660394	7481.52692207108	294.78160924915534	29.343356592830787	1.0622605274126846	133	2:21
283.0000000006232	-64811.485790266015	7623.009060054676	300.35618416537716	29.008424662311693	1.074525411607613	133	2:20
284.00000000062795	-64525.59279357348	7311.104462532519	288.06674911455207	29.170614054328823	1.0685510216653578	133	2:19
285.0000000006327	-64389.600206084346	7354.781422409746	289.7876764939266	29.827830301871508	1.0450069326163214	133	2:19
286.0000000006375	-64304.64299582501	7357.403316632608	289.89098243753233	29.55205362551969	1.0547588281120939	133	2:18
287.0000000006423	-64500.67889570695	7324.130819444506	288.5800040280432	29.532408015723288	1.055460476970371	133	2:17
288.00000000064705	-64534.08333812852	7587.156603458396	298.9435520969408	29.55487516270364	1.0546581326688809	133	2:17
289.0000000006518	-64396.235377413745	7584.899163256705	298.854606102043	29.724914308297404	1.048625039825869	133	2:16
290.0000000006566	-64776.52141881932	7486.141867365572	294.9634439220339	29.3394340475646	1.062402546682603	133	2:16
291.0000000006614	-64591.73320824574	7484.363630539261	294.89337914531836	29.543568734566403	1.0550617540625422	133	2:15
292.00000000066615	-64883.94526094847	7494.824571988383	295.3055534496754	29.37849289389877	1.060990077432878	133	2:14
293.0000000006709	-64871.65052978194	7635.456309978708	300.84662153218096	29.42930010078071	1.0591583674642677	133	2:14
294.0000000006757	-64877.93497642962	7676.069596921281	302.4468363287769	29.086791332421875	1.071630386938371	133	2:13
295.0000000006805	-64736.77696871909	7438.934713457838	293.1034224395285	29.30318634719564	1.0637167262645468	133	2:12
296.00000000068525	-64403.605042524665	7472.982893903726	294.4449637489951	29.41930310192515	1.0595182809860364	133	2:12
297.00000000069	-64554.546270771534	7553.210677772691	297.6060397541644	29.305242308038817	1.0636420993457707	133	2:11
298.0000000006948	-64432.62418392507	7356.702245692784	289.8633593571115	29.602465479699426	1.0529626146083897	133	2:10
299.0000000006996	-64551.10894877909	7283.088572039932	286.9628876475045	29.386912706453806	1.0606860870932333	133	2:10
300.00000000070435	-64346.60481179226	7489.006964584611	295.07633237083326	29.552468373189743	1.054744025329433	133	2:09
301.0000000007091	-64481.90769726914	7609.239956411253	299.8136640926427	29.470774017914017	1.0576678247884437	133	2:08
302.0000000007139	-64727.71593601827	7576.301082342007	298.51583085537357	29.384630971195996	1.0607684500415637	133	2:08
303.00000000071867	-64740.21847122369	7502.970188490401	295.62650102706203	29.555819636058548	1.0546244304566903	133	2:07
304.00000000072345	-64648.94144129474	7443.780114420471	293.2943373567774	29.425559103910018	1.0592930227863386	133	2:06
305.0000000007282	-64846.24021931589	7531.356903086289	296.74497343209833	29.71257665897476	1.0490604637933292	133	2:06
306.000000000733	-64584.53926993595	7466.866872106058	294.20398476616197	29.572560738170548	1.054027404874888	133	2:05
307.00000000073777	-64605.03372198684	7494.30340676738	295.28501888178147	29.45350879777397	1.058287814344031	133	2:05
308.00000000074255	-64761.21365529226	7655.395564642107	301.63225334746795	29.16900148602844	1.0686100950452164	133	2:04
309.0000000007473	-64789.67523230187	7612.053139078343	299.9245070425317	29.378819953446893	1.0609782659668001	133	2:03
310.0000000007521	-64596.84721287506	7485.921331492446	294.95475453011505	29.004745722263323	1.0746617035995378	133	2:03
311.00000000075687	-64613.60137721262	7418.49899746514	292.2982294208795	29.49514148696759	1.0567940304382495	133	2:02
312.00000000076164	-64599.63570096315	7521.499005103419	296.3565598019032	29.664591390360933	1.050757417831389	133	2:01
313.0000000007664	-64236.1557168976	7531.72735129092	296.7595695592047	29.40059497195728	1.0601924716179922	133	2:01
314.0000000007712	-64590.964915013086	7533.465728043883	296.82806379869055	29.311424495159116	1.06341776243276	133	2:00
315.00000000077597	-64428.414769662544	7460.500859043145	293.95315581176084	29.176853859456582	1.0683224997631549	133	1:59
316.00000000078074	-64247.16843811018	7604.6005489089475	299.63086557788256	29.332658598758652	1.0626479473523762	133	1:59
317.0000000007855	-64246.941968315485	7755.404797884028	305.57274344018646	29.657372811013307	1.051013171294248	133	1:58
318.0000000007903	-64751.03991010401	7648.988099700696	301.37979113670394	29.410730525570806	1.0598271070913479	133	1:57
319.00000000079507	-64750.48487497837	7523.665532314083	296.44192371013924	29.230145207172345	1.0663747726682693	133	1:57
320.00000000079984	-64506.89322485562	7612.043128290452	299.924112604846	29.49315878833772	1.056865074170501	133	1:56
321.0000000008046	-64610.89995025698	7677.621753767837	302.50799326877063	29.316944423541884	1.063217537272703	133	1:55
322.0000000008094	-64909.163950509304	7782.518987304569	306.6410767462251	29.34907096544343	1.062053701361104	133	1:55
323.00000000081417	-64843.98221690126	7634.251629004513	300.79915558039005	29.399110944753147	1.0602459886944935	133	1:54
324.00000000081894	-65024.73223319143	7617.003074851047	300.1195407633158	29.107252413054	1.0708770792938078	133	1:53
325.0000000008237	-64846.9183279812	7530.117115412699	296.69612423201454	29.244991128323516	1.0658334384027477	133	1:53
326.0000000008285	-64978.49979989487	7529.976331336445	296.69057716161205	29.449908033941067	1.058417208448838	133	1:52
327.00000000083327	-64409.12232305258	7418.9199999951015	292.3148174522497	29.646218316498224	1.0514086187179068	133	1:52
328.00000000083804	-64318.36752378236	7557.687720001932	297.7824408721125	29.678461624648616	1.0502663461663826	133	1:51
329.0000000008428	-64450.873600353574	7738.634879275021	304.911987468039	29.66669746832803	1.0506828231769343	133	1:50
330.0000000008476	-64217.01689138444	7554.16964082412	297.6438241094778	29.596962128131263	1.0531584057653076	133	1:50
331.00000000085237	-64545.541613103676	7439.628513189731	293.13075902517403	29.198071553012998	1.0675461697449806	133	1:49
332.00000000085714	-64648.441435521294	7311.620133956414	288.0870672199018	29.08484615757508	1.0717020568541218	133	1:48
333.0000000008619	-64601.88361425797	7426.288139952131	292.60513147187834	28.89611394956073	1.078701776466131	133	1:48
334.0000000008667	-64671.80334393255	7596.081959911231	299.29522241313356	29.122101061289843	1.0703310652194526	133	1:47
335.00000000087147	-64846.98249607638	7639.482062657593	301.00524127190545	29.422311906875954	1.059409931789706	133	1:46
336.00000000087624	-64560.10225923991	7488.7456817341645	295.0660374965482	29.51186339193314	1.056195233638791	133	1:46
337.000000000881	-64659.82056161895	7601.114177110587	299.49349812604197	29.138321041822103	1.0697352605052408	133	1:45
338.0000000008858	-64468.33874772335	7560.1432340380525	297.87919122623686	29.14810698554242	1.0693761164599642	133	1:44
339.00000000089057	-64420.358713422436	7623.238244838794	300.36521433531186	29.347480240229032	1.0621112679933318	133	1:44
340.00000000089534	-64532.07825650158	7681.617946074262	302.6654482924881	29.322068466897395	1.0630317395769	133	1:43
341.0000000009001	-64721.596938856324	7707.969155426982	303.703719220277	29.315379445022664	1.0632742963063089	133	1:42
342.0000000009049	-64485.20009963494	7494.999390223055	295.3124415089018	29.421634093560197	1.059434338393239	133	1:42
343.00000000090967	-64629.90765702404	7751.686936568188	305.42625500900596	29.472346166173875	1.0576114054378813	133	1:41
344.00000000091444	-64141.74485139115	7505.474836297618	295.72518731381933	29.742215242059697	1.0480150586187578	133	1:41
345.0000000009192	-64554.01101054248	7579.181149361992	298.6293091332358	29.521759820596635	1.0558411707086692	133	1:40
346.000000000924	-64416.501883656136	7441.523264326022	293.20541461285023	29.819742045457424	1.0452903785298577	133	1:39
347.00000000092876	-64910.35901701084	7601.503296440657	299.50882991907076	29.423776704123547	1.0593571914237168	133	1:39
348.00000000093354	-65047.1952199231	7358.086177023903	289.9178879993428	29.138964844282867	1.0697116255478305	133	1:38
349.0000000009383	-65067.93554445691	7633.685884528554	300.7768645335511	29.25142969453848	1.0655988365648568	133	1:37
350.0000000009431	-64795.28996130967	7387.967805852282	291.09526191308623	29.744086595159835	1.0479491226142126	133	1:37
351.00000000094786	-64781.5744013747	7762.25015493968	305.8424591532713	29.10773545083713	1.0708593082758164	133	1:36
352.00000000095264	-64903.19957981934	7634.58066850464	300.81212015224344	29.305675083692893	1.063626391862359	133	1:35
353.0000000009574	-64545.89939066683	7403.116568015972	291.6921422739082	29.319846844019697	1.0631122875976633	133	1:35
354.0000000009622	-64731.823563689104	7796.969178824802	307.21043254146076	29.060747640150378	1.0725907618183224	133	1:34
355.00000000096696	-64510.88417923736	7565.042960917466	298.0722466532158	28.953118891579138	1.0765779523471173	133	1:33
356.00000000097174	-64283.96936088079	7430.531733531867	292.7723344182105	29.165998863792552	1.0687201078189212	133	1:33
357.0000000009765	-64437.16177281138	7550.417684391094	297.4959922876211	29.321420715693552	1.063055223435193	133	1:32
358.0000000009813	-64348.522691946244	7585.9582035210315	298.8963336259335	29.088311878617816	1.0715743691290491	133	1:31
359.00000000098606	-64776.05837470782	7419.331157481246	292.33101757646006	29.139193755829233	1.0697032221120861	133	1:31
360.00000000099084	-64712.43339553446	7486.974484879263	294.99625010359705	29.471025827112896	1.0576587877603743	133	1:30
361.0000000009956	-64543.426803725946	7468.423750077687	294.26532772444597	29.499170212643513	1.0566497032177244	133	1:30
362.0000000010004	-64283.71679866259	7671.795438673838	302.2784290959366	29.697267741768375	1.049601253603501	133	1:29
363.00000000100516	-64415.570223556366	7433.824310114347	292.90206609379885	29.739200196455695	1.048121309398017	133	1:28
364.00000000100994	-64575.6017621599	7504.451593387412	295.6848702508901	29.693373211099896	1.049738917460106	133	1:28
365.0000000010147	-64473.31402650583	7248.8924134345525	285.61551581167043	29.731501430928315	1.0483927131219106	133	1:27
366.0000000010195	-64608.143500201666	7674.129270124429	302.3703850025165	29.351915817689225	1.0619507647801927	133	1:26
367.00000000102426	-64681.83917229896	7607.613011404542	299.7495604046878	29.497185661439826	1.0567207939131036	133	1:26
368.00000000102904	-64474.947496606794	7492.296748039345	295.20595399366096	29.32295721499119	1.0629995201992546	133	1:25
369.0000000010338	-64318.165494445566	7401.604998842064	291.63258453947543	29.37982215892457	1.0609420738406499	133	1:24
370.0000000010386	-64602.919046106894	7531.937820734571	296.76786232108924	29.339975400851188	1.0623829442425035	133	1:24
371.00000000104336	-64557.2915394397	7320.441423020118	288.4346371495347	29.49677604287865	1.0567354684812849	133	1:23
372.00000000104814	-64528.90130363661	7524.769777276653	296.4854323562301	29.782142232985667	1.0466100526454332	133	1:22
373.0000000010529	-64638.81161023062	7507.4430613617105	295.8027378670421	29.651539942495976	1.0512199201393344	133	1:22
374.0000000010577	-64536.576113741874	7553.656557590886	297.6236079821088	29.607855123725944	1.0527709393370046	133	1:21
375.00000000106246	-64679.16569445096	7446.755062466042	293.4115540668742	29.524917193807337	1.0557282598203754	133	1:20
376.00000000106724	-64629.588867454004	7505.570466309102	295.72895525704416	29.60843860622227	1.052750192771341	133	1:20
377.000000001072	-64847.24985083507	7441.140840414852	293.1903466277819	29.500288496316973	1.0566096482158278	133	1:19
378.0000000010768	-64673.427813178365	7529.136217303578	296.6574756077259	29.693419354833157	1.0497372861601864	133	1:19
379.00000000108156	-64845.261694320914	7680.719913410811	302.6300646714108	28.971838888102653	1.0758823273437108	133	1:18
380.00000000108633	-64759.74434251408	7512.073088164633	295.9851667703995	29.26859870199611	1.064973754559459	133	1:17
381.0000000010911	-64913.34548502811	7420.825343305303	292.389890384955	29.301342812312235	1.063783651487172	133	1:17
382.0000000010959	-64956.01803354864	7610.268659869507	299.8541963080611	29.205083554131985	1.0672898570067224	133	1:16
383.00000000110066	-65176.68797318218	7507.4368796640265	295.8024943003464	29.015110991352163	1.0742777947549154	133	1:15
384.00000000110543	-65047.31614037923	7557.887651238236	297.79031841531867	29.208164883787763	1.0671772627406741	133	1:15
385.0000000011102	-65142.89428174461	7590.479341103339	299.07447215648097	29.051436264229594	1.0729345415785247	133	1:14
386.000000001115	-64782.291391666484	7464.474098712862	294.1097064726048	29.176402565426148	1.0683390243352175	133	1:13
387.00000000111976	-64844.68706653587	7495.782711543332	295.3433053581876	29.153403857632462	1.0691818218749238	133	1:13
388.00000000112453	-64437.723604939674	7237.784248823838	285.17784009735993	29.21371036632607	1.066974686183243	133	1:12
389.0000000011293	-64878.59114035519	7698.001543846465	303.3109827357758	29.145374606695704	1.0694763704700507	133	1:11
390.0000000011341	-64738.196358252026	7516.978569848274	296.17844894393284	29.184613931013725	1.0680384371038416	133	1:11
391.00000000113886	-64858.46479595167	7611.502700903742	299.9028190832968	29.30212840221227	1.0637551314533722	133	1:10
392.00000000114363	-64667.584142238804	7625.786955252715	300.4656367444205	29.04228141039226	1.0732727573945062	133	1:09
393.0000000011484	-64551.84131856216	7768.984964531459	306.10781915666774	29.150029303549093	1.0693055957430493	133	1:09
394.0000000011532	-64449.194377309235	7676.013396983207	302.44462198024115	29.550072516662187	1.0548295417137519	133	1:08
395.00000000115796	-64311.92484334286	7361.0983014669455	290.0365695064506	29.390729374603833	1.0605483468298262	133	1:08
396.00000000116273	-64576.94038417426	7335.028443216866	289.0093841674278	29.49162697529162	1.0569199683853892	133	1:07
397.0000000011675	-64751.8739746245	7502.003209073468	295.58840081682376	29.32625319737656	1.0628800495096082	133	1:06
398.0000000011723	-64857.34740055245	7585.159593492588	298.8648673822376	29.541663476403976	1.0551297991481006	133	1:06
399.00000000117706	-64547.49268487096	7698.647339796143	303.3364279117774	29.498590236833362	1.0566704781518061	133	1:05
400.00000000118183	-64750.34164787701	7512.929756340689	296.0189205784337	29.308545483532168	1.0635222231643264	133	1:04
401.0000000011866	-64765.74852912652	7691.954867719551	303.0727360599479	29.37805851614815	1.0610057650074332	133	1:04
402.0000000011914	-64936.199058466766	7512.9541471227185	296.01988160604907	29.220912532109384	1.066711705738397	133	1:03
403.00000000119616	-64943.626068660786	7680.603727404901	302.6254867960451	29.330036717178867	1.0627429399739614	133	1:02
404.00000000120093	-65012.54096961807	7391.165430725508	291.2212523714141	29.147240436164726	1.0694079090823316	133	1:02
405.0000000012057	-65062.040560652385	7444.803570800595	293.3346628306909	29.058372374481003	1.0726784366536848	133	1:01
406.0000000012105	-64574.0458320842	7437.525329688557	293.0478909390894	29.217062681840837	1.0668522633430928	133	1:00
407.00000000121526	-64643.105457244994	7455.692358420796	293.76369481452116	29.59304100282484	1.0532979509400033	133	1:00
408.00000000122003	-64620.11537171816	7530.634032390394	296.71649141375707	29.778651901439485	1.046732724957645	133	0:59
409.0000000012248	-64652.308039573225	7516.45129294853	296.1576735681779	29.593105021694953	1.0532956723367726	133	0:58
410.0000000012296	-64656.16940198428	7298.939691655154	287.58744177893345	29.13966418842771	1.0696859527549951	133	0:58
411.00000000123435	-65023.29709025135	7592.48436967281	299.15347281429536	29.258566765438275	1.065338903995081	133	0:57
412.00000000123913	-64827.3387540587	7446.388978863617	293.39712991060685	29.452598197151104	1.0583205339545885	133	0:56
413.0000000012439	-64516.59391832838	7558.038642671949	297.79626766849606	29.02988539515041	1.0737310542592104	133	0:56
414.0000000012487	-64804.51374831452	7493.9125702991805	295.2696194313418	29.053023560381675	1.072875922382979	133	0:55
415.00000000125345	-64900.0871013735	7607.555798398158	299.7473061399813	29.027452784518317	1.0738210369937615	133	0:55
416.00000000125823	-64450.692035251705	7462.382525088208	294.02729583031737	29.271611022595916	1.0648641588704266	133	0:54
417.000000001263	-64930.88538897116	7495.859110165769	295.3463155603964	29.006972725527444	1.0745791967090605	133	0:53
418.0000000012678	-64642.45209178311	7552.456550879888	297.57632620219107	29.181563306388856	1.0681500892563438	133	0:53
419.00000000127255	-64154.91753471154	7632.530603312322	300.73134499461156	29.459339239619478	1.0580783634290887	133	0:52
420.00000000127733	-64581.99805195551	7737.060378012835	304.84995012985036	29.20551510540682	1.0672740863450254	133	0:51
421.0000000012821	-64530.17964896417	7616.548024155789	300.101611191233	29.349602463036973	1.0620344684264433	133	0:51
422.0000000012869	-64618.10658650892	7434.800981183726	292.94054816738327	29.0506590641282	1.072963246085113	133	0:50
423.00000000129165	-64885.235738760326	7546.900962671052	297.3574290105369	29.42265709603966	1.0593975027005458	133	0:49
424.0000000012964	-64867.72609135232	7442.869949668716	293.2584757160991	29.552583704433776	1.0547399091092813	133	0:49
425.0000000013012	-64855.31382075971	7535.7938944666275	296.91979649601893	29.493965619537104	1.0568361627746452	133	0:48
426.000000001306	-64538.50593136251	7523.894232435583	296.4509347837548	29.315312020457426	1.0632767418135274	133	0:47
427.00000000131075	-64590.6267442652	7490.002991453267	295.11557708735387	29.30972329300386	1.063479485587609	133	0:47
428.0000000013155	-64932.21923707993	7322.880524132521	288.5307408137365	29.39056508083298	1.0605542753135622	133	0:46
429.0000000013203	-64584.4945159519	7242.590254789591	285.36720280197926	29.461962943843716	1.057984137369644	133	0:45
430.0000000013251	-64512.82425507376	7191.700073576616	283.36206539230335	29.579086283167356	1.053794872226904	133	0:45
431.00000000132985	-64223.18767710042	7410.8571619562845	291.9971314508552	29.665747716537958	1.0507164608894117	133	0:44
432.0000000013346	-64468.60623538098	7519.0070077390965	296.2583719585723	29.406208243013175	1.0599900943626377	133	0:44
433.0000000013394	-64372.6640544761	7684.243689374137	302.7689058945892	29.044346526871298	1.0731964453571274	133	0:43
434.0000000013442	-64700.774857069395	7651.798463676787	301.49052302660783	29.271420722689623	1.0648710817851552	133	0:42
435.00000000134895	-64628.66959381828	7690.082203020089	302.998950705776	29.392378442690024	1.060488844451139	133	0:42
436.0000000013537	-64708.236652145424	7525.699331963127	296.52205798482413	29.152766983397672	1.0692051793268955	133	0:41
437.0000000013585	-64843.040495972935	7385.698342145639	291.0058421769087	29.27025350897989	1.0649135457879138	133	0:40
438.0000000013633	-64676.66657222991	7380.966357005226	290.8193959862896	29.218184475881593	1.0668113029435042	133	0:40
439.00000000136805	-64598.171303690324	7629.338159687529	300.60555868401536	29.34493743690409	1.0622033022690742	133	0:39
440.0000000013728	-64558.386901502265	7536.284053541033	296.9391093825789	29.45426701503498	1.058260571700799	133	0:38
441.0000000013776	-64664.31328366234	7533.810668101976	296.8416548726088	29.465479541445713	1.0578578708184687	133	0:38
442.0000000013824	-64571.01289918815	7543.170237140119	297.2104337130354	29.25216847073757	1.065571924404173	133	0:37
443.00000000138715	-64461.65423252218	7554.263265644206	297.6475130456292	29.5010309187655	1.0565830575951702	133	0:36
444.0000000013919	-64495.30575344726	7613.482976206456	299.98084443113964	29.81738054789273	1.0453731641615243	133	0:36
445.0000000013967	-64776.69100400305	7308.703180910875	287.97213558604886	29.332387286398237	1.0626577764031135	133	0:35
446.0000000014015	-64798.66157668567	7374.565094949599	290.5671781770592	29.55039873659014	1.05481789698367	133	0:34
447.00000000140625	-65006.86858357422	7810.889046094791	307.7588928914833	29.58989462437986	1.053409951135038	133	0:34
448.000000001411	-64862.27156238555	7496.151808728024	295.35784825340215	29.613562916700378	1.0525680256049375	133	0:33
449.0000000014158	-65035.83076175733	7563.322482232278	298.00445762020405	29.46650606229517	1.0578210183610424	133	0:33
450.0000000014206	-64775.1631704809	7549.713875923964	297.46826134516715	29.921126829212202	1.0417485152974633	133	0:32
451.00000000142535	-64486.82488561823	7437.625698580413	293.05184560018574	29.870798390790952	1.043503727036924	133	0:31
452.0000000014301	-64542.89527158608	7346.258944791029	289.4518801125991	29.83696455140632	1.0446870155526509	133	0:31
453.0000000014349	-64587.06123691512	7351.172336093585	289.64547393510685	29.530669539302142	1.055522612139715	133	0:30
454.0000000014397	-64569.66064800939	7532.008825201639	296.7706599867642	29.41703159367495	1.0596000942889467	133	0:29
455.00000000144445	-64618.36376693708	7514.843910010629	296.0943406504394	29.640157175672286	1.0516236221561774	133	0:29
456.0000000014492	-64358.69956047539	7479.4317355032945	294.69905625234566	29.355086245023287	1.0618360712751562	133	0:28
457.000000001454	-64612.501721215405	7586.981924410188	298.93666952183696	29.383405339070624	1.0608126965090834	133	0:27
458.0000000014588	-64560.51688258385	7676.21571258556	302.45259347048096	29.53845335645468	1.0552444663981584	133	0:27
459.00000000146355	-64398.55746997459	7548.321305176834	297.4133922990341	29.52802760735178	1.0556170518683152	133	0:26
460.0000000014683	-64378.57913773056	7537.523787892843	296.9879564817171	29.58492513993961	1.0535868961276857	133	0:25
461.0000000014731	-64611.32113675075	7580.914014648187	298.6975862139704	29.463463575711213	1.0579302521667804	133	0:25
462.0000000014779	-65067.68870872763	7519.775541034461	296.28865314100057	29.027705808333543	1.07381167689147	133	0:24
463.00000000148265	-65074.70998685356	7560.972415037995	297.9118620048183	29.161283926999463	1.068892903631701	133	0:23
464.0000000014874	-64429.176457505964	7430.215188684652	292.75986215146156	29.43505295619344	1.0589513630822383	133	0:23
465.0000000014922	-64610.641658453824	7453.702279159577	293.6852831783316	29.053416388621986	1.0728614161385144	133	0:22
466.00000000149697	-64805.41752697941	7348.728992783063	289.54920312294166	29.001509015998735	1.0747816409540536	133	0:22
467.00000000150175	-64621.17184185545	7472.4689673140165	294.4247143923158	29.004722398878616	1.0746625677604835	133	0:21
468.0000000015065	-65031.760870605736	7415.821554075574	292.19273476995187	29.17750577114901	1.0682986302818378	133	0:20
469.0000000015113	-65009.5258065892	7610.695606215192	299.8710185332773	28.84182528588172	1.0807322054480717	133	0:20
470.00000000151607	-64776.82757267903	7534.770854499043	296.87948742928535	29.071881744029277	1.0721799753041645	133	0:19
471.00000000152085	-64540.45849694422	7575.268583580331	298.47514910020715	29.111789758197027	1.0707101730693926	133	0:18
472.0000000015256	-64942.19103086184	7629.328124539095	300.60516328649356	29.042643302009754	1.0732593836664281	133	0:18
473.0000000015304	-64350.45675794731	7460.360734424501	293.94763472482106	29.210239381412745	1.0671014723074606	133	0:17
474.00000000153517	-64410.16658784475	7467.73321046682	294.2381195916862	29.277941700031892	1.0646339066357575	133	0:16
475.00000000153995	-64316.984208813956	7686.681088748664	302.8649425081695	29.232337022416882	1.066294816813856	133	0:16
476.0000000015447	-64424.0933203084	7492.605857977133	295.2181333155889	29.29764803983969	1.06391780691654	133	0:15
477.0000000015495	-64439.28324427485	7821.677417656857	308.1839683558062	29.3925288641638	1.0604834172115964	133	0:14
478.00000000155427	-64515.59902015026	7666.032529220307	302.05136318541264	29.298748372352676	1.0638778508290232	133	0:14
479.00000000155904	-64506.33169183973	7520.506116520415	296.31743873780067	29.702536763151468	1.0494150617137965	133	0:13
480.0000000015638	-64572.08636029469	7475.660895361913	294.55048038853124	29.35401099083847	1.0618749669367946	133	0:12
481.0000000015686	-64178.933838721045	7549.313232955349	297.45247550622634	29.861826833730678	1.0438172327471356	133	0:12
482.00000000157337	-64479.09404985036	7670.554412955407	302.2295311153225	29.466295019963912	1.057828594644848	133	0:11
483.00000000157814	-64497.57089321947	7522.4668794847885	296.3946952748705	29.433232112819	1.0590168735421812	133	0:11
484.0000000015829	-64853.36087343676	7579.9949043146025	298.66137210607053	29.61772904477743	1.052419967892685	133	0:10
485.0000000015877	-64844.24048899635	7711.103847347848	303.8272300408031	29.12495681531244	1.0702261173472756	133	0:09
486.00000000159247	-64714.54395193816	7468.859691162035	294.2825043537251	29.19297890802308	1.0677324006078874	133	0:09
487.00000000159724	-64662.97056966805	7443.654569623752	293.2893907332345	28.715083544174462	1.0855023076080357	133	0:08
488.000000001602	-65023.76822096697	7465.565784640918	294.1527202768748	29.031957818853027	1.073654406803983	133	0:07
489.0000000016068	-64745.64223834206	7613.365696808647	299.97622347475226	29.26896337111387	1.0649604857929986	133	0:07
490.00000000161157	-64388.739941467094	7603.51867643709	299.5882384361803	29.64750532075343	1.0513629768552404	133	0:06
491.00000000161634	-64249.70311210485	7485.962331643797	294.9563699878579	29.36968302772264	1.0613083369315441	133	0:05
492.0000000016211	-64557.90434577345	7539.524589038742	297.0667905737038	29.34385205398181	1.0622425914981146	133	0:05
493.0000000016259	-64642.47593992567	7638.274315668903	300.9576545152714	29.49791812688414	1.0566945543845205	133	0:04
494.00000000163067	-64366.09070402311	7576.76197999813	298.5339908050986	29.237768992514113	1.0660967140940059	133	0:03
495.00000000163544	-64420.45344555442	7433.560442408232	292.8916693729359	29.471559775065522	1.0576396257360834	133	0:03
496.0000000016402	-64459.66888636892	7170.614413012396	282.5312637367128	29.357231813622814	1.061758467155434	133	0:02
497.000000001645	-64908.077660558134	7680.9865286376025	302.64056964805826	29.293381751457513	1.0640727559155239	133	0:01
498.00000000164977	-64452.67191320023	7328.554361996142	288.7542971911282	29.150680217652525	1.069281718904226	133	0:01
499.00000000165454	-64714.53358862855	7531.870464219521	296.7652083893308	29.49845096249238	1.0566754671285041	133	0:00
500.0000000016593	-64531.927898051246	7529.256770982365	296.66222557491903	29.429433747458123	1.0591535575519235	133	0:00
