#"Time (ps)"	"Potential Energy (kJ/mole)"	"Kinetic Energy (kJ/mole)"	"Temperature (K)"	"Box Volume (nm^3)"	"Density (g/mL)"	"Speed (ns/day)"	"Time Remaining"
100.99999999994601	-56768.54762224306	7455.5897725395225	293.7596528012419	31.917865500999245	1.1805587786369924	0	--
101.99999999994368	-56892.74067167044	7787.959894429432	306.8554553583385	32.44358672296354	1.1614288097773406	136	4:12
102.99999999994135	-56648.73255296823	7445.713818008862	293.37052772025993	32.27439887306247	1.1675172157585714	136	4:11
103.99999999993902	-57051.371687799634	7697.27508543049	303.2823593567324	32.33822586760246	1.165212849549347	136	4:11
104.99999999993669	-56611.41685371456	7569.227123746012	298.2371079528952	32.517823572723245	1.1587773157170074	136	4:10
105.99999999993436	-56473.608808624675	7457.548716765463	293.83683767772055	32.453415114872385	1.1610770755306883	136	4:10
106.99999999993203	-56276.5795554129	7657.94274689506	301.7326155451046	32.20582989639208	1.1700029601404787	136	4:09
107.9999999999297	-56415.35033996598	7476.770781676375	294.5942113110112	32.5030737709455	1.1593031655437598	136	4:08
108.99999999992737	-56367.26628459446	7419.759970052701	292.34791333332845	31.88635233053231	1.1817255207482185	136	4:07
109.99999999992504	-56665.30851778912	7453.959972658991	293.69543662765307	32.14014157617805	1.1723942230698876	136	4:07
110.99999999992271	-56862.71825888648	7433.728806341754	292.8983031245457	32.34323952028405	1.165032225325725	136	4:06
111.99999999992038	-56732.20894511882	7289.444182018133	287.2133067072298	32.077553727068924	1.1746817301957193	136	4:05
112.99999999991805	-57134.005604585254	7488.294168713473	295.0482473133111	32.0589544316131	1.1753632325389434	136	4:05
113.99999999991572	-56770.30694941088	7409.972784591535	291.96228586579224	32.30045927819072	1.1665752486064997	136	4:04
114.99999999991338	-56813.96123777647	7454.807909110477	293.7288463947118	32.18528070654766	1.1707499666110974	136	4:03
115.99999999991105	-56803.30199595963	7498.0551238556545	295.43284127315275	32.245453818400996	1.168565234800842	136	4:03
116.99999999990872	-56790.29416889674	7440.037276645964	293.14686482158237	32.41715370753758	1.1623758412756013	136	4:02
117.9999999999064	-56529.98532951964	7443.801303888882	293.29517224859325	32.39878992263222	1.1630346813118908	136	4:02
118.99999999990406	-56688.575569161854	7639.524006863535	301.00689392659143	32.47831929913601	1.1601867684563916	136	4:01
119.99999999990173	-56511.83823019013	7543.491801100993	297.22310373920124	32.32413101189722	1.165720937670084	136	4:00
120.9999999998994	-56535.359939854214	7629.694854187975	300.61961289780714	32.18146919247394	1.1708886280857447	136	4:00
121.99999999989707	-56539.42384576786	7620.07383154474	300.2405324551466	32.16706913199012	1.1714127935605372	136	3:59
122.99999999989474	-56793.45647476931	7657.589727509558	301.71870613548293	32.28553979921468	1.1671143349901811	136	3:58
123.99999999989241	-56759.64224129505	7420.398125391688	292.3730574596194	32.198458455134826	1.1702708179357055	136	3:58
124.99999999989008	-56964.34551007673	7632.624388936184	300.7350402666348	32.54553752764604	1.1577905659278525	136	3:57
125.99999999988775	-56841.83821722242	7498.328387043732	295.4436081878707	32.55928643715287	1.1573016621630379	136	3:57
126.99999999988542	-56661.948333326	7642.026593771033	301.10549901129707	32.5447889018358	1.1578171985141972	136	3:56
127.99999999988309	-56666.86202463525	7576.855848448385	298.53768934058627	32.4885811710772	1.1598203108390808	136	3:55
128.99999999988785	-56693.49791227188	7607.507523024965	299.74540402930984	32.25544654921452	1.1682032135275793	136	3:55
129.99999999989262	-57058.61282634412	7469.469884651806	294.30654674784347	31.98648345700122	1.1780262235832568	136	3:54
130.9999999998974	-56837.23725986172	7352.088090936984	289.6815558324558	32.174862192325826	1.1711290661424159	136	3:53
131.99999999990217	-56801.490880578844	7456.418648042799	293.79231154286884	32.11418130510678	1.173341956145943	136	3:53
132.99999999990695	-56956.24764803116	7376.476985513678	290.64250907983586	32.022908055845335	1.1766862724286948	136	3:52
133.99999999991172	-56860.17309043897	7406.46523098125	291.824083823811	32.2342917933933	1.1689698831938509	136	3:51
134.9999999999165	-56650.88073354587	7419.517296209924	292.338351677447	32.061267949515766	1.1752784191783212	136	3:51
135.99999999992127	-56731.09659991195	7516.836366975147	296.17284597114167	32.23070757052407	1.1690998787448208	136	3:50
136.99999999992605	-56563.84087564712	7374.408816984584	290.56102062787204	31.83566804028434	1.18360689855412	136	3:49
137.99999999993082	-56447.677085274685	7414.88711172926	292.15591656138747	32.263784707196635	1.1679013065120816	136	3:49
138.9999999999356	-56648.728328034544	7749.727369858029	305.34904560586295	32.10672395467876	1.1736144854189774	136	3:48
139.99999999994037	-56696.90053007178	7636.837186170332	300.9010297980578	32.2175856768382	1.1695760411882432	136	3:48
140.99999999994515	-56833.13762611733	7479.048636753281	294.6839616777746	32.35270308142484	1.164691439158102	136	3:47
141.99999999994992	-56840.538130845234	7376.765261857429	290.65386753184765	32.209978555217866	1.1698522632656436	136	3:47
142.9999999999547	-56702.230245558836	7593.689799392706	299.2009682676124	32.25913726395008	1.1680695613229644	136	3:46
143.99999999995947	-56513.551103345584	7475.164363047259	294.53091638825657	32.74158055509974	1.150858195411412	136	3:45
144.99999999996425	-56366.52701328203	7771.309182819559	306.199396292505	32.83549737393877	1.1475664852412577	136	3:45
145.99999999996902	-56353.09262377821	7603.020144504657	299.56859564843984	32.64597914373049	1.1542284011964123	136	3:44
146.9999999999738	-56303.34280162532	7699.354858134043	303.36430502782486	31.972762082263337	1.1785317832600608	136	3:43
147.99999999997857	-56706.34000155621	7554.797693855606	297.6685701920949	31.974265324859527	1.1784763756014467	136	3:43
148.99999999998334	-56719.11132503301	7766.37888354801	306.00513627466563	32.44577604479587	1.1613504408258184	136	3:42
149.99999999998812	-57087.59220856428	7424.7098086936	292.5429432269967	31.81551860146459	1.1843565017615296	136	3:41
150.9999999999929	-56717.55453649978	7488.380192708755	295.05163676736606	31.72332538051778	1.1877984372880535	136	3:41
151.99999999999767	-56589.969607280305	7458.025495720132	293.855623370665	31.99199083013493	1.1778234281395779	136	3:40
153.00000000000244	-56404.950711919606	7553.399243901011	297.6134694977629	32.07952792114446	1.1746094395523503	136	3:40
154.00000000000722	-56622.42255247728	7769.215976152879	306.11692130629933	31.57987775160646	1.1931938625266734	136	3:39
155.000000000012	-56467.255929663865	7559.991805293348	297.87322474245417	32.10966577680147	1.173506961252244	136	3:38
156.00000000001677	-56385.306837804266	7698.880150418658	303.3456009443241	32.368149324048346	1.1641356425825657	136	3:38
157.00000000002154	-56566.59476821008	7713.916400427148	303.93804818413804	32.39196624512726	1.1632796856914431	136	3:37
158.00000000002632	-56625.637756509444	7556.198113129431	297.7237484800917	32.25854690284306	1.1680909380713151	136	3:36
159.0000000000311	-56714.535124691756	7586.834090710847	298.93084468738175	32.412019151165545	1.1625599792725176	136	3:36
160.00000000003587	-56787.84258609035	7395.896786406848	291.4076737605508	32.49486585858755	1.15959599515015	136	3:35
161.00000000004064	-57184.4730669852	7576.012409733843	298.5044567900434	32.48289546174304	1.160023322334009	136	3:34
162.00000000004542	-56910.709253246634	7399.731723739331	291.5587751346438	32.58327979480386	1.1564494596571748	136	3:34
163.0000000000502	-56766.46506883766	7237.864152658292	285.180988409349	32.48599718475577	1.1599125647354744	136	3:33
164.00000000005497	-56687.90279442433	7431.92856773054	292.82737144971867	32.59858860605734	1.155906372754977	136	3:33
165.00000000005974	-56674.52930118362	7654.775832337831	301.60783511201134	32.2485347148026	1.1684535947384707	136	3:32
166.00000000006452	-56704.882716922	7420.344549662926	292.37094650824463	32.29527324955497	1.1667625791981406	136	3:31
167.0000000000693	-56863.0374074686	7439.644020883479	293.1313700478925	32.03102111162105	1.1763882325589865	136	3:31
168.00000000007407	-56781.91265424795	7526.407930715288	296.549977670558	31.911281469565818	1.1808023550698274	136	3:30
169.00000000007884	-56686.47064407027	7347.080784459951	289.4842616334669	31.940457951753	1.1797237337510187	136	3:29
170.00000000008362	-56942.679953768995	7333.386298128153	288.9446815770457	31.695332934371066	1.1888474681929437	136	3:29
171.0000000000884	-56634.97497514737	7344.3155001067835	289.3753059376378	32.02100355487752	1.176756257747575	136	3:28
172.00000000009317	-56840.84526310503	7573.3612858202905	298.3999991597099	31.794037003602583	1.185156710621235	136	3:27
173.00000000009794	-56883.89087676161	7342.740597313936	289.31325277863397	32.53123855399434	1.1582994680641454	136	3:27
174.00000000010272	-56853.4721104698	7495.923707314909	295.34886076965313	32.32081562093989	1.1658405144994823	136	3:26
175.0000000001075	-56948.93292257024	7604.612573790199	299.6313393733903	31.911940540756078	1.1807779681851558	136	3:26
176.00000000011227	-56896.644651643786	7336.540707635548	289.0689692953826	32.05903707513233	1.17536020262405	136	3:25
177.00000000011704	-57127.376384362666	7540.204296706473	297.09357191422424	31.917381254041615	1.1805766899434467	136	3:24
178.00000000012182	-56802.6899597015	7331.0954390224415	288.8544188351243	32.21003207275523	1.1698503195354395	136	3:24
179.0000000001266	-56827.06262071192	7413.357214893595	292.09563669393526	32.53813934994709	1.1580538120911557	136	3:23
180.00000000013137	-56444.82150619663	7341.9414959472015	289.281767175589	32.058777229043855	1.1753697292740848	136	3:22
181.00000000013614	-56737.83256027411	7809.838078497204	307.71748344085745	32.10960644418296	1.1735091296762317	136	3:22
182.00000000014091	-56619.26880547198	7489.687716018558	295.1031548370608	31.94186053628993	1.179671931437721	136	3:21
183.0000000001457	-56433.81314241103	7360.282780376704	290.00443694556265	32.13638122787319	1.1725314074839666	136	3:21
184.00000000015046	-56671.81376872133	7723.601134527481	304.3196389386703	32.34900453674401	1.164824601318385	136	3:20
185.00000000015524	-56291.69798037488	7539.1324382287785	297.05133933653883	32.3609908479581	1.1643931574776563	136	3:19
186.00000000016001	-56381.0086897382	7622.968133682031	300.35457161460846	32.05195886390452	1.1756197639138377	136	3:19
187.0000000001648	-56369.10771872863	7761.3407928859015	305.80662913990705	32.24569118616683	1.1685566327300285	136	3:18
188.00000000016956	-56585.76452729668	7711.13283548904	303.8283722101756	32.37124781181901	1.1640242146860293	136	3:17
189.00000000017434	-56223.91465668005	7599.689914406217	299.43738037676957	32.30477090621707	1.1664195490489535	136	3:17
190.0000000001791	-56346.86740101702	7433.8543672561855	292.9032503831469	32.530780768833374	1.1583157680820333	136	3:16
191.0000000001839	-56233.59884635292	7264.757086043348	286.2406039481624	32.566544350604445	1.1570437411748322	136	3:15
192.00000000018866	-56636.2062290184	7713.813119086111	303.93397876886587	32.30357793460874	1.1664626249400587	136	3:15
193.00000000019344	-56715.971544566826	7675.252575718963	302.4146446615787	32.14279818083343	1.1722973246003325	136	3:14
194.0000000001982	-56542.475244330126	7685.765021919859	302.82884831820166	32.15099859758958	1.1719983190626146	136	3:14
195.000000000203	-56520.58385864971	7796.24799774652	307.18201709618734	32.16145762772142	1.1716171806865052	136	3:13
196.00000000020776	-56344.28256935213	7534.528832944594	296.8699514743878	32.221943760054224	1.1694178536576298	136	3:12
197.00000000021254	-56238.408736830956	7253.657755793217	285.80327631881585	31.93740934151222	1.1798363451972869	136	3:12
198.0000000002173	-56524.21143714106	7412.6928132379035	292.0694584296194	32.13186626998456	1.1726961638626778	136	3:11
199.0000000002221	-56695.30322419354	7421.698265906625	292.4242846378726	32.06053649206352	1.1753052330202662	136	3:10
200.00000000022686	-56646.32228181491	7581.724007159625	298.7295009418714	32.11158113473227	1.1734369651391392	136	3:10
201.00000000023164	-56391.270109384495	7502.575505464318	295.6109500173839	32.30609257464982	1.166371829879767	136	3:09
202.0000000002364	-56641.86755742607	7500.712959626577	295.5375633591431	32.33780649369952	1.1652279606503602	136	3:08
203.0000000002412	-56703.37106631219	7486.706475658655	294.9856902018327	32.448157715649195	1.1612651985596891	136	3:08
204.00000000024596	-56732.68749555343	7526.022620082353	296.53479594500646	32.35179241918314	1.1647242237563442	136	3:07
205.00000000025074	-56484.91787820746	7481.378419046865	294.77575804245475	32.57837451585156	1.1566235845875361	136	3:07
206.0000000002555	-56583.857523790124	7463.66762026637	294.07793020330064	32.31332368731963	1.1661108178527047	136	3:06
207.0000000002603	-56569.29614634329	7654.588560411203	301.600456361594	32.062626100289144	1.1752286351934116	136	3:05
208.00000000026506	-56596.15632443852	7632.979461273342	300.7490305651445	32.05864380611555	1.1753746209741849	136	3:05
209.00000000026984	-56601.5992850856	7413.764395631699	292.1116801292505	32.17378046893715	1.1711684409899947	136	3:04
210.0000000002746	-56933.7178696839	7599.8144717305295	299.4422880926526	32.35925236769597	1.164455713759817	136	3:03
211.00000000027939	-56775.20524174691	7383.466512280296	290.9179052616066	32.30952158912258	1.1662480426588933	136	3:03
212.00000000028416	-56473.07112363976	7512.29017044326	295.99372008633344	32.618901097943564	1.1551865649739816	136	3:02
213.00000000028894	-56667.65303408442	7444.579388844082	293.32582977848193	32.61512065637471	1.1553204634610064	136	3:01
214.0000000002937	-56722.892080305726	7519.8293571559225	296.29077356415127	32.19020262793516	1.170570957508027	136	3:01
215.00000000029848	-56648.61971920464	7244.588752098534	285.4459461198803	32.405499232871456	1.1627938838953833	136	3:00
216.00000000030326	-56460.51353118132	7440.709920473273	293.17336783786914	31.779848925101273	1.1856858225275342	136	3:00
217.00000000030803	-56623.01268496318	7551.868579459889	297.55315938568623	32.10595969954742	1.173642422316086	136	2:59
218.0000000003128	-56390.771359200065	7766.677998702935	306.0169217895262	32.14318067227191	1.1722833747148316	136	2:58
219.00000000031758	-56439.049984398036	7551.389759354701	297.53429326883355	32.040792831415466	1.1760294606572268	136	2:58
220.00000000032236	-56448.16028131731	7587.910138668369	298.9732423358634	32.18051005489684	1.1709235263294293	136	2:57
221.00000000032713	-56119.64809968122	7548.797820034222	297.4321675862122	32.423005288891424	1.1621660600804786	136	2:56
222.0000000003319	-56269.64387822771	7276.40731341306	286.69963761975566	32.28183192540413	1.167248389113461	136	2:56
223.00000000033668	-56518.88842330233	7515.688349562701	296.12761263524493	32.359407258874256	1.1644501399890705	136	2:55
224.00000000034146	-56631.757927950646	7494.721035096587	295.3014739653806	32.2301685049862	1.1691194325195662	136	2:54
225.00000000034623	-56484.82007189377	7395.712439959028	291.4004102776931	32.564898121957754	1.1571022323313243	136	2:54
226.000000000351	-56705.721144225536	7574.466237763028	298.44353566171225	32.42237223183917	1.1621887517396503	136	2:53
227.00000000035578	-56655.93447996362	7487.9048518432455	295.0329077369507	32.285746791171526	1.167106852329748	136	2:53
228.00000000036056	-56665.01800456099	7534.490609963526	296.86844544066145	32.328267459580715	1.1655717820223754	136	2:52
229.00000000036533	-56728.48909007717	7688.206587520641	302.92504908635806	32.3430443990445	1.1650392538085457	136	2:51
230.0000000003701	-56084.96661780655	7357.466938109176	289.8934892040575	32.32360398912968	1.1657399442596634	136	2:51
231.00000000037488	-56619.780036552605	7465.216106526255	294.13894251754397	32.29592102204552	1.1667391769641156	136	2:50
232.00000000037966	-56600.1208813024	7614.188803702578	300.00865492588576	31.741316048088507	1.187125204748045	136	2:49
233.00000000038443	-56431.02378054659	7701.38159811118	303.4441611425209	32.07286075387943	1.174853612270982	136	2:49
234.0000000003892	-56622.39078244273	7575.208715443695	298.4727902200154	32.29862882672026	1.1666413616105742	136	2:48
235.00000000039398	-57006.675524887454	7724.830625812115	304.36808244802575	32.11260255384157	1.1733996411340935	136	2:47
236.00000000039876	-56906.01130042726	7642.106427947127	301.10864457865875	32.65412082357279	1.1539406164430515	136	2:47
237.00000000040353	-56876.04469824277	7616.5643419601865	300.10225413333427	32.44260960029551	1.1614637902684697	136	2:46
238.0000000004083	-56859.57747379012	7321.187287702402	288.46402515997903	32.47092609977916	1.1604509276012223	136	2:46
239.00000000041308	-56852.40218914914	7287.260389242239	287.1272625139187	32.54923608096972	1.1576590067682124	136	2:45
240.00000000041786	-57153.84895195626	7685.263912867849	302.8091039886952	32.34700730609283	1.164896522141693	136	2:44
241.00000000042263	-57049.39538361275	7249.629456549068	285.6445562412039	32.39765559494921	1.1630754022347816	136	2:44
242.0000000004274	-57111.2345397195	7417.691147050513	292.2663990942982	32.073627820601814	1.1748255146976525	136	2:43
243.00000000043218	-56919.38758333001	7544.153543700895	297.2491772333609	32.35201349438229	1.1647162646956273	136	2:42
244.00000000043696	-57039.36593711504	7527.30932593485	296.58549378059274	32.15281764376738	1.1719320132387736	136	2:42
245.00000000044173	-56857.50880735161	7525.48374251286	296.51356348821287	32.315896052761516	1.1660179947057197	136	2:41
246.0000000004465	-56971.190829365485	7428.413357323334	292.68886772026895	32.306832549780495	1.166345114597608	136	2:40
247.00000000045128	-56966.72579381845	7355.487967937126	289.815515280011	32.10213801640376	1.173782141653775	136	2:40
248.00000000045605	-57002.30442256018	7253.44764902391	285.7949978467586	31.888553928807443	1.1816439339546008	136	2:39
249.00000000046083	-56724.221823886095	7417.927074207404	292.2756949222353	32.178287523737815	1.1710044011746237	136	2:39
250.0000000004656	-56669.320316534635	7374.971302324588	290.5831832606384	32.40717676017316	1.1627336929537002	136	2:38
251.00000000047038	-56392.6782428023	7643.649712936554	301.1694519562773	32.531093583329124	1.1583046298778417	136	2:37
252.00000000047515	-56761.58496120994	7728.883506894271	304.5277710810999	32.28249270096236	1.1672244972407655	136	2:37
253.00000000047993	-56720.16229590392	7639.387302686511	301.0015076093712	32.25000131116754	1.1684004583128904	136	2:36
254.0000000004847	-56252.57237692148	7583.637885482984	298.804910164874	32.69817618976152	1.1523858729575918	136	2:35
255.00000000048948	-56490.04184842709	7394.410662346849	291.34911859574106	32.634075819022	1.1546494076169218	136	2:35
256.00000000049425	-56759.44300424514	7687.454210957427	302.8954044995811	32.60702002684809	1.1556074821168452	136	2:34
257.000000000499	-56590.26670217252	7577.433385279211	298.5604450210998	32.28221759286637	1.167234444293136	136	2:34
258.0000000005038	-56740.00175980962	7527.688502217722	296.6004338050047	32.39418436660051	1.163200032639493	136	2:33
259.0000000005086	-56953.11510114116	7479.200556813608	294.6899475200134	32.04481766004432	1.1758817513741893	136	2:32
260.00000000051335	-56764.8344402849	7500.971471341286	295.5477490471805	32.30915703171927	1.1662612019114738	136	2:32
261.0000000005181	-56993.36785002312	7455.371039448271	293.75103444120566	31.982151630878572	1.178185781477528	136	2:31
262.0000000005229	-57215.76001738812	7582.870277549786	298.77466544288376	32.372476267858815	1.1639800428233278	136	2:30
263.0000000005277	-57011.4553676013	7509.760667596925	295.8940544796452	31.799294912423708	1.184960748857292	136	2:30
264.00000000053245	-56502.02155290346	7377.359119955606	290.6772662909071	32.32644771542667	1.1656373952457997	136	2:29
265.0000000005372	-56677.25166937735	7515.816283604236	296.132653398051	32.50863416514277	1.159104874143333	136	2:28
266.000000000542	-56751.67833514395	7467.88617675742	294.24414665671895	32.580250098101615	1.1565569999953762	136	2:28
267.0000000005468	-56483.347676214966	7592.50006138171	299.15409108744325	32.667590826686975	1.1534648059132961	136	2:27
268.00000000055155	-56511.970562151546	7538.621305462523	297.03120006003206	32.089664422571616	1.1742384032553175	136	2:27
269.0000000005563	-56702.16972601999	7334.657480559259	288.99476777022437	32.12824109330967	1.172828484544897	136	2:26
270.0000000005611	-56739.67837550136	7526.109629150296	296.53822421216836	32.345127649780665	1.1649642171937753	136	2:25
271.0000000005659	-56894.491152488044	7375.429795799564	290.60124848258994	32.05029579164022	1.175680766178386	136	2:25
272.00000000057065	-56876.33403627554	7376.11407238932	290.62820984440833	32.36521828478567	1.1642410683283608	136	2:24
273.0000000005754	-56834.659523259645	7484.70280149658	294.9067429093802	32.166751821701844	1.1714243490117455	136	2:23
274.0000000005802	-56686.52544551852	7626.044764173216	300.4757947414786	32.14919638414574	1.1720640187181062	136	2:23
275.000000000585	-57117.010361960216	7489.486427454012	295.0952238134077	31.77109268305563	1.1860126023508062	136	2:22
276.00000000058975	-56680.165448454325	7570.180593166848	298.27467585222536	32.365964599319966	1.1642142225339756	136	2:21
277.0000000005945	-56438.32672616182	7593.834703252682	299.20667766269645	32.63502761752576	1.154615732340424	136	2:21
278.0000000005993	-56379.15741828605	7614.932641191703	300.0379630623595	32.19058805804376	1.1705569418183956	136	2:20
279.0000000006041	-56396.48574831206	7424.301789131849	292.5268667409704	32.2885916053254	1.1670040233760057	136	2:20
280.00000000060885	-56625.16163342475	7477.189309856765	294.6107018498833	32.100585539516906	1.173838909143043	136	2:19
281.0000000006136	-56793.00230954689	7224.08826176076	284.638200910231	32.08882195505346	1.1742692319879742	136	2:18
282.0000000006184	-56759.72613410576	7582.7073526175045	298.7682459947918	32.5339252146796	1.1582038153686263	136	2:18
283.0000000006232	-56553.38525484511	7383.088014639144	290.90299197653553	32.35410824292	1.1646408557962689	136	2:17
284.00000000062795	-56597.98099395749	7518.3636601111975	296.2330232495409	32.483646131386365	1.1599965151741813	136	2:16
285.0000000006327	-56823.802170312585	7503.067542720106	295.63033690666236	32.35860989188614	1.164478833870051	136	2:16
286.0000000006375	-56590.374079508736	7497.001028042231	295.3913085668723	32.74389144770916	1.1507769738589124	136	2:15
287.0000000006423	-56749.910836006544	7311.888790517128	288.09765262768383	32.68157460606585	1.15297126184262	136	2:14
288.00000000064705	-56528.43498782272	7568.814860659984	298.2208642666532	32.40530620411986	1.1628008103120129	136	2:14
289.0000000006518	-56597.122267049504	7613.60352234763	299.9855941013412	32.44592388531016	1.161345149108836	136	2:13
290.0000000006566	-56622.262197653035	7425.87177573503	292.5887261958926	32.34902510695567	1.1648238606256278	136	2:13
291.0000000006614	-56463.99387293085	7688.15241073968	302.92291445276766	32.66609206451863	1.1535177283568565	136	2:12
292.00000000066615	-56430.7563630816	7439.193088744525	293.11360275212957	32.701403990547306	1.1522721264032438	136	2:11
293.0000000006709	-56779.04977491082	7456.2079517527445	293.78400984294956	32.46135647122338	1.1607930292735353	136	2:11
294.0000000006757	-56338.55179228657	7460.923941873791	293.96982580960525	32.33721394583513	1.165249312314754	136	2:10
295.0000000006805	-56616.202387184545	7438.4365186099	293.0837929333429	32.2666051078685	1.1677992211015293	136	2:09
296.00000000068525	-56660.275151127484	7616.645576879724	300.1054548917567	32.337575601219505	1.16523628045692	136	2:09
297.00000000069	-56596.3965970313	7515.6513779990255	296.12615590894427	32.11370334457629	1.1733594194430843	136	2:08
298.0000000006948	-56720.33105134539	7256.495582116502	285.91509025988177	32.107372638651526	1.1735907742011376	136	2:07
299.0000000006996	-56831.03237237115	7481.714718073288	294.78900864881234	32.64247908853258	1.1543521621124941	136	2:07
300.00000000070435	-56717.69000900589	7435.502565021527	292.9681914566321	32.03488171273964	1.1762464631662588	136	2:06
301.0000000007091	-56542.32651753491	7200.701587652169	283.71673641501167	32.22348124333656	1.1693620570667373	136	2:06
302.0000000007139	-56586.20695520396	7497.1491960058065	295.3971465717604	32.059659309472224	1.1753373904826996	136	2:05
303.00000000071867	-56437.63761579196	7702.3189065067445	303.4810922770454	32.58047381171793	1.1565490585040878	136	2:04
304.00000000072345	-56414.87138065521	7420.27634722798	292.36825924617403	32.17338103705129	1.1711829810229029	136	2:04
305.0000000007282	-56591.71793096437	7468.191169859054	294.25616377010317	31.78568706693199	1.1854680451995179	136	2:03
306.000000000733	-56381.64429596157	7464.096692371232	294.0948361861131	32.40208137945584	1.162916538332337	136	2:02
307.00000000073777	-56460.8867409933	7590.892812917474	299.09076346813697	32.39937344290025	1.163013734786176	136	2:02
308.00000000074255	-56621.972382046515	7495.130252414611	295.3175976445167	32.465938060791444	1.1606292182903553	136	2:01
309.0000000007473	-56636.56365007287	7536.821748778386	296.96029525399297	32.41617938413647	1.1624107784583462	136	2:01
310.0000000007521	-56623.58865616226	7488.477775275135	295.05548164371976	32.46907532329267	1.160517074704863	136	2:00
311.00000000075687	-56314.67791052407	7517.894748520379	296.214547540668	32.780661994512194	1.1494861305384139	136	1:59
312.00000000076164	-56160.658972537116	7442.255857844422	293.23427972267723	32.36153036531595	1.1643737452214147	136	1:59
313.0000000007664	-56582.992170123354	7621.238994187914	300.286441334787	32.210528888086	1.1698322757592734	136	1:58
314.0000000007712	-56505.47890393771	7620.644940237273	300.2630348588931	32.321721299878014	1.1658078467715047	136	1:57
315.00000000077597	-56798.09751521915	7379.689897714724	290.76910187818646	32.60992798536129	1.155504431947061	136	1:57
316.00000000078074	-56716.997557940456	7523.148045420559	296.4215340729934	32.54923958701566	1.1576588820708087	136	1:56
317.0000000007855	-56662.93287245117	7297.246949037639	287.5207455820162	32.75202370463249	1.150491238415592	136	1:55
318.0000000007903	-56728.95868094923	7193.057289330162	283.41554140703886	32.49677046070665	1.159528032427752	136	1:55
319.00000000079507	-56402.462807045784	7374.101836916755	290.5489252255104	32.21860819324726	1.1695389225552286	136	1:54
320.00000000079984	-56457.32803693216	7494.739417426288	295.30219825238606	32.00056852823565	1.1775077145680013	136	1:54
321.0000000008046	-56444.99277226714	7517.678839040611	296.20604043449015	32.023627570878325	1.1766598343413714	136	1:53
322.0000000008094	-56560.026521920314	7721.58044551086	304.2400212394605	32.435443408695136	1.161720400666949	136	1:52
323.00000000081417	-56002.13153607983	7417.284548687929	292.2503786053139	32.57266251565361	1.1568264121623755	136	1:52
324.00000000081894	-56599.651063817815	7562.268489568966	297.96292897816824	32.2952524320666	1.1667633312921666	136	1:51
325.0000000008237	-56333.43805610822	7680.198786191133	302.609531600817	31.79666948798653	1.1850585900764272	136	1:50
326.0000000008285	-56174.342276153504	7349.077389122771	289.5629303787205	31.80921777727584	1.1845911011203272	136	1:50
327.00000000083327	-56787.76698450517	7473.774119784284	294.4761390479388	32.22994573454192	1.1691275133664143	136	1:49
328.00000000083804	-56759.866704224	7507.725711370667	295.81387463435743	32.225829688378	1.1692768402530471	136	1:48
329.0000000008428	-56392.4703031783	7705.276625948853	303.59763015840747	32.47608370505061	1.1602666335873315	136	1:48
330.0000000008476	-56435.1165909463	7541.474297153895	297.14361153575317	32.249397628974144	1.168422329808276	136	1:47
331.00000000085237	-56562.30777526277	7327.636834300658	288.71814544116825	32.235764999805674	1.1689164601115132	136	1:47
332.00000000085714	-56568.15688902806	7610.617914738572	299.8679573909809	32.132980897645524	1.1726554854212252	136	1:46
333.0000000008619	-56573.814891708986	7506.753075014427	295.7755515335662	32.18931556580358	1.1706032157014827	136	1:45
334.0000000008667	-57100.02392777137	7349.650836852	289.58552494346685	32.434584763525976	1.1617511550489528	136	1:45
335.00000000087147	-56922.59532053009	7338.53598811291	289.14758586605683	32.592241084043735	1.1561314920135088	136	1:44
336.00000000087624	-56770.9229443043	7411.827339924144	292.03535768803954	32.218668194873096	1.1695367444938511	136	1:43
337.000000000881	-56737.795776876184	7390.048030648288	291.17722539719233	32.71269443453341	1.1518744317429663	136	1:43
338.0000000008858	-56706.471196548635	7706.770518524251	303.65649141253493	32.48509838746932	1.159944657181471	136	1:42
339.00000000089057	-56587.46847006696	7498.389967251998	295.44603452584687	32.61703622301014	1.1552526126201785	136	1:42
340.00000000089534	-56476.12868127739	7457.658591139096	293.8411668668035	32.736755688735705	1.1510278132272278	136	1:41
341.0000000009001	-56740.92082394421	7474.917973635591	294.5212083342684	32.66597614909342	1.1535218216218905	136	1:40
342.0000000009049	-56698.67318990608	7490.396400708598	295.1310779088557	32.62234783838701	1.1550645128067698	136	1:40
343.00000000090967	-56702.87915695409	7547.188650362856	297.36876426891865	32.26431895732313	1.167881967767583	136	1:39
344.00000000091444	-56504.625182994845	7358.900705345784	289.94998144390354	32.51380794966597	1.1589204306949406	136	1:38
345.0000000009192	-56609.83056229129	7465.929735827127	294.1670604132502	32.35997184223648	1.1644298238658555	136	1:38
346.000000000924	-56328.373717278446	7704.674067900066	303.5738886103067	32.2863857855829	1.1670837535920613	136	1:37
347.00000000092876	-56304.26119977978	7455.4430412582815	293.75387140345214	32.20854922447634	1.1699041782336626	136	1:36
348.00000000093354	-56038.24328420902	7559.816173109924	297.86630461261905	32.1945270202352	1.170413725565091	136	1:36
349.0000000009383	-56456.34696044808	7574.9603357399965	298.46300374600764	32.088075313858106	1.1742965554648255	136	1:35
350.0000000009431	-56457.47839481628	7828.06916930451	308.43581144295166	31.78000234622417	1.18568009851127	136	1:35
351.00000000094786	-56420.99130169628	7892.188023729041	310.9621752838296	31.82455524364549	1.1840202015103833	136	1:34
352.00000000095264	-56029.57732474519	7637.0409536182415	300.909058492846	32.37712837943142	1.1638127962113356	136	1:33
353.0000000009574	-56307.344349859515	7882.557122283837	310.5827056038955	32.23437002322544	1.1689670462121549	136	1:33
354.0000000009622	-56605.07830431117	7570.307379722359	298.2796714026329	32.470644302571216	1.160460998600378	136	1:32
355.00000000096696	-56367.61344318121	7349.959526756153	289.597687715539	32.588793664029865	1.1562537938969515	136	1:31
356.00000000097174	-56585.52645590386	7580.562964468749	298.68375439355464	32.47848279682026	1.1601809280404116	136	1:31
357.0000000009765	-56954.05089770426	7606.517198811669	299.70638400461235	32.38455451202953	1.1635459212064367	136	1:30
358.0000000009813	-56682.16655743332	7625.985644177563	300.4734653389864	32.193191966856354	1.1704622626843855	136	1:29
359.00000000098606	-56509.58103006985	7701.569756583097	303.4515748239423	31.964235053937905	1.1788461775786272	136	1:29
360.00000000099084	-56534.75968985856	7673.030046713493	302.3270742119018	31.968065962019	1.1787049099976161	136	1:28
361.0000000009956	-56393.11782236493	7500.212444823805	295.51784244380707	32.364726833996656	1.1642587470560253	136	1:28
362.0000000010004	-56776.84768287139	7511.991138038864	295.9819378319483	31.8223540871073	1.1841021003479355	136	1:27
363.00000000100516	-56717.88425889239	7348.869888075493	289.55475457540194	32.16838676285238	1.1713648119921538	136	1:26
364.00000000100994	-56603.971271990595	7592.780931304407	299.1651577171119	32.55065983190307	1.1576083712941574	136	1:26
365.0000000010147	-56597.86017668748	7510.096619176329	295.90729139615144	32.232225489186355	1.1690448220896539	136	1:25
366.0000000010195	-56830.194828189706	7547.465295573731	297.379664439606	32.441945574770635	1.1614875632447599	136	1:24
367.00000000102426	-56516.79217891177	7520.0645167729635	296.3000391500489	32.483780590155725	1.1599917136485876	136	1:24
368.00000000102904	-56104.44221423101	7443.16969661466	293.2702861243237	32.085867520544184	1.1743773575214334	136	1:23
369.0000000010338	-56237.330290413054	7622.045767844449	300.31822923573964	32.280743535470464	1.1672877445079675	136	1:23
370.0000000010386	-56445.801362314494	7556.442747027884	297.7333873646421	32.0375023004787	1.176150249140878	136	1:22
371.00000000104336	-56091.78515658609	7402.515942939791	291.6684768873693	32.73203966536616	1.151193653001396	136	1:21
372.00000000104814	-56579.08871151417	7742.467008336664	305.0629781927143	32.463998834667535	1.1606985480889345	136	1:21
373.0000000010529	-56548.1856029082	7651.551974604514	301.48081104586595	32.20518119177297	1.1700265273522295	136	1:20
374.0000000010577	-56741.171308555844	7477.903871234836	294.63885647060835	32.62964363973443	1.1548062470003164	136	1:19
375.00000000106246	-56763.15626550399	7461.264507427959	293.9832445225442	32.44470836383697	1.161388658205934	136	1:19
376.00000000106724	-56535.88280656253	7410.112724591316	291.9677996785157	32.37174369902235	1.1640063835578143	136	1:18
377.000000001072	-56617.896657828824	7571.909234396549	298.3427864997995	32.46319637762286	1.1607272393710812	136	1:17
378.0000000010768	-56636.01686780134	7707.788719690808	303.696609824397	32.5632856229589	1.1571595307935498	136	1:17
379.00000000108156	-56699.94934030899	7650.52827571208	301.4404760166612	32.588980682919825	1.1562471584853333	136	1:16
380.00000000108633	-56722.754435890936	7623.623987839119	300.38041309668455	32.20285065579894	1.1701112027414278	136	1:16
381.0000000010911	-56702.83989361572	7456.693007828502	293.80312166491814	32.08724294130693	1.1743270177959608	136	1:15
382.0000000010959	-56984.28443104323	7514.593942241014	296.0844916046289	32.22378895817272	1.1693508904700884	136	1:14
383.00000000110066	-56962.77174908394	7548.9151800566815	297.4367917193126	32.373678856686176	1.1639368043208096	136	1:14
384.00000000110543	-56627.92328131615	7266.812350118772	286.3215839483543	32.659381361208055	1.153754748009889	136	1:13
385.0000000011102	-56958.159046805726	7435.030238200562	292.94958118337826	32.58499750399211	1.1563884977417302	136	1:12
386.000000001115	-56968.51808454082	7454.524390890447	293.7176754187837	32.613920437881596	1.1553629801829182	136	1:12
387.00000000111976	-57349.187480686436	7772.092551350998	306.2302620019702	32.544471679414805	1.1578284841659787	136	1:11
388.00000000112453	-56977.70576219994	7417.815547536028	292.27130063053454	32.64346748333245	1.154317210075771	136	1:10
389.0000000011293	-57009.33086194517	7446.018178665622	293.3825199145174	32.268784659794626	1.1677203436641386	136	1:10
390.0000000011341	-56549.40925525673	7448.641214709854	293.4858708473271	32.55058726942645	1.157610951859899	136	1:09
391.00000000113886	-56546.72960516729	7859.166870365498	309.66110013845355	32.4133081125072	1.1625137484198866	136	1:09
392.00000000114363	-56681.94509976925	7600.796573282416	299.480984134106	32.70691974259647	1.1520778052200684	136	1:08
393.0000000011484	-56547.22210048564	7522.27846475994	296.38727149676004	32.33284761302386	1.1654066713685118	136	1:07
394.0000000011532	-56529.15554632549	7626.092229202342	300.4776649235704	32.25532073904428	1.1682077700423434	136	1:07
395.00000000115796	-56687.335131290194	7483.809803350631	294.8715576546507	32.49238476573787	1.1596845409848997	136	1:06
396.00000000116273	-56542.50156753801	7466.801377133852	294.20140418154256	32.90483778476443	1.1451482167770008	136	1:05
397.0000000011675	-56752.67191831002	7457.1114136087635	293.8196073810707	32.59895744814786	1.1558932942102522	136	1:05
398.0000000011723	-56703.06800912085	7485.380079026921	294.9334284994185	32.407037334265276	1.1627386954227348	136	1:04
399.00000000117706	-56859.49711341658	7681.651022633881	302.66675155070993	31.89436322746385	1.18142870713007	136	1:03
400.00000000118183	-56549.06933811409	7599.542944383074	299.4315895722474	32.241445030740906	1.1687105300842517	136	1:03
401.0000000011866	-56624.44111275775	7554.121602555267	297.64193134101686	32.17375732384781	1.1711692835026652	136	1:02
402.0000000011914	-56294.933074240165	7457.127536370406	293.82024263824104	31.997804318569294	1.1776094364916188	136	1:02
403.00000000119616	-56683.87943503645	7577.58698215598	298.566496932024	31.876569711041753	1.1820881811980901	136	1:01
404.00000000120093	-56721.64587327474	7553.970769480169	297.6359883273689	31.9807667572677	1.1782368008420685	136	1:00
405.0000000012057	-56632.16457825198	7594.57376864862	299.2357977726719	31.877485145321632	1.1820542348551468	136	1:00
406.0000000012105	-56614.48198673673	7606.294810850581	299.6976216380888	32.09644086400497	1.173990489232633	136	0:59
407.00000000121526	-56472.37000081377	7641.0570359844205	301.0672972100371	32.4714536944039	1.1604320726501185	136	0:58
408.00000000122003	-56540.970428145316	7600.543754610817	299.4710227591569	32.43465064313247	1.1617487953593177	136	0:58
409.0000000012248	-56429.1271450154	7461.009821490402	293.9732095749582	32.257420532344774	1.1681317256839092	136	0:57
410.0000000012296	-56259.517041639774	7565.692876390151	298.0978541436265	32.36291609231119	1.1643238886470966	136	0:57
411.00000000123435	-56412.35102422134	7672.135271252618	302.2918189287195	32.65008972980315	1.1540830859697195	136	0:56
412.00000000123913	-56682.044009832345	7904.018713374187	311.42831939698317	32.89032169858109	1.1456536259475092	136	0:55
413.0000000012439	-56364.7568957741	7627.027195660003	300.5145037827837	32.37419473440152	1.163918257170391	136	0:55
414.0000000012487	-56386.964551385376	7543.834745183871	297.23661616917525	32.42869581747827	1.1619621252930676	136	0:54
415.00000000125345	-56449.32474062688	7449.926839991721	293.53652610706587	32.30017112541406	1.166585655730839	136	0:53
416.00000000125823	-56699.76213649765	7501.107958602892	295.5531268176594	32.27534904802342	1.167482844461045	136	0:53
417.000000001263	-56545.12280656613	7684.978869952763	302.7978729378563	32.32059052913666	1.1658486338172112	136	0:52
418.0000000012678	-56360.08851397369	7277.541164945281	286.7443128020813	32.18890941839754	1.1706179859272576	136	0:51
419.00000000127255	-56656.74324398293	7514.360221848941	296.0752827260127	31.849127280864927	1.1831067137339835	136	0:51
420.00000000127733	-56677.98810134648	7705.978242975704	303.62527475534694	32.224003185010346	1.1693431165649684	136	0:50
421.0000000012821	-56419.66839412527	7487.509686189618	295.0173377111379	32.349971579329775	1.1647897810406713	136	0:50
422.0000000012869	-56506.388458759495	7476.359854531533	294.57802026253904	32.329697367461016	1.165520230031114	136	0:49
423.00000000129165	-56395.02571778395	7273.241895695366	286.5749161640305	32.4235748630795	1.1621456446946712	136	0:48
424.0000000012964	-56422.88150275551	7497.784471672764	295.4221772353366	32.29882479462205	1.1666342832025756	136	0:48
425.0000000013012	-56282.68442271772	7561.171398136383	297.91970219019316	32.223661004618435	1.1693555337228403	136	0:47
426.000000001306	-56417.58299626474	7382.198519529568	290.8679447458631	32.55601916189959	1.157417807293146	136	0:46
427.00000000131075	-56452.87008623776	7415.026125440641	292.16139387717817	32.27071461360645	1.1676505080142194	136	0:46
428.0000000013155	-56340.3763995613	7425.45185738738	292.5721808826748	32.643499904414945	1.154316063623534	136	0:45
429.0000000013203	-56468.08732775203	7578.352195579403	298.5966473073051	32.35068997545621	1.164763915117334	136	0:44
430.0000000013251	-56572.35674277964	7626.71685090999	300.5022758076947	32.30238591513523	1.1665056696293177	136	0:44
431.00000000132985	-56376.244373854104	7472.672431175442	294.4327311254132	32.14507523704177	1.1722142827383577	136	0:43
432.0000000013346	-56237.57795043354	7506.344954063139	295.7594710526641	32.27732423136543	1.167411401343582	136	0:43
433.0000000013394	-56156.08983132016	7474.688912227699	294.5121830255128	32.53764957231624	1.1580712438620409	136	0:42
434.0000000013442	-56350.49155437137	7562.775769612099	297.98291645251834	32.231392619201	1.1690750305995794	136	0:41
435.00000000134895	-56481.04020674873	7292.696216801245	287.3414409847223	32.136313405905014	1.1725338820486995	136	0:41
436.0000000013537	-56464.718557600776	7562.300752240566	297.9642001681742	32.17022335878619	1.1712979388521472	136	0:40
437.0000000013585	-56728.45449140869	7537.192154489869	296.97488970681576	32.01056669945444	1.1771399321462703	136	0:39
438.0000000013633	-56558.85715749694	7388.965329936265	291.1345656217815	32.1748953995719	1.1711278574369761	136	0:39
439.00000000136805	-56596.44022192841	7573.569644685804	298.4082087621503	32.55472587889935	1.1574637873692775	136	0:38
440.0000000013728	-56455.00809164785	7582.999185744768	298.7797445885659	32.11179779928504	1.173429047731436	136	0:38
441.0000000013776	-56639.884222141816	7441.263827265123	293.19519246500425	32.29040896233994	1.1669383424813986	136	0:37
442.0000000013824	-56470.35645501557	7504.338903015658	295.6804301079249	32.0908705355305	1.1741942703249435	136	0:36
443.00000000138715	-56478.50362142443	7637.056162127348	300.9096577273118	31.9542308682161	1.1792152490842622	136	0:36
444.0000000013919	-56495.71084693505	7654.463638110434	301.59553426517766	31.965974008426837	1.178782048143631	136	0:35
445.0000000013967	-56503.76359422153	7505.473733617735	295.72514386683935	32.248356826100704	1.168460040173639	136	0:34
446.0000000014015	-56531.76286480803	7199.70183056444	283.6773447231486	32.46948356046595	1.1605024835824254	136	0:34
447.00000000140625	-56692.598255150515	7666.7155445866765	302.07827485343677	32.92990048885017	1.144276652925749	136	0:33
448.000000001411	-56466.263697731134	7444.525541628471	293.3237081301825	32.25414313955742	1.1682504213341354	136	0:32
449.0000000014158	-56694.91611593007	7436.308749951683	292.99995616102194	32.054448579424964	1.1755284518213802	136	0:32
450.0000000014206	-56833.47974749183	7339.792724442201	289.1971028645799	32.46976619681381	1.1604923818717556	136	0:31
451.00000000142535	-56931.91189525023	7382.700884396499	290.88773855606337	32.507095988685535	1.1591597208706288	136	0:31
452.0000000014301	-56771.13387676113	7632.921651245268	300.74675277702926	32.288877219395594	1.1669937005404736	136	0:30
453.0000000014349	-56371.3112999704	7564.88355339168	298.06596579538194	32.13760489458939	1.1724867623505864	136	0:29
454.0000000014397	-56584.08975143233	7644.4875805240445	301.2024649973785	31.872171998430275	1.1822512853662839	136	0:29
455.00000000144445	-56707.629324132315	7723.03382380378	304.29728617969226	31.75143691843362	1.1867468048566778	136	0:28
456.0000000014492	-56792.61479518577	7566.016427055745	298.11060244846726	32.19763881916878	1.1703006088175085	136	0:27
457.000000001454	-56814.77670798663	7611.0777560129845	299.8860757179324	32.20037270664279	1.170201247539786	136	0:27
458.0000000014588	-57035.27088495722	7494.99791758517	295.3123834851093	32.100299080224744	1.1738493843433577	136	0:26
459.00000000146355	-56799.01096586374	7271.334787831959	286.4997737057005	32.06204561023955	1.1752499129539455	136	0:25
460.0000000014683	-56642.5701695233	7331.668637217579	288.8770035679123	32.09028266287423	1.1742157807837925	136	0:25
461.0000000014731	-56686.30076245146	7533.750617121839	296.8392887881522	32.186802822669904	1.1706946017645448	136	0:24
462.0000000014779	-56540.071480382234	7560.2900502871	297.88497597186546	32.275377453942234	1.1674818169464034	136	0:24
463.00000000148265	-56693.26664205329	7390.939872585239	291.2123650958272	32.1056701813876	1.1736530058296046	136	0:23
464.0000000014874	-56544.684256262495	7759.461597542249	305.73258647010647	32.12768633539079	1.1728487361086883	136	0:22
465.0000000014922	-56350.1337227941	7567.157455258484	298.15556040067486	32.30008927702108	1.1665886118576896	136	0:22
466.00000000149697	-56662.38256837259	7554.864787446162	297.67121376429617	32.266958812950115	1.1677864198790404	136	0:21
467.00000000150175	-56570.32338800345	7564.022337837683	298.0320328149139	32.4344166215231	1.161757177638116	136	0:20
468.0000000015065	-56661.48454810021	7469.3747182670595	294.3027970720976	32.33494084829279	1.1653312275828374	136	0:20
469.0000000015113	-56668.32219681077	7501.033752184231	295.55020299104785	32.33799128085807	1.1652213022539855	136	0:19
470.00000000151607	-56446.832574129105	7491.453077750761	295.17271231880835	32.0758611944792	1.1747437141000283	136	0:19
471.00000000152085	-56601.52086626613	7404.392893536955	291.74243111132336	32.14264035978742	1.1723030806050643	136	0:18
472.0000000015256	-56759.447926208435	7498.479507316322	295.44956251746254	32.40727642496453	1.1627301171021105	136	0:17
473.0000000015304	-56863.0584279497	7479.783275783562	294.7129073833531	32.61425041817429	1.1553512905990868	136	0:17
474.00000000153517	-56993.41224822163	7624.21990478389	300.4038929769	32.38393592778009	1.1635681467685786	136	0:16
475.00000000153995	-57068.469967977435	7871.691811603223	310.1545986411343	32.14064495354136	1.1723758613751047	136	0:15
476.0000000015447	-56239.4661746099	7428.391335572029	292.68800003545596	32.76293979858185	1.1501079129105043	136	0:15
477.0000000015495	-56533.795818622806	7432.436332029918	292.8473780043764	32.29701790757057	1.1666995516551046	136	0:14
478.00000000155427	-56475.41331848511	7359.1011991502655	289.9578811530064	32.32521803196656	1.1656817372522168	136	0:13
479.00000000155904	-56409.550796465366	7412.30500578514	292.0541783262133	32.24312431874791	1.168649661244203	136	0:13
480.0000000015638	-56628.38526765446	7402.949581101877	291.68556277860284	32.758930017974265	1.1502486891935906	136	0:12
481.0000000015686	-56499.58078728471	7328.812868722861	288.7644826826325	32.55037890008303	1.1576183622385836	136	0:12
482.00000000157337	-56282.80290505162	7518.7297959371745	296.24744946348216	32.753463275666135	1.1504406723472853	136	0:11
483.00000000157814	-56595.93844497777	7649.557159696387	301.4022128192076	32.537525481558546	1.1580756604836488	136	0:10
484.0000000015829	-56683.260913796956	7865.317001997833	309.9034230918504	31.995541707315166	1.1776927128551928	136	0:10
485.0000000015877	-56480.395382801216	7331.066706705764	288.85328674556075	32.2875851063578	1.1670404023229242	136	0:09
486.00000000159247	-56664.96027914353	7698.042785747802	303.3126077187734	32.424517027399155	1.162111876044864	136	0:08
487.00000000159724	-56381.99205305992	7383.393786558459	290.91503977631993	32.31328669906231	1.1661121526722602	136	0:08
488.000000001602	-56800.58711930286	7628.814149706865	300.584912028998	32.157939200112466	1.1717453683234678	136	0:07
489.0000000016068	-56836.694662746595	7474.286057838296	294.4963100538002	32.19952643986794	1.1702320027261248	136	0:06
490.00000000161157	-56528.624964952294	7191.5952566607775	283.3579354734446	32.20236997378543	1.1701286688909507	136	0:06
491.00000000161634	-56830.224873946834	7554.302473407718	297.64905788102766	31.840930332703213	1.1834112860031012	136	0:05
492.0000000016211	-56718.64592053738	7452.191179247833	293.6257439334208	32.282318125766764	1.1672308093167483	136	0:05
493.0000000016259	-56758.89003524187	7654.06648060535	301.57988575790193	32.34370839592039	1.1650153362535347	136	0:04
494.00000000163067	-56293.92899763453	7727.583309152731	304.4765416480463	32.53207338986848	1.1582697438612843	136	0:03
495.00000000163544	-56667.03589545307	7908.480154797248	311.6041058234653	32.6231339756564	1.1550366785937003	136	0:03
496.0000000016402	-56684.59575139976	7464.463714228074	294.10929731078943	32.38008902626501	1.163706383944612	136	0:02
497.000000001645	-56471.757086972095	7682.805812223312	302.7122517189326	32.1398743372395	1.1724039713776893	136	0:01
498.00000000164977	-56445.79533847087	7492.372122048683	295.20892382481975	32.300288072679	1.1665814319604053	136	0:01
499.00000000165454	-56716.288760965865	7438.764832717596	293.0967289238183	31.95417149302428	1.179217440226399	136	0:00
500.0000000016593	-57034.974814042536	7688.008184430959	302.9172317540587	31.88107084272752	1.1819212879781598	136	0:00
