    -44.945         0.00000     0.00000     0.00000     0.00000
    -44.795         0.00000     0.00000     0.00000     0.00000
    -44.645         0.00000     0.00000     0.00000     0.00000
    -44.495         0.00000     0.00000     0.00000     0.00000
    -44.345         0.00000     0.00000     0.00000     0.00000
    -44.195         0.00000     0.00000     0.00000     0.00000
    -44.045         0.00000     0.00000     0.00000     0.00000
    -43.895         0.00000     0.00000     0.00000     0.00000
    -43.745         0.00000     0.00000     0.00000     0.00000
    -43.595         0.00000     0.00000     0.00000     0.00000
    -43.445         0.00000     0.00000     0.00000     0.00000
    -43.295         0.00000     0.00000     0.00000     0.00000
    -43.145         0.00000     0.00000     0.00000     0.00000
    -42.995         0.00000     0.00000     0.00000     0.00000
    -42.845         0.00000     0.00000     0.00000     0.00000
    -42.695         0.00000     0.00000     0.00000     0.00000
    -42.545         0.00000     0.00000     0.00000     0.00000
    -42.395         0.00000     0.00000     0.00000     0.00000
    -42.245         0.00000     0.00000     0.00000     0.00000
    -42.095         0.00000     0.00000     0.00000     0.00000
    -41.945         0.00000     0.00000     0.00000     0.00000
    -41.795         0.00000     0.00000     0.00000     0.00000
    -41.645         0.00000     0.00000     0.00000     0.00000
    -41.495         0.00000     0.00000     0.00000     0.00000
    -41.345         0.00000     0.00000     0.00000     0.00000
    -41.195         0.00000     0.00000     0.00000     0.00000
    -41.045         0.00000     0.00000     0.00000     0.00000
    -40.895         0.00000     0.00000     0.00000     0.00000
    -40.745         0.00000     0.00000     0.00000     0.00000
    -40.595         0.00000     0.00000     0.00000     0.00000
    -40.445         0.00000     0.00000     0.00000     0.00000
    -40.295         0.00000     0.00000     0.00000     0.00000
    -40.145         0.00000     0.00000     0.00000     0.00000
    -39.995         0.00000     0.00000     0.00000     0.00000
    -39.845         0.00000     0.00000     0.00000     0.00000
    -39.695         0.00000     0.00000     0.00000     0.00000
    -39.545         0.00000     0.00000     0.00000     0.00000
    -39.395         0.00000     0.00000     0.00000     0.00000
    -39.245         0.00000     0.00000     0.00000     0.00000
    -39.095         0.00000     0.00000     0.00000     0.00000
    -38.945         0.00000     0.00000     0.00000     0.00000
    -38.795         0.00000     0.00000     0.00000     0.00000
    -38.645         0.00000     0.00000     0.00000     0.00000
    -38.495         0.00000     0.00000     0.00000     0.00000
    -38.345         0.00000     0.00000     0.00000     0.00000
    -38.195         0.00000     0.00000     0.00000     0.00000
    -38.045         0.00000     0.00000     0.00000     0.00000
    -37.895         0.00000     0.00000     0.00000     0.00000
    -37.745         0.00000     0.00000     0.00000     0.00000
    -37.595         0.00000     0.00000     0.00000     0.00000
    -37.445         0.00000     0.00000     0.00000     0.00000
    -37.295         0.00000     0.00000     0.00000     0.00000
    -37.145         0.00000     0.00000     0.00000     0.00000
    -36.995         0.00000     0.00000     0.00000     0.00000
    -36.845         0.00000     0.00000     0.00000     0.00000
    -36.695         0.00000     0.00000     0.00000     0.00000
    -36.545         0.00000     0.00000     0.00000     0.00000
    -36.395         0.00000     0.00000     0.00000     0.00000
    -36.245         0.00000     0.00000     0.00000     0.00000
    -36.095         0.00000     0.00000     0.00000     0.00000
    -35.945         0.00000     0.00000     0.00000     0.00000
    -35.795         0.00000     0.00000     0.00000     0.00000
    -35.645         0.00000     0.00000     0.00000     0.00000
    -35.495         0.00000     0.00000     0.00000     0.00000
    -35.345         0.00000     0.00000     0.00000     0.00000
    -35.195         0.00000     0.00000     0.00000     0.00000
    -35.045         0.00000     0.00000     0.00000     0.00000
    -34.895         0.00000     0.00000     0.00000     0.00000
    -34.745         0.00000     0.00000     0.00000     0.00000
    -34.595         0.00000     0.00000     0.00000     0.00000
    -34.445         0.00000     0.00000     0.00000     0.00000
    -34.295         0.00000     0.00000     0.00000     0.00000
    -34.145         0.00000     0.00000     0.00000     0.00000
    -33.995         0.00000     0.00000     0.00000     0.00000
    -33.845         0.00000     0.00000     0.00000     0.00000
    -33.695         0.00000     0.00000     0.00000     0.00000
    -33.545         0.00000     0.00000     0.00000     0.00000
    -33.395         0.00000     0.00000     0.00000     0.00000
    -33.245         0.00000     0.00000     0.00000     0.00000
    -33.095         0.00000     0.00000     0.00000     0.00000
    -32.945         0.00000     0.00000     0.00000     0.00000
    -32.795         0.00000     0.00000     0.00000     0.00000
    -32.645         0.00000     0.00000     0.00000     0.00000
    -32.495         0.00000     0.00000     0.00000     0.00000
    -32.345         0.00000     0.00000     0.00000     0.00000
    -32.195         0.00000     0.00000     0.00000     0.00000
    -32.045         0.00000     0.00000     0.00000     0.00000
    -31.895         0.00000     0.00000     0.00000     0.00000
    -31.745         0.00000     0.00000     0.00000     0.00000
    -31.595         0.00000     0.00000     0.00000     0.00000
    -31.445         0.00000     0.00000     0.00000     0.00000
    -31.295         0.00000     0.00000     0.00000     0.00000
    -31.145         0.00000     0.00000     0.00000     0.00000
    -30.995         0.00000     0.00000     0.00000     0.00000
    -30.845         0.00000     0.00000     0.00000     0.00000
    -30.695         0.00000     0.00000     0.00000     0.00000
    -30.545         0.00000     0.00000     0.00000     0.00000
    -30.395         0.00000     0.00000     0.00000     0.00000
    -30.245         0.00000     0.00000     0.00000     0.00000
    -30.095         0.00000     0.00000     0.00000     0.00000
    -29.945         0.00000     0.00000     0.00000     0.00000
    -29.795         0.00000     0.00000     0.00000     0.00000
    -29.645         0.00000     0.00000     0.00000     0.00000
    -29.495         0.00000     0.00000     0.00000     0.00000
    -29.345         0.00000     0.00000     0.00000     0.00000
    -29.195         0.00000     0.00000     0.00000     0.00000
    -29.045         0.00000     0.00000     0.00000     0.00000
    -28.895         0.00000     0.00000     0.00000     0.00000
    -28.745         0.00000     0.00000     0.00000     0.00000
    -28.595         0.00000     0.00000     0.00000     0.00000
    -28.445         0.00000     0.00000     0.00000     0.00000
    -28.295         0.00000     0.00000     0.00000     0.00000
    -28.145         0.00000     0.00000     0.00000     0.00000
    -27.995         0.00000     0.00000     0.00000     0.00000
    -27.845         0.00000     0.00000     0.00000     0.00000
    -27.695         0.00000     0.00000     0.00000     0.00000
    -27.545         0.00000     0.00000     0.00000     0.00000
    -27.395         0.00000     0.00000     0.00000     0.00000
    -27.245         0.00000     0.00000     0.00000     0.00000
    -27.095         0.00000     0.00000     0.00000     0.00000
    -26.945         0.00000     0.00000     0.00000     0.00000
    -26.795         0.00000     0.00000     0.00000     0.00000
    -26.645         0.00000     0.00000     0.00000     0.00000
    -26.495         0.00000     0.00000     0.00000     0.00000
    -26.345         0.00000     0.00000     0.00000     0.00000
    -26.195         0.00000     0.00000     0.00000     0.00000
    -26.045         0.00000     0.00000     0.00000     0.00000
    -25.895         0.00000     0.00000     0.00000     0.00000
    -25.745         0.00000     0.00000     0.00000     0.00000
    -25.595         0.00000     0.00000     0.00000     0.00000
    -25.445         0.00000     0.00000     0.00000     0.00000
    -25.295         0.00000     0.00000     0.00000     0.00000
    -25.145         0.00000     0.00000     0.00000     0.00000
    -24.995         0.00000     0.00000     0.00000     0.00000
    -24.845         0.00000     0.00000     0.00000     0.00000
    -24.695         0.00000     0.00000     0.00000     0.00000
    -24.545         0.00000     0.00000     0.00000     0.00000
    -24.395         0.00000     0.00000     0.00000     0.00000
    -24.245         0.00000     0.00000     0.00000     0.00000
    -24.095         0.00000     0.00000     0.00000     0.00000
    -23.945         0.00000     0.00000     0.00000     0.00000
    -23.795         0.00000     0.00000     0.00000     0.00000
    -23.645         0.00000     0.00000     0.00000     0.00000
    -23.495         0.00000     0.00000     0.00000     0.00000
    -23.345        -0.00048    -0.00048     0.00000     0.00000
    -23.195        -0.00048    -0.00048     0.00000     0.00000
    -23.045        -0.00048    -0.00048     0.00000     0.00000
    -22.895        -0.00048    -0.00048     0.00000     0.00000
    -22.745        -0.00048    -0.00048     0.00000     0.00000
    -22.595        -0.00048    -0.00048     0.00000     0.00000
    -22.445        -0.00048    -0.00048     0.00000     0.00000
    -22.295        -0.00048    -0.00048     0.00000     0.00000
    -22.145        -0.00141    -0.00141     0.00000     0.00000
    -21.995        -0.00141    -0.00141     0.00000     0.00000
    -21.845        -0.00141    -0.00141     0.00000     0.00000
    -21.695        -0.00141    -0.00141     0.00000     0.00000
    -21.545        -0.00232    -0.00232     0.00000     0.00000
    -21.395        -0.00232    -0.00232     0.00000     0.00000
    -21.245        -0.00232    -0.00232     0.00000     0.00000
    -21.095        -0.00276    -0.00276     0.00000     0.00000
    -20.945        -0.00321    -0.00321     0.00000     0.00000
    -20.795        -0.00365    -0.00365     0.00000     0.00000
    -20.645        -0.00408    -0.00408     0.00000     0.00000
    -20.495        -0.00538    -0.00452    -0.00086     0.00000
    -20.345        -0.00662    -0.00575    -0.00086     0.00000
    -20.195        -0.00744    -0.00658    -0.00086     0.00000
    -20.045        -0.00910    -0.00740    -0.00170     0.00000
    -19.895        -0.01037    -0.00784    -0.00253     0.00000
    -19.745        -0.01278    -0.00939    -0.00339     0.00000
    -19.595        -0.01573    -0.01065    -0.00509     0.00000
    -19.445        -0.01782    -0.01228    -0.00554     0.00000
    -19.295        -0.01869    -0.01271    -0.00599     0.00000
    -19.145        -0.02080    -0.01352    -0.00727     0.00000
    -18.995        -0.02452    -0.01513    -0.00940     0.00000
    -18.845        -0.02867    -0.01674    -0.01193     0.00000
    -18.695        -0.03211    -0.01758    -0.01452     0.00000
    -18.545        -0.03826    -0.02072    -0.01754     0.00000
    -18.395        -0.04487    -0.02390    -0.02097     0.00000
    -18.245        -0.04960    -0.02432    -0.02527     0.00000
    -18.095        -0.05504    -0.02710    -0.02794     0.00000
    -17.945        -0.06810    -0.03208    -0.03602     0.00000
    -17.795        -0.07817    -0.03487    -0.04330     0.00000
    -17.645        -0.09130    -0.04056    -0.05074     0.00000
    -17.495        -0.10871    -0.04767    -0.06104     0.00000
    -17.345        -0.12341    -0.05077    -0.07264     0.00000
    -17.195        -0.14368    -0.05570    -0.08798     0.00000
    -17.045        -0.16306    -0.05917    -0.10388     0.00000
    -16.895        -0.18132    -0.06339    -0.11793     0.00000
    -16.745        -0.20322    -0.06791    -0.13531     0.00000
    -16.595        -0.22447    -0.07280    -0.15167     0.00000
    -16.445        -0.24594    -0.07621    -0.16973     0.00000
    -16.295        -0.27706    -0.08179    -0.19527     0.00000
    -16.145        -0.30138    -0.08661    -0.21477     0.00000
    -15.995        -0.33342    -0.09211    -0.24131     0.00000
    -15.845        -0.36558    -0.09727    -0.26831     0.00000
    -15.695        -0.39381    -0.10479    -0.28902     0.00000
    -15.545        -0.42879    -0.11163    -0.31716     0.00000
    -15.395        -0.46530    -0.11910    -0.34619     0.00000
    -15.245        -0.50218    -0.12689    -0.37529     0.00000
    -15.095        -0.53643    -0.13535    -0.40109     0.00000
    -14.945        -0.57065    -0.14339    -0.42726     0.00000
    -14.795        -0.60073    -0.14944    -0.45129     0.00000
    -14.645        -0.63877    -0.15780    -0.48097     0.00000
    -14.495        -0.67395    -0.16547    -0.50847     0.00000
    -14.345        -0.71023    -0.17630    -0.53393     0.00000
    -14.195        -0.74600    -0.18358    -0.56242     0.00000
    -14.045        -0.77863    -0.18957    -0.58906     0.00000
    -13.895        -0.81536    -0.19964    -0.61572     0.00000
    -13.745        -0.84886    -0.20993    -0.63893     0.00000
    -13.595        -0.87941    -0.21928    -0.66014     0.00000
    -13.445        -0.91467    -0.23042    -0.68425     0.00000
    -13.295        -0.94804    -0.24036    -0.70767     0.00000
    -13.145        -0.98112    -0.24873    -0.73240     0.00000
    -12.995        -1.01367    -0.25887    -0.75480     0.00000
    -12.845        -1.04370    -0.26780    -0.77590     0.00000
    -12.695        -1.08155    -0.27963    -0.80192     0.00000
    -12.545        -1.11490    -0.29222    -0.82268     0.00000
    -12.395        -1.14780    -0.30227    -0.84553     0.00000
    -12.245        -1.18331    -0.31197    -0.87133     0.00000
    -12.095        -1.21767    -0.32419    -0.89348     0.00000
    -11.945        -1.24770    -0.33385    -0.91385     0.00000
    -11.795        -1.27819    -0.34487    -0.93331     0.00000
    -11.645        -1.31468    -0.36019    -0.95449     0.00000
    -11.495        -1.34605    -0.37091    -0.97514     0.00000
    -11.345        -1.38017    -0.38555    -0.99462     0.00000
    -11.195        -1.41146    -0.39598    -1.01548     0.00000
    -11.045        -1.44039    -0.40792    -1.03248     0.00000
    -10.895        -1.47332    -0.41962    -1.05370     0.00000
    -10.745        -1.50688    -0.43257    -1.07430     0.00000
    -10.595        -1.53944    -0.44474    -1.09470     0.00000
    -10.445        -1.57005    -0.45387    -1.11617     0.00000
    -10.295        -1.60104    -0.46553    -1.13534    -0.00017
    -10.145        -1.63716    -0.47913    -1.15786    -0.00017
    -9.9950        -1.67044    -0.49294    -1.17677    -0.00073
    -9.8450        -1.70838    -0.50793    -1.19799    -0.00246
    -9.6950        -1.74232    -0.52013    -1.21737    -0.00482
    -9.5450        -1.78102    -0.53139    -1.24040    -0.00923
    -9.3950        -1.82520    -0.54520    -1.26106    -0.01894
    -9.2450        -1.87884    -0.55969    -1.28232    -0.03683
    -9.0950        -1.93929    -0.57290    -1.30413    -0.06225
    -8.9450        -2.01580    -0.58787    -1.32421    -0.10372
    -8.7950        -2.12302    -0.60358    -1.35106    -0.16838
    -8.6450        -2.25086    -0.61937    -1.37252    -0.25897
    -8.4950        -2.40566    -0.63657    -1.39645    -0.37263
    -8.3450        -2.59848    -0.65455    -1.42446    -0.51947
    -8.1950        -2.83475    -0.67491    -1.44907    -0.71077
    -8.0450        -3.11468    -0.70058    -1.47979    -0.93431
    -7.8950        -3.43449    -0.72732    -1.50982    -1.19735
    -7.7450        -3.82361    -0.75448    -1.54013    -1.52900
    -7.5950        -4.23486    -0.78531    -1.56648    -1.88307
    -7.4450        -4.71353    -0.82165    -1.59670    -2.29518
    -7.2950        -5.22940    -0.86321    -1.62770    -2.73848
    -7.1450        -5.79817    -0.91099    -1.66251    -3.22467
    -6.9950        -6.40672    -0.95731    -1.69884    -3.75057
    -6.8450        -7.03179    -1.01234    -1.73815    -4.28131
    -6.6950        -7.67109    -1.06581    -1.77478    -4.83050
    -6.5450        -8.34867    -1.13258    -1.81487    -5.40123
    -6.3950        -9.04167    -1.19901    -1.85525    -5.98741
    -6.2450        -9.71892    -1.27581    -1.90022    -6.54289
    -6.0950       -10.38438    -1.35090    -1.94255    -7.09093
    -5.9450       -11.05348    -1.42822    -1.98833    -7.63692
    -5.7950       -11.69839    -1.50781    -2.03533    -8.15525
    -5.6450       -12.32657    -1.59142    -2.08131    -8.65384
    -5.4950       -12.93718    -1.67478    -2.12847    -9.13393
    -5.3450       -13.51836    -1.75599    -2.17904    -9.58333
    -5.1950       -14.09767    -1.84052    -2.23217   -10.02499
    -5.0450       -14.66458    -1.92757    -2.28780   -10.44921
    -4.8950       -15.22455    -2.01181    -2.34937   -10.86336
    -4.7450       -15.77671    -2.09654    -2.41251   -11.26765
    -4.5950       -16.31276    -2.18394    -2.47717   -11.65164
    -4.4450       -16.84179    -2.27305    -2.54374   -12.02500
    -4.2950       -17.37387    -2.36398    -2.61057   -12.39931
    -4.1450       -17.92132    -2.45854    -2.68162   -12.78116
    -3.9950       -18.46393    -2.54979    -2.75581   -13.15833
    -3.8450       -19.03799    -2.64327    -2.83416   -13.56056
    -3.6950       -19.62772    -2.74189    -2.91931   -13.96652
    -3.5450       -20.23349    -2.84695    -3.00920   -14.37735
    -3.3950       -20.85860    -2.95760    -3.10137   -14.79963
    -3.2450       -21.50696    -3.07102    -3.20542   -15.23053
    -3.0950       -22.17484    -3.18529    -3.31356   -15.67599
    -2.9450       -22.88065    -3.30939    -3.43332   -16.13794
    -2.7950       -23.62504    -3.44149    -3.56390   -16.61965
    -2.6450       -24.40531    -3.57845    -3.70517   -17.12168
    -2.4950       -25.24811    -3.73026    -3.85643   -17.66142
    -2.3450       -26.16219    -3.88523    -4.02342   -18.25354
    -2.1950       -27.15682    -4.04756    -4.20815   -18.90111
    -2.0450       -28.26086    -4.22803    -4.39907   -19.63376
    -1.8950       -29.49738    -4.42117    -4.61396   -20.46225
    -1.7450       -30.88252    -4.62325    -4.84524   -21.41402
    -1.5950       -32.47023    -4.84963    -5.10871   -22.51189
    -1.4450       -34.24728    -5.09279    -5.40017   -23.75432
    -1.2950       -36.22961    -5.35725    -5.72316   -25.14921
    -1.1450       -38.42837    -5.64889    -6.08970   -26.68977
   -0.99500       -40.87741    -5.98385    -6.50562   -28.38794
   -0.84500       -43.60660    -6.36618    -7.00235   -30.23806
   -0.69500       -46.69083    -6.80546    -7.60881   -32.27656
   -0.54500       -50.31269    -7.31742    -8.34662   -34.64865
   -0.39500       -54.78563    -7.90003    -9.18485   -37.70075
   -0.25300       -58.35084    -8.27641    -9.71073   -40.36370
   -0.21500       -58.59680    -8.29848    -9.73989   -40.55844
   -0.20900       -58.84801    -8.32011    -9.76869   -40.75921
   -0.20300       -59.10241    -8.34193    -9.79640   -40.96409
   -0.19700       -59.36124    -8.36323    -9.82372   -41.17430
   -0.19100       -59.62586    -8.38433    -9.85065   -41.39089
   -0.18500       -59.89743    -8.40506    -9.87710   -41.61526
   -0.17900       -60.17342    -8.42514    -9.90279   -41.84548
   -0.17300       -60.45686    -8.44521    -9.92773   -42.08392
   -0.16700       -60.74847    -8.46495    -9.95227   -42.33125
   -0.16100       -61.04627    -8.48414    -9.97552   -42.58661
   -0.15500       -61.35356    -8.50295    -9.99828   -42.85232
   -0.14900       -61.67023    -8.52148   -10.02011   -43.12864
   -0.14300       -61.99857    -8.53931   -10.04118   -43.41808
   -0.13700       -62.33894    -8.55698   -10.06173   -43.72023
   -0.13100       -62.69219    -8.57360   -10.08131   -44.03728
   -0.12500       -63.06015    -8.58993   -10.10047   -44.36976
   -0.11900       -63.44315    -8.60565   -10.11828   -44.71922
   -0.11300       -63.84532    -8.62081   -10.13565   -45.08886
   -0.10700       -64.26709    -8.63553   -10.15184   -45.47972
   -0.10100       -64.70949    -8.64962   -10.16741   -45.89246
   -0.95000E-01   -65.17813    -8.66311   -10.18187   -46.33315
   -0.89000E-01   -65.67187    -8.67573   -10.19547   -46.80067
   -0.83000E-01   -66.19670    -8.68742   -10.20826   -47.30101
   -0.77000E-01   -66.75384    -8.69844   -10.22004   -47.83536
   -0.71000E-01   -67.34489    -8.70881   -10.23085   -48.40523
   -0.65000E-01   -67.97623    -8.71823   -10.24085   -49.01715
   -0.59000E-01   -68.65231    -8.72705   -10.24997   -49.67529
   -0.53000E-01   -69.37517    -8.73494   -10.25806   -50.38217
   -0.47000E-01   -70.15026    -8.74194   -10.26520   -51.14312
   -0.41000E-01   -70.98546    -8.74816   -10.27149   -51.96580
   -0.35000E-01   -71.89121    -8.75340   -10.27682   -52.86098
   -0.29000E-01   -72.87138    -8.75778   -10.28119   -53.83240
   -0.23000E-01   -73.89701    -8.76128   -10.28465   -54.85108
   -0.19700E-01   -73.99897    -8.76157   -10.28493   -54.95246
   -0.19100E-01   -74.10051    -8.76186   -10.28522   -55.05344
   -0.18500E-01   -74.20147    -8.76214   -10.28550   -55.15383
   -0.17900E-01   -74.30181    -8.76242   -10.28577   -55.25362
   -0.17300E-01   -74.40100    -8.76268   -10.28602   -55.35230
   -0.16700E-01   -74.49902    -8.76293   -10.28628   -55.44982
   -0.16100E-01   -74.59581    -8.76317   -10.28652   -55.54612
   -0.15500E-01   -74.69089    -8.76341   -10.28675   -55.64073
   -0.14900E-01   -74.78424    -8.76363   -10.28697   -55.73364
   -0.14300E-01   -74.87522    -8.76384   -10.28720   -55.82417
   -0.13700E-01   -74.96407    -8.76405   -10.28740   -55.91262
   -0.13100E-01   -75.05073    -8.76425   -10.28760   -55.99888
   -0.12500E-01   -75.13446    -8.76444   -10.28779   -56.08223
   -0.11900E-01   -75.21537    -8.76462   -10.28797   -56.16278
   -0.11300E-01   -75.29308    -8.76479   -10.28814   -56.24015
   -0.10700E-01   -75.36772    -8.76495   -10.28831   -56.31445
   -0.10100E-01   -75.43905    -8.76511   -10.28846   -56.38548
   -0.95000E-02   -75.50698    -8.76525   -10.28860   -56.45313
   -0.89000E-02   -75.57114    -8.76539   -10.28874   -56.51702
   -0.83000E-02   -75.63151    -8.76551   -10.28887   -56.57714
   -0.77000E-02   -75.68803    -8.76563   -10.28898   -56.63342
   -0.71000E-02   -75.74071    -8.76574   -10.28909   -56.68588
   -0.65000E-02   -75.78921    -8.76584   -10.28919   -56.73419
   -0.59000E-02   -75.83344    -8.76592   -10.28928   -56.77824
   -0.53000E-02   -75.87350    -8.76600   -10.28936   -56.81814
   -0.47000E-02   -75.90914    -8.76607   -10.28943   -56.85364
   -0.41000E-02   -75.94046    -8.76614   -10.28949   -56.88483
   -0.35000E-02   -75.96729    -8.76619   -10.28954   -56.91156
   -0.29000E-02   -75.98961    -8.76623   -10.28959   -56.93379
   -0.23000E-02   -76.00735    -8.76627   -10.28962   -56.95146
   -0.17000E-02   -76.02050    -8.76629   -10.28965   -56.96456
   -0.11000E-02   -76.02904    -8.76631   -10.28967   -56.97307
   -0.50000E-03   -76.03296    -8.76632   -10.28967   -56.97697
    0.10000E-03   -76.03225    -8.76632   -10.28967   -56.97626
    0.70000E-03   -76.02690    -8.76631   -10.28966   -56.97093
    0.13000E-02   -76.01696    -8.76629   -10.28964   -56.96103
    0.19000E-02   -76.00244    -8.76626   -10.28962   -56.94656
    0.25000E-02   -75.98330    -8.76622   -10.28959   -56.92749
    0.31000E-02   -75.95964    -8.76617   -10.28954   -56.90393
    0.37000E-02   -75.93147    -8.76612   -10.28948   -56.87587
    0.43000E-02   -75.89889    -8.76605   -10.28942   -56.84341
    0.49000E-02   -75.86195    -8.76598   -10.28935   -56.80663
    0.55000E-02   -75.82072    -8.76590   -10.28927   -56.76555
    0.61000E-02   -75.77516    -8.76581   -10.28918   -56.72017
    0.67000E-02   -75.72548    -8.76571   -10.28907   -56.67069
    0.73000E-02   -75.67184    -8.76560   -10.28897   -56.61727
    0.79000E-02   -75.61419    -8.76548   -10.28885   -56.55986
    0.85000E-02   -75.55271    -8.76535   -10.28873   -56.49863
    0.91000E-02   -75.48749    -8.76521   -10.28859   -56.43369
    0.97000E-02   -75.41865    -8.76507   -10.28845   -56.36513
    0.10300E-01   -75.34628    -8.76491   -10.28830   -56.29307
    0.10900E-01   -75.27062    -8.76474   -10.28815   -56.21773
    0.11500E-01   -75.19204    -8.76457   -10.28799   -56.13949
    0.12100E-01   -75.11038    -8.76439   -10.28782   -56.05817
    0.12700E-01   -75.02588    -8.76419   -10.28763   -55.97406
    0.13300E-01   -74.93866    -8.76399   -10.28745   -55.88722
    0.13900E-01   -74.84896    -8.76378   -10.28724   -55.79794
    0.14500E-01   -74.75730    -8.76356   -10.28702   -55.70672
    0.15100E-01   -74.66356    -8.76332   -10.28679   -55.61345
    0.15700E-01   -74.56826    -8.76308   -10.28657   -55.51861
    0.16300E-01   -74.47134    -8.76284   -10.28631   -55.42219
    0.16900E-01   -74.37324    -8.76258   -10.28607   -55.32459
    0.17500E-01   -74.27368    -8.76233   -10.28582   -55.22554
    0.18100E-01   -74.17358    -8.76205   -10.28554   -55.12599
    0.18700E-01   -74.07250    -8.76177   -10.28527   -55.02547
    0.19300E-01   -73.97096    -8.76149   -10.28497   -54.92449
    0.20200E-01   -73.57322    -8.76026   -10.28379   -54.52917
    0.25000E-01   -72.55578    -8.75647   -10.28015   -53.51916
    0.31000E-01   -71.60269    -8.75180   -10.27567   -52.57522
    0.37000E-01   -70.72530    -8.74625   -10.27023   -51.70882
    0.43000E-01   -69.91596    -8.73963   -10.26400   -50.91233
    0.49000E-01   -69.16726    -8.73212   -10.25698   -50.17817
    0.55000E-01   -68.47121    -8.72364   -10.24908   -49.49849
    0.61000E-01   -67.82201    -8.71441   -10.24031   -48.86730
    0.67000E-01   -67.21582    -8.70420   -10.23073   -48.28089
    0.73000E-01   -66.65187    -8.69287   -10.22036   -47.73863
    0.79000E-01   -66.12529    -8.68101   -10.20923   -47.23505
    0.85000E-01   -65.63193    -8.66799   -10.19769   -46.76625
    0.91000E-01   -65.17137    -8.65407   -10.18516   -46.33214
    0.97000E-01   -64.73882    -8.63938   -10.17187   -45.92757
    0.10300       -64.33309    -8.62398   -10.15807   -45.55105
    0.10900       -63.94874    -8.60782   -10.14340   -45.19752
    0.11500       -63.58583    -8.59065   -10.12783   -44.86735
    0.12100       -63.23996    -8.57234   -10.11201   -44.55561
    0.12700       -62.91324    -8.55340   -10.09578   -44.26406
    0.13300       -62.60132    -8.53388   -10.07865   -43.98878
    0.13900       -62.30355    -8.51340   -10.06124   -43.72891
    0.14500       -62.01793    -8.49239   -10.04321   -43.48233
    0.15100       -61.74364    -8.47030   -10.02489   -43.24845
    0.15700       -61.47870    -8.44750   -10.00612   -43.02508
    0.16300       -61.22268    -8.42423    -9.98641   -42.81203
    0.16900       -60.97442    -8.40029    -9.96660   -42.60753
    0.17500       -60.73304    -8.37536    -9.94618   -42.41149
    0.18100       -60.49982    -8.34991    -9.92573   -42.22418
    0.18700       -60.27303    -8.32367    -9.90519   -42.04418
    0.19300       -60.05104    -8.29702    -9.88440   -41.86962
    0.19900       -59.83477    -8.26925    -9.86309   -41.70243
    0.20500       -59.62270    -8.24101    -9.84110   -41.54059
    0.21100       -59.41517    -8.21213    -9.81916   -41.38388
    0.21700       -59.21124    -8.18257    -9.79700   -41.23166
    0.29500       -54.91862    -7.35534    -9.20176   -38.36152
    0.44500       -51.91694    -6.57335    -8.64568   -36.69791
    0.59500       -49.63501    -5.90151    -8.16715   -35.56636
    0.74500       -47.79373    -5.33889    -7.75016   -34.70468
    0.89500       -46.26656    -4.88057    -7.38049   -34.00550
     1.0450       -44.94848    -4.48748    -7.04507   -33.41594
     1.1950       -43.80335    -4.14740    -6.74822   -32.90772
     1.3450       -42.79572    -3.84446    -6.48137   -32.46989
     1.4950       -41.89700    -3.57154    -6.24134   -32.08411
     1.6450       -41.10560    -3.32617    -6.02520   -31.75423
     1.7950       -40.39055    -3.10199    -5.82793   -31.46063
     1.9450       -39.75418    -2.90147    -5.64713   -31.20558
     2.0950       -39.18432    -2.71824    -5.48089   -30.98519
     2.2450       -38.67106    -2.55114    -5.32850   -30.79141
     2.3950       -38.20055    -2.40047    -5.18717   -30.61291
     2.5450       -37.77533    -2.26248    -5.05691   -30.45594
     2.6950       -37.38905    -2.13789    -4.93764   -30.31351
     2.8450       -37.03712    -2.02296    -4.82657   -30.18758
     2.9950       -36.70714    -1.91634    -4.72192   -30.06888
     3.1450       -36.40842    -1.81799    -4.62637   -29.96406
     3.2950       -36.12923    -1.72644    -4.53577   -29.86702
     3.4450       -35.87397    -1.64029    -4.45338   -29.78029
     3.5950       -35.63171    -1.55929    -4.37553   -29.69689
     3.7450       -35.40855    -1.48438    -4.30360   -29.62057
     3.8950       -35.20300    -1.41345    -4.23611   -29.55344
     4.0450       -35.00650    -1.34770    -4.17315   -29.48566
     4.1950       -34.82345    -1.28547    -4.11588   -29.42210
     4.3450       -34.65285    -1.22702    -4.06322   -29.36261
     4.4950       -34.49044    -1.17093    -4.01562   -29.30389
     4.6450       -34.33355    -1.11727    -3.96733   -29.24895
     4.7950       -34.19104    -1.06634    -3.92894   -29.19576
     4.9450       -34.05612    -1.01795    -3.89305   -29.14513
     5.0950       -33.92809    -0.97176    -3.85958   -29.09675
     5.2450       -33.80589    -0.92800    -3.82866   -29.04922
     5.3950       -33.68941    -0.88595    -3.79969   -29.00376
     5.5450       -33.57586    -0.84525    -3.77242   -28.95819
     5.6950       -33.47110    -0.80668    -3.74976   -28.91466
     5.8450       -33.37092    -0.76947    -3.72820   -28.87324
     5.9950       -33.27646    -0.73355    -3.71062   -28.83229
     6.1450       -33.18746    -0.69936    -3.69508   -28.79303
     6.2950       -33.10001    -0.66608    -3.67952   -28.75441
     6.4450       -33.01306    -0.63432    -3.66204   -28.71669
     6.5950       -32.92770    -0.60373    -3.64400   -28.67996
     6.7450       -32.85417    -0.57498    -3.63477   -28.64442
     6.8950       -32.78320    -0.54700    -3.62646   -28.60975
     7.0450       -32.71516    -0.52022    -3.61921   -28.57574
     7.1950       -32.64549    -0.49556    -3.60745   -28.54248
     7.3450       -32.58375    -0.47250    -3.60130   -28.50994
     7.4950       -32.51531    -0.44839    -3.58879   -28.47813
     7.6450       -32.45705    -0.42724    -3.58281   -28.44699
     7.7950       -32.39946    -0.41033    -3.57277   -28.41636
     7.9450       -32.34379    -0.39109    -3.56802   -28.38468
     8.0950       -32.29580    -0.37596    -3.56452   -28.35532
     8.2450       -32.24016    -0.35727    -3.55646   -28.32644
     8.3950       -32.19449    -0.34567    -3.55057   -28.29824
     8.5450       -32.14190    -0.32800    -3.54357   -28.27034
     8.6950       -32.10156    -0.31819    -3.54034   -28.24303
     8.8450       -32.05717    -0.30381    -3.53718   -28.21618
     8.9950       -32.01416    -0.29303    -3.53134   -28.18979
     9.1450       -31.97431    -0.28223    -3.52821   -28.16386
     9.2950       -31.94197    -0.27852    -3.52513   -28.13833
     9.4450       -31.90601    -0.27076    -3.52204   -28.11321
     9.5950       -31.87616    -0.26859    -3.51901   -28.08856
     9.7450       -31.84680    -0.26498    -3.51752   -28.06430
     9.8950       -31.81640    -0.25986    -3.51612   -28.04042
     10.045       -31.78792    -0.25788    -3.51311   -28.01692
     10.195       -31.75822    -0.25279    -3.51179   -27.99364
     10.345       -31.72725    -0.24768    -3.50881   -27.97075
     10.495       -31.69658    -0.24256    -3.50584   -27.94819
     10.645       -31.66971    -0.23906    -3.50463   -27.92601
     10.795       -31.64133    -0.23557    -3.50165   -27.90411
     10.945       -31.61511    -0.23210    -3.50049   -27.88252
     11.095       -31.58752    -0.22690    -3.49937   -27.86125
     11.245       -31.56384    -0.22532    -3.49832   -27.84020
     11.395       -31.53863    -0.22375    -3.49533   -27.81954
     11.545       -31.51564    -0.22224    -3.49430   -27.79910
     11.695       -31.49297    -0.22075    -3.49327   -27.77894
     11.845       -31.47065    -0.21931    -3.49232   -27.75902
     11.995       -31.44861    -0.21789    -3.49137   -27.73935
     12.145       -31.42689    -0.21651    -3.49045   -27.71994
     12.295       -31.40536    -0.21516    -3.48952   -27.70068
     12.445       -31.38428    -0.21381    -3.48863   -27.68184
     12.595       -31.36342    -0.21251    -3.48773   -27.66318
     12.745       -31.34280    -0.21122    -3.48688   -27.64469
     12.895       -31.32244    -0.20997    -3.48605   -27.62642
     13.045       -31.30233    -0.20873    -3.48522   -27.60838
     13.195       -31.28242    -0.20751    -3.48439   -27.59053
     13.345       -31.26283    -0.20632    -3.48359   -27.57292
     13.495       -31.24345    -0.20514    -3.48281   -27.55550
     13.645       -31.22427    -0.20399    -3.48203   -27.53825
     13.795       -31.20534    -0.20285    -3.48128   -27.52120
     13.945       -31.18663    -0.20175    -3.48056   -27.50433
     14.095       -31.16810    -0.20066    -3.47984   -27.48761
     14.245       -31.14984    -0.19960    -3.47914   -27.47110
     14.395       -31.13179    -0.19854    -3.47844   -27.45482
     14.545       -31.11392    -0.19750    -3.47776   -27.43866
     14.695       -31.09626    -0.19648    -3.47710   -27.42268
     14.845       -31.07873    -0.19547    -3.47643   -27.40684
     14.995       -31.06142    -0.19448    -3.47577   -27.39117
     15.145       -31.04431    -0.19351    -3.47513   -27.37567
     15.295       -31.02741    -0.19256    -3.47451   -27.36034
     15.445       -31.01068    -0.19162    -3.47389   -27.34516
     15.595       -30.99407    -0.19067    -3.47328   -27.33013
     15.745       -30.97769    -0.18976    -3.47267   -27.31526
     15.895       -30.96144    -0.18885    -3.47207   -27.30052
     16.045       -30.94536    -0.18795    -3.47149   -27.28592
     16.195       -30.92947    -0.18707    -3.47092   -27.27148
     16.345       -30.91371    -0.18620    -3.47036   -27.25715
     16.495       -30.89807    -0.18533    -3.46980   -27.24294
     16.645       -30.88266    -0.18450    -3.46925   -27.22891
     16.795       -30.86727    -0.18366    -3.46869   -27.21492
     16.945       -30.85209    -0.18283    -3.46816   -27.20110
     17.095       -30.83704    -0.18202    -3.46763   -27.18739
     17.245       -30.82215    -0.18122    -3.46710   -27.17383
     17.395       -30.80737    -0.18041    -3.46659   -27.16037
     17.545       -30.79276    -0.17961    -3.46608   -27.14707
     17.695       -30.77826    -0.17882    -3.46557   -27.13386
     17.845       -30.76390    -0.17805    -3.46507   -27.12078
     17.995       -30.74961    -0.17729    -3.46458   -27.10774
     18.145       -30.73545    -0.17653    -3.46409   -27.09483
     18.295       -30.72150    -0.17578    -3.46360   -27.08211
     18.445       -30.70762    -0.17504    -3.46313   -27.06944
     18.595       -30.69382    -0.17431    -3.46266   -27.05685
     18.745       -30.68024    -0.17358    -3.46220   -27.04446
     18.895       -30.66672    -0.17286    -3.46175   -27.03211
     19.045       -30.65331    -0.17216    -3.46129   -27.01986
     19.195       -30.64000    -0.17145    -3.46085   -27.00771
     19.345       -30.62680    -0.17076    -3.46040   -26.99563
     19.495       -30.61369    -0.17009    -3.45997   -26.98363
     19.645       -30.60067    -0.16943    -3.45952   -26.97172
     19.795       -30.58783    -0.16876    -3.45909   -26.95997
     19.945       -30.57507    -0.16811    -3.45867   -26.94830
     20.095       -30.56240    -0.16744    -3.45823   -26.93672
     20.245       -30.54978    -0.16679    -3.45782   -26.92518
     20.395       -30.53731    -0.16615    -3.45741   -26.91375
     20.545       -30.52490    -0.16550    -3.45701   -26.90239
     20.695       -30.51259    -0.16486    -3.45660   -26.89112
     20.845       -30.50038    -0.16423    -3.45620   -26.87995
     20.995       -30.48830    -0.16361    -3.45580   -26.86889
     21.145       -30.47630    -0.16299    -3.45542   -26.85789
     21.295       -30.46442    -0.16238    -3.45504   -26.84701
     21.445       -30.45259    -0.16177    -3.45466   -26.83616
     21.595       -30.44084    -0.16117    -3.45428   -26.82538
     21.745       -30.42920    -0.16058    -3.45391   -26.81471
     21.895       -30.41760    -0.15998    -3.45354   -26.80408
     22.045       -30.40609    -0.15939    -3.45318   -26.79353
     22.195       -30.39466    -0.15881    -3.45281   -26.78304
     22.345       -30.38332    -0.15824    -3.45245   -26.77263
     22.495       -30.37209    -0.15767    -3.45209   -26.76233
     22.645       -30.36089    -0.15710    -3.45173   -26.75206
     22.795       -30.34977    -0.15655    -3.45137   -26.74185
     22.945       -30.33868    -0.15599    -3.45102   -26.73166
     23.095       -30.32772    -0.15545    -3.45066   -26.72161
     23.245       -30.31688    -0.15489    -3.45031   -26.71167
     23.395       -30.30604    -0.15434    -3.44996   -26.70174
     23.545       -30.29528    -0.15380    -3.44963   -26.69185
     23.695       -30.28459    -0.15326    -3.44928   -26.68205
     23.845       -30.27402    -0.15272    -3.44895   -26.67235
     23.995       -30.26345    -0.15219    -3.44861   -26.66264
     24.145       -30.25302    -0.15167    -3.44830   -26.65306
     24.295       -30.24268    -0.15115    -3.44797   -26.64355
     24.445       -30.23234    -0.15063    -3.44763   -26.63408
     24.595       -30.22207    -0.15013    -3.44731   -26.62464
     24.745       -30.21192    -0.14962    -3.44700   -26.61530
     24.895       -30.20177    -0.14911    -3.44669   -26.60597
     25.045       -30.19169    -0.14861    -3.44636   -26.59671
     25.195       -30.18171    -0.14811    -3.44605   -26.58755
     25.345       -30.17177    -0.14762    -3.44575   -26.57840
     25.495       -30.16195    -0.14714    -3.44544   -26.56937
     25.645       -30.15214    -0.14666    -3.44514   -26.56034
     25.795       -30.14240    -0.14619    -3.44484   -26.55138
     25.945       -30.13272    -0.14571    -3.44454   -26.54247
     26.095       -30.12307    -0.14524    -3.44424   -26.53360
     26.245       -30.11349    -0.14476    -3.44394   -26.52480
     26.395       -30.10396    -0.14430    -3.44364   -26.51602
     26.545       -30.09450    -0.14382    -3.44335   -26.50733
     26.695       -30.08510    -0.14336    -3.44305   -26.49869
     26.845       -30.07577    -0.14290    -3.44277   -26.49010
     26.995       -30.06642    -0.14244    -3.44249   -26.48150
     27.145       -30.05716    -0.14198    -3.44221   -26.47298
     27.295       -30.04798    -0.14152    -3.44192   -26.46454
     27.445       -30.03884    -0.14108    -3.44163   -26.45613
     27.595       -30.02977    -0.14063    -3.44135   -26.44779
     27.745       -30.02073    -0.14019    -3.44106   -26.43947
     27.895       -30.01171    -0.13975    -3.44079   -26.43117
     28.045       -30.00274    -0.13931    -3.44052   -26.42291
     28.195       -29.99382    -0.13887    -3.44025   -26.41471
     28.345       -29.98494    -0.13844    -3.43997   -26.40653
     28.495       -29.97616    -0.13800    -3.43970   -26.39845
     28.645       -29.96740    -0.13758    -3.43944   -26.39038
     28.795       -29.95869    -0.13716    -3.43917   -26.38236
     28.945       -29.95000    -0.13674    -3.43892   -26.37435
     29.095       -29.94137    -0.13632    -3.43866   -26.36639
     29.245       -29.93278    -0.13590    -3.43840   -26.35848
     29.395       -29.92423    -0.13548    -3.43815   -26.35060
     29.545       -29.91573    -0.13507    -3.43789   -26.34276
     29.695       -29.90736    -0.13466    -3.43763   -26.33506
     29.845       -29.89898    -0.13426    -3.43738   -26.32734
     29.995       -29.89063    -0.13385    -3.43712   -26.31965
     30.145       -29.88231    -0.13344    -3.43688   -26.31199
     35.794       -29.33617    -0.10739    -3.42078   -25.80800
     49.810       -28.79878    -0.08229    -3.40556   -25.31093
     69.316       -28.27113    -0.05796    -3.39086   -24.82231
     96.460       -27.75404    -0.03440    -3.37662   -24.34303
     134.23       -27.24893    -0.01149    -3.36282   -23.87463
     186.80       -26.75573     0.01078    -3.34940   -23.41711
     259.95       -26.27487     0.03243    -3.33638   -22.97092
     361.74       -25.80688     0.05336    -3.32367   -22.53657
     503.40       -25.35184     0.07366    -3.31140   -22.11410
     700.53       -24.90962     0.09320    -3.29942   -21.70340
     974.85       -24.47992     0.11214    -3.28782   -21.30424
     1356.6       -24.06253     0.13046    -3.27658   -20.91641
     1887.8       -23.65742     0.14811    -3.26563   -20.53990
     2627.1       -23.26412     0.16513    -3.25502   -20.17423
     3655.9       -22.88226     0.18159    -3.24476   -19.81909
     5087.5       -22.51179     0.19746    -3.23476   -19.47449
     7079.7       -22.15256     0.21276    -3.22509   -19.14024
     9852.1       -21.80480     0.22751    -3.21567   -18.81663
     13710.       -21.46815     0.24180    -3.20652   -18.50343
     19079.       -21.14256     0.25556    -3.19771   -18.20041
     26550.       -20.82809     0.26886    -3.18915   -17.90780
     36947.       -20.52525     0.28167    -3.18091   -17.62600
     51416.       -20.23412     0.29413    -3.17292   -17.35533
     71550.       -19.95491     0.30610    -3.16523   -17.09578
     99568.       -19.68691     0.31772    -3.15780   -16.84683
    0.13856E+06   -19.43030     0.32897    -3.15069   -16.60858
    0.19282E+06   -19.18492     0.33979    -3.14383   -16.38089
    0.26832E+06   -18.95053     0.35022    -3.13726   -16.16348
    0.37340E+06   -18.72654     0.36026    -3.13098   -15.95582
    0.51962E+06   -18.51243     0.36995    -3.12495   -15.75743
    0.72310E+06   -18.30754     0.37924    -3.11919   -15.56760
    0.10063E+07   -18.11209     0.38816    -3.11369   -15.38656
    0.14003E+07   -17.92582     0.39666    -3.10843   -15.21405
    0.19487E+07   -17.74827     0.40482    -3.10342   -15.04967
    0.27118E+07   -17.57904     0.41257    -3.09863   -14.89297
    0.37737E+07   -17.41785     0.41996    -3.09408   -14.74374
    0.52514E+07   -17.26429     0.42705    -3.08972   -14.60162
    0.73079E+07   -17.11830     0.43381    -3.08557   -14.46655
    0.10170E+08   -16.97929     0.44023    -3.08160   -14.33792
    0.14152E+08   -16.84685     0.44638    -3.07782   -14.21541
    0.19694E+08   -16.72073     0.45222    -3.07421   -14.09874
    0.27406E+08   -16.60081     0.45780    -3.07079   -13.98782
    0.38138E+08   -16.48733     0.46310    -3.06753   -13.88291
    0.53073E+08   -16.38020     0.46811    -3.06441   -13.78390
    0.73856E+08   -16.27894     0.47291    -3.06146   -13.69039
    0.10278E+09   -16.18360     0.47748    -3.05867   -13.60240
    0.14302E+09   -16.09424     0.48182    -3.05602   -13.52005
    0.19903E+09   -16.01130     0.48596    -3.05351   -13.44375
    0.27697E+09   -15.93468     0.48988    -3.05117   -13.37339
    0.38543E+09   -15.86467     0.49363    -3.04898   -13.30932
    0.53637E+09   -15.80062     0.49716    -3.04697   -13.25081
    0.74641E+09   -15.74172     0.50051    -3.04511   -13.19711
    0.10387E+10   -15.68765     0.50366    -3.04344   -13.14788
    0.14454E+10   -15.63780     0.50663    -3.04188   -13.10255
    0.20115E+10   -15.59180     0.50940    -3.04045   -13.06075
    0.27992E+10   -15.54946     0.51198    -3.03916   -13.02228
    0.38953E+10   -15.51041     0.51438    -3.03796   -12.98683
    0.54207E+10   -15.47450     0.51654    -3.03685   -12.95420
    0.75434E+10   -15.44146     0.51853    -3.03584   -12.92415
    0.10497E+11   -15.41100     0.52035    -3.03489   -12.89645
    0.14608E+11   -15.38299     0.52200    -3.03403   -12.87096
    0.20329E+11   -15.35712     0.52354    -3.03322   -12.84743
    0.28289E+11   -15.33327     0.52495    -3.03250   -12.82573
    0.39367E+11   -15.31134     0.52625    -3.03183   -12.80576
    0.54783E+11   -15.29116     0.52744    -3.03121   -12.78739
    0.10000E+12   -15.05562     0.54125    -3.02397   -12.57291
