    -44.945         0.00000     0.00000     0.00000     0.00000
    -44.795         0.00000     0.00000     0.00000     0.00000
    -44.645         0.00000     0.00000     0.00000     0.00000
    -44.495         0.00000     0.00000     0.00000     0.00000
    -44.345         0.00000     0.00000     0.00000     0.00000
    -44.195         0.00000     0.00000     0.00000     0.00000
    -44.045         0.00000     0.00000     0.00000     0.00000
    -43.895         0.00000     0.00000     0.00000     0.00000
    -43.745         0.00000     0.00000     0.00000     0.00000
    -43.595         0.00000     0.00000     0.00000     0.00000
    -43.445         0.00000     0.00000     0.00000     0.00000
    -43.295         0.00000     0.00000     0.00000     0.00000
    -43.145         0.00000     0.00000     0.00000     0.00000
    -42.995         0.00000     0.00000     0.00000     0.00000
    -42.845         0.00000     0.00000     0.00000     0.00000
    -42.695         0.00000     0.00000     0.00000     0.00000
    -42.545         0.00000     0.00000     0.00000     0.00000
    -42.395         0.00000     0.00000     0.00000     0.00000
    -42.245         0.00000     0.00000     0.00000     0.00000
    -42.095         0.00000     0.00000     0.00000     0.00000
    -41.945         0.00000     0.00000     0.00000     0.00000
    -41.795         0.00000     0.00000     0.00000     0.00000
    -41.645         0.00000     0.00000     0.00000     0.00000
    -41.495         0.00000     0.00000     0.00000     0.00000
    -41.345         0.00000     0.00000     0.00000     0.00000
    -41.195         0.00000     0.00000     0.00000     0.00000
    -41.045         0.00000     0.00000     0.00000     0.00000
    -40.895         0.00000     0.00000     0.00000     0.00000
    -40.745         0.00000     0.00000     0.00000     0.00000
    -40.595         0.00000     0.00000     0.00000     0.00000
    -40.445         0.00000     0.00000     0.00000     0.00000
    -40.295         0.00000     0.00000     0.00000     0.00000
    -40.145         0.00000     0.00000     0.00000     0.00000
    -39.995         0.00000     0.00000     0.00000     0.00000
    -39.845         0.00000     0.00000     0.00000     0.00000
    -39.695         0.00000     0.00000     0.00000     0.00000
    -39.545         0.00000     0.00000     0.00000     0.00000
    -39.395         0.00000     0.00000     0.00000     0.00000
    -39.245         0.00000     0.00000     0.00000     0.00000
    -39.095         0.00000     0.00000     0.00000     0.00000
    -38.945         0.00000     0.00000     0.00000     0.00000
    -38.795         0.00000     0.00000     0.00000     0.00000
    -38.645         0.00000     0.00000     0.00000     0.00000
    -38.495         0.00000     0.00000     0.00000     0.00000
    -38.345         0.00000     0.00000     0.00000     0.00000
    -38.195         0.00000     0.00000     0.00000     0.00000
    -38.045         0.00000     0.00000     0.00000     0.00000
    -37.895         0.00000     0.00000     0.00000     0.00000
    -37.745         0.00000     0.00000     0.00000     0.00000
    -37.595         0.00000     0.00000     0.00000     0.00000
    -37.445         0.00000     0.00000     0.00000     0.00000
    -37.295         0.00000     0.00000     0.00000     0.00000
    -37.145         0.00000     0.00000     0.00000     0.00000
    -36.995         0.00000     0.00000     0.00000     0.00000
    -36.845         0.00000     0.00000     0.00000     0.00000
    -36.695         0.00000     0.00000     0.00000     0.00000
    -36.545         0.00000     0.00000     0.00000     0.00000
    -36.395         0.00000     0.00000     0.00000     0.00000
    -36.245         0.00000     0.00000     0.00000     0.00000
    -36.095         0.00000     0.00000     0.00000     0.00000
    -35.945         0.00000     0.00000     0.00000     0.00000
    -35.795         0.00000     0.00000     0.00000     0.00000
    -35.645         0.00000     0.00000     0.00000     0.00000
    -35.495         0.00000     0.00000     0.00000     0.00000
    -35.345         0.00000     0.00000     0.00000     0.00000
    -35.195         0.00000     0.00000     0.00000     0.00000
    -35.045         0.00000     0.00000     0.00000     0.00000
    -34.895         0.00000     0.00000     0.00000     0.00000
    -34.745         0.00000     0.00000     0.00000     0.00000
    -34.595         0.00000     0.00000     0.00000     0.00000
    -34.445         0.00000     0.00000     0.00000     0.00000
    -34.295         0.00000     0.00000     0.00000     0.00000
    -34.145         0.00000     0.00000     0.00000     0.00000
    -33.995         0.00000     0.00000     0.00000     0.00000
    -33.845         0.00000     0.00000     0.00000     0.00000
    -33.695         0.00000     0.00000     0.00000     0.00000
    -33.545         0.00000     0.00000     0.00000     0.00000
    -33.395         0.00000     0.00000     0.00000     0.00000
    -33.245         0.00000     0.00000     0.00000     0.00000
    -33.095         0.00000     0.00000     0.00000     0.00000
    -32.945         0.00000     0.00000     0.00000     0.00000
    -32.795         0.00000     0.00000     0.00000     0.00000
    -32.645         0.00000     0.00000     0.00000     0.00000
    -32.495         0.00000     0.00000     0.00000     0.00000
    -32.345         0.00000     0.00000     0.00000     0.00000
    -32.195         0.00000     0.00000     0.00000     0.00000
    -32.045         0.00000     0.00000     0.00000     0.00000
    -31.895         0.00000     0.00000     0.00000     0.00000
    -31.745         0.00000     0.00000     0.00000     0.00000
    -31.595         0.00000     0.00000     0.00000     0.00000
    -31.445         0.00000     0.00000     0.00000     0.00000
    -31.295         0.00000     0.00000     0.00000     0.00000
    -31.145         0.00000     0.00000     0.00000     0.00000
    -30.995         0.00000     0.00000     0.00000     0.00000
    -30.845         0.00000     0.00000     0.00000     0.00000
    -30.695         0.00000     0.00000     0.00000     0.00000
    -30.545         0.00000     0.00000     0.00000     0.00000
    -30.395         0.00000     0.00000     0.00000     0.00000
    -30.245         0.00000     0.00000     0.00000     0.00000
    -30.095         0.00000     0.00000     0.00000     0.00000
    -29.945         0.00000     0.00000     0.00000     0.00000
    -29.795         0.00000     0.00000     0.00000     0.00000
    -29.645         0.00000     0.00000     0.00000     0.00000
    -29.495         0.00000     0.00000     0.00000     0.00000
    -29.345         0.00000     0.00000     0.00000     0.00000
    -29.195         0.00000     0.00000     0.00000     0.00000
    -29.045         0.00000     0.00000     0.00000     0.00000
    -28.895         0.00000     0.00000     0.00000     0.00000
    -28.745         0.00000     0.00000     0.00000     0.00000
    -28.595         0.00000     0.00000     0.00000     0.00000
    -28.445         0.00000     0.00000     0.00000     0.00000
    -28.295         0.00000     0.00000     0.00000     0.00000
    -28.145         0.00000     0.00000     0.00000     0.00000
    -27.995         0.00000     0.00000     0.00000     0.00000
    -27.845         0.00000     0.00000     0.00000     0.00000
    -27.695         0.00000     0.00000     0.00000     0.00000
    -27.545         0.00000     0.00000     0.00000     0.00000
    -27.395         0.00000     0.00000     0.00000     0.00000
    -27.245         0.00000     0.00000     0.00000     0.00000
    -27.095         0.00000     0.00000     0.00000     0.00000
    -26.945         0.00000     0.00000     0.00000     0.00000
    -26.795         0.00000     0.00000     0.00000     0.00000
    -26.645         0.00000     0.00000     0.00000     0.00000
    -26.495         0.00000     0.00000     0.00000     0.00000
    -26.345         0.00000     0.00000     0.00000     0.00000
    -26.195         0.00000     0.00000     0.00000     0.00000
    -26.045         0.00000     0.00000     0.00000     0.00000
    -25.895         0.00000     0.00000     0.00000     0.00000
    -25.745         0.00000     0.00000     0.00000     0.00000
    -25.595         0.00000     0.00000     0.00000     0.00000
    -25.445         0.00000     0.00000     0.00000     0.00000
    -25.295         0.00000     0.00000     0.00000     0.00000
    -25.145         0.00000     0.00000     0.00000     0.00000
    -24.995         0.00000     0.00000     0.00000     0.00000
    -24.845         0.00000     0.00000     0.00000     0.00000
    -24.695         0.00000     0.00000     0.00000     0.00000
    -24.545         0.00000     0.00000     0.00000     0.00000
    -24.395         0.00000     0.00000     0.00000     0.00000
    -24.245         0.00000     0.00000     0.00000     0.00000
    -24.095         0.00000     0.00000     0.00000     0.00000
    -23.945         0.00000     0.00000     0.00000     0.00000
    -23.795         0.00000     0.00000     0.00000     0.00000
    -23.645         0.00000     0.00000     0.00000     0.00000
    -23.495         0.00000     0.00000     0.00000     0.00000
    -23.345         0.00000     0.00000     0.00000     0.00000
    -23.195         0.00000     0.00000     0.00000     0.00000
    -23.045         0.00000     0.00000     0.00000     0.00000
    -22.895         0.00000     0.00000     0.00000     0.00000
    -22.745         0.00000     0.00000     0.00000     0.00000
    -22.595         0.00000     0.00000     0.00000     0.00000
    -22.445         0.00000     0.00000     0.00000     0.00000
    -22.295         0.00000     0.00000     0.00000     0.00000
    -22.145         0.00000     0.00000     0.00000     0.00000
    -21.995         0.00000     0.00000     0.00000     0.00000
    -21.845         0.00000     0.00000     0.00000     0.00000
    -21.695         0.00000     0.00000     0.00000     0.00000
    -21.545         0.00000     0.00000     0.00000     0.00000
    -21.395        -0.00000    -0.00000     0.00000     0.00000
    -21.245        -0.00000    -0.00000     0.00000     0.00000
    -21.095        -0.00000    -0.00000     0.00000     0.00000
    -20.945        -0.00000    -0.00000     0.00000     0.00000
    -20.795        -0.00048    -0.00000    -0.00048     0.00000
    -20.645        -0.00134    -0.00086    -0.00048     0.00000
    -20.495        -0.00176    -0.00128    -0.00048     0.00000
    -20.345        -0.00219    -0.00171    -0.00048     0.00000
    -20.195        -0.00301    -0.00254    -0.00048     0.00000
    -20.045        -0.00344    -0.00296    -0.00048     0.00000
    -19.895        -0.00429    -0.00381    -0.00048     0.00000
    -19.745        -0.00508    -0.00460    -0.00048     0.00000
    -19.595        -0.00632    -0.00584    -0.00048     0.00000
    -19.445        -0.00720    -0.00627    -0.00093     0.00000
    -19.295        -0.00803    -0.00710    -0.00093     0.00000
    -19.145        -0.00929    -0.00792    -0.00137     0.00000
    -18.995        -0.01016    -0.00834    -0.00182     0.00000
    -18.845        -0.01138    -0.00955    -0.00182     0.00000
    -18.695        -0.01309    -0.01079    -0.00229     0.00000
    -18.545        -0.01391    -0.01161    -0.00229     0.00000
    -18.395        -0.01651    -0.01286    -0.00365     0.00000
    -18.245        -0.01982    -0.01521    -0.00461     0.00000
    -18.095        -0.02322    -0.01763    -0.00559     0.00000
    -17.945        -0.02909    -0.02076    -0.00833     0.00000
    -17.795        -0.03339    -0.02315    -0.01024     0.00000
    -17.645        -0.03829    -0.02436    -0.01393     0.00000
    -17.495        -0.04444    -0.02634    -0.01810     0.00000
    -17.345        -0.04781    -0.02755    -0.02026     0.00000
    -17.195        -0.05659    -0.03065    -0.02594     0.00000
    -17.045        -0.06488    -0.03188    -0.03300     0.00000
    -16.895        -0.07082    -0.03348    -0.03734     0.00000
    -16.745        -0.07943    -0.03469    -0.04473     0.00000
    -16.595        -0.09145    -0.03994    -0.05151     0.00000
    -16.445        -0.10479    -0.04551    -0.05928     0.00000
    -16.295        -0.11587    -0.04784    -0.06803     0.00000
    -16.145        -0.12930    -0.05232    -0.07697     0.00000
    -15.995        -0.14721    -0.05677    -0.09043     0.00000
    -15.845        -0.16306    -0.06089    -0.10217     0.00000
    -15.695        -0.18362    -0.06840    -0.11522     0.00000
    -15.545        -0.20268    -0.07318    -0.12951     0.00000
    -15.395        -0.22104    -0.07930    -0.14174     0.00000
    -15.245        -0.23701    -0.08440    -0.15261     0.00000
    -15.095        -0.25700    -0.09151    -0.16549     0.00000
    -14.945        -0.27272    -0.09755    -0.17517     0.00000
    -14.795        -0.29066    -0.10196    -0.18869     0.00000
    -14.645        -0.30664    -0.10767    -0.19897     0.00000
    -14.495        -0.32539    -0.11271    -0.21268     0.00000
    -14.345        -0.34554    -0.11939    -0.22615     0.00000
    -14.195        -0.36441    -0.12439    -0.24002     0.00000
    -14.045        -0.38451    -0.13100    -0.25351     0.00000
    -13.895        -0.40213    -0.13633    -0.26580     0.00000
    -13.745        -0.42302    -0.14353    -0.27949     0.00000
    -13.595        -0.44402    -0.15042    -0.29360     0.00000
    -13.445        -0.46244    -0.15636    -0.30609     0.00000
    -13.295        -0.48308    -0.16477    -0.31831     0.00000
    -13.145        -0.50324    -0.17164    -0.33161     0.00000
    -12.995        -0.52607    -0.17758    -0.34849     0.00000
    -12.845        -0.55003    -0.18619    -0.36384     0.00000
    -12.695        -0.57071    -0.19569    -0.37502     0.00000
    -12.545        -0.59247    -0.20484    -0.38762     0.00000
    -12.395        -0.61649    -0.21402    -0.40247     0.00000
    -12.245        -0.63955    -0.22373    -0.41582     0.00000
    -12.095        -0.66025    -0.23226    -0.42799     0.00000
    -11.945        -0.68162    -0.24134    -0.44028     0.00000
    -11.795        -0.70376    -0.24933    -0.45443     0.00000
    -11.645        -0.72867    -0.26005    -0.46862     0.00000
    -11.495        -0.74908    -0.26942    -0.47966     0.00000
    -11.345        -0.77361    -0.27928    -0.49433     0.00000
    -11.195        -0.79502    -0.28810    -0.50691     0.00000
    -11.045        -0.82139    -0.30186    -0.51953     0.00000
    -10.895        -0.84233    -0.31201    -0.53032     0.00000
    -10.745        -0.86487    -0.32113    -0.54375     0.00000
    -10.595        -0.88781    -0.33053    -0.55728     0.00000
    -10.445        -0.91210    -0.34070    -0.57123    -0.00018
    -10.295        -0.93868    -0.35208    -0.58642    -0.00018
    -10.145        -0.96765    -0.36519    -0.60228    -0.00018
    -9.9950        -0.99380    -0.37539    -0.61785    -0.00056
    -9.8450        -1.01975    -0.38610    -0.63201    -0.00164
    -9.6950        -1.04988    -0.39944    -0.64592    -0.00452
    -9.5450        -1.07881    -0.41300    -0.65740    -0.00842
    -9.3950        -1.11453    -0.42613    -0.67239    -0.01601
    -9.2450        -1.16343    -0.44019    -0.68902    -0.03422
    -9.0950        -1.22278    -0.45473    -0.70681    -0.06124
    -8.9450        -1.28937    -0.47038    -0.72174    -0.09726
    -8.7950        -1.37535    -0.48415    -0.73836    -0.15284
    -8.6450        -1.49146    -0.50493    -0.75445    -0.23207
    -8.4950        -1.63833    -0.52273    -0.77370    -0.34190
    -8.3450        -1.81696    -0.54215    -0.79401    -0.48080
    -8.1950        -2.04366    -0.56330    -0.81301    -0.66736
    -8.0450        -2.31423    -0.58855    -0.83287    -0.89280
    -7.8950        -2.64044    -0.61431    -0.85673    -1.16940
    -7.7450        -3.00575    -0.64336    -0.88118    -1.48121
    -7.5950        -3.43198    -0.67769    -0.90145    -1.85284
    -7.4450        -3.90154    -0.71298    -0.92426    -2.26430
    -7.2950        -4.42453    -0.75439    -0.94968    -2.72046
    -7.1450        -4.97497    -0.79580    -0.97673    -3.20244
    -6.9950        -5.58737    -0.84555    -1.00547    -3.73634
    -6.8450        -6.22783    -0.89762    -1.03409    -4.29611
    -6.6950        -6.89326    -0.95388    -1.06359    -4.87579
    -6.5450        -7.56566    -1.01449    -1.09410    -5.45706
    -6.3950        -8.24565    -1.07632    -1.12593    -6.04340
    -6.2450        -8.94484    -1.14354    -1.16327    -6.63802
    -6.0950        -9.63169    -1.21208    -1.19904    -7.22058
    -5.9450       -10.30272    -1.28775    -1.23913    -7.77584
    -5.7950       -10.94574    -1.35734    -1.28014    -8.30826
    -5.6450       -11.59362    -1.43386    -1.32585    -8.83391
    -5.4950       -12.22685    -1.51262    -1.37164    -9.34260
    -5.3450       -12.81903    -1.58649    -1.41723    -9.81530
    -5.1950       -13.40711    -1.66470    -1.46435   -10.27806
    -5.0450       -13.97673    -1.74521    -1.51581   -10.71572
    -4.8950       -14.53466    -1.82482    -1.56980   -11.14004
    -4.7450       -15.08055    -1.90914    -1.62798   -11.54343
    -4.5950       -15.61960    -1.99035    -1.68886   -11.94039
    -4.4450       -16.15520    -2.08052    -1.74952   -12.32516
    -4.2950       -16.70157    -2.17009    -1.82031   -12.71116
    -4.1450       -17.25346    -2.26190    -1.89035   -13.10122
    -3.9950       -17.81253    -2.35318    -1.96083   -13.49852
    -3.8450       -18.39269    -2.44817    -2.03887   -13.90565
    -3.6950       -18.98653    -2.54799    -2.11912   -14.31942
    -3.5450       -19.60658    -2.64980    -2.20671   -14.75008
    -3.3950       -20.23139    -2.75930    -2.30191   -15.17018
    -3.2450       -20.87630    -2.86940    -2.40183   -15.60507
    -3.0950       -21.55479    -2.98924    -2.51561   -16.04994
    -2.9450       -22.25937    -3.11531    -2.63283   -16.51123
    -2.7950       -22.99668    -3.24949    -2.76077   -16.98642
    -2.6450       -23.77852    -3.39400    -2.89349   -17.49103
    -2.4950       -24.64021    -3.55293    -3.04562   -18.04167
    -2.3450       -25.56016    -3.72043    -3.21012   -18.62960
    -2.1950       -26.57458    -3.90109    -3.38729   -19.28620
    -2.0450       -27.69756    -4.09503    -3.57603   -20.02649
    -1.8950       -28.95612    -4.29974    -3.78633   -20.87005
    -1.7450       -30.37578    -4.51966    -4.01961   -21.83651
    -1.5950       -31.97352    -4.75835    -4.27199   -22.94318
    -1.4450       -33.78082    -5.02391    -4.55305   -24.20386
    -1.2950       -35.79730    -5.31531    -4.86541   -25.61658
    -1.1450       -38.04978    -5.64417    -5.21278   -27.19283
   -0.99500       -40.55091    -6.01093    -5.61483   -28.92515
   -0.84500       -43.31181    -6.41450    -6.08447   -30.81285
   -0.69500       -46.42206    -6.87194    -6.66119   -32.88894
   -0.54500       -50.06940    -7.40492    -7.35785   -35.30663
   -0.39500       -54.60218    -8.03365    -8.16484   -38.40369
   -0.25300       -58.19064    -8.44246    -8.65995   -41.08822
   -0.21500       -58.43924    -8.46660    -8.68802   -41.28461
   -0.20900       -58.69130    -8.49031    -8.71532   -41.48568
   -0.20300       -58.94953    -8.51357    -8.74284   -41.69312
   -0.19700       -59.21111    -8.53628    -8.77006   -41.90476
   -0.19100       -59.47806    -8.55851    -8.79618   -42.12336
   -0.18500       -59.75137    -8.58026    -8.82202   -42.34909
   -0.17900       -60.02886    -8.60207    -8.84669   -42.58011
   -0.17300       -60.31281    -8.62352    -8.87033   -42.81895
   -0.16700       -60.60494    -8.64452    -8.89395   -43.06647
   -0.16100       -60.90436    -8.66509    -8.91702   -43.32225
   -0.15500       -61.21164    -8.68507    -8.93888   -43.58769
   -0.14900       -61.52964    -8.70470    -8.96045   -43.86449
   -0.14300       -61.85805    -8.72353    -8.98067   -44.15384
   -0.13700       -62.19852    -8.74203    -9.00058   -44.45591
   -0.13100       -62.55162    -8.76006    -9.01959   -44.77198
   -0.12500       -62.91916    -8.77706    -9.03778   -45.10432
   -0.11900       -63.30341    -8.79354    -9.05526   -45.45461
   -0.11300       -63.70502    -8.80942    -9.07206   -45.82354
   -0.10700       -64.12441    -8.82478    -9.08789   -46.21173
   -0.10100       -64.56606    -8.83898    -9.10289   -46.62419
   -0.95000E-01   -65.03191    -8.85257    -9.11704   -47.06230
   -0.89000E-01   -65.52396    -8.86567    -9.13012   -47.52817
   -0.83000E-01   -66.04451    -8.87764    -9.14240   -48.02447
   -0.77000E-01   -66.59685    -8.88884    -9.15397   -48.55404
   -0.71000E-01   -67.18584    -8.89907    -9.16460   -49.12216
   -0.65000E-01   -67.81374    -8.90857    -9.17434   -49.73082
   -0.59000E-01   -68.48618    -8.91721    -9.18332   -50.38566
   -0.53000E-01   -69.20681    -8.92504    -9.19132   -51.09046
   -0.47000E-01   -69.97791    -8.93184    -9.19827   -51.84780
   -0.41000E-01   -70.80977    -8.93780    -9.20446   -52.66750
   -0.35000E-01   -71.71081    -8.94286    -9.20972   -53.55824
   -0.29000E-01   -72.68703    -8.94713    -9.21407   -54.52583
   -0.23000E-01   -73.70859    -8.95050    -9.21757   -55.54052
   -0.19700E-01   -73.81038    -8.95079    -9.21786   -55.64173
   -0.19100E-01   -73.91181    -8.95107    -9.21814   -55.74260
   -0.18500E-01   -74.01224    -8.95133    -9.21843   -55.84248
   -0.17900E-01   -74.11205    -8.95161    -9.21871   -55.94173
   -0.17300E-01   -74.21097    -8.95186    -9.21899   -56.04012
   -0.16700E-01   -74.30885    -8.95212    -9.21924   -56.13749
   -0.16100E-01   -74.40551    -8.95235    -9.21948   -56.23368
   -0.15500E-01   -74.50056    -8.95258    -9.21973   -56.32825
   -0.14900E-01   -74.59359    -8.95280    -9.21996   -56.42082
   -0.14300E-01   -74.68484    -8.95301    -9.22018   -56.51164
   -0.13700E-01   -74.77344    -8.95321    -9.22039   -56.59983
   -0.13100E-01   -74.85973    -8.95342    -9.22059   -56.68572
   -0.12500E-01   -74.94360    -8.95360    -9.22077   -56.76923
   -0.11900E-01   -75.02456    -8.95377    -9.22095   -56.84984
   -0.11300E-01   -75.10249    -8.95394    -9.22112   -56.92742
   -0.10700E-01   -75.17741    -8.95410    -9.22128   -57.00203
   -0.10100E-01   -75.24875    -8.95424    -9.22144   -57.07307
   -0.95000E-02   -75.31679    -8.95439    -9.22159   -57.14081
   -0.89000E-02   -75.38127    -8.95452    -9.22172   -57.20503
   -0.83000E-02   -75.44178    -8.95465    -9.22185   -57.26529
   -0.77000E-02   -75.49839    -8.95476    -9.22196   -57.32168
   -0.71000E-02   -75.55110    -8.95487    -9.22206   -57.37417
   -0.65000E-02   -75.59968    -8.95496    -9.22216   -57.42256
   -0.59000E-02   -75.64421    -8.95505    -9.22225   -57.46692
   -0.53000E-02   -75.68435    -8.95513    -9.22233   -57.50689
   -0.47000E-02   -75.72018    -8.95520    -9.22240   -57.54258
   -0.41000E-02   -75.75159    -8.95526    -9.22246   -57.57387
   -0.35000E-02   -75.77850    -8.95531    -9.22252   -57.60067
   -0.29000E-02   -75.80089    -8.95536    -9.22256   -57.62297
   -0.23000E-02   -75.81873    -8.95539    -9.22260   -57.64074
   -0.17000E-02   -75.83194    -8.95542    -9.22262   -57.65390
   -0.11000E-02   -75.84050    -8.95543    -9.22264   -57.66243
   -0.50000E-03   -75.84441    -8.95544    -9.22265   -57.66632
    0.10000E-03   -75.84366    -8.95544    -9.22264   -57.66558
    0.70000E-03   -75.83824    -8.95543    -9.22264   -57.66017
    0.13000E-02   -75.82813    -8.95541    -9.22261   -57.65010
    0.19000E-02   -75.81344    -8.95539    -9.22259   -57.63547
    0.25000E-02   -75.79412    -8.95535    -9.22255   -57.61622
    0.31000E-02   -75.77020    -8.95531    -9.22250   -57.59239
    0.37000E-02   -75.74179    -8.95525    -9.22245   -57.56409
    0.43000E-02   -75.70891    -8.95519    -9.22238   -57.53133
    0.49000E-02   -75.67158    -8.95512    -9.22230   -57.49416
    0.55000E-02   -75.62992    -8.95504    -9.22223   -57.45265
    0.61000E-02   -75.58392    -8.95496    -9.22214   -57.40682
    0.67000E-02   -75.53377    -8.95486    -9.22204   -57.35687
    0.73000E-02   -75.47957    -8.95475    -9.22193   -57.30289
    0.79000E-02   -75.42131    -8.95463    -9.22181   -57.24487
    0.85000E-02   -75.35921    -8.95450    -9.22168   -57.18302
    0.91000E-02   -75.29344    -8.95437    -9.22154   -57.11753
    0.97000E-02   -75.22403    -8.95422    -9.22139   -57.04842
    0.10300E-01   -75.15111    -8.95408    -9.22123   -56.97579
    0.10900E-01   -75.07488    -8.95393    -9.22107   -56.89988
    0.11500E-01   -74.99581    -8.95377    -9.22090   -56.82115
    0.12100E-01   -74.91347    -8.95360    -9.22071   -56.73916
    0.12700E-01   -74.82841    -8.95340    -9.22053   -56.65448
    0.13300E-01   -74.74078    -8.95321    -9.22032   -56.56725
    0.13900E-01   -74.65068    -8.95300    -9.22012   -56.47756
    0.14500E-01   -74.55847    -8.95279    -9.21990   -56.38578
    0.15100E-01   -74.46425    -8.95258    -9.21967   -56.29201
    0.15700E-01   -74.36849    -8.95234    -9.21942   -56.19673
    0.16300E-01   -74.27087    -8.95211    -9.21917   -56.09959
    0.16900E-01   -74.17241    -8.95184    -9.21892   -56.00165
    0.17500E-01   -74.07270    -8.95159    -9.21865   -55.90246
    0.18100E-01   -73.97241    -8.95132    -9.21837   -55.80272
    0.18700E-01   -73.87131    -8.95105    -9.21809   -55.70217
    0.19300E-01   -73.76963    -8.95075    -9.21779   -55.60109
    0.20200E-01   -73.37264    -8.94960    -9.21656   -55.20648
    0.25000E-01   -72.35966    -8.94593    -9.21282   -54.20091
    0.31000E-01   -71.41072    -8.94142    -9.20815   -53.26116
    0.37000E-01   -70.53809    -8.93594    -9.20261   -52.39954
    0.43000E-01   -69.73575    -8.92961    -9.19624   -51.60989
    0.49000E-01   -68.99194    -8.92248    -9.18900   -50.88047
    0.55000E-01   -68.30159    -8.91445    -9.18097   -50.20617
    0.61000E-01   -67.65858    -8.90553    -9.17208   -49.58097
    0.67000E-01   -67.05963    -8.89592    -9.16230   -49.00141
    0.73000E-01   -66.50040    -8.88539    -9.15154   -48.46347
    0.79000E-01   -65.97815    -8.87394    -9.14001   -47.96421
    0.85000E-01   -65.48939    -8.86148    -9.12801   -47.49990
    0.91000E-01   -65.03072    -8.84829    -9.11521   -47.06723
    0.97000E-01   -64.59999    -8.83429    -9.10141   -46.66429
    0.10300       -64.19485    -8.81950    -9.08693   -46.28842
    0.10900       -63.81361    -8.80411    -9.07194   -45.93756
    0.11500       -63.45107    -8.78760    -9.05613   -45.60734
    0.12100       -63.10868    -8.77049    -9.03988   -45.29830
    0.12700       -62.78378    -8.75252    -9.02309   -45.00817
    0.13300       -62.47380    -8.73384    -9.00565   -44.73432
    0.13900       -62.17705    -8.71422    -8.98758   -44.47525
    0.14500       -61.89245    -8.69411    -8.96860   -44.22974
    0.15100       -61.61932    -8.67291    -8.94964   -43.99677
    0.15700       -61.35673    -8.65096    -8.93017   -43.77561
    0.16300       -61.10283    -8.62834    -8.91059   -43.56390
    0.16900       -60.85708    -8.60505    -8.89029   -43.36173
    0.17500       -60.61851    -8.58115    -8.86928   -43.16809
    0.18100       -60.38672    -8.55656    -8.84769   -42.98247
    0.18700       -60.16072    -8.53116    -8.82606   -42.80350
    0.19300       -59.94078    -8.50542    -8.80409   -42.63127
    0.19900       -59.72516    -8.47875    -8.78179   -42.46462
    0.20500       -59.51557    -8.45178    -8.75914   -42.30465
    0.21100       -59.30999    -8.42443    -8.73630   -42.14925
    0.21700       -59.10896    -8.39606    -8.71321   -41.99968
    0.29500       -54.84983    -7.59900    -8.09077   -39.16006
    0.44500       -51.85631    -6.82956    -7.50600   -37.52075
    0.59500       -49.56645    -6.16321    -7.00270   -36.40053
    0.74500       -47.72282    -5.61279    -6.56438   -35.54565
    0.89500       -46.18253    -5.15710    -6.17798   -34.84745
     1.0450       -44.85699    -4.76910    -5.83240   -34.25550
     1.1950       -43.70463    -4.43295    -5.52559   -33.74608
     1.3450       -42.69340    -4.13613    -5.25012   -33.30714
     1.4950       -41.80312    -3.87363    -5.00395   -32.92555
     1.6450       -41.02020    -3.63982    -4.78219   -32.59820
     1.7950       -40.31823    -3.42723    -4.57798   -32.31302
     1.9450       -39.68996    -3.23476    -4.39329   -32.06191
     2.0950       -39.13751    -3.06479    -4.22478   -31.84794
     2.2450       -38.62900    -2.90981    -4.06676   -31.65243
     2.3950       -38.17875    -2.77271    -3.92098   -31.48505
     2.5450       -37.76949    -2.64662    -3.78699   -31.33588
     2.6950       -37.39259    -2.53183    -3.66201   -31.19875
     2.8450       -37.05103    -2.42639    -3.54594   -31.07870
     2.9950       -36.73302    -2.32962    -3.43749   -30.96591
     3.1450       -36.44329    -2.24216    -3.33663   -30.86451
     3.2950       -36.17300    -2.15710    -3.24384   -30.77205
     3.4450       -35.92509    -2.07965    -3.15663   -30.68881
     3.5950       -35.69066    -2.00670    -3.07542   -30.60855
     3.7450       -35.47290    -1.93772    -2.99955   -30.53564
     3.8950       -35.26569    -1.87333    -2.92882   -30.46354
     4.0450       -35.07129    -1.81471    -2.86122   -30.39536
     4.1950       -34.88767    -1.75736    -2.79828   -30.33202
     4.3450       -34.71505    -1.70155    -2.73962   -30.27388
     4.4950       -34.54775    -1.64827    -2.68374   -30.21574
     4.6450       -34.39276    -1.60002    -2.63252   -30.16022
     4.7950       -34.24341    -1.55211    -2.58278   -30.10852
     4.9450       -34.10026    -1.50538    -2.53650   -30.05838
     5.0950       -33.96498    -1.46208    -2.49246   -30.01044
     5.2450       -33.83461    -1.42077    -2.44970   -29.96414
     5.3950       -33.70871    -1.38100    -2.40860   -29.91911
     5.5450       -33.58880    -1.34241    -2.37088   -29.87550
     5.6950       -33.47640    -1.30634    -2.33694   -29.83312
     5.8450       -33.36791    -1.27320    -2.30288   -29.79183
     5.9950       -33.26614    -1.24235    -2.27281   -29.75098
     6.1450       -33.16736    -1.21310    -2.24242   -29.71183
     6.2950       -33.07176    -1.18460    -2.21347   -29.67369
     6.4450       -32.98069    -1.15654    -2.18807   -29.63608
     6.5950       -32.89784    -1.13369    -2.16427   -29.59988
     6.7450       -32.81872    -1.11001    -2.14427   -29.56443
     6.8950       -32.74370    -1.08892    -2.12493   -29.52985
     7.0450       -32.66851    -1.06968    -2.10290   -29.49593
     7.1950       -32.60754    -1.05443    -2.09034   -29.46277
     7.3450       -32.54085    -1.03855    -2.07198   -29.43031
     7.4950       -32.47290    -1.02005    -2.05427   -29.39858
     7.6450       -32.41550    -1.00545    -2.04253   -29.36752
     7.7950       -32.36099    -0.99156    -2.03247   -29.33696
     7.9450       -32.30957    -0.98001    -2.02245   -29.30711
     8.0950       -32.25969    -0.97028    -2.01160   -29.27781
     8.2450       -32.21123    -0.96146    -2.00076   -29.24900
     8.3950       -32.17313    -0.95741    -1.99484   -29.22088
     8.5450       -32.12084    -0.94580    -1.98198   -29.19306
     8.6950       -32.07481    -0.93701    -1.97198   -29.16582
     8.8450       -32.03967    -0.93052    -1.97012   -29.13902
     8.9950       -32.00102    -0.92279    -1.96555   -29.11268
     9.1450       -31.96967    -0.91903    -1.96381   -29.08682
     9.2950       -31.93447    -0.91387    -1.95925   -29.06135
     9.4450       -31.89855    -0.90612    -1.95615   -29.03629
     9.5950       -31.86586    -0.90393    -1.95024   -29.01169
     9.7450       -31.83654    -0.90033    -1.94873   -28.98748
     9.8950       -31.80167    -0.89381    -1.94421   -28.96366
     10.045       -31.77484    -0.89182    -1.94281   -28.94021
     10.195       -31.74673    -0.88827    -1.94147   -28.91698
     10.345       -31.71577    -0.88315    -1.93848   -28.89415
     10.495       -31.68843    -0.88132    -1.93548   -28.87163
     10.645       -31.66331    -0.87953    -1.93426   -28.84951
     10.795       -31.63854    -0.87781    -1.93307   -28.82766
     10.945       -31.61231    -0.87613    -1.93006   -28.80612
     11.095       -31.58830    -0.87449    -1.92892   -28.78489
     11.245       -31.56465    -0.87290    -1.92785   -28.76389
     11.395       -31.54139    -0.87132    -1.92679   -28.74327
     11.545       -31.51842    -0.86980    -1.92574   -28.72288
     11.695       -31.49577    -0.86831    -1.92470   -28.70276
     11.845       -31.47347    -0.86686    -1.92374   -28.68287
     11.995       -31.44944    -0.86341    -1.92278   -28.66325
     12.145       -31.42774    -0.86202    -1.92185   -28.64388
     12.295       -31.40625    -0.86066    -1.92092   -28.62467
     12.445       -31.38519    -0.85931    -1.92001   -28.60587
     12.595       -31.36217    -0.85800    -1.91693   -28.58724
     12.745       -31.34157    -0.85672    -1.91606   -28.56879
     12.895       -31.32124    -0.85546    -1.91522   -28.55056
     13.045       -31.30114    -0.85421    -1.91439   -28.53255
     13.195       -31.28125    -0.85298    -1.91354   -28.51473
     13.345       -31.26169    -0.85179    -1.91274   -28.49716
     13.495       -31.24233    -0.85061    -1.91195   -28.47977
     13.645       -31.22318    -0.84945    -1.91117   -28.46256
     13.795       -31.20428    -0.84832    -1.91042   -28.44555
     13.945       -31.18561    -0.84720    -1.90968   -28.42872
     14.095       -31.16710    -0.84611    -1.90896   -28.41203
     14.245       -31.14886    -0.84505    -1.90825   -28.39556
     14.395       -31.13084    -0.84398    -1.90754   -28.37931
     14.545       -31.11298    -0.84294    -1.90686   -28.36318
     14.695       -31.09535    -0.84192    -1.90619   -28.34724
     14.845       -31.07784    -0.84091    -1.90551   -28.33142
     14.995       -31.06055    -0.83992    -1.90485   -28.31578
     15.145       -31.04346    -0.83895    -1.90420   -28.30032
     15.295       -31.02658    -0.83799    -1.90357   -28.28502
     15.445       -31.00987    -0.83705    -1.90295   -28.26987
     15.595       -30.99330    -0.83610    -1.90233   -28.25487
     15.745       -30.97693    -0.83518    -1.90171   -28.24003
     15.895       -30.96070    -0.83427    -1.90111   -28.22532
     16.045       -30.94465    -0.83337    -1.90053   -28.21076
     16.195       -30.92879    -0.83249    -1.89995   -28.19635
     16.345       -30.91305    -0.83161    -1.89938   -28.18205
     16.495       -30.89742    -0.83074    -1.89882   -28.16786
     16.645       -30.88203    -0.82991    -1.89827   -28.15386
     16.795       -30.86666    -0.82907    -1.89770   -28.13990
     16.945       -30.85150    -0.82824    -1.89717   -28.12610
     17.095       -30.83648    -0.82742    -1.89663   -28.11242
     17.245       -30.82160    -0.82662    -1.89610   -28.09888
     17.395       -30.80685    -0.82581    -1.89558   -28.08546
     17.545       -30.79226    -0.82500    -1.89506   -28.07219
     17.695       -30.77777    -0.82422    -1.89455   -28.05901
     17.845       -30.76344    -0.82344    -1.89404   -28.04595
     17.995       -30.74917    -0.82268    -1.89355   -28.03294
     18.145       -30.73502    -0.82192    -1.89305   -28.02005
     18.295       -30.72110    -0.82117    -1.89256   -28.00736
     18.445       -30.70723    -0.82043    -1.89208   -27.99471
     18.595       -30.69346    -0.81970    -1.89161   -27.98215
     18.745       -30.67989    -0.81897    -1.89114   -27.96978
     18.895       -30.66639    -0.81824    -1.89069   -27.95746
     19.045       -30.65299    -0.81754    -1.89023   -27.94522
     19.195       -30.63970    -0.81683    -1.88978   -27.93309
     19.345       -30.62651    -0.81614    -1.88933   -27.92104
     19.495       -30.61343    -0.81547    -1.88889   -27.90907
     19.645       -30.60042    -0.81480    -1.88844   -27.89717
     19.795       -30.58759    -0.81413    -1.88801   -27.88545
     19.945       -30.57486    -0.81348    -1.88758   -27.87380
     20.095       -30.56219    -0.81281    -1.88714   -27.86224
     20.245       -30.54960    -0.81216    -1.88672   -27.85072
     20.395       -30.53714    -0.81152    -1.88631   -27.83932
     20.545       -30.52474    -0.81087    -1.88590   -27.82797
     20.695       -30.51245    -0.81023    -1.88549   -27.81673
     20.845       -30.50026    -0.80960    -1.88509   -27.80557
     20.995       -30.48820    -0.80897    -1.88469   -27.79453
     21.145       -30.47621    -0.80836    -1.88430   -27.78355
     21.295       -30.46434    -0.80774    -1.88391   -27.77269
     21.445       -30.45252    -0.80713    -1.88353   -27.76185
     21.595       -30.44079    -0.80654    -1.88315   -27.75110
     21.745       -30.42915    -0.80594    -1.88278   -27.74044
     21.895       -30.41757    -0.80534    -1.88240   -27.72983
     22.045       -30.40608    -0.80475    -1.88203   -27.71930
     22.195       -30.39467    -0.80417    -1.88167   -27.70883
     22.345       -30.38334    -0.80360    -1.88130   -27.69844
     22.495       -30.37212    -0.80303    -1.88093   -27.68816
     22.645       -30.36093    -0.80246    -1.88057   -27.67790
     22.795       -30.34982    -0.80190    -1.88022   -27.66770
     22.945       -30.33874    -0.80135    -1.87986   -27.65753
     23.095       -30.32780    -0.80080    -1.87950   -27.64751
     23.245       -30.31697    -0.80024    -1.87915   -27.63759
     23.395       -30.30614    -0.79969    -1.87879   -27.62766
     23.545       -30.29540    -0.79915    -1.87846   -27.61780
     23.695       -30.28473    -0.79861    -1.87810   -27.60802
     23.845       -30.27417    -0.79807    -1.87777   -27.59833
     23.995       -30.26361    -0.79754    -1.87743   -27.58864
     24.145       -30.25319    -0.79702    -1.87711   -27.57907
     24.295       -30.24287    -0.79650    -1.87678   -27.56959
     24.445       -30.23255    -0.79598    -1.87644   -27.56013
     24.595       -30.22229    -0.79547    -1.87611   -27.55071
     24.745       -30.21215    -0.79496    -1.87580   -27.54138
     24.895       -30.20201    -0.79445    -1.87549   -27.53207
     25.045       -30.19194    -0.79395    -1.87516   -27.52283
     25.195       -30.18198    -0.79345    -1.87484   -27.51368
     25.345       -30.17204    -0.79296    -1.87454   -27.50454
     25.495       -30.16223    -0.79248    -1.87423   -27.49552
     25.645       -30.15242    -0.79200    -1.87392   -27.48650
     25.795       -30.14270    -0.79153    -1.87362   -27.47756
     25.945       -30.13303    -0.79105    -1.87331   -27.46867
     26.095       -30.12340    -0.79057    -1.87301   -27.45981
     26.245       -30.11383    -0.79010    -1.87271   -27.45102
     26.395       -30.10431    -0.78963    -1.87241   -27.44226
     26.545       -30.09486    -0.78916    -1.87212   -27.43358
     26.695       -30.08546    -0.78870    -1.87182   -27.42495
     26.845       -30.07615    -0.78823    -1.87153   -27.41638
     26.995       -30.06680    -0.78777    -1.87125   -27.40779
     27.145       -30.05755    -0.78731    -1.87096   -27.39928
     27.295       -30.04839    -0.78685    -1.87067   -27.39086
     27.445       -30.03926    -0.78641    -1.87038   -27.38247
     27.595       -30.03020    -0.78597    -1.87009   -27.37414
     27.745       -30.02117    -0.78553    -1.86981   -27.36584
     27.895       -30.01217    -0.78508    -1.86953   -27.35755
     28.045       -30.00320    -0.78465    -1.86926   -27.34930
     28.195       -29.99430    -0.78420    -1.86898   -27.34111
     28.345       -29.98543    -0.78377    -1.86871   -27.33295
     28.495       -29.97666    -0.78333    -1.86843   -27.32489
     28.645       -29.96790    -0.78291    -1.86817   -27.31683
     28.795       -29.95921    -0.78249    -1.86790   -27.30882
     28.945       -29.95053    -0.78207    -1.86764   -27.30082
     29.095       -29.94191    -0.78164    -1.86738   -27.29288
     29.245       -29.93333    -0.78123    -1.86712   -27.28498
     29.395       -29.92479    -0.78080    -1.86687   -27.27712
     29.545       -29.91630    -0.78040    -1.86661   -27.26929
     29.695       -29.90794    -0.77999    -1.86635   -27.26160
     29.845       -29.89957    -0.77958    -1.86609   -27.25389
     29.995       -29.89123    -0.77918    -1.86583   -27.24622
     30.145       -29.88292    -0.77877    -1.86559   -27.23856
     35.794       -29.33738    -0.75269    -1.84937   -26.73532
     49.810       -28.80055    -0.72759    -1.83402   -26.23894
     69.316       -28.27337    -0.70325    -1.81921   -25.75090
     96.460       -27.75672    -0.67969    -1.80488   -25.27215
     134.23       -27.25200    -0.65678    -1.79099   -24.80423
     186.80       -26.75912    -0.63451    -1.77749   -24.34711
     259.95       -26.27858    -0.61286    -1.76441   -23.90131
     361.74       -25.81085    -0.59192    -1.75163   -23.46730
     503.40       -25.35602    -0.57162    -1.73930   -23.04510
     700.53       -24.91398    -0.55208    -1.72726   -22.63465
     974.85       -24.48446    -0.53314    -1.71561   -22.23572
     1356.6       -24.06723    -0.51481    -1.70431   -21.84811
     1887.8       -23.66223    -0.49716    -1.69331   -21.47176
     2627.1       -23.26903    -0.48013    -1.68266   -21.10624
     3655.9       -22.88725    -0.46367    -1.67236   -20.75123
     5087.5       -22.51683    -0.44779    -1.66232   -20.40671
     7079.7       -22.15763    -0.43248    -1.65261   -20.07254
     9852.1       -21.80988    -0.41774    -1.64317   -19.74897
     13710.       -21.47322    -0.40343    -1.63398   -19.43580
     19079.       -21.14763    -0.38967    -1.62515   -19.13281
     26550.       -20.83312    -0.37636    -1.61656   -18.84020
     36947.       -20.53024    -0.36354    -1.60829   -18.55841
     51416.       -20.23907    -0.35108    -1.60027   -18.28772
     71550.       -19.95980    -0.33911    -1.59255   -18.02814
     99568.       -19.69175    -0.32747    -1.58511   -17.77917
    0.13856E+06   -19.43507    -0.31622    -1.57798   -17.54087
    0.19282E+06   -19.18962    -0.30539    -1.57109   -17.31314
    0.26832E+06   -18.95515    -0.29496    -1.56451   -17.09568
    0.37340E+06   -18.73109    -0.28491    -1.55820   -16.88798
    0.51962E+06   -18.51692    -0.27522    -1.55216   -16.68954
    0.72310E+06   -18.31195    -0.26592    -1.54638   -16.49966
    0.10063E+07   -18.11642    -0.25700    -1.54087   -16.31856
    0.14003E+07   -17.93007    -0.24849    -1.53559   -16.14600
    0.19487E+07   -17.75246    -0.24033    -1.53056   -15.98157
    0.27118E+07   -17.58316    -0.23257    -1.52576   -15.82483
    0.37737E+07   -17.42191    -0.22517    -1.52120   -15.67554
    0.52514E+07   -17.26827    -0.21808    -1.51683   -15.53336
    0.73079E+07   -17.12222    -0.21132    -1.51266   -15.39823
    0.10170E+08   -16.98314    -0.20489    -1.50869   -15.26956
    0.14152E+08   -16.85064    -0.19874    -1.50489   -15.14701
    0.19694E+08   -16.72446    -0.19290    -1.50127   -15.03029
    0.27406E+08   -16.60449    -0.18731    -1.49785   -14.91933
    0.38138E+08   -16.49097    -0.18201    -1.49457   -14.81439
    0.53073E+08   -16.38378    -0.17699    -1.49145   -14.71534
    0.73856E+08   -16.28248    -0.17219    -1.48849   -14.62180
    0.10278E+09   -16.18709    -0.16762    -1.48570   -14.53378
    0.14302E+09   -16.09770    -0.16327    -1.48304   -14.45139
    0.19903E+09   -16.01471    -0.15914    -1.48052   -14.37506
    0.27697E+09   -15.93805    -0.15521    -1.47817   -14.30466
    0.38543E+09   -15.86800    -0.15146    -1.47598   -14.24057
    0.53637E+09   -15.80393    -0.14792    -1.47396   -14.18205
    0.74641E+09   -15.74500    -0.14458    -1.47210   -14.12832
    0.10387E+10   -15.69090    -0.14142    -1.47042   -14.07906
    0.14454E+10   -15.64103    -0.13845    -1.46886   -14.03372
    0.20115E+10   -15.59500    -0.13568    -1.46743   -13.99190
    0.27992E+10   -15.55264    -0.13310    -1.46613   -13.95341
    0.38953E+10   -15.51357    -0.13070    -1.46493   -13.91795
    0.54207E+10   -15.47764    -0.12853    -1.46381   -13.88530
    0.75434E+10   -15.44458    -0.12655    -1.46280   -13.85524
    0.10497E+11   -15.41411    -0.12473    -1.46185   -13.82753
    0.14608E+11   -15.38608    -0.12307    -1.46099   -13.80202
    0.20329E+11   -15.36019    -0.12153    -1.46018   -13.77848
    0.28289E+11   -15.33633    -0.12011    -1.45945   -13.75676
    0.39367E+11   -15.31438    -0.11882    -1.45878   -13.73679
    0.54783E+11   -15.29419    -0.11763    -1.45816   -13.71840
    0.10000E+12   -15.05850    -0.10380    -1.45090   -13.50380
