#"Time (ps)"	"Potential Energy (kJ/mole)"	"Kinetic Energy (kJ/mole)"	"Temperature (K)"	"Box Volume (nm^3)"	"Density (g/mL)"	"Speed (ns/day)"	"Time Remaining"
100.99999999994601	-52709.92602994593	7529.585641648683	299.32240106903674	30.72260667176738	1.0556195804061475	0	--
101.99999999994368	-52887.350303725514	7435.477594453608	295.5813390787809	30.253424522851915	1.0719905490149437	300	1:54
102.99999999994135	-52773.63771734794	7331.294079266514	291.4397486378512	30.9330357437024	1.0484384860427682	300	1:54
103.99999999993902	-53223.0705540608	7314.387478571811	290.767663272906	30.607742156589353	1.0595811019942296	300	1:53
104.99999999993669	-53243.75791609194	7427.040520692286	295.24594144916017	30.48381268836673	1.0638887430315005	300	1:53
105.99999999993436	-53171.044747325825	7486.655398459655	297.61580204999643	30.40052294658283	1.0668035290320437	300	1:53
106.99999999993203	-52795.955872819264	7508.977547896372	298.5031708488135	30.659767282679514	1.0577831483461881	300	1:53
107.9999999999297	-53094.01785888348	7415.84562461897	294.8009125548943	30.774940871197227	1.0538244508598633	300	1:52
108.99999999992737	-52923.514153620636	7255.1951394421485	288.41459978224304	30.71136591158281	1.0560059509304556	300	1:52
109.99999999992504	-52766.70600434946	7396.02422201681	294.01295554081673	30.283257892285476	1.070934483970958	300	1:52
110.99999999992271	-52550.4719373424	7331.755484112473	291.4580907901197	30.400661016695686	1.0667986839504329	300	1:52
111.99999999992038	-52898.30967952282	7446.254551868873	296.0097537251212	30.434786767690223	1.0656025097656858	300	1:51
112.99999999991805	-52494.85121018166	7276.159206541065	289.24798095338093	30.561127813997373	1.0611972621304968	300	1:51
113.99999999991572	-52485.63948349553	7395.487098425336	293.99160335349563	30.392091938696467	1.0670994688108721	300	1:51
114.99999999991338	-52686.47088732303	7519.113337829474	298.90609726786187	30.186694513135844	1.0743602665645142	300	1:50
115.99999999991105	-52658.4716301029	7489.6614087689295	297.73529949198496	30.24095618246167	1.0724325305111504	300	1:50
116.99999999990872	-52799.14499378644	7650.569686841701	304.131860263964	30.74516065006804	1.0548452009393685	300	1:50
117.9999999999064	-52732.53989053116	7370.807079154749	293.01050253625533	30.493610844642212	1.0635468960715895	300	1:50
118.99999999990406	-52702.32688423342	7292.241177846312	289.88728495948504	30.627618931533775	1.058893452877699	300	1:49
119.99999999990173	-52852.708951682	7549.609458877456	300.11840463905145	30.55250888177692	1.061496628290907	300	1:49
120.9999999998994	-52321.75316681212	7398.969686704091	294.1300461224796	30.307230787710584	1.0700873791803156	300	1:49
121.99999999989707	-52640.52962575914	7402.847605316984	294.2842043943427	30.47878132047882	1.064064367365089	300	1:48
122.99999999989474	-52779.19721528579	7605.516320952771	302.3408610913769	30.7615785820411	1.0542822136822307	300	1:48
123.99999999989241	-52532.161227422126	7322.037627118751	291.0717783916635	30.500978342973475	1.0632899967717073	300	1:48
124.99999999989008	-52716.92370334678	7476.201267175502	297.2002206586706	30.145898006699962	1.0758142005464981	300	1:48
125.99999999988775	-52872.29854095055	7633.79656351142	303.4650810031137	30.48125722427231	1.0639779365140156	300	1:47
126.99999999988542	-52691.86308695612	7400.852541192493	294.2048949326471	30.715393285140834	1.0558674884206511	300	1:47
127.99999999988309	-52349.801007014554	7370.069289467356	292.9811733020551	29.89238284017623	1.0849381040391823	300	1:47
128.99999999988785	-52661.58036553854	7558.711964572018	300.4802550767661	30.099006080962205	1.07749023594328	300	1:46
129.99999999989262	-52545.80410296336	7583.366632253276	301.46034809637325	30.365650306806092	1.0680286717444376	300	1:46
130.9999999998974	-52265.86857692059	7446.671633694709	296.02633391153427	30.83493484789238	1.0517740778054838	300	1:46
131.99999999990217	-52538.90267914694	7630.845148039017	303.3477538608517	30.504351297955658	1.063172425699401	300	1:46
132.99999999990695	-52351.66619756413	7285.239139942897	289.6089340783909	30.898611664893572	1.0496065491732796	300	1:45
133.99999999991172	-52781.083858458296	7696.64764787916	305.96359000189386	30.6939874441207	1.0566038453907778	300	1:45
134.9999999999165	-52627.94330220454	7512.759707735962	298.6535224376382	30.881077558071	1.0502025100273096	300	1:45
135.99999999992127	-53030.895859464916	7569.272659203468	300.9000726636142	30.682055735236847	1.0570147399409198	300	1:44
136.99999999992605	-52731.601310873026	7337.174331370545	291.6735053493672	30.606213677714887	1.0596340176324475	300	1:44
137.99999999993082	-52943.01649239924	7359.9436899677985	292.57865198166445	30.51895039145778	1.062663844852007	300	1:44
138.9999999999356	-52851.57868499958	7183.383817604999	285.55989591150916	30.22910679140924	1.0728529092050714	300	1:44
139.99999999994037	-52878.71304936576	7405.652130911409	294.39569224702603	30.19799553267682	1.0739582078797465	300	1:43
140.99999999994515	-52762.45275347232	7556.899404358304	300.4082006635393	30.66083799493633	1.0577462093237722	300	1:43
141.99999999994992	-52678.60352549481	7583.524681691995	301.4666310101664	30.22202717443437	1.0731042288013284	300	1:43
142.9999999999547	-52441.48309958246	7529.740635214462	299.32856250320685	30.342432657972672	1.0688459138859663	300	1:42
143.99999999995947	-52553.61695224821	7511.761145536893	298.61382675592773	30.451848740277132	1.065005459617262	300	1:42
144.99999999996425	-52767.53215368083	7896.101297336886	313.8924386927756	30.370426970368406	1.067860692096183	300	1:42
145.99999999996902	-52892.418276671204	7510.61006101785	298.5680678790823	30.614769120972134	1.0593378978519754	300	1:42
146.9999999999738	-52351.77253347743	7449.543370877292	296.1404936156188	30.90351317785833	1.04944007424601	300	1:41
147.99999999997857	-52938.23892622645	7608.291992378673	302.4512019089624	30.615202569226046	1.0593228998077493	300	1:41
148.99999999998334	-52968.832722169405	7462.97998321988	296.6746370944274	30.751024487138196	1.0546440551077838	300	1:41
149.99999999998812	-53105.234303422854	7512.125377434021	298.62830600766654	30.57393226245941	1.060752829744948	300	1:40
150.9999999999929	-52954.07751646123	7461.022174099591	296.5968086248927	30.873520878036096	1.0504595602151219	300	1:40
151.99999999999767	-52994.76935732522	7485.526296504897	297.5709170424762	30.46008735309266	1.0647174050386095	300	1:40
153.00000000000244	-52743.675171730894	7269.179242787189	288.9705075823858	30.847551265899533	1.0513439100654158	300	1:40
154.00000000000722	-52730.41359027257	7387.0319052992545	293.6554854276961	30.71293734072259	1.0559519203274994	300	1:39
155.000000000012	-52678.178205837554	7570.616924562533	300.95351102717086	30.846473599520706	1.0513806402926429	300	1:39
156.00000000001677	-52529.37470419193	7515.638995796453	298.7679823105518	30.886568130672867	1.0500158200362568	300	1:39
157.00000000002154	-52467.01640102919	7811.53541695629	310.53070491767585	30.756378499917737	1.054460464645437	300	1:38
158.00000000002632	-52365.587753013824	7632.805046628047	303.42566539269956	30.98851757764754	1.0465613620455148	300	1:38
159.0000000000311	-52576.40315066936	7534.689671208302	299.525300731199	30.45194290664617	1.0650021663069649	300	1:38
160.00000000003587	-52752.30592113544	7447.02464979923	296.0403673036823	30.07915005132939	1.078201515285198	300	1:38
161.00000000004064	-52638.492032780196	7331.73288964996	291.45719259610314	30.566541803627203	1.0610093013526867	300	1:37
162.00000000004542	-52574.197219032474	7248.432997232649	288.14578543589687	30.618813086663266	1.059197986285119	300	1:37
163.0000000000502	-52850.86636780755	7386.652894953288	293.64041869066904	30.161266901570215	1.0752660115263855	300	1:37
164.00000000005497	-52722.79977952651	7565.836803416079	300.7634876438065	30.055420421704092	1.079052786778332	300	1:36
165.00000000005974	-52271.68336389618	7535.88177872662	299.5726903887045	30.711345234124067	1.0560066619224138	300	1:36
166.00000000006452	-52429.896597461164	7625.929319191124	303.15233571116534	30.6463706422509	1.0582455437356868	300	1:36
167.0000000000693	-52437.22014823978	7580.190757944156	301.3340980782525	30.795964382789737	1.0531050354753106	300	1:36
168.00000000007407	-52366.496627064625	7543.986685655165	299.89488344390713	30.900155776634275	1.0495540992824957	300	1:35
169.00000000007884	-52442.48170786019	7531.002395480528	299.37872105513617	30.31133040535088	1.0699426495020836	300	1:35
170.00000000008362	-52730.46968746485	7698.822148417304	306.0500325703405	30.152044811416157	1.0755948847474193	300	1:35
171.0000000000884	-52582.699404556886	7417.376944553193	294.8617868687451	30.64722161936656	1.0582161595797048	300	1:34
172.00000000009317	-52875.3449765759	7479.822197122178	297.3441629016205	30.11188521283564	1.0770293834014026	300	1:34
173.00000000009794	-52705.20236966529	7467.660622631688	296.86070579647276	30.644798012500043	1.0582998507807229	300	1:34
174.00000000010272	-53034.85127083838	7392.454636643547	293.8710543903954	30.51540090339533	1.0627874517036304	300	1:34
175.0000000001075	-52869.124753059616	7337.649790570104	291.69240620208285	30.324590617643317	1.0694747893798477	300	1:33
176.00000000011227	-52822.48802366812	7204.426810546148	286.3964146088972	30.709724172008606	1.0560624049301897	300	1:33
177.00000000011704	-52635.19221285306	7294.0147008902295	289.95778753441033	30.579599742136658	1.0605562347876611	300	1:33
178.00000000012182	-52646.15711146244	7493.460424664919	297.8863211568953	30.49204950693834	1.0636013547221401	300	1:32
179.0000000001266	-52818.02952507851	7605.0133411684255	302.3208662173022	30.559368706369696	1.0612583484774112	300	1:32
180.00000000013137	-52795.31238844263	7404.998328716853	294.36970175405435	30.916584543692018	1.0489963766211439	300	1:32
181.00000000013614	-52770.47576672066	7388.1281808918175	293.69906549414543	30.64230343258778	1.058386006625851	300	1:32
182.00000000014091	-52424.615617654956	7500.016784977368	298.1469550887469	30.472485726815233	1.0642842022990975	300	1:31
183.0000000001457	-52321.47402109561	7603.7632293561255	302.2711707244728	30.61140348590675	1.0594543689826357	300	1:31
184.00000000015046	-52810.38149527903	7505.942981938331	298.38253823873487	30.77672358875236	1.053763408905766	300	1:31
185.00000000015524	-52567.96923356247	7228.327052190013	287.3465170521713	30.515177675757307	1.06279522631124	300	1:30
186.00000000016001	-52354.77340426363	7281.906996230905	289.4764719079544	30.68714943505071	1.056839288135092	300	1:30
187.0000000001648	-52621.8326790655	7327.608452778757	291.2932345237602	30.649078169598724	1.0581520587462028	300	1:30
188.00000000016956	-52691.26028827438	7363.753396247265	292.7300986196614	30.260758638663994	1.0717307371929794	300	1:29
189.00000000017434	-53096.66575725601	7252.0671445026055	288.29025310496286	30.14113734951648	1.0759841205645295	300	1:29
190.0000000001791	-52738.35073887408	7527.863790975116	299.25395261749867	30.857335665072586	1.0510105446512437	300	1:29
191.0000000001839	-52663.967139066255	7696.693305513894	305.9654050224682	30.66737318471345	1.057520804553291	300	1:29
192.00000000018866	-52394.235581917164	7458.200577676202	296.48464215830455	30.523663436621778	1.062499762886376	300	1:28
193.00000000019344	-52506.10979123498	7352.635174612575	292.288117751962	30.68608017359256	1.0568761138720995	300	1:28
194.0000000001982	-52618.84721475848	7521.190578922368	298.98867349730074	30.7656648496965	1.0541421848764019	300	1:28
195.000000000203	-52639.44705350979	7568.910550999647	300.8856778347122	30.431954371966768	1.0657016886733128	300	1:27
196.00000000020776	-52747.193321541534	7625.423511921295	303.1322284365172	30.720960781104854	1.055676135747074	300	1:27
197.00000000021254	-52776.92536474895	7438.536261608409	295.70292977983917	30.628505840637988	1.058862790518633	300	1:27
198.0000000002173	-52581.32745580515	7371.246193078984	293.0279585611152	30.673570005083057	1.057307159175141	300	1:27
199.0000000002221	-52576.38594262264	7119.538955939136	283.02188144441266	30.486643694069656	1.063789949765537	300	1:26
200.00000000022686	-52702.15572305961	7478.625239060288	297.2965804212404	30.579641773814792	1.0605547770544856	300	1:26
201.00000000023164	-52339.19321178735	7476.003626225063	297.1923638699108	30.498081619772368	1.0633909885928179	300	1:26
202.0000000002364	-52357.091954521165	7618.308873755928	302.8494013754083	30.548026969278656	1.0616523678092065	300	1:25
203.0000000002412	-52717.55477545262	7671.064033286118	304.9465687058405	30.586993291814817	1.0602998749966357	300	1:25
204.00000000024596	-52381.042553345585	7643.075442932617	303.83394279707755	30.682258258403476	1.057007762945599	300	1:25
205.00000000025074	-52501.02443019149	7774.664376890072	309.06497642107865	30.600244619392363	1.0598407158902698	300	1:25
206.0000000002555	-52458.73647514143	7533.535278876992	299.47941035942716	30.378124596869633	1.0675901028852892	300	1:24
207.0000000002603	-52774.814610027766	7404.430815914654	294.3471415093508	30.41433850959167	1.0663189387994223	300	1:24
208.00000000026506	-52433.88327112814	7288.149672781828	289.72463601993206	30.50852780535312	1.0630268812297026	300	1:24
209.00000000026984	-52878.09153879646	7678.498679011244	305.2421169757523	30.714480992767566	1.0558988501700846	300	1:23
210.0000000002746	-52777.84903101562	7538.629338455221	299.68191368653066	30.686355972302536	1.0568666150228694	300	1:23
211.00000000027939	-52436.926681868616	7333.873208881727	291.5422763606018	30.54883154945697	1.061624406528592	300	1:23
212.00000000028416	-52367.66554334137	7509.216524916328	298.512670863664	30.748051776044928	1.0547460177330878	300	1:23
213.00000000028894	-52703.9332579257	7636.971252899256	303.5912839172501	30.67252533597288	1.0573431697780198	300	1:22
214.0000000002937	-52909.070784636424	7590.855553057753	301.7580539547425	30.847951407044363	1.0513302726620686	300	1:22
215.00000000029848	-52624.34268062358	7671.214096922996	304.9525341613438	30.681190872226775	1.0570445358166238	300	1:22
216.00000000030326	-52543.925445011206	7438.418060783706	295.6982309615585	30.347630294174383	1.0686628527321886	300	1:21
217.00000000030803	-52386.39564717602	7446.239171395231	296.00914230763834	30.961638230325214	1.047469934328909	300	1:21
218.0000000003128	-52586.82840585176	7464.139596232648	296.72073500310546	30.86242659159867	1.0508371746978125	300	1:21
219.00000000031758	-52616.67305103806	7823.806101859231	311.0184994714151	30.56899545969698	1.0609241382037768	300	1:21
220.00000000032236	-52252.37973971752	7282.38023661722	289.49528455654576	30.957949729926572	1.047594735657939	300	1:20
221.00000000032713	-52538.76331383284	7383.3158397362895	293.50776127396784	30.371076943451236	1.0678378387509635	300	1:20
222.0000000003319	-52398.921454112424	7499.289850161241	298.1180573664897	30.26391767552746	1.0716188667820565	300	1:20
223.00000000033668	-52731.86832331601	7420.600474793372	294.9899313453909	30.529210733152592	1.062306701843948	300	1:19
224.00000000034146	-52855.61505365756	7348.77235874302	292.13455985701387	30.4827399353764	1.0639261835579388	300	1:19
225.00000000034623	-52794.882014679635	7357.964174543674	292.4999606249416	30.488238876882214	1.0637342909440848	300	1:19
226.000000000351	-52887.79630132645	7399.249270005281	294.14116035226505	30.521771939876288	1.0625656081737187	300	1:19
227.00000000035578	-52253.165293573635	7263.184716842037	288.73220816133284	30.287797565640528	1.0707739674219632	300	1:18
228.00000000036056	-52729.7317387363	7479.969808681293	297.3500308800727	30.430050826983788	1.0657683534026738	300	1:18
229.00000000036533	-52612.54832370611	7489.184598981112	297.7163449495526	30.71508072107287	1.0558782331828223	300	1:18
230.0000000003701	-52589.8961974977	7565.634483671554	300.75544485970164	30.504717895470794	1.063159648778442	300	1:17
231.00000000037488	-52618.65428227704	7441.3013531284505	295.81285001613696	30.33922359838089	1.068958968533557	300	1:17
232.00000000037966	-52613.07848695337	7576.279746847701	301.1786242862389	30.444499862592252	1.0652625370825441	300	1:17
233.00000000038443	-52785.838607263984	7576.231372416709	301.1767012653021	30.348614798954276	1.0686281854601045	300	1:16
234.0000000003892	-52543.76134566005	7529.396653178454	299.31488824092435	30.565295148063772	1.0610525763527145	300	1:16
235.00000000039398	-52489.66977003249	7526.368637168962	299.19451600989174	30.155579256868478	1.075468817480843	300	1:16
236.00000000039876	-52700.46247311993	7595.356918500543	301.93699600767195	30.338310866571618	1.0689911282954394	300	1:16
237.00000000040353	-52650.3538676131	7511.123490543972	298.588478160053	30.300082595213922	1.0703398270259803	300	1:15
238.0000000004083	-53078.18526598459	7590.365237873193	301.7385625344562	30.43042706540445	1.0657551763611155	300	1:15
239.00000000041308	-52879.72513431116	7325.131999227502	291.1947884659854	30.5595430247429	1.061252294825735	300	1:15
240.00000000041786	-52923.129069694	7383.676750589084	293.522108504768	30.309052231444532	1.0700230715293635	300	1:14
241.00000000042263	-52349.53144226468	7262.032053706202	288.6863865299892	30.516853572692373	1.062736860685238	300	1:14
242.0000000004274	-52898.322003760724	7418.999636979879	294.9262934985211	30.402076400804344	1.0667490185958532	300	1:14
243.00000000043218	-52859.65830623018	7605.008298759461	302.32066576723355	30.498286059060753	1.0633838603595605	300	1:14
244.00000000043696	-52850.338095979096	7466.631417668256	296.8197919779031	30.83243160097336	1.0518594700396693	300	1:13
245.00000000044173	-52594.6371534075	7597.754948359256	302.032324501072	30.8371596134982	1.0516981969259631	300	1:13
246.0000000004465	-52575.85541330272	7469.547474674138	296.93571352076026	30.80595086617551	1.052763646372084	300	1:13
247.00000000045128	-52652.657952914335	7549.18264858726	300.10143771856707	30.948787126055677	1.0479048833719986	300	1:12
248.00000000045605	-52556.03282246771	7516.300902609901	298.7942949851284	30.2489739715947	1.0721482716831612	300	1:12
249.00000000046083	-52828.61015813242	7360.113108519908	292.5853868499848	30.13446728482435	1.0762222825212033	300	1:12
250.0000000004656	-52725.7759909727	7433.6519704131215	295.50876534135966	30.384832871447273	1.067354403463251	300	1:12
251.00000000047038	-52752.74121020234	7436.867786834607	295.6366031718177	30.47213029850409	1.0642966161583483	300	1:11
252.00000000047515	-52926.37509839071	7467.017243611242	296.83512965425683	30.298900523104283	1.0703815849391562	300	1:11
253.00000000047993	-52936.26736893554	7327.525949685093	291.28995479161205	30.66167801492827	1.057717230871849	300	1:11
254.0000000004847	-52910.405530186894	7360.556896635396	292.6030286872141	30.42668525623409	1.0658862406705758	300	1:10
255.00000000048948	-52693.97252415793	7336.889394602333	291.6621783040724	30.41817237670567	1.0661845413391846	300	1:10
256.00000000049425	-52625.651103629934	7401.3673216494	294.22535891695094	30.581668804709718	1.0604844807828016	300	1:10
257.000000000499	-52774.96026110562	7454.5382932196635	296.3390559562079	30.246964034815974	1.0722195168580828	300	1:10
258.0000000005038	-52851.33874662404	7357.894276760114	292.49718198964877	30.500886628635772	1.0632931940209884	300	1:09
259.0000000005086	-52605.37045610539	7301.460578552698	290.25378230571204	30.8268799369323	1.0520489011597831	300	1:09
260.00000000051335	-53135.15255888217	7551.430876406906	300.19081115571936	30.519934966020095	1.062629563265526	300	1:09
261.0000000005181	-52995.06757312792	7436.56719174098	295.6246536636434	30.338011649433703	1.069001671519879	300	1:08
262.0000000005229	-52837.522570150264	7418.3748952816	294.9014582427611	30.629577852391044	1.0588257311323828	300	1:08
263.0000000005277	-52551.8403799932	7470.588528950612	296.97709838315615	30.337589687138305	1.0690165401499763	300	1:08
264.00000000053245	-52514.71622383065	7503.811239219985	298.297795414988	30.275752012875447	1.0711999870405204	300	1:08
265.0000000005372	-52607.33482243074	7459.0916474077985	296.5200647093286	30.379968462461708	1.0675253071413573	300	1:07
266.000000000542	-52684.49420422633	7474.584707431676	297.13595782044524	30.795192181003266	1.0531314425061535	300	1:07
267.0000000005468	-52822.579085259524	7259.158018993986	288.5721354925805	30.325373361396085	1.0694471846179818	300	1:07
268.00000000055155	-52530.813432000345	7486.757285127038	297.61985233421785	30.39163426967765	1.0671155383108712	300	1:06
269.0000000005563	-52582.84503867358	7462.180040195612	296.6428370886717	30.67756966055578	1.057169310433786	300	1:06
270.0000000005611	-52577.26899524822	7692.20279789079	305.78689459868974	30.548024771776003	1.0616524441802293	300	1:06
271.0000000005659	-52327.618159095786	7651.5393088392775	304.1704054905218	30.23387062288793	1.0726838640131864	300	1:06
272.00000000057065	-52431.74189980858	7478.553276074975	297.293719688316	30.297346907289665	1.0704364729715348	300	1:05
273.0000000005754	-52267.36896640345	7596.204307823474	301.97068213847007	30.34536662262743	1.0687425717127863	300	1:05
274.0000000005802	-52494.272983180475	7630.572087026864	303.33689891056815	30.525406837420206	1.0624390802247226	300	1:05
275.000000000585	-52860.588262141275	7545.378280359913	299.9502032832933	30.447713667548207	1.0651500969151655	300	1:04
276.00000000058975	-52441.44013933517	7420.000334304695	294.9660740575402	30.690352578091378	1.0567289861305034	300	1:04
277.0000000005945	-52459.83929260707	7595.468948618008	301.9414495228251	30.67328617255314	1.0573169428730533	300	1:04
278.0000000005993	-52495.37522437409	7376.095413657623	293.2207288430392	30.695291252115478	1.056558965264715	300	1:04
279.0000000006041	-52739.4891446197	7682.141035218752	305.38691097338614	30.621559084374827	1.0591030023805306	300	1:03
280.00000000060885	-52558.94111180949	7429.178909889186	295.3309484892947	30.662419274007032	1.0576916607270688	300	1:03
281.0000000006136	-52818.74942060409	7475.53461245856	297.1737192414538	30.754618374013653	1.0545208127582337	300	1:03
282.0000000006184	-52734.96890368167	7289.4592155940145	289.77669406369455	30.52470275660517	1.062463586375675	300	1:02
283.0000000006232	-52613.83266539368	7559.052421900306	300.4937892219124	30.694192968252278	1.0565967705154757	300	1:02
284.00000000062795	-52593.42801368513	7535.797790084733	299.5693516017979	30.78598881407917	1.0534462725784703	300	1:02
285.0000000006327	-52873.68212508364	7510.2976963564415	298.5556504971822	30.589109343832526	1.0602265270065179	300	1:02
286.0000000006375	-52944.474875963264	7500.513052905313	298.1666831474789	30.583725432026487	1.0604131676474209	300	1:01
287.0000000006423	-52736.90393580677	7558.09342831394	300.4556665048676	30.5825954203232	1.060452349387011	300	1:01
288.00000000064705	-53107.57795302535	7658.6835375119945	304.45440885828685	30.290488604242785	1.0706788387458208	300	1:01
289.0000000006518	-53012.823342115764	7489.573654555154	297.7318110129077	30.38723698586976	1.0672699587302052	300	1:00
290.0000000006566	-52924.1081713475	7259.103146888644	288.56995417064536	30.245962326904984	1.0722550274085734	300	1:00
291.0000000006614	-52729.95072650927	7249.886791763048	288.20357789489924	30.35613589060675	1.068363420189774	300	1:00
292.00000000066615	-52783.262544999074	7374.212627678686	293.14588275631735	30.447398383413905	1.0651611265907384	300	0:59
293.0000000006709	-52833.81698132079	7594.098576135589	301.8869733270132	30.24227060783316	1.0723859191787677	300	0:59
294.0000000006757	-52687.940382981295	7260.616388619899	288.63010982461543	30.36392685251976	1.0680892929743984	300	0:59
295.0000000006805	-52728.92552672434	7149.130046033009	284.1982112663561	30.741936190271755	1.054955841528845	300	0:59
296.00000000068525	-52664.39390278887	7128.437612171769	283.37562828741375	30.570132869299837	1.0608846648620074	300	0:58
297.00000000069	-52681.534632964	7415.404962289114	294.78339497651604	30.219355407834787	1.0731991045522402	300	0:58
298.0000000006948	-52533.608986044506	7338.043506836729	291.708057541197	29.97416917426315	1.0819777847814673	300	0:58
299.0000000006996	-52699.10532356796	7545.995762110375	299.97474993552106	30.355288679168204	1.068393238048523	300	0:57
300.00000000070435	-52909.9405164076	7355.26469410199	292.39264861523765	30.7852134671002	1.053472804354377	300	0:57
301.0000000007091	-52985.27835399451	7484.837010747975	297.5435159771847	30.487566749976516	1.0637577419608	300	0:57
302.0000000007139	-53065.09040955131	7372.806930412698	293.0900023000935	30.311950465740217	1.0699207627859328	300	0:57
303.00000000071867	-53087.48626804497	7541.856327178664	299.8101956477027	30.480240275819888	1.0640134352734139	300	0:56
304.00000000072345	-52832.634783868794	7420.609893495417	294.99030576553105	30.753359550103543	1.0545639773435742	300	0:56
305.0000000007282	-52795.11303458511	7509.929732974266	298.5410229083214	30.512245650377963	1.0628973539164088	300	0:56
306.000000000733	-52840.4321495317	7563.395577525035	300.66644198551455	30.488421580881646	1.0637279164419229	300	0:55
307.00000000073777	-52854.70964537177	7474.383970023891	297.12797793871704	30.53082667092437	1.0622504759990592	300	0:55
308.00000000074255	-52859.601969387266	7621.0620410926385	302.9588475915734	30.349558662237452	1.068594951404913	300	0:55
309.0000000007473	-52727.3277496341	7557.6814991881	300.4392911529047	30.450211785460425	1.0650627126120595	300	0:55
310.0000000007521	-52459.409776482324	7369.661266598314	292.9649532348874	30.30189950068006	1.0702756493237768	300	0:54
311.00000000075687	-52816.9411443758	7647.428988429327	304.0070085875814	30.579304501791725	1.0605664743596095	300	0:54
312.00000000076164	-52790.311973689444	7642.7105207430795	303.81943610425617	30.226919885812105	1.072930529685124	300	0:54
313.0000000007664	-52624.00298217384	7425.338986208975	295.1783006238498	30.192214129527713	1.0741638564399483	300	0:53
314.0000000007712	-52672.9281063044	7581.946566558334	301.40389645431543	30.60012093442348	1.0598449997415087	300	0:53
315.00000000077597	-52776.907951421716	7453.233893593102	296.28720236867235	30.015749971241647	1.080478921729658	300	0:53
316.00000000078074	-52845.65282361346	7490.416028772624	297.76529777902897	30.347677734149574	1.0686611821813259	300	0:53
317.0000000007855	-52561.49402997803	7616.6582464198755	302.7837842536953	30.48537072925388	1.0638343699954713	300	0:52
318.0000000007903	-52961.9848922909	7500.9048688023095	298.1822589415063	30.471815420683384	1.064307613973689	300	0:52
319.00000000079507	-52665.76713171421	7531.769907312906	299.40923182896216	30.618043081736232	1.0592246237702767	300	0:52
320.00000000079984	-52854.68526651166	7574.399509210109	301.10387950331864	30.31631587957081	1.0697666989836536	300	0:51
321.0000000008046	-52809.073352852516	7371.867243945354	293.05264709583076	30.570247400393004	1.0608806902693648	300	0:51
322.0000000008094	-52708.27575451764	7449.129741863264	296.12405068827553	30.517480583023353	1.062715025757255	300	0:51
323.00000000081417	-52659.829140836344	7491.137052648823	297.7939605246465	30.442301468624883	1.0653394651274752	300	0:51
324.00000000081894	-52701.09353260169	7416.126493716854	294.81207789874793	30.758648040261214	1.0543826608173241	300	0:50
325.0000000008237	-52966.21559877775	7358.244298341313	292.5110963409951	30.742961416942933	1.054920660504773	300	0:50
326.0000000008285	-52617.64459495316	7472.231072766126	297.0423941619837	30.79094695868003	1.0532766402850662	300	0:50
327.00000000083327	-52648.8314821801	7434.635148971629	295.5478494796932	30.53181318669163	1.0622161535421208	300	0:49
328.00000000083804	-52597.9961180611	7420.121944092629	294.97090839178514	30.33450007765612	1.0691254209171093	300	0:49
329.0000000008428	-52676.70399327585	7588.753257982111	301.6744817583767	30.41491087788878	1.066298872090773	300	0:49
330.0000000008476	-52798.952740275825	7438.9158041243845	295.71801767213447	30.275004786918768	1.0712264256303983	300	0:49
331.00000000085237	-52655.2125465307	7226.2966174552175	287.265801508321	30.036678759170563	1.079726071709326	300	0:48
332.00000000085714	-52750.36083825992	7429.5674188313205	295.34639282247997	30.66131533776902	1.057729742072897	300	0:48
333.0000000008619	-52762.77237164485	7540.657835534246	299.7625522030643	30.40303245462316	1.0667154736041007	300	0:48
334.0000000008667	-52650.10548015914	7423.909853602158	295.1214885463096	30.442731380808198	1.0653244204059718	300	0:47
335.00000000087147	-52491.84336715005	7430.156554075746	295.3698126206346	30.556271711047152	1.0613659110810012	300	0:47
336.00000000087624	-52820.48362117089	7518.507107215713	298.881997880253	30.446705315033796	1.065185373204253	300	0:47
337.000000000881	-53039.27637714372	7432.143707051797	295.4488075917248	30.409759965829785	1.0664794855426687	300	0:47
338.0000000008858	-52907.19080597628	7629.8238268546165	303.3071534448758	30.749561067491754	1.0546942472658722	300	0:46
339.00000000089057	-52721.245479721314	7360.607611910362	292.60504476334313	30.773347908558193	1.0538790014074124	300	0:46
340.00000000089534	-52762.197976913885	7164.478812705681	284.80836830720307	30.73807606985979	1.0550883240098026	300	0:46
341.0000000009001	-52791.51065163838	7297.109424704091	290.08081159000864	30.33304637898808	1.0691766583095208	300	0:45
342.0000000009049	-52648.28229287831	7521.18854194683	298.9885925217414	30.28608149446121	1.070834639659981	300	0:45
343.00000000090967	-52532.725962456694	7461.87946137681	296.6308882274679	30.76859917258905	1.0540416540226007	300	0:45
344.00000000091444	-52536.29961666587	7573.913119208872	301.0845441202106	30.733244671166897	1.055254188447614	300	0:44
345.0000000009192	-52682.04235164885	7466.419662278431	296.81137410011564	30.596452035483914	1.0599720884703308	300	0:44
346.000000000924	-52353.10271159146	7224.067937876074	287.177205169214	30.528876352918836	1.0623183372005585	300	0:44
347.00000000092876	-52914.52643728591	7706.6425758253245	306.3609167571418	30.370665376643732	1.0678523095109806	300	0:44
348.00000000093354	-52627.98301553828	7335.783625313374	291.61822083624463	30.44229488705088	1.0653396954521126	300	0:43
349.0000000009383	-52561.9218838879	7183.225005393801	285.55358267534496	30.51625447693079	1.0627577243580522	300	0:43
350.0000000009431	-52703.162054153014	7287.578428280303	289.7019274295884	30.986040173853898	1.046645036986684	300	0:43
351.00000000094786	-52708.56495210942	7502.930562803351	298.26278602773385	30.71238793694607	1.0559708099030691	300	0:42
352.00000000095264	-52540.52551216961	7408.120602309457	294.4938209915544	30.64924535022907	1.0581462869065974	300	0:42
353.0000000009574	-52672.41848700939	7495.704367924223	297.9755242706128	30.93824467259424	1.0482619653131968	300	0:42
354.0000000009622	-52291.10592528526	7359.109476689002	292.5454896360193	30.72902605362612	1.0553990584419184	300	0:42
355.00000000096696	-52709.71560413716	7236.2733776078785	287.66240604221014	30.401196353046927	1.0667798986332915	300	0:41
356.00000000097174	-52729.035278949916	7493.018570540506	297.86875620130064	30.828745979340052	1.0519852213764433	300	0:41
357.0000000009765	-52524.0238107327	7463.024381338195	296.67640204564907	30.765402496640554	1.0541511741110992	300	0:41
358.0000000009813	-52772.03024951651	7684.574619275361	305.4836528470688	30.92760758197374	1.0486224994246542	300	0:40
359.00000000098606	-52734.14508765825	7403.001298295804	294.2903141264896	30.694214936685356	1.0565960142890831	300	0:40
360.00000000099084	-52751.783414790436	7276.338886983269	289.25512376095963	30.603588414816393	1.0597249160537294	300	0:40
361.0000000009956	-52917.80776467614	7500.8760524482495	298.1811134096407	30.73625117639879	1.0551509674262758	300	0:40
362.0000000010004	-53071.34040064225	7519.824640186998	298.93437355551873	30.256139101438183	1.0718943701013262	300	0:39
363.00000000100516	-52884.008200334414	7332.652273225731	291.49374070279856	30.311024696841336	1.069953440644117	300	0:39
364.00000000100994	-52748.885437927675	7210.994721747389	286.657507721364	30.513623184446793	1.0628493695355359	300	0:39
365.0000000010147	-53028.87886393079	7489.754629014985	297.73900526136	30.37850952062684	1.067576575533222	300	0:38
366.0000000010195	-52634.39616635229	7284.075083548312	289.56265953267365	30.287512876909595	1.070784032206191	300	0:38
367.00000000102426	-52650.722235599766	7341.041260361285	291.827226752557	30.239363793035267	1.0724890042595336	300	0:38
368.00000000102904	-52822.79609596322	7760.4134600376965	308.4984620267017	30.195690967676597	1.0740401734323888	300	0:38
369.0000000010338	-52368.44294734366	7449.250358469696	296.1288455407368	30.344006829207107	1.0687904648313586	300	0:37
370.0000000010386	-52886.35343270807	7380.32980580203	293.3890579495867	30.44093237034814	1.0653873793768849	300	0:37
371.00000000104336	-53148.66918540903	7428.64995567521	295.30992105791694	30.374225858489773	1.0677271353327158	300	0:37
372.00000000104814	-53010.21097514851	7509.639051143406	298.52946748047964	30.153028763082	1.0755597860053683	300	0:36
373.0000000010529	-52987.26382163307	7466.864054622933	296.8290399571632	30.43232753095742	1.0656886211165812	300	0:36
374.0000000010577	-53030.056084064156	7503.173092192281	298.272427259334	30.487755341745522	1.0637511617468058	300	0:36
375.00000000106246	-53067.13734914939	7499.7484453764555	298.13628782796127	30.263483140983514	1.0716342534912926	300	0:36
376.00000000106724	-53235.62794868328	7683.977756376725	305.45992585272523	29.965304453464277	1.0822978693308356	300	0:35
377.000000001072	-52623.7721918764	7459.059614313861	296.5187913029226	30.283011218724614	1.0709432073842509	300	0:35
378.0000000010768	-52513.4417841502	7531.29433283236	299.3903263935001	30.114621755192267	1.0769315127872219	300	0:35
379.00000000108156	-52640.064479032735	7555.28803933708	300.34414433028184	29.95780475928363	1.0825688138508884	300	0:34
380.00000000108633	-52510.95604338325	7349.3810428511115	292.15875677798635	30.399899126465314	1.0668254203383298	300	0:34
381.0000000010911	-52326.310845114815	7641.55474995487	303.77349093491	30.667237237175467	1.057525492531821	300	0:34
382.0000000010959	-52288.17061336356	7571.633542135676	300.9939244612487	30.588792571274773	1.0602375065398872	300	0:34
383.00000000110066	-52242.19177532545	7555.206112645184	300.34088751174	30.709025525216784	1.0560864309159885	300	0:33
384.00000000110543	-52442.79382985158	7632.995331558101	303.4332297587698	30.752305319357053	1.0546001292273928	300	0:33
385.0000000011102	-52751.613147639	7376.306125862269	293.22910525125485	30.522818217197567	1.0625291849872918	300	0:33
386.000000001115	-52591.02845970454	7599.388083879279	302.0972462734496	30.52180571520283	1.0625644323422252	300	0:32
387.00000000111976	-52553.69562739189	7466.754739527773	296.82469437185307	30.50000333969473	1.0633239873002185	300	0:32
388.00000000112453	-52595.1649426863	7511.602835381005	298.60753347788705	30.279221097298993	1.071077259868061	300	0:32
389.0000000011293	-52582.512744166364	7391.039745597967	293.81480845533736	30.307241077077634	1.0700870158835774	300	0:32
390.0000000011341	-52722.96929753522	7422.976957900184	295.08440329424513	30.127530814873392	1.0764700686265143	300	0:31
391.00000000113886	-52424.54628879699	7578.107877943486	301.25129768622423	30.378832536940937	1.0675652240551812	300	0:31
392.00000000114363	-52721.04200406544	7695.589892562559	305.9215412257491	30.533828926343528	1.0621460296403744	300	0:31
393.0000000011484	-52335.34660872794	7512.965695090063	298.6617110196337	30.454837736235646	1.0649009344497937	300	0:30
394.0000000011532	-52215.187332686386	7517.8292278203935	298.85505025021075	30.457818411526993	1.0647967206856903	300	0:30
395.00000000115796	-52554.68392012833	7549.163610610361	300.1006809049483	30.575192015729485	1.0607091248077782	300	0:30
396.00000000116273	-52487.645150820405	7628.536923340243	303.25599537746024	30.351239299873892	1.0685357801507938	300	0:29
397.0000000011675	-52546.49340216475	7544.128016864437	299.90050176062715	30.370607783328815	1.0678543345331597	300	0:29
398.0000000011723	-52358.76541799036	7614.875611882204	302.71291947103134	30.90820443660211	1.0492807898419456	300	0:29
399.00000000117706	-52341.786924868095	7641.924698000701	303.7881974197843	30.79571670815682	1.0531135050753382	300	0:29
400.00000000118183	-52311.47451134527	7514.422869691736	298.7196378460632	30.56203217545547	1.0611658602296743	300	0:28
401.0000000011866	-52296.96867249653	7594.081141405336	301.8862802469993	30.79487129932323	1.0531424161057272	300	0:28
402.0000000011914	-52387.35271861608	7503.753495134636	298.29549992369584	30.623399561822172	1.0590393499050317	300	0:28
403.00000000119616	-52229.41701853683	7477.165615771459	297.2385562525462	30.36729910774832	1.067970682830967	300	0:27
404.00000000120093	-52613.5781247312	7597.305847929093	302.0144714842561	30.432402590614927	1.065685992660853	300	0:27
405.0000000012057	-52645.33817185997	7447.705807610024	296.0674452600449	30.744069512308645	1.0548826384499947	300	0:27
406.0000000012105	-52593.90689840281	7278.216218161004	289.32975300385095	30.864076555849127	1.0507809979394322	300	0:27
407.00000000121526	-52462.21353411168	7562.182227647843	300.6182078839501	30.83944321949818	1.0516203205422823	300	0:26
408.00000000122003	-52764.0532187708	7573.727398397035	301.07716119079413	30.64083124704948	1.058436858398126	300	0:26
409.0000000012248	-52463.16224213704	7447.103565298435	296.0435044187677	30.667047132221548	1.057532048129892	300	0:26
410.0000000012296	-52628.629224490986	7585.361804509414	301.5396618566086	30.420164379245847	1.066114724414852	300	0:25
411.00000000123435	-52887.7757484749	7500.580892988224	298.16937998333043	30.477084340575022	1.0641236150223645	300	0:25
412.00000000123913	-52650.195939461584	7566.820459713908	300.80259077363405	30.433006710227204	1.0656648379384552	300	0:25
413.0000000012439	-52881.41911861018	7413.06016456187	294.69018261143475	30.45029911170671	1.0650596581944851	300	0:25
414.0000000012487	-52770.90991667737	7347.445547215313	292.08181533279435	30.412797722644783	1.066372961132951	300	0:24
415.00000000125345	-53115.46122475923	7646.276308172204	303.96118627561805	30.314865209201685	1.0698178909926361	300	0:24
416.00000000125823	-52895.57694331318	7544.428394990084	299.91244264370846	30.483141519441276	1.0639121674237668	300	0:24
417.000000001263	-52429.775535934285	7326.778254825144	291.2602317986881	30.38058131130598	1.0675037726077021	300	0:23
418.0000000012678	-52417.46039538126	7382.9936748340215	293.49495430467675	30.569675797129545	1.0609005270144034	300	0:23
419.00000000127255	-52644.45730554598	7584.126552877829	301.49055709814155	30.85168122891626	1.051203171820579	300	0:23
420.00000000127733	-52701.981022505235	7626.373742552043	303.1700028012036	30.565243966047376	1.0610543531031444	300	0:23
421.0000000012821	-52639.649816476274	7521.959765540062	299.01925084859676	30.44022133717973	1.06541226506203	300	0:22
422.0000000012869	-52632.194199501246	7490.567118086532	297.77130400810546	30.851662429633237	1.0512038123651843	300	0:22
423.00000000129165	-52652.78772363599	7541.805685978643	299.80818251626295	30.641663328730353	1.0584081162926213	300	0:22
424.0000000012964	-52466.30498634878	7321.894660995076	291.0660950824555	30.357419146718915	1.0683182587785771	300	0:21
425.0000000013012	-52894.52720389588	7672.007731913156	304.98408340483905	30.365174084028883	1.0680454218404123	300	0:21
426.000000001306	-52613.56769113609	7335.426782797251	291.6040353333746	30.256715249722713	1.0718739590918218	300	0:21
427.00000000131075	-52605.0477562164	7498.230951940928	298.0759631566785	30.529927403903084	1.062281764865514	300	0:21
428.0000000013155	-52515.1905851716	7263.6880368659895	288.75221656089764	30.485051168615833	1.0638455216772635	300	0:20
429.0000000013203	-52454.44899039366	7392.489278050565	293.8724314846498	30.52001088316504	1.0626269200226095	300	0:20
430.0000000013251	-52561.85080594607	7440.738999378398	295.7904948583996	30.43795888167962	1.0654914572262726	300	0:20
431.00000000132985	-52614.48513543318	7587.52106373587	301.62549853965504	30.36110104898229	1.0681887034173054	300	0:19
432.0000000013346	-52526.78235715005	7288.652038560027	289.7446064855196	30.563238371374208	1.0611239807038806	300	0:19
433.0000000013394	-52808.571508328256	7356.615222973203	292.44633597118036	30.597307195845648	1.0599424634412782	300	0:19
434.0000000013442	-52619.43925262836	7177.798945675664	285.33788140033806	30.278405049331248	1.0711061269903477	300	0:19
435.00000000134895	-52791.672732547304	7440.207948834122	295.7693840919422	30.216237515094306	1.07330984367704	300	0:18
436.0000000013537	-52894.28783005761	7314.456595741812	290.7704108765942	30.0787666351292	1.0782152591974083	300	0:18
437.0000000013585	-52488.31447457406	7515.059308606686	298.7449380993869	30.49744229831397	1.063413280582783	300	0:18
438.0000000013633	-52329.86299431592	7453.369525088351	296.292594105582	30.809528753746818	1.0526413897158402	300	0:17
439.00000000136805	-52550.34744948943	7419.15793854859	294.9325864351971	30.465024235927796	1.064544866686416	300	0:17
440.0000000013728	-52590.93533280422	7387.768603444225	293.68477126998675	30.783834289768237	1.0535200020425513	300	0:17
441.0000000013776	-52837.21671775196	7455.340888583349	296.37096139998374	30.40733044900472	1.066564696240729	300	0:17
442.0000000013824	-52749.76454624758	7448.16831310333	296.0858311661695	30.72494553063818	1.055539224031964	300	0:16
443.00000000138715	-52865.23546988881	7425.771454630685	295.1954924711218	30.754578672488925	1.0545221740542077	300	0:16
444.0000000013919	-53027.60103029822	7408.165541888071	294.49560746735983	30.535533719625317	1.062086730221139	300	0:16
445.0000000013967	-52697.15717273476	7448.277447987672	296.09016958758815	30.729281934605222	1.0553902701941165	300	0:15
446.0000000014015	-52871.77876856478	7567.463716537182	300.8281620581655	30.630510510131526	1.0587934913166726	300	0:15
447.00000000140625	-52572.57619280828	7225.223591422529	287.22314567786765	30.500301038502567	1.0633136087048416	300	0:15
448.000000001411	-52737.83896017645	7436.211640574376	295.61051949558214	30.177133575226904	1.0747006531613674	300	0:14
449.0000000014158	-52819.34306660952	7386.5046721973995	293.6345264154102	30.1269053185312	1.0764924183528897	300	0:14
450.0000000014206	-52660.0104974205	7523.2129746659075	299.0690694684309	30.759373505523975	1.0543577930158408	300	0:14
451.00000000142535	-52616.83232439196	7326.699578871746	291.25710420622835	30.641945955664646	1.0583983540326924	300	0:14
452.0000000014301	-52744.57572927119	7451.983292622406	296.23748743040835	30.774669451091658	1.053833745164199	300	0:13
453.0000000014349	-52557.63833466018	7240.696195036255	287.83822558861766	30.74226161118442	1.0549446743383133	300	0:13
454.0000000014397	-52959.15749491434	7475.70925690309	297.1806618538309	30.39606529134829	1.0669599783056531	300	0:13
455.00000000144445	-52509.988052525005	7538.736367122919	299.68616837985945	30.44079756183904	1.065392097495191	300	0:12
456.0000000014492	-52517.32794339582	7443.873714229039	295.9151086712196	30.491597913973063	1.0636171070907439	300	0:12
457.000000001454	-52735.53457611037	7556.601937089538	300.3963754952811	30.67202418045755	1.0573604458911974	300	0:12
458.0000000014588	-52523.975214770326	7510.681783588929	298.5709190548585	30.39422290823019	1.0670246533939964	300	0:12
459.00000000146355	-52446.87537406161	7608.004162770043	302.43975986504995	30.16170886938713	1.0752502553577354	300	0:11
460.0000000014683	-52674.81566089441	7488.508968482578	297.6894867195408	30.32912828547779	1.06931478078	300	0:11
461.0000000014731	-52491.89092250372	7454.8480949755985	296.351371455341	30.380892583595344	1.0674928353272293	300	0:11
462.0000000014779	-52796.64355284799	7486.831563748801	297.6228051202638	30.34992273456226	1.0685821327281857	300	0:10
463.00000000148265	-52865.90497097719	7587.999564319458	301.6445202960184	30.371386765263455	1.0678269456212912	300	0:10
464.0000000014874	-52741.84367723335	7454.288950715536	296.32914388394045	30.871845372943405	1.0505165717193437	300	0:10
465.0000000014922	-52644.60402468566	7439.555494595829	295.743447184058	30.744936820275306	1.0548528804406818	300	0:10
466.00000000149697	-52604.276150051766	7276.962204299509	289.2799023934906	30.546078648914854	1.0617200831762512	300	0:09
467.00000000150175	-52623.2239221363	7498.075506826139	298.06978377215347	30.148561353103606	1.0757191623173614	300	0:09
468.0000000015065	-52844.449020680884	7382.137824672483	293.46093183152897	30.372421847332486	1.0677905544329365	300	0:09
469.0000000015113	-52595.04107980817	7574.945145202797	301.12557008274945	30.335120096240324	1.0691035690955997	300	0:08
470.00000000151607	-52571.83854998174	7373.651315683799	293.1235690113047	30.107795770402067	1.0771756727444113	300	0:08
471.00000000152085	-52788.234559404664	7474.527519525224	297.1336844388428	30.64929440565066	1.0581445933011422	300	0:08
472.0000000015256	-52968.147571353096	7261.201154443117	288.6533559258751	30.78065423827134	1.0536288446887656	300	0:08
473.0000000015304	-52653.979467038735	7390.3973755674815	293.7892724233363	30.779337761876004	1.0536739099047299	300	0:07
474.00000000153517	-52706.317387194664	7536.09362458267	299.58111186278114	30.704757402527406	1.0562332324815782	300	0:07
475.00000000153995	-52755.38624503155	7650.656686695471	304.1353187550898	30.613824633666873	1.0593705801844993	300	0:07
476.0000000015447	-52865.67184806845	7653.652329180749	304.25440404664664	30.171124511327655	1.0749146970527372	300	0:06
477.0000000015495	-52627.75988416356	7557.664876171782	300.4386303408237	30.57931634679173	1.0605660635456542	300	0:06
478.00000000155427	-52754.95967634604	7572.708600913778	301.0366610991019	30.621714660866576	1.0590976215084487	300	0:06
479.00000000155904	-52856.51285885714	7503.173002207652	298.2724236821896	30.491331438770878	1.0636264024402837	300	0:06
480.0000000015638	-52738.01134717796	7637.246173433068	303.6022127887977	30.364464592504874	1.0680703776294975	300	0:05
481.0000000015686	-52191.947784705815	7666.179093620002	304.752378488805	31.11526732309112	1.0422981370231184	300	0:05
482.00000000157337	-52337.79379030684	7456.873899016666	296.4319029159719	30.84538924287431	1.0514176011355167	300	0:05
483.00000000157814	-52530.97139575731	7588.396361061012	301.6602940927545	30.867408854702557	1.0506675606136393	300	0:04
484.0000000015829	-52715.18103166713	7509.296719343733	298.5158588197755	30.879038464788863	1.0502718600132401	300	0:04
485.0000000015877	-52660.05358757233	7426.212482897406	295.21302459652907	30.861932211890373	1.0508540081407844	300	0:04
486.00000000159247	-52595.56688884055	7279.413427296056	289.3773454651019	30.8643780883478	1.0507707322338038	300	0:04
487.00000000159724	-52526.18469872605	7290.957477778427	289.83625423816	30.54434155827864	1.0617804643768491	300	0:03
488.000000001602	-52938.683112716535	7365.163898633291	292.7861700930455	30.597866390543345	1.059923092345338	300	0:03
489.0000000016068	-52832.52752074384	7371.904888860918	293.0541435880749	30.62994177743312	1.058813150853858	300	0:03
490.00000000161157	-52599.87713227363	7508.048116052969	298.4662232949589	30.64676936314678	1.0582317757392543	300	0:02
491.00000000161634	-52833.16380648341	7665.844087674082	304.739061051581	30.629626866811485	1.058824036768629	300	0:02
492.0000000016211	-52939.007002557424	7372.31009242881	293.0702515800197	30.517073616065886	1.0627291978206095	300	0:02
493.0000000016259	-52931.99507975791	7418.77928448521	294.9175338614142	31.048247382442053	1.0445480147189985	300	0:02
494.00000000163067	-53044.78918608205	7544.601318208213	299.9193168324506	30.6545551441183	1.0579630013015147	300	0:01
495.00000000163544	-52608.63905765023	7335.615577632903	291.61154046396297	30.634043201537235	1.058671392165653	300	0:01
496.0000000016402	-52712.07929419441	7407.442403693591	294.4668606715894	30.359551447424465	1.0682432255297856	300	0:01
497.000000001645	-52911.264335583226	7334.125054788128	291.55228795021526	30.309450976619722	1.0700089945163076	300	0:00
498.00000000164977	-52789.22937351334	7449.512389207323	296.1392620062999	30.610386798093117	1.0594895575071437	300	0:00
499.00000000165454	-52681.833390636544	7313.359351594878	290.7267923073595	30.48246434762136	1.0639358023677934	300	0:00
500.0000000016593	-52604.90828268745	7405.22527023912	294.37872332371035	30.478994539486806	1.0640569235910318	300	0:00
