#"Time (ps)"	"Potential Energy (kJ/mole)"	"Kinetic Energy (kJ/mole)"	"Temperature (K)"	"Box Volume (nm^3)"	"Density (g/mL)"	"Speed (ns/day)"	"Time Remaining"
100.99999999994601	-52735.66242483677	7671.449026736507	304.96223468379725	30.44341905432624	1.0192493021503206	0	--
101.99999999994368	-52796.51209204286	7507.446566253413	298.4426636525286	30.86685793801051	1.0052669982966127	135	4:14
102.99999999994135	-52896.484172663506	7393.854374570369	293.9270462642673	30.72856963698659	1.0097910183506578	135	4:13
103.99999999993902	-53085.0794759845	7499.878910278203	298.14182749113655	30.379600529358694	1.021390442451839	135	4:13
104.99999999993669	-52846.9376435462	7567.9027896258785	300.84597297726685	30.29077690878817	1.0243855322571578	135	4:12
105.99999999993436	-53044.669830298604	7483.063508602629	297.4733667538995	30.367504862967852	1.0217972719922455	135	4:12
106.99999999993203	-53143.62600760051	7489.80535868201	297.7413747480797	30.43084726547479	1.019670381028008	135	4:11
107.9999999999297	-52987.3640536599	7280.051259859775	289.40304407704514	30.41517022084264	1.0201959548767614	135	4:10
108.99999999992737	-52727.1729534496	7580.432077374256	301.34404831836923	30.416183366315924	1.0201619727396505	135	4:10
109.99999999992504	-52998.87531807282	7487.681318998561	297.65693804177243	30.599717893123344	1.0140431272787982	135	4:09
110.99999999992271	-52616.45392219609	7487.602935772775	297.65382208237355	30.107900159364966	1.0306076963836415	135	4:08
111.99999999992038	-52673.045573340496	7440.120861989253	295.7662726405436	30.26428260267237	1.025282311613488	135	4:07
112.99999999991805	-52833.12716161474	7433.718730997432	295.5117694603491	30.39880208591484	1.020745276030767	135	4:07
113.99999999991572	-53187.12295145891	7501.484029553583	298.2056356138846	30.236091761793993	1.0262382410613087	135	4:06
114.99999999991338	-53026.233481543866	7461.394385887606	296.61195659999254	30.746151387993496	1.0092135836652687	135	4:06
115.99999999991105	-52854.06432095761	7403.622896119099	294.31537318277714	30.5539533950498	1.0155619871835972	135	4:05
116.99999999990872	-52903.065120246494	7786.514059732579	309.53640176411676	30.550260696021354	1.0156847411201582	135	4:04
117.9999999999064	-52688.13372333741	7602.915402606724	302.2378253717159	30.669313867257962	1.011742022025419	135	4:04
118.99999999990406	-52912.60941555066	7538.732617596253	299.6863744689196	30.192352539853047	1.027724937473283	135	4:03
119.99999999990173	-52859.84382228047	7639.105428249536	303.67648331688787	30.377193311027224	1.0214713817858807	135	4:02
120.9999999998994	-53002.3466272942	7309.04732262224	290.55572123963265	30.156588324859143	1.0289437681719829	135	4:02
121.99999999989707	-53004.13630796797	7695.858508428429	305.9325820143078	30.281888982207462	1.0246861959114757	135	4:01
122.99999999989474	-52375.88427522377	7047.575098220401	280.1614458447989	30.250148328183638	1.0257613711362237	135	4:01
123.99999999989241	-52341.926053481875	7374.302920014134	293.14981953017735	30.374401104931973	1.0215652818633998	135	4:00
124.99999999989008	-52581.56583656522	7365.9163666249515	292.8164298336616	30.361409209687494	1.022002418000122	135	3:59
125.99999999988775	-53025.53670113819	7628.317254570038	303.24762228398646	29.88829938391168	1.0381799655986572	135	3:59
126.99999999988542	-52623.51105356103	7435.863541678679	295.59703187375334	30.15945679342053	1.0288459052406094	135	3:58
127.99999999988309	-53028.14157040525	7692.026533309618	305.7802499462184	30.384243301089832	1.0212343719969756	135	3:57
128.99999999988785	-52874.14447075513	7447.985973359713	296.07893351220065	30.321220058966308	1.0233570273837336	135	3:57
129.99999999989262	-52946.787777074875	7351.05064844041	292.2254746409806	30.350178806126774	1.0223805870932101	135	3:56
130.9999999998974	-52702.766600319505	7457.764501076669	296.46765820477015	30.621540805164344	1.0133204538472689	135	3:55
131.99999999990217	-52787.83537935445	7664.1241675052715	304.67105039356517	31.01084293501877	1.0005994900303736	135	3:55
132.99999999990695	-52887.37283986292	7307.899658610624	290.51009828360066	30.684896582622155	1.0112282289315182	135	3:54
133.99999999991172	-53102.32949292284	7720.03589351644	306.8937028351011	30.42336406449285	1.0199211882162067	135	3:54
134.9999999999165	-53033.78616778724	7504.064043740738	298.30819862242305	30.618512216043186	1.0134206850825789	135	3:53
135.99999999992127	-53094.47797576021	7368.535418689404	292.9205447104658	30.457943592104066	1.0187632507874196	135	3:52
136.99999999992605	-53022.53105823111	7319.745481632395	290.98100392969144	30.31957323260945	1.0234126116530846	135	3:52
137.99999999993082	-53001.426696963055	7269.595718777814	288.9874061497031	30.777696537536404	1.0081792049755371	135	3:52
138.9999999999356	-52682.76307716424	7441.968319332956	295.839714400771	30.625766801248364	1.0131806275272421	135	3:51
139.99999999994037	-52962.511279955186	7340.04485732722	291.7879626871575	30.307456860130383	1.0238217534844098	135	3:50
140.99999999994515	-53369.69813263463	7420.031975926336	294.96768145331106	30.37684086965097	1.0214832332085204	135	3:50
141.99999999994992	-53389.448479991	7720.38573813834	306.9076101682939	30.34714648880306	1.0224827443872018	135	3:49
142.9999999999547	-53060.36983723228	7307.424280670952	290.49120063880144	30.59104015142279	1.0143307802741914	135	3:48
143.99999999995947	-52645.95951734195	7031.054249495249	279.5046944372701	30.66919740503506	1.011745863982003	135	3:48
144.99999999996425	-53127.881180327735	7371.0325566977635	293.01981315175885	30.151223056526874	1.0291268638760844	135	3:47
145.99999999996902	-53129.714304994326	7101.845148867011	282.31883695355975	30.557397915342715	1.0154475100320002	135	3:46
146.9999999999738	-53108.3380189896	7324.612922536196	291.17449875055786	30.45319671828683	1.018922049899574	135	3:46
147.99999999997857	-52893.34595088725	7492.311654187274	297.84100722629853	30.6117358671338	1.0136450203566032	135	3:45
148.99999999998334	-52880.07616085411	7641.887636031051	303.78708410422917	30.42638411711433	1.0198199531944467	135	3:44
149.99999999998812	-53045.714356891054	7584.084530916318	301.4892438857756	30.602223398930647	1.013960104195438	135	3:44
150.9999999999929	-53135.91532228116	7277.087493757832	289.2852258225826	30.04767341660801	1.0326734185363298	135	3:43
151.99999999999767	-53281.96930862914	7428.148470542382	295.29033553434346	30.232513879023365	1.0263596917662006	135	3:42
153.00000000000244	-53211.06804779879	7395.132736802925	293.9778648517098	30.3602567454981	1.022041212836348	135	3:42
154.00000000000722	-53011.28828642555	7352.558862856742	292.2854305159638	30.34714627884704	1.022482751461225	135	3:41
155.000000000012	-52906.08063369861	7419.1474498073785	294.93251898779334	30.346853871412947	1.0224926036046802	135	3:41
156.00000000001677	-52804.108946382476	7295.391385628033	290.0128583400761	30.664833427601568	1.0118898476801133	135	3:40
157.00000000002154	-53124.52554935601	7700.887601607023	306.13250297954295	30.501449821752317	1.0173101215688096	135	3:39
158.00000000002632	-52846.64184576666	7257.177050295462	288.49372824361575	30.262205605988914	1.0253526801777806	135	3:39
159.0000000000311	-52911.43452657451	7363.060481395996	292.7029001551892	30.5331148747756	1.0162550972428372	135	3:38
160.00000000003587	-53074.147630747466	7472.27254633839	297.0443948667082	30.367970744580045	1.0217815963791326	135	3:37
161.00000000004064	-53118.408050931816	7402.909148273265	294.2869996463947	30.50541740675327	1.017177808533199	135	3:37
162.00000000004542	-52939.428832062375	7190.903020726583	285.85914433536243	30.48664971376033	1.0178039869099318	135	3:36
163.0000000000502	-52548.40558155364	7361.150507909623	292.62697319790107	30.761915992456718	1.0086963904914334	135	3:35
164.00000000005497	-52861.83544534078	7260.405634145721	288.62207376770215	30.37635785553304	1.021499475801698	135	3:35
165.00000000005974	-52691.047429259634	7272.180445027825	289.0901564763366	30.66215008393171	1.0119784014250377	135	3:34
166.00000000006452	-52815.00604205544	7364.290111974643	292.7517815187742	30.467912574577856	1.0184299154147656	135	3:33
167.0000000000693	-52974.29783503036	7667.140085629246	304.7909418413875	30.36054546402613	1.0220314935697787	135	3:33
168.00000000007407	-52839.96170695149	7634.230661726855	303.4826972815329	30.25456028737925	1.025611786502671	135	3:32
169.00000000007884	-52761.47526161917	7486.395603294115	297.60582713260396	30.72134670124457	1.010028431629097	135	3:32
170.00000000008362	-52871.81455909903	7511.4766481636925	298.60287103721356	30.606138632550344	1.0138303952263767	135	3:31
171.0000000000884	-52576.706969086925	7260.919761820942	288.64251182630125	30.545736025741732	1.0158351921866422	135	3:30
172.00000000009317	-52803.70719365141	7265.773198326504	288.83544993192817	30.41439934277687	1.0202218125856555	135	3:30
173.00000000009794	-53003.631214802415	7330.251778104937	291.3986595302631	30.33000740828363	1.0230605356765303	135	3:29
174.00000000010272	-52725.79019701079	7257.989673360881	288.52603235527994	30.459171155260222	1.0187221926698122	135	3:28
175.0000000001075	-52752.947830801975	7303.531019698851	290.3364322812043	30.542244155639793	1.0159513318035616	135	3:28
176.00000000011227	-53356.18691639992	7610.2275040032255	302.5285025012048	30.108759115014152	1.0305782947633513	135	3:27
177.00000000011704	-52859.98797138955	7143.82516107461	283.9876635716164	30.314146850721563	1.0235958075611553	135	3:26
178.00000000012182	-52958.4855173573	7362.486931619338	292.68009989659623	30.092489482009338	1.0311354813214308	135	3:26
179.0000000001266	-53147.634928915446	7280.136516491275	289.4064332741542	30.202433473302758	1.0273819046276538	135	3:25
180.00000000013137	-53089.36355298234	7457.849233954321	296.47102658115244	30.3065701412088	1.0238517087751904	135	3:24
181.00000000013614	-52900.75105181814	7202.716843949185	286.32877789710125	30.421602189627436	1.0199802572124754	135	3:24
182.00000000014091	-52697.29729442057	7459.151837658317	296.52280883703315	31.25177179632519	0.992885581925325	135	3:23
183.0000000001457	-52736.38229474335	7485.212308344848	297.5587877439877	30.619754406347734	1.0133795723638832	135	3:23
184.00000000015046	-52884.42105157385	7242.190825504041	287.89798256559095	30.469553502438348	1.0183750682040233	135	3:22
185.00000000015524	-52876.26113681603	7235.745766523873	287.6417728739915	30.27304150447579	1.024985666590659	135	3:21
186.00000000016001	-53113.23656764417	7638.701819951542	303.66043872243586	30.24143071858196	1.0260570643942994	135	3:21
187.0000000001648	-53013.890722320415	7759.026957148464	308.44371012270454	30.419276691014225	1.0200582328559378	135	3:20
188.00000000016956	-53190.826837797504	7585.380989475436	301.5407818544156	30.015898513291578	1.0337666091338695	135	3:19
189.00000000017434	-53183.31429571551	7406.059797128711	294.41224702955685	30.4663199688362	1.0184831531321012	135	3:19
190.0000000001791	-52760.74434791316	7320.392888563143	291.00674022327337	30.672220317003767	1.0116461509957921	135	3:18
191.0000000001839	-52389.54330062843	7390.0351493074	293.7752210397372	30.807582219414705	1.0072011949914486	135	3:17
192.00000000018866	-52170.8512725748	7376.946251065894	293.25489956678376	30.63574937745083	1.0128504853558677	135	3:17
193.00000000019344	-52625.703022905596	7594.732596459005	301.9125352159585	30.496817771250246	1.0174646370954694	135	3:16
194.0000000001982	-52568.126328151644	7503.149084661513	298.27182635892075	30.6401458664662	1.012705153605409	135	3:15
195.000000000203	-52745.603830493055	7313.013556975899	290.71339049971056	30.15088636489792	1.0291383560224847	135	3:15
196.00000000020776	-52713.14924983034	7406.4700558634795	294.42855599806035	30.284607792241214	1.0245942043912288	135	3:14
197.00000000021254	-52904.308213851415	7396.431896066906	294.02951018116096	30.3911653519232	1.021001770313102	135	3:14
198.0000000002173	-52943.04703725997	7420.07142524176	294.9692496774297	30.62762400014664	1.0131191902461396	135	3:13
199.0000000002221	-52731.74847195466	7165.85478318526	284.8634046167161	30.79379197073986	1.0076522454810322	135	3:12
200.00000000022686	-53073.85608895632	7568.7559464023325	300.8798884209042	30.217360722563175	1.0268743822825745	135	3:12
201.00000000023164	-53150.81621720581	7452.706386870113	296.26658356993374	30.39003790682188	1.021039648628618	135	3:11
202.0000000002364	-53019.57004662123	7472.7620566005135	297.06385431210344	30.635446044124837	1.0128605139778115	135	3:10
203.0000000002412	-52885.98212019808	7491.22982431987	297.7980013674626	30.631317987782058	1.0129970130102965	135	3:10
204.00000000024596	-53062.52837683167	7406.617796790873	294.43442912622885	30.70767771410787	1.0104780281687047	135	3:09
205.00000000025074	-53188.661931061884	7508.85045536793	298.49847229573527	30.381269222576663	1.02133434251435	135	3:08
206.0000000002555	-52786.74715463034	7423.461445569626	295.104012767324	30.398971964536532	1.020739571798374	135	3:08
207.0000000002603	-52710.89226405509	7352.72926605122	292.2922045346406	30.188291267321393	1.027863198729003	135	3:07
208.00000000026506	-52865.04386957805	7353.614604164546	292.3273992792774	30.347453291936777	1.022472407410747	135	3:07
209.00000000026984	-52952.209393353696	7235.996265101065	287.6517309152454	30.63579862119455	1.0128488573078986	135	3:06
210.0000000002746	-52865.711253525515	7213.464743666516	286.7560379237965	30.625822855810775	1.013178773098808	135	3:05
211.00000000027939	-53049.089242820104	7383.383027652856	293.51078000935456	30.415411268452505	1.0201878696401572	135	3:05
212.00000000028416	-52552.589714063186	7462.371858979447	296.65081397587966	30.352707955000493	1.022295396911359	135	3:04
213.00000000028894	-52692.415142600046	7487.861743588087	297.664110439819	30.806741502189084	1.0072286815529286	135	3:03
214.0000000002937	-52615.74449481224	7666.110736771279	304.75002225411	30.52987099125713	1.016363077167202	135	3:03
215.00000000029848	-52894.18884014193	7457.168963537268	296.44398386916276	30.571443258469632	1.0149809861395824	135	3:02
216.00000000030326	-52933.05868934581	7389.803096689893	293.76599627860634	30.569429816862108	1.0150478374011394	135	3:01
217.00000000030803	-53142.88630018456	7510.121971970885	298.54901874964816	30.159365960906463	1.028849003868753	135	3:01
218.0000000003128	-52811.87643932499	7343.890985226493	291.94085736910796	30.57970126845805	1.014706891796802	135	3:00
219.00000000031758	-53030.41943155709	7596.502487471755	301.9828934907138	30.647918008763654	1.0124483371862014	135	2:59
220.00000000032236	-52714.99328059575	7462.760450968173	296.66626162870887	30.701007599564903	1.0106975650737777	135	2:59
221.00000000032713	-52910.597737420874	7581.444391355188	301.3842907201307	30.544883328834405	1.0158635504395583	135	2:58
222.0000000003319	-52779.18952655082	7555.665473794112	300.35950436233105	30.47170360310557	1.0183032110823427	135	2:58
223.00000000033668	-53116.97807422321	7423.747776902781	295.11539526402237	30.322181970204117	1.0233245634065071	135	2:57
224.00000000034146	-52955.38841562328	7506.482899405376	298.4043551146704	30.486501376399698	1.0178089392117782	135	2:56
225.00000000034623	-52882.19989022927	7550.294487167409	300.1459921460043	30.56932315552624	1.0150513790679847	135	2:56
226.000000000351	-53117.16449299973	7526.969948999197	299.21877445115234	30.686147062900563	1.0111870207291767	135	2:55
227.00000000035578	-52848.69298435998	7042.250625356492	279.94978268475813	30.821865962845173	1.0067344288498572	135	2:54
228.00000000036056	-53106.0747735069	7369.5886322402675	292.96241298814726	30.774970784840193	1.0082684998510851	135	2:54
229.00000000036533	-53299.24659053507	7416.78447501972	294.8385839216495	30.288470421538165	1.0244635398995496	135	2:53
230.0000000003701	-52929.140757384215	7514.268235108051	298.7138446733413	30.406081169247827	1.0205009140597314	135	2:52
231.00000000037488	-53400.73145548496	7602.299589316493	302.2133450165077	30.486050700798415	1.0178239854918023	135	2:52
232.00000000037966	-53089.623436438735	7287.40251442109	289.6952776578113	30.263892721763032	1.0252955200266833	135	2:51
233.00000000038443	-52979.36782048631	7432.493067408021	295.46304579603293	30.36438178466582	1.0219023672618235	135	2:51
234.0000000003892	-52969.7948496383	7176.0633427950215	285.26922431787625	29.935630915599848	1.036538488655068	135	2:50
235.00000000039398	-53383.0591450565	7390.112299163069	293.778287969115	30.182722488432074	1.0280528417568773	135	2:49
236.00000000039876	-53282.82969014294	7317.952825887622	290.9097406911508	29.927132591644696	1.0368328315842343	135	2:49
237.00000000040353	-53390.490487841394	7300.546114928638	290.21777370368255	30.28527823884193	1.0245715222254572	135	2:48
238.0000000004083	-52696.836107523675	7180.0500695448645	285.4277082098331	30.191592125904602	1.027750822043211	135	2:47
239.00000000041308	-52887.27701338139	7333.774626151046	291.5387029052303	30.556431558619675	1.0154796238777002	135	2:47
240.00000000041786	-52924.42824823741	7181.140374915705	285.47105099438664	30.755111781632746	1.0089195528374855	135	2:46
241.00000000042263	-53171.539260157675	7410.135339362295	294.5742615932683	30.4363908063381	1.0194846630675474	135	2:45
242.0000000004274	-53180.29772503505	7554.694668014535	300.32091203134485	30.395636759461887	1.0208515739198196	135	2:45
243.00000000043218	-53149.917993018316	7477.72878255559	297.2612960002439	30.281591608648597	1.0246962586117703	135	2:44
244.00000000043696	-53060.690927161486	7412.095103467051	294.6521678713074	30.393848073103314	1.0209116513170613	135	2:43
245.00000000044173	-53045.81721784404	7296.991211254739	290.07645602501464	30.5721915697141	1.0149561425923632	135	2:43
246.0000000004465	-52954.15818497524	7546.885259336371	300.0104655024359	30.63275280140659	1.0129495650409515	135	2:42
247.00000000045128	-52878.32956759882	7575.5540958313795	301.1501344766847	30.738206403471118	1.009474437737128	135	2:42
248.00000000045605	-52603.476297140674	7482.9623395687295	297.46934499288	30.668993255948912	1.01175259869911	135	2:41
249.00000000046083	-52567.55795721049	7349.073451836985	292.1468753708182	30.771700346619635	1.0083756593450797	135	2:40
250.0000000004656	-52786.39422227032	7284.060146965399	289.56240890708773	30.7979333853526	1.0075167459433916	135	2:40
251.00000000047038	-53064.256974171236	7759.86904868954	308.477185691307	30.8282824566381	1.006524890572046	135	2:39
252.00000000047515	-52576.99682903921	7348.732146569244	292.1333075015933	30.772270620791893	1.0083569720469747	135	2:38
253.00000000047993	-52895.69110473149	7507.357363018111	298.4391175665305	30.566235959169333	1.0151538994739557	135	2:38
254.0000000004847	-53110.892227229924	7451.619982128588	296.2233958466507	30.21317653707485	1.0270165928470085	135	2:37
255.00000000048948	-53047.53862265748	7433.81427133119	295.51556746429645	30.374201573755105	1.0215719926282059	135	2:36
256.00000000049425	-52826.553559557215	7377.947912411342	293.29471849554676	30.489604823575526	1.017705339434208	135	2:36
257.000000000499	-52839.85980910223	7416.98534187616	294.8465689587918	30.758423664429586	1.008810918424133	135	2:35
258.0000000005038	-52535.23679035844	7456.425072520655	296.4144120547641	30.864828356096	1.0053331017492368	135	2:35
259.0000000005086	-52847.00709520874	7524.37236321568	299.1155129209559	30.416109197956484	1.0201644603602527	135	2:34
260.00000000051335	-52996.871123090736	7282.279939890465	289.49164053909374	30.530951554098547	1.0163271056655399	135	2:33
261.0000000005181	-53149.1570954528	7654.57147636258	304.29130335647136	30.064777947897728	1.0320859073020867	135	2:33
262.0000000005229	-53037.998902978754	7659.579864041731	304.49040121835816	30.073202641776216	1.0317967792059244	135	2:32
263.0000000005277	-52843.90233186606	7592.945742953609	301.84150263317537	30.24076198531213	1.0260797542490074	135	2:31
264.00000000053245	-52874.50838700161	7344.561888355574	291.9675277043716	30.554476826419148	1.0155445895038848	135	2:31
265.0000000005372	-53041.849223072844	7519.208839781168	298.9102479651512	30.597114210833077	1.0141294179699356	135	2:30
266.000000000542	-52820.80902489292	7371.585601881721	293.04179829362613	30.607723202222473	1.0137779089670642	135	2:29
267.0000000005468	-53106.68813736868	7347.49811223902	292.0842510761762	30.400110184759388	1.0207013539624574	135	2:29
268.00000000055155	-52994.921447135304	7393.784325035604	293.92426159313334	30.563003578801375	1.0152612633829594	135	2:28
269.0000000005563	-53092.558258033125	7116.793163780351	282.9130636786766	30.643786210264047	1.0125848487938667	135	2:27
270.0000000005611	-52992.86283881127	7294.856688163683	289.99160257300525	30.70885498213643	1.0104392900432742	135	2:27
271.0000000005659	-52973.02832089714	7297.079217776145	290.0799545381823	30.46218406071668	1.0186214345085856	135	2:26
272.00000000057065	-53093.360520112095	7413.157876345347	294.69441615983766	30.400003458303587	1.0207049373777712	135	2:26
273.0000000005754	-52940.02650742835	7365.895800766333	292.8156122814389	30.51852617883994	1.0167408951650518	135	2:25
274.0000000005802	-53192.65756382281	7840.176692754955	311.6696462696182	30.373938118114353	1.0215808534780189	135	2:24
275.000000000585	-53032.97300599728	7256.797213668982	288.4786286416993	30.360617062871018	1.0220290833330492	135	2:24
276.00000000058975	-53049.70749099745	7461.093063246479	296.59997815554493	30.865494306205957	1.0053114108058485	135	2:23
277.0000000005945	-53033.30889599031	7283.39698775278	289.53604641484844	30.59077649480827	1.0143395226158436	135	2:22
278.0000000005993	-53238.535691348836	7470.338011355337	296.96749151905516	29.96959864939839	1.0353636693367825	135	2:22
279.0000000006041	-52711.00496367001	7307.782239338956	290.50543052873996	30.552622941104744	1.0156062111592246	135	2:21
280.00000000060885	-53030.73085112558	7696.403132341488	305.9542323863575	30.204434092357268	1.0273138550224743	135	2:20
281.0000000006136	-53125.39636118771	7301.529891776805	290.2568816720731	30.405486688865437	1.0205208666353907	135	2:20
282.0000000006184	-52917.050997881044	7184.897347790822	285.6204015068712	30.446477006652	1.0191469318244086	135	2:19
283.0000000006232	-52859.396099158475	7527.088289375626	299.22347882258504	30.29827413495924	1.0241320508216314	135	2:18
284.00000000062795	-52991.89891030654	7575.527552294687	301.1490792945101	30.398224290859147	1.0207646778737156	135	2:18
285.0000000006327	-52792.53350517756	7472.236593630105	297.0429656428128	30.61499437812176	1.0135371329143932	135	2:17
286.0000000006375	-53003.962324940134	7465.840898609327	296.7887183110382	30.63018729999138	1.0130344069492687	135	2:17
287.0000000006423	-52743.12514968935	7283.258270475855	289.5305320028237	30.656418797977736	1.0121675930470608	135	2:16
288.00000000064705	-52872.766800561396	7657.64104950692	304.41332774617416	30.222690167654815	1.0266933040725932	135	2:15
289.0000000006518	-52932.01928219866	7579.767242808912	301.31761922602493	30.354173002449233	1.0222460557132647	135	2:15
290.0000000006566	-52993.05926815732	7678.194559793916	305.2303890869812	30.48962383365571	1.017704704901614	135	2:14
291.0000000006614	-52858.26473797212	7540.3703699645275	299.7514798512727	30.484427345244693	1.017878186615571	135	2:13
292.00000000066615	-52901.094947221165	7455.478841368389	296.3767966361233	30.46085163296045	1.0186659913544935	135	2:13
293.0000000006709	-52929.73199932618	7678.671574433927	305.2493517953415	30.341502823950705	1.022672931075057	135	2:12
294.0000000006757	-52927.633996446326	7413.737883523232	294.71747311876214	30.339979557901422	1.0227242759664554	135	2:11
295.0000000006805	-52973.720797249116	7380.812102142021	293.40857830192516	30.222512665818048	1.026699334012899	135	2:11
296.00000000068525	-53023.2378812574	7327.829632450786	291.3023722514394	30.574243278488854	1.0148880331577397	135	2:10
297.00000000069	-53266.869201409136	7299.240122532539	290.1658567375128	30.339107409188298	1.0227536758973481	135	2:10
298.0000000006948	-53506.4214963431	7548.914082947343	300.0911170951174	30.57966154443061	1.0147082099357996	135	2:09
299.0000000006996	-53277.99201989634	7265.75847282892	288.83486455090895	30.523320266612522	1.016581202672531	135	2:08
300.00000000070435	-53201.303512286715	7555.466070826607	300.35157751899794	30.054965216955043	1.0324228759608418	135	2:08
301.0000000007091	-53152.57171950408	7422.81074771239	295.07814564991827	30.588796469406002	1.0144051812311905	135	2:07
302.0000000007139	-53257.105374500185	7805.899958152295	310.3070471640699	30.663021472055863	1.0119496428122665	135	2:06
303.00000000071867	-52944.421103431814	7471.860691456328	297.0280224467441	30.18200530440745	1.0280772703217502	135	2:06
304.00000000072345	-52842.53042843143	7372.093207208962	293.0619770700729	30.31835724285689	1.0234536580474667	135	2:05
305.0000000007282	-53091.465663355455	7708.306927310727	306.42744258463745	30.276340513714175	1.0248739807948881	135	2:04
306.000000000733	-52947.26038774545	7546.079844007423	299.9784479190943	30.166310641275263	1.0286121493337523	135	2:04
307.00000000073777	-52597.83561817801	7438.629782307611	295.7069979207064	30.707159420806327	1.0104950836047408	135	2:03
308.00000000074255	-52809.75990020341	7634.921073044057	303.510143123565	30.664291452739302	1.0119077322890457	135	2:02
309.0000000007473	-52720.94560355958	7526.459684689091	299.19848997246424	30.715608538389656	1.010217120960176	135	2:02
310.0000000007521	-53006.41872345604	7522.132074253598	299.0264549703872	30.429666072279808	1.0197099617356087	135	2:01
311.00000000075687	-52978.03291070508	7362.31310361384	292.67318973179914	30.291172642802703	1.024372149341815	135	2:01
312.00000000076164	-52905.53334447002	7517.198171290427	298.83031809088527	30.269770211995873	1.02509643809238	135	2:00
313.0000000007664	-52861.3515082259	7765.912156286962	308.7174166556166	30.10664016851326	1.0306508282728812	135	1:59
314.0000000007712	-52745.910565198195	7581.141368888606	301.3722447027165	30.52434284679301	1.0165471467128357	135	1:59
315.00000000077597	-52558.0048423945	7701.763038831603	306.16730413528325	30.605301211104898	1.0138581356269418	135	1:58
316.00000000078074	-52771.9058097137	7740.603408329858	307.71132089624336	30.55749607610739	1.0154442480793902	135	1:57
317.0000000007855	-52716.3898062314	7465.621957451617	296.7800147682672	30.19467238216541	1.027645977855333	135	1:57
318.0000000007903	-52962.18555260904	7497.346367508457	298.0411516084184	30.585722583681846	1.0145071296352721	135	1:56
319.00000000079507	-53037.47394468353	7511.782522329351	298.6150304178946	30.36764646826384	1.021792507319247	135	1:55
320.00000000079984	-53039.61190293898	7293.777466634005	289.9487004031202	30.32463584223402	1.023241755898555	135	1:55
321.0000000008046	-53242.38442768276	7410.285045702872	294.5802128522821	30.172317461034183	1.0284073693134288	135	1:54
322.0000000008094	-52892.049645680614	7448.5854782088545	296.10276555981784	30.619631624112678	1.0133836359336341	135	1:54
323.00000000081417	-52985.644791445	7362.589234196025	292.6841667192124	30.571444396626976	1.0149809483524221	135	1:53
324.00000000081894	-53233.97548993907	7429.625240264715	295.34904139200694	30.76013665130568	1.008754739224303	135	1:52
325.0000000008237	-52993.19992517901	7217.810251297018	286.92878439101736	30.304159415377477	1.023933157190504	135	1:52
326.0000000008285	-52908.53661264249	7324.882943033388	291.18523284446206	30.201249945249632	1.027422165719748	135	1:51
327.00000000083327	-52782.134957401926	7350.032856451296	292.1850144725871	30.445381281587295	1.0191836107816366	135	1:50
328.00000000083804	-53031.7177135447	7617.456091141807	302.8158596979619	30.475489270136695	1.0181767173988545	135	1:50
329.0000000008428	-52741.217736825056	7410.997784683445	294.6085462833594	30.68349630331108	1.0112743775826936	135	1:49
330.0000000008476	-52756.84133330296	7418.405924277015	294.9030412082987	30.733410224800075	1.0096319737779325	135	1:48
331.00000000085237	-52888.98715696222	7520.448249890271	298.95951809329057	30.753516083170325	1.0089719023436305	135	1:48
332.00000000085714	-52788.73097385297	7687.920820567009	305.61703601771654	30.66813910025637	1.0117807775931342	135	1:47
333.0000000008619	-52876.2275523399	7604.540898060415	302.3024435063471	30.351383063044707	1.0223400219271281	135	1:46
334.0000000008667	-53010.28125801252	7484.716767260337	297.53908855600076	30.22179497911793	1.0267237153726942	135	1:46
335.00000000087147	-52818.87012109571	7522.986247876026	299.060410836586	30.162414041290372	1.0287450329312013	135	1:45
336.00000000087624	-52658.28838754218	7317.916965586898	290.9083151407226	30.37187782536332	1.0216501529674715	135	1:45
337.000000000881	-53131.8541520678	7581.346101689831	301.38038342231914	30.017922297597963	1.0336969134161151	135	1:44
338.0000000008858	-53220.75963377819	7474.797359007118	297.14476345560576	30.199468619861662	1.0274827685472678	135	1:43
339.00000000089057	-53297.35882275019	7501.794644613711	298.21798345880063	30.2453667670374	1.025923536163195	135	1:43
340.00000000089534	-53278.41318281507	7485.019132736423	297.55110845614695	30.44224298636728	1.0192886785670645	135	1:42
341.0000000009001	-52987.387969018804	7585.117655697552	301.53031357689844	30.422640734804467	1.0199454378953086	135	1:41
342.0000000009049	-52906.54183827969	7356.745717369277	292.4518700639538	30.651106789820027	1.0123430073493271	135	1:41
343.00000000090967	-53164.71360900931	7588.692522694788	301.67242485527294	30.707202434037605	1.0104936681498868	135	1:40
344.00000000091444	-52683.71396036676	7559.029182903407	300.4932215053665	30.74904327843786	1.009118669001014	135	1:39
345.0000000009192	-52855.715709432	7414.033241262345	294.7292144411429	30.636068494046768	1.0128399351314112	135	1:39
346.000000000924	-52700.13543260985	7255.74746995582	288.43689830007855	30.40387125341635	1.0205750895194028	135	1:38
347.00000000092876	-53272.20565682513	7385.341653617578	293.5886410430432	30.07090517445408	1.0318756102011857	135	1:38
348.00000000093354	-52968.77989124108	7315.799613648791	290.8241442915901	30.466339407008544	1.0184825033181937	135	1:37
349.0000000009383	-53119.60910737683	7352.315529400192	292.2757573089302	30.095203999894697	1.0310424752827847	135	1:36
350.0000000009431	-53052.078115698416	7397.650235288279	294.07794268071325	30.19243426839316	1.027722155502872	135	1:36
351.00000000094786	-53020.661887444556	7537.529265553298	299.63853775295473	30.535877580048535	1.016163152503131	135	1:35
352.00000000095264	-52746.68213255846	7344.035930146451	291.9466193479131	30.69092216930375	1.0110296932435159	135	1:34
353.0000000009574	-52637.93775255242	7409.6124129277	294.5534737585955	30.71261211183272	1.0103156811672498	135	1:34
354.0000000009622	-52779.84792582702	7743.147312229807	307.81244841666944	30.91012094141494	1.0038599876397438	135	1:33
355.00000000096696	-52839.4222168118	7236.960609581002	287.690066390927	30.36883079732586	1.0217526592734056	135	1:32
356.00000000097174	-52778.49615552003	7621.435405296435	302.97404891787005	30.39100066494099	1.0210073030595306	135	1:32
357.0000000009765	-52901.62668810852	7550.596678672744	300.1580051303112	30.35827387502385	1.0221079681252931	135	1:31
358.0000000009813	-52515.583691658074	7277.246907531015	289.2915629800531	30.805313319902204	1.0072753782427786	135	1:30
359.00000000098606	-52551.07602891067	7575.340004816315	301.14162374107883	30.6136772453953	1.0135807396629892	135	1:30
360.00000000099084	-52512.96542576587	7709.220235031984	306.4637492018955	30.80397465008511	1.0073191521116274	135	1:29
361.0000000009956	-52772.90742537301	7515.077371179319	298.74601016692634	31.116786846250054	0.9971927300691463	135	1:29
362.0000000010004	-52871.42587219755	7368.808323746765	292.9313934739601	30.677504968809355	1.0114718800547908	135	1:28
363.00000000100516	-52770.34268812896	7436.183374174326	295.609746138328	30.44734014008872	1.0191180406375353	135	1:27
364.00000000100994	-52810.56040278415	7310.421179449051	290.6103360127452	30.20385063009324	1.0273337001367633	135	1:27
365.0000000010147	-52731.325743250316	7385.343037810817	293.5886960687185	30.189027451161017	1.027838133453963	135	1:26
366.0000000010195	-52871.49167863111	7408.201565856017	294.4973885165143	30.548921839345255	1.0157292551721964	135	1:25
367.00000000102426	-52948.36887276935	7607.10298089257	302.40429369178355	30.292641381563122	1.024322482656699	135	1:25
368.00000000102904	-52701.22011827948	7388.394761910402	293.710010907389	30.464828998799177	1.0185329984099	135	1:24
369.0000000010338	-52747.81495654484	7436.998762452814	295.6421601751906	30.417314427504543	1.0201240382396728	135	1:23
370.0000000010386	-53030.26623834256	7480.764772332605	297.38198535419104	30.188549006513284	1.027854423195268	135	1:23
371.00000000104336	-53023.905691270455	7689.520522934559	305.680628802748	30.545907650895924	1.0158294846177762	135	1:22
372.00000000104814	-52878.849941537745	7500.89667898945	298.1822867341676	30.4860967921548	1.017822446662861	135	1:22
373.0000000010529	-52997.218253108265	7471.073360304388	296.9967237616202	30.2097221833349	1.0271340278431653	135	1:21
374.0000000010577	-53017.54393039868	7255.161212867023	288.41359288916135	30.47881440630552	1.018065637742535	135	1:20
375.00000000106246	-52671.13180819052	7355.707830297008	292.41061105802083	30.775711858778067	1.008244220916091	135	1:20
376.00000000106724	-52804.84362170863	7120.200824677779	283.0485280321127	30.435500455931713	1.0195144867461616	135	1:19
377.000000001072	-52696.24816207675	7268.726074515972	288.9528352809471	30.61275880804102	1.0136111488926416	135	1:18
378.0000000010768	-52820.722212377936	7306.154196029658	290.4407111094966	30.404637493844316	1.0205493695648888	135	1:18
379.00000000108156	-52872.67704057804	7347.17861499421	292.0715501387897	30.34670164497443	1.0224977326763427	135	1:17
380.00000000108633	-52776.990853569994	7509.464155372987	298.52286864176006	30.397883563872675	1.0207761195279301	135	1:16
381.0000000010911	-52850.71467507549	7519.059405912556	298.90430753768436	30.75168540047952	1.0090319675847081	135	1:16
382.0000000010959	-53045.071186169866	7534.235118179612	299.50758588962935	30.228885689737243	1.0264828794773055	135	1:15
383.00000000110066	-52993.28629285752	7497.770605420657	298.0580162895616	30.50433179245749	1.0172140087285617	135	1:14
384.00000000110543	-52675.507183010486	7351.19070754269	292.231042394435	30.591131277779336	1.0143277587361024	135	1:14
385.0000000011102	-53062.3145007024	7594.28531723179	301.89475457605806	30.556475448405326	1.0154781652938036	135	1:13
386.000000001115	-52868.304430738965	7384.574427183865	293.55814157848073	30.4173778379049	1.0201219116108087	135	1:13
387.00000000111976	-52675.659841598215	7501.148347913622	298.19229130009103	30.434765604486678	1.0195391030584264	135	1:12
388.00000000112453	-52692.052960074565	7539.5479609075155	299.7187867182053	30.189840933613233	1.0278104377702688	135	1:11
389.0000000011293	-52487.981638755795	7567.56299458359	300.8324651438615	29.878037860074883	1.0385365254408316	135	1:11
390.0000000011341	-52712.43175613115	7335.152721490889	291.5934861714661	30.38782034066844	1.0211141594997741	135	1:10
391.00000000113886	-52532.93208893397	7474.998275283395	297.1527504573292	30.433425083881	1.0195840113516002	135	1:09
392.00000000114363	-53151.40397764114	7314.518062468663	290.7731989342799	30.324004598379716	1.0232630563527143	135	1:09
393.0000000011484	-52970.809839384805	7405.346722008362	294.3839002359536	30.049679339577498	1.0326044839128747	135	1:08
394.0000000011532	-53042.569955378625	7607.100327337379	302.4041882053079	29.83338813804665	1.0400908365691064	135	1:07
395.00000000115796	-53005.12248163778	7481.879115642871	297.42628371619793	30.367082258595858	1.0218114918633137	135	1:07
396.00000000116273	-52751.60143941178	7479.0935168603355	297.31554812678144	30.459387467840237	1.0187149580389108	135	1:06
397.0000000011675	-53050.05524393133	7823.788549181031	311.0181702747697	30.600745865596288	1.0140090624744371	135	1:06
398.0000000011723	-52870.88034783356	7683.048194304589	305.42333506388263	30.42797254635183	1.019766715607612	135	1:05
399.00000000117706	-52792.578772390465	7542.154926416955	299.8224211195722	30.326590331918432	1.0231758099601993	135	1:04
400.00000000118183	-52878.38425523488	7666.087660595061	304.74910490951925	30.413059903067865	1.020266744782946	135	1:04
401.0000000011866	-52606.60709998137	7260.801236856725	288.63780011697133	30.571620548906832	1.0149751000786031	135	1:03
402.0000000011914	-52835.78177529428	7465.857063222427	296.78936090105174	30.3303113307377	1.0230502841804192	135	1:02
403.00000000119616	-53004.19146436485	7526.061017891617	299.18264181691654	30.121409501511067	1.030145472596001	135	1:02
404.00000000120093	-53090.68836780946	7743.97834281414	307.8454842803252	30.238780410341533	1.0261469941949068	135	1:01
405.0000000012057	-52637.15003995638	7553.38753910497	300.26894988548537	30.80197359507941	1.0073845927570277	135	1:00
406.0000000012105	-52415.1698503684	7542.433621539534	299.83350005486597	30.388585282063858	1.0210884560166142	135	1:00
407.00000000121526	-52659.22596335155	7754.6692464598655	308.2704785487126	30.5365919141891	1.0161393816765023	135	0:59
408.00000000122003	-52612.47655521706	7588.062776906806	301.64739064307696	30.60148688179201	1.013984508205528	135	0:58
409.0000000012248	-52817.725684276316	7748.50142133804	308.02528970293713	30.90867080180437	1.0039070856576715	135	0:58
410.0000000012296	-52558.13658379612	7613.72330947605	302.6674708558529	30.56850666808882	1.0150784911774622	135	0:57
411.00000000123435	-52688.33432767645	7294.964840765842	289.9959019510141	30.34397364162667	1.0225896579222171	135	0:57
412.00000000123913	-53074.12266603517	7364.574496584713	292.7630866276128	30.357546588891513	1.0221324551156628	135	0:56
413.0000000012439	-52751.37244235445	7271.6205804500105	289.06790024388613	30.54212851896577	1.0159551783341958	135	0:55
414.0000000012487	-52889.03972663442	7284.009937163836	289.5604129225959	30.351010824052622	1.0223525603833112	135	0:55
415.00000000125345	-52584.648078821774	7242.088441582606	287.8939125092864	30.200986865893288	1.0274311155452371	135	0:54
416.00000000125823	-52480.17777193608	7533.91941882892	299.4950359294928	30.48226249023629	1.0179504764822087	135	0:53
417.000000001263	-52735.118148530455	7464.090581152732	296.7191381416192	30.44658485923522	1.0191433216451462	135	0:53
418.0000000012678	-52728.24296227013	7467.7072416901665	296.8629108338114	30.17483854769341	1.0283214465968935	135	0:52
419.00000000127255	-52766.13552190224	7458.777605999854	296.5079320487684	30.392978831534695	1.0209408494700338	135	0:51
420.00000000127733	-52849.186326150666	7326.33212875661	291.24284215856756	30.032470167116692	1.0331961857791738	135	0:51
421.0000000012821	-52977.06362457288	7423.831789520449	295.11873500799203	30.053901813404853	1.032459406397336	135	0:50
422.0000000012869	-53127.85176568283	7582.8638701227255	301.4407190970287	30.329715678515022	1.023070376098924	135	0:49
423.00000000129165	-52920.0923926369	7539.8658479356445	299.73142364483255	30.363018522248733	1.0219482494289802	135	0:49
424.0000000012964	-52698.75726257189	7421.527996564038	295.0271525904088	30.25141405633587	1.0257184529756875	135	0:48
425.0000000013012	-52411.672948186286	7429.902266987352	295.3600540035889	30.573669995642064	1.0149070631891657	135	0:48
426.000000001306	-52752.57312243772	7404.37694754953	294.3453489029428	30.219869998275428	1.0267891168281853	135	0:47
427.00000000131075	-52817.06469686353	7419.741079151376	294.95611746712734	30.667452016447037	1.0118034458666676	135	0:46
428.0000000013155	-52858.597353400226	7310.100702268384	290.59759612008077	30.369254842679148	1.0217383925595986	135	0:46
429.0000000013203	-52863.03145458433	7559.472729756884	300.5108537726411	30.61943730318025	1.0133900671965959	135	0:45
430.0000000013251	-53009.513334350544	7573.917211985746	301.0850636206127	30.58072152179988	1.0146730385047338	135	0:44
431.00000000132985	-53010.064422463474	7492.560772508254	297.8509103983853	30.539008272102294	1.0160589810160112	135	0:44
432.0000000013346	-52974.78903687946	7467.199314346359	296.842719256277	30.637540308044844	1.012791278745182	135	0:43
433.0000000013394	-53007.30646732423	7402.29716738973	294.2626716404109	30.610790050330536	1.0136763401131732	135	0:42
434.0000000013442	-52797.51611044331	7502.717865833397	298.2546841662265	30.57395360914381	1.0148976485956256	135	0:42
435.00000000134895	-52663.08514983478	7480.892781102758	297.38707407217237	30.529999312224643	1.016358805280653	135	0:41
436.0000000013537	-53096.5642885837	7519.67642770529	298.9288359343542	30.323643593397033	1.0232752383670822	135	0:41
437.0000000013585	-52843.15144941927	7321.145270819154	291.03664958893944	30.261987760361492	1.0253600613385858	135	0:40
438.0000000013633	-52846.508658618346	7303.125148577168	290.32029773298126	30.54529324345955	1.0158499176574745	135	0:39
439.00000000136805	-52945.12632742504	7179.291695616753	285.39756065791204	30.100856243590815	1.030848869383863	135	0:39
440.0000000013728	-52840.63517175443	7400.2725471502135	294.18218714387353	30.74829283010103	1.0091432977318187	135	0:38
441.0000000013776	-53238.08021408226	7423.380244846376	295.10078480427103	30.270983264449644	1.0250553592896625	135	0:37
442.0000000013824	-53134.5008006632	7313.260911740339	290.7232235653362	30.636970182558056	1.012810125847796	135	0:37
443.00000000138715	-53010.577965376666	7514.962172988492	298.741430706438	30.788795483621268	1.00781576995107	135	0:36
444.0000000013919	-52992.17246677008	7375.446055516176	293.1952624648868	30.73918962211476	1.0094421488544454	135	0:35
445.0000000013967	-52956.29942923182	7303.8221888559565	290.3480070953642	30.245695825506566	1.0259123746137884	135	0:35
446.0000000014015	-52916.21542625016	7617.517851566765	302.81831485306293	30.297906212335317	1.0241444873691847	135	0:34
447.00000000140625	-52953.860930889816	7557.86607632206	300.44698466262827	29.95900660349476	1.0357297235140022	135	0:33
448.000000001411	-53086.443806577154	7501.08809994106	298.1898962693369	30.33393032446448	1.022928229025646	135	0:33
449.0000000014158	-53214.901768750075	7721.90243417584	306.96790321219214	30.06305349476159	1.0321451089989442	135	0:32
450.0000000014206	-52795.96200047844	7309.216729518129	290.56245565256575	30.098902781231097	1.030915772967676	135	0:32
451.00000000142535	-53040.64331827263	7305.910043009561	290.4310053224473	30.162195277566283	1.0287524943275776	135	0:31
452.0000000014301	-52787.045093536086	7278.50852495857	289.3417159131798	30.081767379031714	1.0315030109507677	135	0:30
453.0000000014349	-52717.28617694703	7321.419810034935	291.0475633149463	30.601355775900036	1.0139888524360376	135	0:30
454.0000000014397	-52960.40062235255	7429.302298055327	295.336203507338	31.0258699297381	1.0001148620961076	135	0:29
455.00000000144445	-52928.996384196595	7482.161618998282	297.43751403973545	30.52476076925837	1.0165332289005742	135	0:28
456.0000000014492	-53404.57366021373	7541.910045768315	299.81268640718866	30.37964652752592	1.0213888959529902	135	0:28
457.000000001454	-53085.53684577314	7247.505679679289	288.1092633550029	30.559100391266462	1.0153909385061528	135	0:27
458.0000000014588	-53281.97103626857	7325.574692912351	291.2127318981865	30.338296326874527	1.0227810188110344	135	0:26
459.00000000146355	-53225.19397770756	7345.890119625652	292.02032872995204	29.838554336014298	1.0399107569611754	135	0:26
460.0000000014683	-52834.19534599679	7334.732857000524	291.5767953464603	30.170430289112677	1.0284716965866112	135	0:25
461.0000000014731	-52939.781836423615	7300.160084283094	290.2024278716356	30.368432063619174	1.0217660747577575	135	0:25
462.0000000014779	-53059.847377542785	7537.575044689285	299.64035760570533	30.132597052234576	1.0297630029168265	135	0:24
463.00000000148265	-53016.078080357256	7307.038349853714	290.4758587752177	30.24169995932042	1.0260479294461287	135	0:23
464.0000000014874	-53034.39973902886	7407.012490640744	294.4501193456454	30.614946969447804	1.0135387024239377	135	0:23
465.0000000014922	-53204.388729733735	7383.842383801435	293.529040741727	30.119291465086395	1.0302179140621688	135	0:22
466.00000000149697	-53180.00686060745	7199.847864880215	286.2147277007062	30.34629597421901	1.022511401475592	135	0:21
467.00000000150175	-53071.97590654195	7434.129727380383	295.5281077524964	30.337627192298402	1.0228035775345348	135	0:21
468.0000000015065	-53166.549340924335	7545.647875162708	299.96127591107614	30.604303334677272	1.0138911932372863	135	0:20
469.0000000015113	-53062.93469630889	7142.482240969061	283.93427862244147	30.407721219110417	1.0204458730268366	135	0:19
470.00000000151607	-53383.26361880865	7586.950557154776	301.60317669863747	30.37939990557644	1.0213971876546526	135	0:19
471.00000000152085	-53060.96941670563	7158.073738392466	284.5540856340943	30.347957766476753	1.0224554108371606	135	0:18
472.0000000015256	-53193.796507635154	7224.452429987223	287.1928301598772	30.519405564218093	1.0167115988186766	135	0:17
473.0000000015304	-53197.860562948685	7161.717477180823	284.69893476489455	30.843418338643787	1.0060309556322733	135	0:17
474.00000000153517	-53031.97617650547	7525.532201988656	299.16161985888215	30.301596198456398	1.024019771861803	135	0:16
475.00000000153995	-52678.571329007886	7255.928528423663	288.44409589661734	30.378483773086707	1.0214279902172663	135	0:16
476.0000000015447	-52971.55821885285	7581.683991705316	301.39381552541215	30.492833031929997	1.0175975972353868	135	0:15
477.0000000015495	-52621.685814889905	7460.822907248704	296.58923867510157	30.508516667159522	1.0170744767671058	135	0:14
478.00000000155427	-52427.430127213884	7419.958164315715	294.9647472288064	30.884121380327265	1.0047050794832417	135	0:14
479.00000000155904	-52932.07057540535	7499.606678311828	298.1310054849512	30.719613111574272	1.0100854302263589	135	0:13
480.0000000015638	-52724.11446334206	7554.157082685501	300.29954146331994	30.667656014281643	1.0117967154627558	135	0:12
481.0000000015686	-52904.211176007	7700.303659811398	306.10928960821	30.533721012928957	1.0162349231216508	135	0:12
482.00000000157337	-52967.26995025258	7548.951614059259	300.0926090651117	30.52749241162945	1.0164422680970393	135	0:11
483.00000000157814	-53095.03732962976	7600.838485763685	302.15526193428735	30.15308396133286	1.0290633510649436	135	0:10
484.0000000015829	-53108.79712474282	7364.321657386537	292.75303553992086	30.057660282392682	1.0323303056415325	135	0:10
485.0000000015877	-53105.202274816285	7466.647868509967	296.8207976930903	29.947283107767806	1.0361351817635602	135	0:09
486.00000000159247	-53349.511535902566	7707.45075285936	306.39340717971487	29.95708164029591	1.035796276779292	135	0:08
487.00000000159724	-52480.784763559815	7483.863388247686	297.50516427783333	30.473268123984592	1.0182509306171024	135	0:08
488.000000001602	-52617.555303794536	7379.713187260428	293.36489326447656	30.18543045966772	1.0279606139011928	135	0:07
489.0000000016068	-53106.73378647928	7658.442093904264	304.44517157237226	30.394638765465444	1.0208850931121314	135	0:07
490.00000000161157	-52793.23938262413	7481.428030270036	297.4083517710265	30.598278307932034	1.0140908358934688	135	0:06
491.00000000161634	-52560.51999228253	7397.662237412189	294.0784197997707	30.51869982688533	1.0167351100211854	135	0:05
492.0000000016211	-52415.83474351445	7144.5737215837835	284.0174210118181	30.656019919595565	1.0121807627857635	135	0:05
493.0000000016259	-52738.55777371599	7191.007317857937	285.8632904472818	31.048610199199313	0.9993823693593854	135	0:04
494.00000000163067	-53001.96348257875	7309.398045532412	290.56966348731856	30.52796609032418	1.0164264967533017	135	0:03
495.00000000163544	-53186.87676312486	7030.7783980052245	279.4937285445755	30.176582262728473	1.0282620263632933	135	0:03
496.0000000016402	-53248.202393703774	7450.463159686318	296.1774088165737	30.361284839068613	1.0220066044854403	135	0:02
497.000000001645	-53096.18629028546	7406.174169607503	294.4167936656092	30.34073426037306	1.0226988364852534	135	0:01
498.00000000164977	-52800.11998642032	7284.819041782735	289.5925771658585	30.521106893804635	1.016654924546342	135	0:01
499.00000000165454	-53042.04381576745	7469.527740183081	296.9352809019306	30.596814888003358	1.0141393390054485	135	0:00
500.0000000016593	-53115.688470194844	7529.720964317301	299.3281352480675	30.45857375891138	1.01874217328096	135	0:00
