    -44.945         0.00000     0.00000     0.00000     0.00000
    -44.795         0.00000     0.00000     0.00000     0.00000
    -44.645         0.00000     0.00000     0.00000     0.00000
    -44.495         0.00000     0.00000     0.00000     0.00000
    -44.345         0.00000     0.00000     0.00000     0.00000
    -44.195         0.00000     0.00000     0.00000     0.00000
    -44.045         0.00000     0.00000     0.00000     0.00000
    -43.895         0.00000     0.00000     0.00000     0.00000
    -43.745         0.00000     0.00000     0.00000     0.00000
    -43.595         0.00000     0.00000     0.00000     0.00000
    -43.445         0.00000     0.00000     0.00000     0.00000
    -43.295         0.00000     0.00000     0.00000     0.00000
    -43.145         0.00000     0.00000     0.00000     0.00000
    -42.995         0.00000     0.00000     0.00000     0.00000
    -42.845         0.00000     0.00000     0.00000     0.00000
    -42.695         0.00000     0.00000     0.00000     0.00000
    -42.545         0.00000     0.00000     0.00000     0.00000
    -42.395         0.00000     0.00000     0.00000     0.00000
    -42.245         0.00000     0.00000     0.00000     0.00000
    -42.095         0.00000     0.00000     0.00000     0.00000
    -41.945         0.00000     0.00000     0.00000     0.00000
    -41.795         0.00000     0.00000     0.00000     0.00000
    -41.645         0.00000     0.00000     0.00000     0.00000
    -41.495         0.00000     0.00000     0.00000     0.00000
    -41.345         0.00000     0.00000     0.00000     0.00000
    -41.195         0.00000     0.00000     0.00000     0.00000
    -41.045         0.00000     0.00000     0.00000     0.00000
    -40.895         0.00000     0.00000     0.00000     0.00000
    -40.745         0.00000     0.00000     0.00000     0.00000
    -40.595         0.00000     0.00000     0.00000     0.00000
    -40.445         0.00000     0.00000     0.00000     0.00000
    -40.295         0.00000     0.00000     0.00000     0.00000
    -40.145         0.00000     0.00000     0.00000     0.00000
    -39.995         0.00000     0.00000     0.00000     0.00000
    -39.845         0.00000     0.00000     0.00000     0.00000
    -39.695         0.00000     0.00000     0.00000     0.00000
    -39.545         0.00000     0.00000     0.00000     0.00000
    -39.395         0.00000     0.00000     0.00000     0.00000
    -39.245         0.00000     0.00000     0.00000     0.00000
    -39.095         0.00000     0.00000     0.00000     0.00000
    -38.945         0.00000     0.00000     0.00000     0.00000
    -38.795         0.00000     0.00000     0.00000     0.00000
    -38.645         0.00000     0.00000     0.00000     0.00000
    -38.495         0.00000     0.00000     0.00000     0.00000
    -38.345         0.00000     0.00000     0.00000     0.00000
    -38.195         0.00000     0.00000     0.00000     0.00000
    -38.045         0.00000     0.00000     0.00000     0.00000
    -37.895         0.00000     0.00000     0.00000     0.00000
    -37.745         0.00000     0.00000     0.00000     0.00000
    -37.595         0.00000     0.00000     0.00000     0.00000
    -37.445         0.00000     0.00000     0.00000     0.00000
    -37.295         0.00000     0.00000     0.00000     0.00000
    -37.145         0.00000     0.00000     0.00000     0.00000
    -36.995         0.00000     0.00000     0.00000     0.00000
    -36.845         0.00000     0.00000     0.00000     0.00000
    -36.695         0.00000     0.00000     0.00000     0.00000
    -36.545         0.00000     0.00000     0.00000     0.00000
    -36.395         0.00000     0.00000     0.00000     0.00000
    -36.245         0.00000     0.00000     0.00000     0.00000
    -36.095         0.00000     0.00000     0.00000     0.00000
    -35.945         0.00000     0.00000     0.00000     0.00000
    -35.795         0.00000     0.00000     0.00000     0.00000
    -35.645         0.00000     0.00000     0.00000     0.00000
    -35.495         0.00000     0.00000     0.00000     0.00000
    -35.345         0.00000     0.00000     0.00000     0.00000
    -35.195         0.00000     0.00000     0.00000     0.00000
    -35.045         0.00000     0.00000     0.00000     0.00000
    -34.895         0.00000     0.00000     0.00000     0.00000
    -34.745         0.00000     0.00000     0.00000     0.00000
    -34.595         0.00000     0.00000     0.00000     0.00000
    -34.445         0.00000     0.00000     0.00000     0.00000
    -34.295         0.00000     0.00000     0.00000     0.00000
    -34.145         0.00000     0.00000     0.00000     0.00000
    -33.995         0.00000     0.00000     0.00000     0.00000
    -33.845         0.00000     0.00000     0.00000     0.00000
    -33.695         0.00000     0.00000     0.00000     0.00000
    -33.545         0.00000     0.00000     0.00000     0.00000
    -33.395         0.00000     0.00000     0.00000     0.00000
    -33.245         0.00000     0.00000     0.00000     0.00000
    -33.095         0.00000     0.00000     0.00000     0.00000
    -32.945         0.00000     0.00000     0.00000     0.00000
    -32.795         0.00000     0.00000     0.00000     0.00000
    -32.645         0.00000     0.00000     0.00000     0.00000
    -32.495         0.00000     0.00000     0.00000     0.00000
    -32.345         0.00000     0.00000     0.00000     0.00000
    -32.195         0.00000     0.00000     0.00000     0.00000
    -32.045         0.00000     0.00000     0.00000     0.00000
    -31.895         0.00000     0.00000     0.00000     0.00000
    -31.745         0.00000     0.00000     0.00000     0.00000
    -31.595         0.00000     0.00000     0.00000     0.00000
    -31.445         0.00000     0.00000     0.00000     0.00000
    -31.295         0.00000     0.00000     0.00000     0.00000
    -31.145         0.00000     0.00000     0.00000     0.00000
    -30.995         0.00000     0.00000     0.00000     0.00000
    -30.845         0.00000     0.00000     0.00000     0.00000
    -30.695         0.00000     0.00000     0.00000     0.00000
    -30.545         0.00000     0.00000     0.00000     0.00000
    -30.395         0.00000     0.00000     0.00000     0.00000
    -30.245         0.00000     0.00000     0.00000     0.00000
    -30.095         0.00000     0.00000     0.00000     0.00000
    -29.945         0.00000     0.00000     0.00000     0.00000
    -29.795         0.00000     0.00000     0.00000     0.00000
    -29.645         0.00000     0.00000     0.00000     0.00000
    -29.495         0.00000     0.00000     0.00000     0.00000
    -29.345         0.00000     0.00000     0.00000     0.00000
    -29.195         0.00000     0.00000     0.00000     0.00000
    -29.045         0.00000     0.00000     0.00000     0.00000
    -28.895         0.00000     0.00000     0.00000     0.00000
    -28.745         0.00000     0.00000     0.00000     0.00000
    -28.595         0.00000     0.00000     0.00000     0.00000
    -28.445         0.00000     0.00000     0.00000     0.00000
    -28.295         0.00000     0.00000     0.00000     0.00000
    -28.145         0.00000     0.00000     0.00000     0.00000
    -27.995         0.00000     0.00000     0.00000     0.00000
    -27.845         0.00000     0.00000     0.00000     0.00000
    -27.695         0.00000     0.00000     0.00000     0.00000
    -27.545         0.00000     0.00000     0.00000     0.00000
    -27.395         0.00000     0.00000     0.00000     0.00000
    -27.245         0.00000     0.00000     0.00000     0.00000
    -27.095        -0.00000    -0.00000     0.00000     0.00000
    -26.945        -0.00000    -0.00000     0.00000     0.00000
    -26.795        -0.00000    -0.00000     0.00000     0.00000
    -26.645        -0.00000    -0.00000     0.00000     0.00000
    -26.495        -0.00000    -0.00000     0.00000     0.00000
    -26.345        -0.00000    -0.00000     0.00000     0.00000
    -26.195        -0.00000    -0.00000     0.00000     0.00000
    -26.045        -0.00000    -0.00000     0.00000     0.00000
    -25.895        -0.00000    -0.00000     0.00000     0.00000
    -25.745        -0.00000    -0.00000     0.00000     0.00000
    -25.595        -0.00000    -0.00000     0.00000     0.00000
    -25.445        -0.00000    -0.00000     0.00000     0.00000
    -25.295        -0.00000    -0.00000     0.00000     0.00000
    -25.145        -0.00000    -0.00000     0.00000     0.00000
    -24.995        -0.00000    -0.00000     0.00000     0.00000
    -24.845        -0.00000    -0.00000     0.00000     0.00000
    -24.695        -0.00000    -0.00000     0.00000     0.00000
    -24.545        -0.00000    -0.00000     0.00000     0.00000
    -24.395        -0.00001    -0.00001     0.00000     0.00000
    -24.245        -0.00001    -0.00001     0.00000     0.00000
    -24.095        -0.00001    -0.00001     0.00000     0.00000
    -23.945        -0.00001    -0.00001     0.00000     0.00000
    -23.795        -0.00001    -0.00001     0.00000     0.00000
    -23.645        -0.00002    -0.00002     0.00000     0.00000
    -23.495        -0.00002    -0.00002     0.00000     0.00000
    -23.345        -0.00003    -0.00003     0.00000     0.00000
    -23.195        -0.00003    -0.00003     0.00000     0.00000
    -23.045        -0.00004    -0.00004     0.00000     0.00000
    -22.895        -0.00005    -0.00005     0.00000     0.00000
    -22.745        -0.00006    -0.00006     0.00000     0.00000
    -22.595        -0.00007    -0.00007     0.00000     0.00000
    -22.445        -0.00008    -0.00008     0.00000     0.00000
    -22.295        -0.00009    -0.00009     0.00000     0.00000
    -22.145        -0.00011    -0.00011     0.00000     0.00000
    -21.995        -0.00012    -0.00012     0.00000     0.00000
    -21.845        -0.00014    -0.00014     0.00000     0.00000
    -21.695        -0.00016    -0.00016     0.00000     0.00000
    -21.545        -0.00019    -0.00019     0.00000     0.00000
    -21.395        -0.00021    -0.00021     0.00000     0.00000
    -21.245        -0.00024    -0.00024     0.00000     0.00000
    -21.095        -0.00028    -0.00028     0.00000     0.00000
    -20.945        -0.00031    -0.00031     0.00000     0.00000
    -20.795        -0.00035    -0.00035     0.00000     0.00000
    -20.645        -0.00040    -0.00040     0.00000     0.00000
    -20.495        -0.00046    -0.00046     0.00000     0.00000
    -20.345        -0.00052    -0.00052     0.00000     0.00000
    -20.195        -0.00060    -0.00060     0.00000     0.00000
    -20.045        -0.00068    -0.00068     0.00000     0.00000
    -19.895        -0.00077    -0.00077     0.00000     0.00000
    -19.745        -0.00087    -0.00087     0.00000     0.00000
    -19.595        -0.00099    -0.00099     0.00000     0.00000
    -19.445        -0.00112    -0.00112     0.00000     0.00000
    -19.295        -0.00126    -0.00126     0.00000     0.00000
    -19.145        -0.00142    -0.00142     0.00000     0.00000
    -18.995        -0.00157    -0.00157     0.00000     0.00000
    -18.845        -0.00174    -0.00174     0.00000     0.00000
    -18.695        -0.00192    -0.00192     0.00000     0.00000
    -18.545        -0.00211    -0.00211     0.00000     0.00000
    -18.395        -0.00232    -0.00232     0.00000     0.00000
    -18.245        -0.00253    -0.00253     0.00000     0.00000
    -18.095        -0.00275    -0.00275     0.00000     0.00000
    -17.945        -0.00299    -0.00299     0.00000     0.00000
    -17.795        -0.00323    -0.00323     0.00000     0.00000
    -17.645        -0.00349    -0.00349     0.00000     0.00000
    -17.495        -0.00375    -0.00375     0.00000     0.00000
    -17.345        -0.00406    -0.00406     0.00000     0.00000
    -17.195        -0.00436    -0.00436     0.00000     0.00000
    -17.045        -0.00468    -0.00468    -0.00000     0.00000
    -16.895        -0.00504    -0.00503    -0.00000     0.00000
    -16.745        -0.00786    -0.00786    -0.00000     0.00000
    -16.595        -0.00822    -0.00822    -0.00000     0.00000
    -16.445        -0.00861    -0.00861     0.00000     0.00000
    -16.295        -0.00901    -0.00901     0.00000     0.00000
    -16.145        -0.01109    -0.01110     0.00000     0.00000
    -15.995        -0.01154    -0.01154     0.00000     0.00000
    -15.845        -0.01365    -0.01366     0.00001     0.00000
    -15.695        -0.01411    -0.01412     0.00002     0.00000
    -15.545        -0.01458    -0.01460     0.00002     0.00000
    -15.395        -0.01511    -0.01514     0.00003     0.00000
    -15.245        -0.01733    -0.01739     0.00006     0.00000
    -15.095        -0.01788    -0.01796     0.00008     0.00000
    -14.945        -0.02130    -0.02140     0.00010     0.00000
    -14.795        -0.02474    -0.02486     0.00013     0.00000
    -14.645        -0.02706    -0.02722     0.00016     0.00000
    -14.495        -0.02938    -0.02957     0.00019     0.00000
    -14.345        -0.03297    -0.03318     0.00021     0.00000
    -14.195        -0.03536    -0.03561     0.00025     0.00000
    -14.045        -0.03606    -0.03634     0.00028     0.00000
    -13.895        -0.03972    -0.04004     0.00032     0.00000
    -13.745        -0.04213    -0.04250     0.00037     0.00000
    -13.595        -0.04582    -0.04624     0.00043     0.00000
    -13.445        -0.04657    -0.04704     0.00047     0.00000
    -13.295        -0.05132    -0.05184     0.00052     0.00000
    -13.145        -0.05763    -0.05820     0.00057     0.00000
    -12.995        -0.06456    -0.06519     0.00062     0.00000
    -12.845        -0.07154    -0.07220     0.00066     0.00000
    -12.695        -0.07525    -0.07598     0.00073     0.00000
    -12.545        -0.08309    -0.08240    -0.00070     0.00000
    -12.395        -0.08831    -0.08619    -0.00212     0.00000
    -12.245        -0.09468    -0.09262    -0.00206     0.00000
    -12.095        -0.09551    -0.09351    -0.00200     0.00000
    -11.945        -0.10112    -0.09918    -0.00194     0.00000
    -11.795        -0.10356    -0.10167    -0.00189     0.00000
    -11.645        -0.11111    -0.10931    -0.00180     0.00000
    -11.495        -0.11502    -0.11181    -0.00320     0.00000
    -11.345        -0.11969    -0.11658    -0.00311     0.00000
    -11.195        -0.12603    -0.12300    -0.00304     0.00000
    -11.045        -0.13303    -0.13006    -0.00296     0.00000
    -10.895        -0.14062    -0.13773    -0.00289     0.00000
    -10.745        -0.15199    -0.14917    -0.00282     0.00000
    -10.595        -0.15974    -0.15554    -0.00420     0.00000
    -10.445        -0.16786    -0.16376    -0.00410     0.00000
    -10.295        -0.17800    -0.17255    -0.00545     0.00000
    -10.145        -0.18341    -0.17807    -0.00534     0.00000
    -9.9950        -0.19487    -0.18963    -0.00524     0.00000
    -9.8450        -0.20351    -0.19839    -0.00513     0.00000
    -9.6950        -0.21510    -0.20767    -0.00743     0.00000
    -9.5450        -0.22756    -0.21645    -0.01112     0.00000
    -9.3950        -0.24082    -0.22665    -0.01418     0.00000
    -9.2450        -0.24966    -0.23424    -0.01542     0.00000
    -9.0950        -0.26166    -0.24397    -0.01768     0.00000
    -8.9450        -0.27653    -0.25456    -0.02197     0.00000
    -8.7950        -0.29334    -0.26763    -0.02571     0.00000
    -8.6450        -0.31217    -0.28214    -0.03003     0.00000
    -8.4950        -0.32918    -0.29615    -0.03303     0.00000
    -8.3450        -0.34906    -0.30991    -0.03915     0.00000
    -8.1950        -0.36900    -0.32406    -0.04494     0.00000
    -8.0450        -0.38986    -0.33765    -0.05221     0.00000
    -7.8950        -0.41327    -0.35244    -0.06013    -0.00070
    -7.7450        -0.43587    -0.36389    -0.06984    -0.00214
    -7.5950        -0.46581    -0.37980    -0.08017    -0.00585
    -7.4450        -0.49976    -0.39528    -0.09087    -0.01362
    -7.2950        -0.54275    -0.41509    -0.10115    -0.02652
    -7.1450        -0.59443    -0.43290    -0.11309    -0.04844
    -6.9950        -0.65830    -0.45116    -0.12904    -0.07811
    -6.8450        -0.73523    -0.47138    -0.14221    -0.12163
    -6.6950        -0.82416    -0.49263    -0.15709    -0.17445
    -6.5450        -0.93642    -0.51380    -0.17472    -0.24789
    -6.3950        -1.06013    -0.53719    -0.19216    -0.33078
    -6.2450        -1.20403    -0.56137    -0.21227    -0.43039
    -6.0950        -1.37685    -0.58678    -0.23121    -0.55886
    -5.9450        -1.59075    -0.61309    -0.25488    -0.72278
    -5.7950        -1.86116    -0.63966    -0.27746    -0.94403
    -5.6450        -2.20846    -0.67074    -0.29975    -1.23797
    -5.4950        -2.62716    -0.70047    -0.32333    -1.60336
    -5.3450        -3.10341    -0.73282    -0.34624    -2.02435
    -5.1950        -3.61455    -0.76410    -0.37010    -2.48035
    -5.0450        -4.17431    -0.79847    -0.39555    -2.98030
    -4.8950        -4.74901    -0.83348    -0.42244    -3.49308
    -4.7450        -5.35211    -0.87042    -0.44904    -4.03264
    -4.5950        -5.97939    -0.90875    -0.47720    -4.59344
    -4.4450        -6.63159    -0.94904    -0.51005    -5.17250
    -4.2950        -7.28840    -0.99022    -0.54364    -5.75454
    -4.1450        -7.95270    -1.03269    -0.57538    -6.34463
    -3.9950        -8.63103    -1.07899    -0.60851    -6.94353
    -3.8450        -9.32552    -1.12741    -0.64460    -7.55351
    -3.6950       -10.01788    -1.17724    -0.68546    -8.15517
    -3.5450       -10.74315    -1.23134    -0.72847    -8.78334
    -3.3950       -11.50129    -1.28628    -0.77500    -9.44000
    -3.2450       -12.29153    -1.34752    -0.82084   -10.12318
    -3.0950       -13.12145    -1.41163    -0.87079   -10.83903
    -2.9450       -13.97779    -1.48222    -0.92184   -11.57374
    -2.7950       -14.87832    -1.55345    -0.97399   -12.35089
    -2.6450       -15.84294    -1.63191    -1.03447   -13.17656
    -2.4950       -16.89158    -1.71467    -1.09811   -14.07880
    -2.3450       -18.01210    -1.79898    -1.16541   -15.04770
    -2.1950       -19.20828    -1.89109    -1.24204   -16.07515
    -2.0450       -20.50451    -1.98628    -1.32798   -17.19026
    -1.8950       -21.89266    -2.08748    -1.42271   -18.38247
    -1.7450       -23.38294    -2.18899    -1.52728   -19.66667
    -1.5950       -24.99987    -2.29849    -1.64281   -21.05857
    -1.4450       -26.75648    -2.41984    -1.76944   -22.56720
    -1.2950       -28.70630    -2.55671    -1.91271   -24.23688
    -1.1450       -30.87287    -2.70634    -2.07474   -26.09178
   -0.99500       -33.34207    -2.87403    -2.27411   -28.19393
   -0.84500       -36.18820    -3.05953    -2.51259   -30.61609
   -0.69500       -39.52844    -3.27236    -2.78829   -33.46779
   -0.54500       -43.51648    -3.49990    -3.08855   -36.92803
   -0.39500       -48.65149    -3.70875    -3.36877   -41.57397
   -0.25300       -53.12813    -3.81550    -3.50896   -45.80368
   -0.21500       -53.45766    -3.82089    -3.51624   -46.12053
   -0.20900       -53.79752    -3.82645    -3.52333   -46.44773
   -0.20300       -54.14873    -3.83162    -3.53029   -46.78682
   -0.19700       -54.50927    -3.83680    -3.53714   -47.13533
   -0.19100       -54.87971    -3.84195    -3.54396   -47.49380
   -0.18500       -55.26294    -3.84697    -3.55068   -47.86528
   -0.17900       -55.65794    -3.85178    -3.55707   -48.24909
   -0.17300       -56.06429    -3.85626    -3.56305   -48.64498
   -0.16700       -56.48653    -3.86091    -3.56921   -49.05642
   -0.16100       -56.92097    -3.86525    -3.57506   -49.48066
   -0.15500       -57.37117    -3.86966    -3.58079   -49.92072
   -0.14900       -57.83777    -3.87395    -3.58614   -50.37768
   -0.14300       -58.32009    -3.87799    -3.59133   -50.85078
   -0.13700       -58.82161    -3.88193    -3.59613   -51.34355
   -0.13100       -59.34077    -3.88550    -3.60090   -51.85438
   -0.12500       -59.88002    -3.88920    -3.60515   -52.38567
   -0.11900       -60.44081    -3.89261    -3.60941   -52.93879
   -0.11300       -61.02235    -3.89585    -3.61354   -53.51295
   -0.10700       -61.63091    -3.89898    -3.61737   -54.11455
   -0.10100       -62.26479    -3.90203    -3.62101   -54.74175
   -0.95000E-01   -62.92540    -3.90481    -3.62444   -55.39615
   -0.89000E-01   -63.61327    -3.90737    -3.62765   -56.07825
   -0.83000E-01   -64.33249    -3.90984    -3.63069   -56.79196
   -0.77000E-01   -65.08444    -3.91207    -3.63342   -57.53895
   -0.71000E-01   -65.87286    -3.91424    -3.63588   -58.32274
   -0.65000E-01   -66.70039    -3.91617    -3.63815   -59.14607
   -0.59000E-01   -67.57630    -3.91801    -3.64015   -60.01814
   -0.53000E-01   -68.50565    -3.91957    -3.64204   -60.94404
   -0.47000E-01   -69.48807    -3.92104    -3.64370   -61.92333
   -0.41000E-01   -70.51345    -3.92231    -3.64511   -62.94604
   -0.35000E-01   -71.55945    -3.92338    -3.64633   -63.98975
   -0.29000E-01   -72.58966    -3.92425    -3.64733   -65.01808
   -0.23000E-01   -73.51832    -3.92495    -3.64812   -65.94525
   -0.19700E-01   -73.60214    -3.92501    -3.64820   -66.02893
   -0.19100E-01   -73.68409    -3.92506    -3.64827   -66.11076
   -0.18500E-01   -73.76400    -3.92512    -3.64833   -66.19055
   -0.17900E-01   -73.84174    -3.92518    -3.64839   -66.26817
   -0.17300E-01   -73.91770    -3.92523    -3.64845   -66.34402
   -0.16700E-01   -73.99128    -3.92528    -3.64851   -66.41749
   -0.16100E-01   -74.06290    -3.92533    -3.64856   -66.48901
   -0.15500E-01   -74.13185    -3.92537    -3.64861   -66.55786
   -0.14900E-01   -74.19872    -3.92542    -3.64867   -66.62463
   -0.14300E-01   -74.26322    -3.92546    -3.64871   -66.68905
   -0.13700E-01   -74.32528    -3.92551    -3.64876   -66.75101
   -0.13100E-01   -74.38527    -3.92555    -3.64880   -66.81092
   -0.12500E-01   -74.44252    -3.92558    -3.64885   -66.86809
   -0.11900E-01   -74.49723    -3.92562    -3.64889   -66.92272
   -0.11300E-01   -74.54956    -3.92566    -3.64892   -66.97498
   -0.10700E-01   -74.59933    -3.92569    -3.64896   -67.02468
   -0.10100E-01   -74.64647    -3.92572    -3.64899   -67.07176
   -0.95000E-02   -74.69089    -3.92575    -3.64902   -67.11612
   -0.89000E-02   -74.73272    -3.92578    -3.64906   -67.15789
   -0.83000E-02   -74.77182    -3.92580    -3.64908   -67.19693
   -0.77000E-02   -74.80823    -3.92583    -3.64911   -67.23330
   -0.71000E-02   -74.84192    -3.92585    -3.64913   -67.26693
   -0.65000E-02   -74.87275    -3.92587    -3.64915   -67.29773
   -0.59000E-02   -74.90085    -3.92589    -3.64917   -67.32579
   -0.53000E-02   -74.92609    -3.92591    -3.64919   -67.35099
   -0.47000E-02   -74.94854    -3.92592    -3.64920   -67.37341
   -0.41000E-02   -74.96814    -3.92593    -3.64922   -67.39299
   -0.35000E-02   -74.98495    -3.92595    -3.64923   -67.40977
   -0.29000E-02   -74.99887    -3.92596    -3.64924   -67.42367
   -0.23000E-02   -75.00994    -3.92596    -3.64925   -67.43473
   -0.17000E-02   -75.01814    -3.92597    -3.64925   -67.44291
   -0.11000E-02   -75.02343    -3.92597    -3.64926   -67.44819
   -0.50000E-03   -75.02583    -3.92597    -3.64926   -67.45059
    0.10000E-03   -75.02535    -3.92597    -3.64926   -67.45011
    0.70000E-03   -75.02197    -3.92597    -3.64926   -67.44674
    0.13000E-02   -75.01572    -3.92597    -3.64926   -67.44050
    0.19000E-02   -75.00659    -3.92596    -3.64925   -67.43138
    0.25000E-02   -74.99461    -3.92596    -3.64924   -67.41941
    0.31000E-02   -74.97976    -3.92595    -3.64923   -67.40458
    0.37000E-02   -74.96200    -3.92593    -3.64922   -67.38685
    0.43000E-02   -74.94146    -3.92592    -3.64921   -67.36633
    0.49000E-02   -74.91810    -3.92591    -3.64919   -67.34301
    0.55000E-02   -74.89191    -3.92589    -3.64917   -67.31685
    0.61000E-02   -74.86300    -3.92587    -3.64915   -67.28798
    0.67000E-02   -74.83124    -3.92585    -3.64913   -67.25626
    0.73000E-02   -74.79676    -3.92584    -3.64910   -67.22182
    0.79000E-02   -74.75950    -3.92581    -3.64908   -67.18461
    0.85000E-02   -74.71956    -3.92579    -3.64905   -67.14473
    0.91000E-02   -74.67694    -3.92576    -3.64902   -67.10216
    0.97000E-02   -74.63179    -3.92573    -3.64899   -67.05707
    0.10300E-01   -74.58411    -3.92570    -3.64895   -67.00946
    0.10900E-01   -74.53380    -3.92566    -3.64891   -66.95922
    0.11500E-01   -74.48072    -3.92563    -3.64887   -66.90622
    0.12100E-01   -74.42504    -3.92559    -3.64883   -66.85062
    0.12700E-01   -74.36710    -3.92555    -3.64879   -66.79277
    0.13300E-01   -74.30683    -3.92550    -3.64874   -66.73259
    0.13900E-01   -74.24416    -3.92546    -3.64869   -66.67001
    0.14500E-01   -74.17906    -3.92541    -3.64864   -66.60500
    0.15100E-01   -74.11168    -3.92537    -3.64859   -66.53773
    0.15700E-01   -74.04209    -3.92532    -3.64854   -66.46823
    0.16300E-01   -73.97027    -3.92526    -3.64848   -66.39653
    0.16900E-01   -73.89622    -3.92521    -3.64843   -66.32259
    0.17500E-01   -73.82020    -3.92516    -3.64838   -66.24666
    0.18100E-01   -73.74215    -3.92510    -3.64831   -66.16874
    0.18700E-01   -73.66246    -3.92504    -3.64825   -66.08917
    0.19300E-01   -73.58062    -3.92498    -3.64819   -66.00744
    0.20200E-01   -73.24585    -3.92473    -3.64792   -65.67320
    0.25000E-01   -72.28489    -3.92393    -3.64710   -64.71386
    0.31000E-01   -71.25854    -3.92296    -3.64609   -63.68950
    0.37000E-01   -70.23293    -3.92185    -3.64488   -62.66620
    0.43000E-01   -69.23726    -3.92056    -3.64347   -61.67322
    0.49000E-01   -68.28693    -3.91905    -3.64187   -60.72600
    0.55000E-01   -67.38731    -3.91728    -3.64009   -59.82994
    0.61000E-01   -66.53895    -3.91544    -3.63811   -58.98541
    0.67000E-01   -65.73540    -3.91332    -3.63596   -58.18612
    0.73000E-01   -64.97264    -3.91107    -3.63364   -57.42793
    0.79000E-01   -64.24663    -3.90864    -3.63115   -56.70684
    0.85000E-01   -63.55402    -3.90609    -3.62849   -56.01944
    0.91000E-01   -62.89213    -3.90322    -3.62571   -55.36320
    0.97000E-01   -62.25932    -3.90019    -3.62264   -54.73649
    0.10300       -61.65539    -3.89695    -3.61933   -54.13912
    0.10900       -61.07543    -3.89347    -3.61598   -53.56599
    0.11500       -60.51970    -3.88994    -3.61247   -53.01729
    0.12100       -59.98814    -3.88616    -3.60868   -52.49330
    0.12700       -59.47809    -3.88221    -3.60495   -51.99093
    0.13300       -58.98926    -3.87809    -3.60092   -51.51025
    0.13900       -58.51946    -3.87399    -3.59678   -51.04869
    0.14500       -58.07165    -3.86961    -3.59231   -50.60973
    0.15100       -57.63979    -3.86506    -3.58784   -50.18690
    0.15700       -57.22515    -3.86012    -3.58304   -49.78200
    0.16300       -56.82763    -3.85527    -3.57822   -49.39413
    0.16900       -56.44600    -3.84995    -3.57308   -49.02296
    0.17500       -56.07656    -3.84451    -3.56809   -48.66396
    0.18100       -55.72230    -3.83885    -3.56256   -48.32089
    0.18700       -55.38103    -3.83317    -3.55720   -47.99067
    0.19300       -55.05270    -3.82732    -3.55166   -47.67372
    0.19900       -54.73574    -3.82155    -3.54580   -47.36839
    0.20500       -54.43007    -3.81524    -3.54011   -47.07472
    0.21100       -54.13385    -3.80877    -3.53426   -46.79082
    0.21700       -53.84781    -3.80199    -3.52815   -46.51766
    0.29500       -48.51584    -3.58586    -3.34730   -41.58267
    0.44500       -45.29628    -3.30657    -3.13271   -38.85699
    0.59500       -43.01381    -3.01792    -2.91949   -37.07640
    0.74500       -41.27305    -2.74240    -2.73078   -35.79987
    0.89500       -39.88286    -2.50284    -2.56901   -34.81102
     1.0450       -38.73646    -2.29667    -2.42352   -34.01628
     1.1950       -37.76344    -2.11290    -2.28881   -33.36172
     1.3450       -36.93980    -1.95461    -2.16461   -32.82057
     1.4950       -36.23707    -1.81173    -2.05068   -32.37466
     1.6450       -35.63109    -1.67977    -1.94754   -32.00379
     1.7950       -35.09514    -1.55894    -1.85005   -31.68616
     1.9450       -34.61657    -1.44709    -1.75860   -31.41088
     2.0950       -34.18506    -1.34113    -1.67377   -31.17017
     2.2450       -33.79780    -1.24394    -1.59589   -30.95797
     2.3950       -33.44718    -1.15285    -1.52295   -30.77138
     2.5450       -33.12163    -1.06865    -1.45678   -30.59620
     2.6950       -32.83520    -0.99308    -1.39355   -30.44857
     2.8450       -32.57500    -0.92231    -1.33355   -30.31913
     2.9950       -32.33180    -0.85791    -1.27693   -30.19696
     3.1450       -32.10819    -0.79889    -1.22261   -30.08669
     3.2950       -31.90066    -0.74822    -1.17151   -29.98093
     3.4450       -31.70858    -0.69988    -1.12140   -29.88731
     3.5950       -31.52505    -0.65161    -1.07385   -29.79958
     3.7450       -31.35337    -0.60912    -1.02978   -29.71446
     3.8950       -31.19267    -0.56800    -0.98683   -29.63784
     4.0450       -31.04017    -0.52994    -0.94624   -29.56399
     4.1950       -30.89544    -0.49559    -0.90548   -29.49437
     4.3450       -30.75778    -0.46528    -0.86758   -29.42491
     4.4950       -30.63464    -0.44217    -0.83152   -29.36096
     4.6450       -30.51411    -0.41972    -0.79588   -29.29851
     4.7950       -30.40592    -0.40273    -0.76429   -29.23890
     4.9450       -30.30345    -0.38819    -0.73480   -29.18046
     5.0950       -30.20500    -0.37632    -0.70402   -29.12466
     5.2450       -30.11345    -0.36623    -0.67655   -29.07066
     5.3950       -30.02500    -0.35743    -0.64921   -29.01836
     5.5450       -29.94922    -0.35308    -0.62860   -28.96754
     5.6950       -29.86891    -0.34562    -0.60510   -28.91818
     5.8450       -29.79323    -0.33966    -0.58347   -28.87010
     5.9950       -29.72220    -0.33789    -0.56111   -28.82320
     6.1450       -29.65689    -0.33545    -0.54381   -28.77763
     6.2950       -29.59838    -0.33309    -0.53222   -28.73306
     6.4450       -29.53929    -0.32985    -0.51989   -28.68955
     6.5950       -29.47997    -0.32855    -0.50445   -28.64697
     6.7450       -29.42350    -0.32638    -0.49202   -28.60510
     6.8950       -29.37013    -0.32314    -0.48249   -28.56450
     7.0450       -29.31678    -0.32203    -0.46998   -28.52477
     7.1950       -29.26901    -0.32096    -0.46218   -28.48587
     7.3450       -29.22202    -0.31880    -0.45537   -28.44785
     7.4950       -29.17293    -0.31666    -0.44575   -28.41053
     7.6450       -29.13070    -0.31573    -0.44107   -28.37390
     7.7950       -29.08817    -0.31484    -0.43527   -28.33807
     7.9450       -29.04636    -0.31399    -0.42948   -28.30289
     8.0950       -29.00133    -0.31322    -0.41975   -28.26836
     8.2450       -28.96215    -0.31248    -0.41512   -28.23454
     8.3950       -28.92358    -0.31178    -0.41054   -28.20125
     8.5450       -28.88818    -0.31110    -0.40855   -28.16854
     8.6950       -28.85094    -0.31047    -0.40398   -28.13650
     8.8450       -28.81690    -0.30985    -0.40213   -28.10492
     8.9950       -28.78343    -0.30924    -0.40033   -28.07386
     9.1450       -28.74915    -0.30867    -0.39720   -28.04328
     9.2950       -28.71696    -0.30814    -0.39555   -28.01327
     9.4450       -28.68530    -0.30762    -0.39393   -27.98375
     9.5950       -28.65416    -0.30716    -0.39236   -27.95464
     9.7450       -28.62354    -0.30669    -0.39086   -27.92599
     9.8950       -28.59350    -0.30627    -0.38940   -27.89782
     10.045       -28.56385    -0.30586    -0.38800   -27.86999
     10.195       -28.53470    -0.30549    -0.38665   -27.84257
     10.345       -28.50610    -0.30513    -0.38533   -27.81564
     10.495       -28.47788    -0.30478    -0.38405   -27.78904
     10.645       -28.44832    -0.30443    -0.38110   -27.76279
     10.795       -28.42089    -0.30412    -0.37991   -27.73686
     10.945       -28.39391    -0.30381    -0.37875   -27.71135
     11.095       -28.36740    -0.30352    -0.37763   -27.68626
     11.245       -28.34122    -0.30325    -0.37653   -27.66144
     11.395       -28.31359    -0.30300    -0.37359   -27.63701
     11.545       -28.28817    -0.30275    -0.37257   -27.61285
     11.695       -28.26114    -0.30250    -0.36964   -27.58900
     11.845       -28.23640    -0.30227    -0.36868   -27.56544
     11.995       -28.21208    -0.30206    -0.36776   -27.54226
     12.145       -28.18802    -0.30184    -0.36687   -27.51931
     12.295       -28.16428    -0.30164    -0.36600   -27.49664
     12.445       -28.14085    -0.30144    -0.36516   -27.47425
     12.595       -28.11780    -0.30126    -0.36435   -27.45218
     12.745       -28.09500    -0.30110    -0.36356   -27.43034
     12.895       -28.07245    -0.30093    -0.36279   -27.40874
     13.045       -28.05017    -0.30079    -0.36204   -27.38734
     13.195       -28.02817    -0.30062    -0.36133   -27.36622
     13.345       -28.00418    -0.30046    -0.35839   -27.34534
     13.495       -27.98267    -0.30030    -0.35769   -27.32468
     13.645       -27.95920    -0.30016    -0.35479   -27.30425
     13.795       -27.93822    -0.30003    -0.35414   -27.28405
     13.945       -27.91753    -0.29990    -0.35351   -27.26412
     14.095       -27.89701    -0.29975    -0.35289   -27.24437
     14.245       -27.87676    -0.29964    -0.35229   -27.22483
     14.395       -27.85665    -0.29953    -0.35171   -27.20541
     14.545       -27.83685    -0.29942    -0.35114   -27.18630
     14.695       -27.81729    -0.29931    -0.35058   -27.16740
     14.845       -27.79785    -0.29920    -0.35004   -27.14861
     14.995       -27.77863    -0.29909    -0.34952   -27.13003
     15.145       -27.75963    -0.29899    -0.34901   -27.11163
     15.295       -27.74080    -0.29889    -0.34851   -27.09341
     15.445       -27.72220    -0.29880    -0.34801   -27.07538
     15.595       -27.70379    -0.29872    -0.34754   -27.05754
     15.745       -27.68554    -0.29862    -0.34706   -27.03987
     15.895       -27.66751    -0.29853    -0.34661   -27.02236
     16.045       -27.64960    -0.29845    -0.34616   -27.00499
     16.195       -27.63195    -0.29837    -0.34572   -26.98785
     16.345       -27.61436    -0.29830    -0.34530   -26.97077
     16.495       -27.59707    -0.29823    -0.34487   -26.95397
     16.645       -27.57987    -0.29816    -0.34447   -26.93724
     16.795       -27.56285    -0.29809    -0.34407   -26.92068
     16.945       -27.54604    -0.29802    -0.34368   -26.90434
     17.095       -27.52933    -0.29797    -0.34331   -26.88806
     17.245       -27.51276    -0.29790    -0.34293   -26.87193
     17.395       -27.49639    -0.29785    -0.34255   -26.85598
     17.545       -27.48011    -0.29780    -0.34219   -26.84012
     17.695       -27.46402    -0.29774    -0.34183   -26.82444
     17.845       -27.44805    -0.29769    -0.34148   -26.80888
     17.995       -27.43223    -0.29763    -0.34115   -26.79346
     18.145       -27.41652    -0.29757    -0.34081   -26.77815
     18.295       -27.40092    -0.29752    -0.34047   -26.76293
     18.445       -27.38551    -0.29748    -0.34014   -26.74789
     18.595       -27.37016    -0.29743    -0.33982   -26.73290
     18.745       -27.35501    -0.29738    -0.33951   -26.71812
     18.895       -27.33992    -0.29733    -0.33920   -26.70340
     19.045       -27.32495    -0.29729    -0.33889   -26.68878
     19.195       -27.31017    -0.29725    -0.33859   -26.67434
     19.345       -27.29546    -0.29720    -0.33830   -26.65997
     19.495       -27.28090    -0.29717    -0.33800   -26.64573
     19.645       -27.26647    -0.29713    -0.33772   -26.63162
     19.795       -27.25214    -0.29709    -0.33744   -26.61761
     19.945       -27.23792    -0.29705    -0.33716   -26.60371
     20.095       -27.22380    -0.29701    -0.33688   -26.58991
     20.245       -27.20981    -0.29697    -0.33662   -26.57623
     20.395       -27.19590    -0.29694    -0.33635   -26.56261
     20.545       -27.18212    -0.29690    -0.33609   -26.54913
     20.695       -27.16843    -0.29687    -0.33583   -26.53573
     20.845       -27.15482    -0.29682    -0.33558   -26.52242
     20.995       -27.14129    -0.29679    -0.33532   -26.50918
     21.145       -27.12789    -0.29676    -0.33508   -26.49605
     21.295       -27.11463    -0.29672    -0.33483   -26.48308
     21.445       -27.10145    -0.29669    -0.33459   -26.47016
     21.595       -27.08838    -0.29666    -0.33436   -26.45736
     21.745       -27.07539    -0.29664    -0.33412   -26.44463
     21.895       -27.06249    -0.29661    -0.33388   -26.43200
     22.045       -27.04970    -0.29659    -0.33366   -26.41945
     22.195       -27.03693    -0.29656    -0.33343   -26.40694
     22.345       -27.02430    -0.29653    -0.33321   -26.39456
     22.495       -27.01178    -0.29650    -0.33299   -26.38229
     22.645       -26.99931    -0.29648    -0.33277   -26.37005
     22.795       -26.98693    -0.29646    -0.33256   -26.35791
     22.945       -26.97467    -0.29643    -0.33234   -26.34589
     23.095       -26.96247    -0.29640    -0.33213   -26.33394
     23.245       -26.95038    -0.29639    -0.33192   -26.32207
     23.395       -26.93836    -0.29638    -0.33172   -26.31026
     23.545       -26.92639    -0.29637    -0.33151   -26.29851
     23.695       -26.91451    -0.29635    -0.33131   -26.28685
     23.845       -26.90269    -0.29633    -0.33111   -26.27525
     23.995       -26.89094    -0.29632    -0.33091   -26.26372
     24.145       -26.87930    -0.29628    -0.33072   -26.25230
     24.295       -26.86775    -0.29626    -0.33053   -26.24096
     24.445       -26.85620    -0.29624    -0.33034   -26.22963
     24.595       -26.84477    -0.29622    -0.33015   -26.21840
     24.745       -26.83341    -0.29621    -0.32996   -26.20724
     24.895       -26.82210    -0.29618    -0.32978   -26.19614
     25.045       -26.81089    -0.29615    -0.32959   -26.18515
     25.195       -26.79974    -0.29614    -0.32941   -26.17419
     25.345       -26.78868    -0.29613    -0.32922   -26.16332
     25.495       -26.77765    -0.29612    -0.32905   -26.15249
     25.645       -26.76671    -0.29610    -0.32887   -26.14174
     25.795       -26.75583    -0.29608    -0.32869   -26.13106
     25.945       -26.74501    -0.29607    -0.32852   -26.12043
     26.095       -26.73424    -0.29605    -0.32834   -26.10985
     26.245       -26.72360    -0.29604    -0.32817   -26.09939
     26.395       -26.71293    -0.29602    -0.32800   -26.08891
     26.545       -26.70235    -0.29601    -0.32783   -26.07851
     26.695       -26.69191    -0.29599    -0.32767   -26.06825
     26.845       -26.68151    -0.29597    -0.32750   -26.05803
     26.995       -26.67111    -0.29595    -0.32733   -26.04782
     27.145       -26.66081    -0.29594    -0.32717   -26.03771
     27.295       -26.65052    -0.29592    -0.32700   -26.02760
     27.445       -26.64030    -0.29590    -0.32684   -26.01756
     27.595       -26.63018    -0.29589    -0.32669   -26.00760
     27.745       -26.62014    -0.29588    -0.32653   -25.99773
     27.895       -26.61012    -0.29587    -0.32638   -25.98787
     28.045       -26.60015    -0.29587    -0.32622   -25.97805
     28.195       -26.59021    -0.29587    -0.32607   -25.96827
     28.345       -26.58037    -0.29585    -0.32592   -25.95860
     28.495       -26.57056    -0.29583    -0.32577   -25.94895
     28.645       -26.56077    -0.29581    -0.32562   -25.93934
     28.795       -26.55108    -0.29580    -0.32547   -25.92981
     28.945       -26.54145    -0.29579    -0.32533   -25.92033
     29.095       -26.53183    -0.29578    -0.32518   -25.91087
     29.245       -26.52227    -0.29577    -0.32504   -25.90147
     29.395       -26.51277    -0.29577    -0.32490   -25.89210
     29.545       -26.50332    -0.29575    -0.32475   -25.88282
     29.695       -26.49392    -0.29574    -0.32461   -25.87357
     29.845       -26.48456    -0.29572    -0.32446   -25.86437
     29.995       -26.47526    -0.29572    -0.32433   -25.85521
     30.145       -26.46601    -0.29571    -0.32419   -25.84611
     35.794       -25.85587    -0.29530    -0.31564   -25.24493
     49.810       -25.25483    -0.29508    -0.30790   -24.65185
     69.316       -24.66486    -0.29516    -0.30071   -24.06899
     96.460       -24.08681    -0.29543    -0.29392   -23.49746
     134.23       -23.52220    -0.29578    -0.28748   -22.93894
     186.80       -22.97132    -0.29610    -0.28128   -22.39394
     259.95       -22.43529    -0.29649    -0.27534   -21.86347
     361.74       -21.91397    -0.29692    -0.26964   -21.34741
     503.40       -21.40803    -0.29736    -0.26414   -20.84654
     700.53       -20.91693    -0.29776    -0.25887   -20.36030
     974.85       -20.44034    -0.29815    -0.25377   -19.88841
     1356.6       -19.97855    -0.29851    -0.24888   -19.43117
     1887.8       -19.53072    -0.29884    -0.24415   -18.98774
     2627.1       -19.09633    -0.29911    -0.23959   -18.55763
     3655.9       -18.67534    -0.29942    -0.23522   -18.14071
     5087.5       -18.26660    -0.29969    -0.23097   -17.73594
     7079.7       -17.87030    -0.29990    -0.22687   -17.34353
     9852.1       -17.48622    -0.30010    -0.22290   -16.96323
     13710.       -17.11491    -0.30032    -0.21904   -16.59555
     19079.       -16.75583    -0.30050    -0.21532   -16.24002
     26550.       -16.40913    -0.30067    -0.21174   -15.89673
     36947.       -16.07486    -0.30082    -0.20826   -15.56579
     51416.       -15.75391    -0.30095    -0.20490   -15.24806
     71550.       -15.44713    -0.30108    -0.20167   -14.94438
     99568.       -15.15403    -0.30125    -0.19858   -14.65420
    0.13856E+06   -14.87300    -0.30138    -0.19563   -14.37598
    0.19282E+06   -14.60457    -0.30150    -0.19280   -14.11027
    0.26832E+06   -14.34834    -0.30166    -0.19009   -13.85659
    0.37340E+06   -14.10376    -0.30184    -0.18751   -13.61442
    0.51962E+06   -13.87006    -0.30199    -0.18503   -13.38304
    0.72310E+06   -13.64682    -0.30218    -0.18268   -13.16197
    0.10063E+07   -13.43354    -0.30232    -0.18042   -12.95080
    0.14003E+07   -13.23043    -0.30249    -0.17827   -12.74967
    0.19487E+07   -13.03683    -0.30264    -0.17620   -12.55798
    0.27118E+07   -12.85263    -0.30278    -0.17425   -12.37560
    0.37737E+07   -12.67729    -0.30300    -0.17239   -12.20190
    0.52514E+07   -12.51021    -0.30315    -0.17060   -12.03646
    0.73079E+07   -12.35112    -0.30331    -0.16891   -11.87891
    0.10170E+08   -12.19967    -0.30349    -0.16728   -11.72889
    0.14152E+08   -12.05577    -0.30368    -0.16575   -11.58634
    0.19694E+08   -11.91882    -0.30383    -0.16429   -11.45069
    0.27406E+08   -11.78857    -0.30401    -0.16291   -11.32165
    0.38138E+08   -11.66465    -0.30418    -0.16158   -11.19890
    0.53073E+08   -11.54728    -0.30436    -0.16031   -11.08261
    0.73856E+08   -11.43646    -0.30454    -0.15912   -10.97281
    0.10278E+09   -11.33220    -0.30471    -0.15796   -10.86953
    0.14302E+09   -11.23487    -0.30486    -0.15689   -10.77311
    0.19903E+09   -11.14478    -0.30501    -0.15589   -10.68388
    0.27697E+09   -11.06165    -0.30514    -0.15492   -10.60159
    0.38543E+09   -10.98466    -0.30524    -0.15404   -10.52538
    0.53637E+09   -10.91329    -0.30534    -0.15323   -10.45472
    0.74641E+09   -10.84786    -0.30544    -0.15248   -10.38994
    0.10387E+10   -10.78825    -0.30551    -0.15179   -10.33095
    0.14454E+10   -10.73349    -0.30559    -0.15114   -10.27677
    0.20115E+10   -10.68319    -0.30563    -0.15055   -10.22700
    0.27992E+10   -10.63687    -0.30568    -0.15001   -10.18118
    0.38953E+10   -10.59424    -0.30575    -0.14951   -10.13897
    0.54207E+10   -10.55501    -0.30580    -0.14906   -10.10014
    0.75434E+10   -10.51881    -0.30584    -0.14864   -10.06433
    0.10497E+11   -10.48554    -0.30589    -0.14826   -10.03139
    0.14608E+11   -10.45482    -0.30593    -0.14790   -10.00099
    0.20329E+11   -10.42660    -0.30596    -0.14758    -9.97306
    0.28289E+11   -10.40056    -0.30600    -0.14728    -9.94729
    0.39367E+11   -10.37660    -0.30602    -0.14700    -9.92358
    0.54783E+11   -10.35456    -0.30604    -0.14675    -9.90177
    0.10000E+12   -10.09802    -0.30631    -0.14377    -9.64794
