    -44.945         0.00000     0.00000     0.00000     0.00000
    -44.795         0.00000     0.00000     0.00000     0.00000
    -44.645         0.00000     0.00000     0.00000     0.00000
    -44.495         0.00000     0.00000     0.00000     0.00000
    -44.345         0.00000     0.00000     0.00000     0.00000
    -44.195         0.00000     0.00000     0.00000     0.00000
    -44.045         0.00000     0.00000     0.00000     0.00000
    -43.895         0.00000     0.00000     0.00000     0.00000
    -43.745         0.00000     0.00000     0.00000     0.00000
    -43.595         0.00000     0.00000     0.00000     0.00000
    -43.445         0.00000     0.00000     0.00000     0.00000
    -43.295         0.00000     0.00000     0.00000     0.00000
    -43.145         0.00000     0.00000     0.00000     0.00000
    -42.995         0.00000     0.00000     0.00000     0.00000
    -42.845         0.00000     0.00000     0.00000     0.00000
    -42.695         0.00000     0.00000     0.00000     0.00000
    -42.545         0.00000     0.00000     0.00000     0.00000
    -42.395         0.00000     0.00000     0.00000     0.00000
    -42.245         0.00000     0.00000     0.00000     0.00000
    -42.095         0.00000     0.00000     0.00000     0.00000
    -41.945         0.00000     0.00000     0.00000     0.00000
    -41.795         0.00000     0.00000     0.00000     0.00000
    -41.645         0.00000     0.00000     0.00000     0.00000
    -41.495         0.00000     0.00000     0.00000     0.00000
    -41.345         0.00000     0.00000     0.00000     0.00000
    -41.195         0.00000     0.00000     0.00000     0.00000
    -41.045         0.00000     0.00000     0.00000     0.00000
    -40.895         0.00000     0.00000     0.00000     0.00000
    -40.745         0.00000     0.00000     0.00000     0.00000
    -40.595         0.00000     0.00000     0.00000     0.00000
    -40.445         0.00000     0.00000     0.00000     0.00000
    -40.295         0.00000     0.00000     0.00000     0.00000
    -40.145         0.00000     0.00000     0.00000     0.00000
    -39.995         0.00000     0.00000     0.00000     0.00000
    -39.845         0.00000     0.00000     0.00000     0.00000
    -39.695         0.00000     0.00000     0.00000     0.00000
    -39.545         0.00000     0.00000     0.00000     0.00000
    -39.395         0.00000     0.00000     0.00000     0.00000
    -39.245         0.00000     0.00000     0.00000     0.00000
    -39.095         0.00000     0.00000     0.00000     0.00000
    -38.945         0.00000     0.00000     0.00000     0.00000
    -38.795         0.00000     0.00000     0.00000     0.00000
    -38.645         0.00000     0.00000     0.00000     0.00000
    -38.495         0.00000     0.00000     0.00000     0.00000
    -38.345         0.00000     0.00000     0.00000     0.00000
    -38.195         0.00000     0.00000     0.00000     0.00000
    -38.045         0.00000     0.00000     0.00000     0.00000
    -37.895         0.00000     0.00000     0.00000     0.00000
    -37.745         0.00000     0.00000     0.00000     0.00000
    -37.595         0.00000     0.00000     0.00000     0.00000
    -37.445         0.00000     0.00000     0.00000     0.00000
    -37.295         0.00000     0.00000     0.00000     0.00000
    -37.145         0.00000     0.00000     0.00000     0.00000
    -36.995         0.00000     0.00000     0.00000     0.00000
    -36.845         0.00000     0.00000     0.00000     0.00000
    -36.695         0.00000     0.00000     0.00000     0.00000
    -36.545         0.00000     0.00000     0.00000     0.00000
    -36.395         0.00000     0.00000     0.00000     0.00000
    -36.245         0.00000     0.00000     0.00000     0.00000
    -36.095         0.00000     0.00000     0.00000     0.00000
    -35.945         0.00000     0.00000     0.00000     0.00000
    -35.795         0.00000     0.00000     0.00000     0.00000
    -35.645         0.00000     0.00000     0.00000     0.00000
    -35.495         0.00000     0.00000     0.00000     0.00000
    -35.345         0.00000     0.00000     0.00000     0.00000
    -35.195         0.00000     0.00000     0.00000     0.00000
    -35.045         0.00000     0.00000     0.00000     0.00000
    -34.895         0.00000     0.00000     0.00000     0.00000
    -34.745         0.00000     0.00000     0.00000     0.00000
    -34.595         0.00000     0.00000     0.00000     0.00000
    -34.445         0.00000     0.00000     0.00000     0.00000
    -34.295         0.00000     0.00000     0.00000     0.00000
    -34.145         0.00000     0.00000     0.00000     0.00000
    -33.995         0.00000     0.00000     0.00000     0.00000
    -33.845         0.00000     0.00000     0.00000     0.00000
    -33.695         0.00000     0.00000     0.00000     0.00000
    -33.545         0.00000     0.00000     0.00000     0.00000
    -33.395         0.00000     0.00000     0.00000     0.00000
    -33.245         0.00000     0.00000     0.00000     0.00000
    -33.095         0.00000     0.00000     0.00000     0.00000
    -32.945         0.00000     0.00000     0.00000     0.00000
    -32.795         0.00000     0.00000     0.00000     0.00000
    -32.645         0.00000     0.00000     0.00000     0.00000
    -32.495         0.00000     0.00000     0.00000     0.00000
    -32.345         0.00000     0.00000     0.00000     0.00000
    -32.195         0.00000     0.00000     0.00000     0.00000
    -32.045         0.00000     0.00000     0.00000     0.00000
    -31.895         0.00000     0.00000     0.00000     0.00000
    -31.745         0.00000     0.00000     0.00000     0.00000
    -31.595         0.00000     0.00000     0.00000     0.00000
    -31.445         0.00000     0.00000     0.00000     0.00000
    -31.295         0.00000     0.00000     0.00000     0.00000
    -31.145         0.00000     0.00000     0.00000     0.00000
    -30.995         0.00000     0.00000     0.00000     0.00000
    -30.845         0.00000     0.00000     0.00000     0.00000
    -30.695         0.00000     0.00000     0.00000     0.00000
    -30.545         0.00000     0.00000     0.00000     0.00000
    -30.395         0.00000     0.00000     0.00000     0.00000
    -30.245         0.00000     0.00000     0.00000     0.00000
    -30.095         0.00000     0.00000     0.00000     0.00000
    -29.945        -0.00000     0.00000    -0.00000     0.00000
    -29.795        -0.00000     0.00000    -0.00000     0.00000
    -29.645        -0.00000     0.00000    -0.00000     0.00000
    -29.495        -0.00000     0.00000    -0.00000     0.00000
    -29.345        -0.00000     0.00000    -0.00000     0.00000
    -29.195        -0.00000     0.00000    -0.00000     0.00000
    -29.045        -0.00000     0.00000    -0.00000     0.00000
    -28.895        -0.00000     0.00000    -0.00000     0.00000
    -28.745        -0.00000     0.00000    -0.00000     0.00000
    -28.595        -0.00000     0.00000    -0.00000     0.00000
    -28.445        -0.00000     0.00000    -0.00000     0.00000
    -28.295        -0.00000     0.00000    -0.00000     0.00000
    -28.145        -0.00000     0.00000    -0.00000     0.00000
    -27.995        -0.00000     0.00000    -0.00000     0.00000
    -27.845        -0.00000     0.00000    -0.00000     0.00000
    -27.695        -0.00000     0.00000    -0.00000     0.00000
    -27.545        -0.00000     0.00000    -0.00000     0.00000
    -27.395        -0.00000     0.00000    -0.00000     0.00000
    -27.245        -0.00000     0.00000    -0.00000     0.00000
    -27.095        -0.00000     0.00000    -0.00000     0.00000
    -26.945        -0.00065     0.00000    -0.00065     0.00000
    -26.795        -0.00065     0.00000    -0.00065     0.00000
    -26.645        -0.00066     0.00000    -0.00066     0.00000
    -26.495        -0.00256     0.00000    -0.00256     0.00000
    -26.345        -0.00323     0.00000    -0.00323     0.00000
    -26.195        -0.00454     0.00000    -0.00454     0.00000
    -26.045        -0.00649     0.00000    -0.00649     0.00000
    -25.895        -0.00783     0.00000    -0.00783     0.00000
    -25.745        -0.00986     0.00000    -0.00986     0.00000
    -25.595        -0.01128     0.00000    -0.01128     0.00000
    -25.445        -0.01275     0.00000    -0.01275     0.00000
    -25.295        -0.01795     0.00000    -0.01795     0.00000
    -25.145        -0.02320     0.00000    -0.02320     0.00000
    -24.995        -0.03271     0.00000    -0.03271     0.00000
    -24.845        -0.04052     0.00000    -0.04052     0.00000
    -24.695        -0.04902     0.00000    -0.04902     0.00000
    -24.545        -0.05469     0.00000    -0.05469     0.00000
    -24.395        -0.06042     0.00000    -0.06042     0.00000
    -24.245        -0.06745     0.00000    -0.06745     0.00000
    -24.095        -0.08035    -0.00048    -0.07988     0.00000
    -23.945        -0.09114    -0.00048    -0.09066     0.00000
    -23.795        -0.10552    -0.00048    -0.10504     0.00000
    -23.645        -0.11592    -0.00048    -0.11544     0.00000
    -23.495        -0.13156    -0.00048    -0.13108     0.00000
    -23.345        -0.14444    -0.00048    -0.14396     0.00000
    -23.195        -0.15740    -0.00048    -0.15692     0.00000
    -23.045        -0.17433    -0.00048    -0.17386     0.00000
    -22.895        -0.19073    -0.00048    -0.19025     0.00000
    -22.745        -0.20328    -0.00048    -0.20280     0.00000
    -22.595        -0.21417    -0.00048    -0.21369     0.00000
    -22.445        -0.23388    -0.00048    -0.23341     0.00000
    -22.295        -0.24759    -0.00048    -0.24712     0.00000
    -22.145        -0.26243    -0.00048    -0.26196     0.00000
    -21.995        -0.27670    -0.00048    -0.27623     0.00000
    -21.845        -0.28670    -0.00048    -0.28622     0.00000
    -21.695        -0.29780    -0.00048    -0.29732     0.00000
    -21.545        -0.30947    -0.00048    -0.30899     0.00000
    -21.395        -0.32208    -0.00092    -0.32116     0.00000
    -21.245        -0.33508    -0.00221    -0.33287     0.00000
    -21.095        -0.34556    -0.00309    -0.34246     0.00000
    -20.945        -0.35766    -0.00353    -0.35412     0.00000
    -20.795        -0.36617    -0.00397    -0.36220     0.00000
    -20.645        -0.37419    -0.00440    -0.36979     0.00000
    -20.495        -0.38440    -0.00440    -0.37999     0.00000
    -20.345        -0.39253    -0.00484    -0.38769     0.00000
    -20.195        -0.40058    -0.00568    -0.39490     0.00000
    -20.045        -0.41220    -0.00652    -0.40568     0.00000
    -19.895        -0.42086    -0.00695    -0.41392     0.00000
    -19.745        -0.42858    -0.00738    -0.42120     0.00000
    -19.595        -0.43571    -0.00824    -0.42747     0.00000
    -19.445        -0.44065    -0.00824    -0.43242     0.00000
    -19.295        -0.44888    -0.00907    -0.43982     0.00000
    -19.145        -0.45873    -0.01145    -0.44727     0.00000
    -18.995        -0.46703    -0.01228    -0.45474     0.00000
    -18.845        -0.47329    -0.01351    -0.45978     0.00000
    -18.695        -0.48300    -0.01475    -0.46825     0.00000
    -18.545        -0.49203    -0.01676    -0.47527     0.00000
    -18.395        -0.49910    -0.01877    -0.48032     0.00000
    -18.245        -0.50655    -0.02037    -0.48618     0.00000
    -18.095        -0.51327    -0.02199    -0.49127     0.00000
    -17.945        -0.52000    -0.02360    -0.49639     0.00000
    -17.795        -0.52860    -0.02559    -0.50301     0.00000
    -17.645        -0.53456    -0.02642    -0.50814     0.00000
    -17.495        -0.54020    -0.02803    -0.51217     0.00000
    -17.345        -0.54924    -0.03112    -0.51813     0.00000
    -17.195        -0.55973    -0.03567    -0.52406     0.00000
    -17.045        -0.56951    -0.03949    -0.53002     0.00000
    -16.895        -0.57376    -0.04109    -0.53267     0.00000
    -16.745        -0.58579    -0.04527    -0.54052     0.00000
    -16.595        -0.59707    -0.04871    -0.54837     0.00000
    -16.445        -0.60802    -0.05287    -0.55515     0.00000
    -16.295        -0.61550    -0.05773    -0.55777     0.00000
    -16.145        -0.62262    -0.05970    -0.56293     0.00000
    -15.995        -0.63281    -0.06381    -0.56900     0.00000
    -15.845        -0.63740    -0.06578    -0.57163     0.00000
    -15.695        -0.64578    -0.06811    -0.57767     0.00000
    -15.545        -0.65560    -0.07185    -0.58374     0.00000
    -15.395        -0.66374    -0.07594    -0.58780     0.00000
    -15.245        -0.67009    -0.07968    -0.59041     0.00000
    -15.095        -0.68057    -0.08944    -0.59113     0.00000
    -14.945        -0.68929    -0.09553    -0.59375     0.00000
    -14.795        -0.69767    -0.10128    -0.59640     0.00000
    -14.645        -0.70895    -0.10734    -0.60160     0.00000
    -14.495        -0.71772    -0.11206    -0.60566     0.00000
    -14.345        -0.72829    -0.12003    -0.60827     0.00000
    -14.195        -0.74150    -0.12567    -0.61583     0.00000
    -14.045        -0.75045    -0.13199    -0.61846     0.00000
    -13.895        -0.76380    -0.13923    -0.62457     0.00000
    -13.745        -0.77709    -0.14491    -0.63218     0.00000
    -13.595        -0.79383    -0.15400    -0.63983     0.00000
    -13.445        -0.80054    -0.15808    -0.64246     0.00000
    -13.295        -0.80859    -0.16528    -0.64331     0.00000
    -13.145        -0.82285    -0.17185    -0.65100     0.00000
    -12.995        -0.83888    -0.18023    -0.65864     0.00000
    -12.845        -0.85374    -0.18738    -0.66636     0.00000
    -12.695        -0.87024    -0.19778    -0.67246     0.00000
    -12.545        -0.88751    -0.20554    -0.68197     0.00000
    -12.395        -0.90449    -0.21417    -0.69032     0.00000
    -12.245        -0.92196    -0.22161    -0.70035     0.00000
    -12.095        -0.94182    -0.23245    -0.70937     0.00000
    -11.945        -0.95824    -0.24274    -0.71550     0.00000
    -11.795        -0.97909    -0.25298    -0.72611     0.00000
    -11.645        -0.99628    -0.26510    -0.73119     0.00000
    -11.495        -1.01433    -0.27475    -0.73958     0.00000
    -11.345        -1.03063    -0.28333    -0.74730     0.00000
    -11.195        -1.05130    -0.29193    -0.75937     0.00000
    -11.045        -1.07515    -0.30370    -0.77145     0.00000
    -10.895        -1.09477    -0.31362    -0.78115     0.00000
    -10.745        -1.12462    -0.32738    -0.79724     0.00000
    -10.595        -1.15128    -0.33933    -0.81195     0.00000
    -10.445        -1.17513    -0.34903    -0.82610     0.00000
    -10.295        -1.20371    -0.36221    -0.84150     0.00000
    -10.145        -1.23521    -0.37441    -0.86044    -0.00036
    -9.9950        -1.26532    -0.38321    -0.88155    -0.00056
    -9.8450        -1.29666    -0.39543    -0.89993    -0.00130
    -9.6950        -1.33211    -0.40811    -0.92035    -0.00365
    -9.5450        -1.37038    -0.42081    -0.94136    -0.00821
    -9.3950        -1.41446    -0.43497    -0.96202    -0.01747
    -9.2450        -1.46625    -0.44777    -0.98413    -0.03435
    -9.0950        -1.53085    -0.46018    -1.00901    -0.06167
    -8.9450        -1.60845    -0.47288    -1.03261    -0.10296
    -8.7950        -1.70869    -0.48634    -1.05856    -0.16379
    -8.6450        -1.83656    -0.50099    -1.08622    -0.24935
    -8.4950        -1.99652    -0.51619    -1.11223    -0.36810
    -8.3450        -2.19222    -0.53102    -1.14127    -0.51993
    -8.1950        -2.42845    -0.55073    -1.17203    -0.70569
    -8.0450        -2.71152    -0.56898    -1.20586    -0.93669
    -7.8950        -3.03431    -0.59208    -1.23964    -1.20259
    -7.7450        -3.42251    -0.61623    -1.27636    -1.52992
    -7.5950        -3.84438    -0.64524    -1.31513    -1.88401
    -7.4450        -4.31033    -0.67761    -1.35568    -2.27704
    -7.2950        -4.85070    -0.71394    -1.39897    -2.73780
    -7.1450        -5.44022    -0.75120    -1.44068    -3.24834
    -6.9950        -6.05127    -0.79383    -1.48326    -3.77419
    -6.8450        -6.68906    -0.83606    -1.53185    -4.32115
    -6.6950        -7.35980    -0.88690    -1.57968    -4.89322
    -6.5450        -8.03778    -0.94146    -1.62606    -5.47026
    -6.3950        -8.70937    -0.99687    -1.67193    -6.04057
    -6.2450        -9.40140    -1.05682    -1.72178    -6.62280
    -6.0950       -10.08917    -1.11811    -1.77600    -7.19505
    -5.9450       -10.75783    -1.18179    -1.82431    -7.75174
    -5.7950       -11.41191    -1.25236    -1.88036    -8.27918
    -5.6450       -12.04741    -1.32108    -1.93474    -8.79159
    -5.4950       -12.67808    -1.39300    -1.98853    -9.29655
    -5.3450       -13.27483    -1.46472    -2.04611    -9.76400
    -5.1950       -13.86690    -1.53847    -2.10963   -10.21880
    -5.0450       -14.45680    -1.61641    -2.17455   -10.66585
    -4.8950       -15.03668    -1.69158    -2.24198   -11.10312
    -4.7450       -15.59937    -1.76837    -2.31472   -11.51629
    -4.5950       -16.15133    -1.84353    -2.38762   -11.92017
    -4.4450       -16.70924    -1.92491    -2.46251   -12.32182
    -4.2950       -17.26746    -2.00644    -2.53925   -12.72177
    -4.1450       -17.84010    -2.09286    -2.62174   -13.12549
    -3.9950       -18.40745    -2.17571    -2.70576   -13.52598
    -3.8450       -19.00030    -2.27009    -2.79381   -13.93639
    -3.6950       -19.61645    -2.36567    -2.89014   -14.36065
    -3.5450       -20.26144    -2.46667    -2.99479   -14.79998
    -3.3950       -20.91166    -2.56740    -3.10082   -15.24344
    -3.2450       -21.59221    -2.67582    -3.21551   -15.70088
    -3.0950       -22.28460    -2.79287    -3.33368   -16.15805
    -2.9450       -23.00329    -2.91765    -3.46046   -16.62518
    -2.7950       -23.77388    -3.05565    -3.59984   -17.11839
    -2.6450       -24.59691    -3.21140    -3.74751   -17.63800
    -2.4950       -25.47061    -3.37629    -3.90074   -18.19358
    -2.3450       -26.42103    -3.55795    -4.06813   -18.79495
    -2.1950       -27.46671    -3.74586    -4.25362   -19.46723
    -2.0450       -28.62572    -3.95218    -4.45795   -20.21559
    -1.8950       -29.93574    -4.17505    -4.68209   -21.07859
    -1.7450       -31.41991    -4.41552    -4.93045   -22.07394
    -1.5950       -33.09080    -4.66735    -5.20537   -23.21808
    -1.4450       -34.96659    -4.93836    -5.51543   -24.51279
    -1.2950       -37.06121    -5.23291    -5.86482   -25.96348
    -1.1450       -39.37799    -5.54916    -6.25827   -27.57056
   -0.99500       -41.92577    -5.89611    -6.69811   -29.33155
   -0.84500       -44.74155    -6.28087    -7.20770   -31.25298
   -0.69500       -47.89897    -6.71853    -7.81852   -33.36191
   -0.54500       -51.57859    -7.22780    -8.53650   -35.81428
   -0.39500       -56.13684    -7.80435    -9.37031   -38.96218
   -0.25300       -59.77721    -8.17472    -9.90997   -41.69252
   -0.21500       -60.02899    -8.19646    -9.93923   -41.89331
   -0.20900       -60.28490    -8.21762    -9.96849   -42.09879
   -0.20300       -60.54508    -8.23872    -9.99734   -42.30902
   -0.19700       -60.81118    -8.25949   -10.02517   -42.52653
   -0.19100       -61.08017    -8.27993   -10.05230   -42.74794
   -0.18500       -61.35573    -8.29977   -10.07849   -42.97747
   -0.17900       -61.63724    -8.31927   -10.10381   -43.21416
   -0.17300       -61.92513    -8.33855   -10.12810   -43.45848
   -0.16700       -62.22013    -8.35716   -10.15232   -43.71065
   -0.16100       -62.52288    -8.37592   -10.17555   -43.97141
   -0.15500       -62.83564    -8.39375   -10.19840   -44.24349
   -0.14900       -63.15857    -8.41137   -10.21988   -44.52731
   -0.14300       -63.49108    -8.42868   -10.24045   -44.82195
   -0.13700       -63.83591    -8.44493   -10.26067   -45.13032
   -0.13100       -64.19780    -8.46090   -10.28059   -45.45632
   -0.12500       -64.57318    -8.47660   -10.29930   -45.79729
   -0.11900       -64.96518    -8.49166   -10.31688   -46.15665
   -0.11300       -65.37600    -8.50614   -10.33358   -46.53628
   -0.10700       -65.80621    -8.51979   -10.34962   -46.93680
   -0.10100       -66.25995    -8.53310   -10.36473   -47.36212
   -0.95000E-01   -66.73757    -8.54570   -10.37883   -47.81304
   -0.89000E-01   -67.24338    -8.55759   -10.39201   -48.29378
   -0.83000E-01   -67.78017    -8.56885   -10.40449   -48.80683
   -0.77000E-01   -68.34968    -8.57938   -10.41590   -49.35440
   -0.71000E-01   -68.95496    -8.58907   -10.42643   -49.93946
   -0.65000E-01   -69.60003    -8.59793   -10.43605   -50.56605
   -0.59000E-01   -70.28848    -8.60623   -10.44486   -51.23739
   -0.53000E-01   -71.02287    -8.61375   -10.45277   -51.95634
   -0.47000E-01   -71.80882    -8.62037   -10.45966   -52.72879
   -0.41000E-01   -72.65546    -8.62611   -10.46580   -53.56355
   -0.35000E-01   -73.57262    -8.63124   -10.47108   -54.47030
   -0.29000E-01   -74.56002    -8.63546   -10.47540   -55.44916
   -0.23000E-01   -75.58523    -8.63880   -10.47883   -56.46760
   -0.19700E-01   -75.68616    -8.63909   -10.47913   -56.56793
   -0.19100E-01   -75.78674    -8.63937   -10.47942   -56.66795
   -0.18500E-01   -75.88618    -8.63965   -10.47970   -56.76683
   -0.17900E-01   -75.98493    -8.63991   -10.47997   -56.86506
   -0.17300E-01   -76.08278    -8.64015   -10.48023   -56.96240
   -0.16700E-01   -76.17922    -8.64039   -10.48048   -57.05835
   -0.16100E-01   -76.27410    -8.64063   -10.48072   -57.15275
   -0.15500E-01   -76.36736    -8.64086   -10.48095   -57.24555
   -0.14900E-01   -76.45857    -8.64107   -10.48118   -57.33631
   -0.14300E-01   -76.54774    -8.64128   -10.48140   -57.42506
   -0.13700E-01   -76.63462    -8.64148   -10.48161   -57.51153
   -0.13100E-01   -76.71894    -8.64167   -10.48180   -57.59547
   -0.12500E-01   -76.80061    -8.64185   -10.48199   -57.67677
   -0.11900E-01   -76.87936    -8.64203   -10.48217   -57.75516
   -0.11300E-01   -76.95501    -8.64219   -10.48233   -57.83049
   -0.10700E-01   -77.02768    -8.64234   -10.48249   -57.90284
   -0.10100E-01   -77.09696    -8.64249   -10.48264   -57.97182
   -0.95000E-02   -77.16285    -8.64264   -10.48278   -58.03743
   -0.89000E-02   -77.22519    -8.64277   -10.48292   -58.09949
   -0.83000E-02   -77.28364    -8.64289   -10.48305   -58.15770
   -0.77000E-02   -77.33853    -8.64301   -10.48316   -58.21236
   -0.71000E-02   -77.38942    -8.64311   -10.48327   -58.26304
   -0.65000E-02   -77.43644    -8.64321   -10.48336   -58.30987
   -0.59000E-02   -77.47934    -8.64330   -10.48345   -58.35259
   -0.53000E-02   -77.51808    -8.64338   -10.48353   -58.39118
   -0.47000E-02   -77.55266    -8.64344   -10.48360   -58.42561
   -0.41000E-02   -77.58298    -8.64351   -10.48366   -58.45582
   -0.35000E-02   -77.60897    -8.64356   -10.48371   -58.48170
   -0.29000E-02   -77.63060    -8.64360   -10.48375   -58.50325
   -0.23000E-02   -77.64780    -8.64364   -10.48379   -58.52038
   -0.17000E-02   -77.66055    -8.64366   -10.48381   -58.53307
   -0.11000E-02   -77.66883    -8.64368   -10.48383   -58.54133
   -0.50000E-03   -77.67264    -8.64369   -10.48384   -58.54512
    0.10000E-03   -77.67194    -8.64369   -10.48383   -58.54443
    0.70000E-03   -77.66678    -8.64367   -10.48382   -58.53928
    0.13000E-02   -77.65708    -8.64366   -10.48381   -58.52962
    0.19000E-02   -77.64290    -8.64363   -10.48378   -58.51549
    0.25000E-02   -77.62434    -8.64359   -10.48374   -58.49702
    0.31000E-02   -77.60140    -8.64354   -10.48370   -58.47416
    0.37000E-02   -77.57393    -8.64349   -10.48364   -58.44680
    0.43000E-02   -77.54212    -8.64342   -10.48358   -58.41512
    0.49000E-02   -77.50607    -8.64335   -10.48350   -58.37922
    0.55000E-02   -77.46578    -8.64327   -10.48342   -58.33909
    0.61000E-02   -77.42136    -8.64317   -10.48333   -58.29486
    0.67000E-02   -77.37294    -8.64307   -10.48324   -58.24663
    0.73000E-02   -77.32058    -8.64296   -10.48313   -58.19448
    0.79000E-02   -77.26415    -8.64284   -10.48301   -58.13829
    0.85000E-02   -77.20395    -8.64272   -10.48289   -58.07834
    0.91000E-02   -77.14011    -8.64259   -10.48276   -58.01476
    0.97000E-02   -77.07266    -8.64244   -10.48262   -57.94760
    0.10300E-01   -77.00194    -8.64228   -10.48248   -57.87717
    0.10900E-01   -76.92765    -8.64213   -10.48232   -57.80320
    0.11500E-01   -76.85025    -8.64196   -10.48215   -57.72614
    0.12100E-01   -76.77007    -8.64177   -10.48197   -57.64632
    0.12700E-01   -76.68681    -8.64158   -10.48179   -57.56345
    0.13300E-01   -76.60086    -8.64138   -10.48159   -57.47789
    0.13900E-01   -76.51252    -8.64116   -10.48139   -57.38997
    0.14500E-01   -76.42186    -8.64095   -10.48118   -57.29973
    0.15100E-01   -76.32896    -8.64072   -10.48097   -57.20727
    0.15700E-01   -76.23420    -8.64048   -10.48074   -57.11298
    0.16300E-01   -76.13779    -8.64024   -10.48049   -57.01707
    0.16900E-01   -76.04014    -8.63998   -10.48025   -56.91991
    0.17500E-01   -75.94078    -8.63972   -10.47999   -56.82107
    0.18100E-01   -75.84066    -8.63944   -10.47972   -56.72150
    0.18700E-01   -75.73978    -8.63916   -10.47944   -56.62118
    0.19300E-01   -75.63827    -8.63886   -10.47916   -56.52024
    0.20200E-01   -75.23922    -8.63764   -10.47800   -56.12358
    0.25000E-01   -74.21213    -8.63384   -10.47446   -55.10384
    0.31000E-01   -73.24001    -8.62910   -10.47007   -54.14084
    0.37000E-01   -72.34335    -8.62348   -10.46485   -53.25501
    0.43000E-01   -71.51467    -8.61690   -10.45878   -52.43898
    0.49000E-01   -70.74622    -8.60935   -10.45190   -51.68497
    0.55000E-01   -70.03391    -8.60102   -10.44423   -50.98866
    0.61000E-01   -69.37030    -8.59168   -10.43583   -50.34279
    0.67000E-01   -68.75076    -8.58154   -10.42651   -49.74271
    0.73000E-01   -68.17349    -8.57053   -10.41681   -49.18615
    0.79000E-01   -67.63464    -8.55853   -10.40629   -48.66983
    0.85000E-01   -67.13016    -8.54558   -10.39506   -48.18952
    0.91000E-01   -66.65727    -8.53181   -10.38340   -47.74206
    0.97000E-01   -66.21425    -8.51713   -10.37122   -47.32589
    0.10300       -65.79929    -8.50177   -10.35840   -46.93912
    0.10900       -65.40710    -8.48582   -10.34491   -46.57637
    0.11500       -65.03755    -8.46858   -10.33107   -46.23790
    0.12100       -64.68658    -8.45089   -10.31651   -45.91918
    0.12700       -64.35333    -8.43231   -10.30148   -45.61954
    0.13300       -64.03574    -8.41304   -10.28593   -45.33677
    0.13900       -63.73217    -8.39277   -10.27000   -45.06940
    0.14500       -63.44159    -8.37195   -10.25337   -44.81628
    0.15100       -63.16277    -8.35031   -10.23667   -44.57578
    0.15700       -62.89329    -8.32779   -10.21894   -44.34656
    0.16300       -62.63300    -8.30443   -10.20125   -44.12731
    0.16900       -62.38183    -8.28067   -10.18288   -43.91827
    0.17500       -62.13805    -8.25569   -10.16418   -43.71817
    0.18100       -61.90122    -8.23011   -10.14530   -43.52581
    0.18700       -61.67222    -8.20383   -10.12608   -43.34231
    0.19300       -61.44813    -8.17731   -10.10661   -43.16420
    0.19900       -61.22820    -8.14955   -10.08631   -42.99233
    0.20500       -61.01562    -8.12171   -10.06608   -42.82783
    0.21100       -60.80765    -8.09332   -10.04544   -42.66889
    0.21700       -60.60242    -8.06430   -10.02465   -42.51348
    0.29500       -56.25966    -7.23114    -9.44850   -39.58003
    0.44500       -53.21334    -6.42915    -8.88755   -37.89663
    0.59500       -50.89856    -5.74782    -8.39981   -36.75093
    0.74500       -49.03454    -5.19031    -7.96697   -35.87725
    0.89500       -47.46239    -4.72110    -7.57791   -35.16337
     1.0450       -46.10378    -4.31589    -7.23026   -34.55762
     1.1950       -44.90792    -3.95859    -6.91734   -34.03200
     1.3450       -43.84862    -3.63939    -6.63794   -33.57130
     1.4950       -42.91708    -3.35523    -6.38633   -33.17553
     1.6450       -42.09135    -3.10146    -6.15985   -32.83004
     1.7950       -41.34281    -2.87089    -5.95348   -32.51844
     1.9450       -40.67353    -2.65921    -5.76592   -32.24840
     2.0950       -40.07321    -2.46875    -5.59433   -32.01013
     2.2450       -39.53410    -2.29456    -5.43755   -31.80199
     2.3950       -39.03787    -2.13794    -5.29108   -31.60884
     2.5450       -38.58559    -1.99584    -5.15643   -31.43331
     2.6950       -38.17991    -1.86563    -5.03282   -31.28147
     2.8450       -37.79701    -1.74633    -4.91647   -31.13421
     2.9950       -37.45110    -1.63685    -4.80746   -31.00680
     3.1450       -37.13451    -1.53525    -4.70465   -30.89460
     3.2950       -36.83980    -1.44315    -4.60947   -30.78717
     3.4450       -36.56484    -1.35599    -4.51878   -30.69007
     3.5950       -36.30997    -1.27521    -4.43281   -30.60195
     3.7450       -36.07296    -1.20007    -4.35216   -30.52073
     3.8950       -35.84838    -1.12983    -4.27473   -30.44382
     4.0450       -35.63717    -1.06403    -4.20182   -30.37132
     4.1950       -35.43660    -1.00179    -4.13161   -30.30320
     4.3450       -35.24576    -0.94259    -4.06400   -30.23916
     4.4950       -35.06435    -0.88704    -3.99928   -30.17803
     4.6450       -34.89216    -0.83366    -3.93775   -30.12076
     4.7950       -34.72478    -0.78260    -3.87857   -30.06361
     4.9450       -34.56573    -0.73403    -3.82185   -30.00985
     5.0950       -34.41496    -0.68798    -3.76777   -29.95922
     5.2450       -34.27075    -0.64402    -3.71556   -29.91116
     5.3950       -34.13302    -0.60254    -3.66656   -29.86393
     5.5450       -33.99899    -0.56247    -3.61807   -29.81845
     5.6950       -33.87085    -0.52439    -3.57332   -29.77314
     5.8450       -33.74701    -0.48837    -3.52918   -29.72946
     5.9950       -33.63108    -0.45389    -3.48924   -29.68795
     6.1450       -33.51744    -0.42029    -3.45040   -29.64675
     6.2950       -33.41110    -0.38876    -3.41510   -29.60724
     6.4450       -33.30499    -0.35738    -3.37927   -29.56833
     6.5950       -33.20943    -0.33020    -3.34875   -29.53049
     6.7450       -33.11758    -0.30289    -3.32125   -29.49344
     6.8950       -33.03074    -0.27843    -3.29518   -29.45713
     7.0450       -32.94341    -0.25130    -3.27009   -29.42202
     7.1950       -32.86117    -0.22796    -3.24552   -29.38769
     7.3450       -32.78112    -0.20509    -3.22202   -29.35401
     7.4950       -32.70760    -0.18678    -3.19963   -29.32119
     7.6450       -32.63714    -0.16682    -3.18135   -29.28897
     7.7950       -32.57022    -0.14964    -3.16311   -29.25747
     7.9450       -32.50706    -0.12908    -3.15132   -29.22666
     8.0950       -32.44881    -0.11657    -3.13598   -29.19627
     8.2450       -32.39158    -0.10189    -3.12320   -29.16649
     8.3950       -32.33370    -0.08599    -3.11041   -29.13731
     8.5450       -32.28628    -0.07824    -3.09952   -29.10852
     8.6950       -32.24308    -0.06937    -3.09343   -29.08028
     8.8450       -32.19578    -0.05845    -3.08479   -29.05255
     8.9950       -32.15350    -0.04953    -3.07865   -29.02531
     9.1450       -32.11176    -0.04431    -3.06879   -28.99867
     9.2950       -32.07151    -0.03654    -3.06263   -28.97234
     9.4450       -32.03096    -0.02653    -3.05795   -28.94648
     9.5950       -31.99426    -0.02283    -3.05045   -28.92098
     9.7450       -31.95651    -0.01627    -3.04433   -28.89591
     9.8950       -31.92198    -0.01107    -3.03964   -28.87127
     10.045       -31.89107    -0.00743    -3.03663   -28.84701
     10.195       -31.86391    -0.00544    -3.03537   -28.82310
     10.345       -31.82909    -0.00187    -3.02916   -28.79806
     10.495       -31.79598     0.00334    -3.02449   -28.77483
     10.645       -31.76665     0.00683    -3.02154   -28.75194
     10.795       -31.73941     0.01036    -3.02045   -28.72932
     10.945       -31.70770     0.01210    -3.01281   -28.70698
     11.095       -31.68302     0.01377    -3.01181   -28.68498
     11.245       -31.65877     0.01542    -3.01088   -28.66331
     11.395       -31.63482     0.01702    -3.00996   -28.64188
     11.545       -31.60918     0.01860    -3.00705   -28.62073
     11.695       -31.58608     0.02015    -3.00623   -28.59999
     11.845       -31.56115     0.02166    -3.00333   -28.57949
     11.995       -31.53856     0.02314    -3.00252   -28.55917
     12.145       -31.51414     0.02459    -2.99957   -28.53916
     12.295       -31.49219     0.02602    -2.99880   -28.51940
     12.445       -31.47057     0.02739    -2.99810   -28.49987
     12.595       -31.44918     0.02874    -2.99738   -28.48054
     12.745       -31.42580     0.03006    -2.99441   -28.46144
     12.895       -31.40493     0.03135    -2.99374   -28.44255
     13.045       -31.38446     0.03262    -2.99312   -28.42397
     13.195       -31.36185     0.03387    -2.99014   -28.40558
     13.345       -31.34179     0.03510    -2.98952   -28.38737
     13.495       -31.32194     0.03631    -2.98892   -28.36933
     13.645       -31.30239     0.03748    -2.98836   -28.35151
     13.795       -31.28053     0.03863    -2.98530   -28.33386
     13.945       -31.26148     0.03977    -2.98476   -28.31649
     14.095       -31.24268     0.04087    -2.98422   -28.29933
     14.245       -31.22406     0.04197    -2.98368   -28.28235
     14.395       -31.20572     0.04305    -2.98320   -28.26557
     14.545       -31.18486     0.04411    -2.98010   -28.24887
     14.695       -31.16682     0.04515    -2.97959   -28.23239
     14.845       -31.14902     0.04619    -2.97914   -28.21608
     14.995       -31.13136     0.04723    -2.97866   -28.19993
     15.145       -31.11397     0.04823    -2.97822   -28.18398
     15.295       -31.09670     0.04923    -2.97777   -28.16816
     15.445       -31.07968     0.05021    -2.97735   -28.15254
     15.595       -31.06277     0.05118    -2.97695   -28.13700
     15.745       -31.04606     0.05213    -2.97652   -28.12167
     15.895       -31.02948     0.05308    -2.97612   -28.10644
     16.045       -31.01320     0.05399    -2.97574   -28.09145
     16.195       -30.99694     0.05490    -2.97536   -28.07647
     16.345       -30.98088     0.05580    -2.97498   -28.06169
     16.495       -30.96500     0.05669    -2.97462   -28.04708
     16.645       -30.94922     0.05756    -2.97425   -28.03253
     16.795       -30.93360     0.05843    -2.97387   -28.01816
     16.945       -30.91815     0.05929    -2.97352   -28.00392
     17.095       -30.90279     0.06013    -2.97317   -27.98975
     17.245       -30.88758     0.06097    -2.97285   -27.97570
     17.395       -30.87253     0.06179    -2.97253   -27.96179
     17.545       -30.85767     0.06261    -2.97220   -27.94807
     17.695       -30.84290     0.06341    -2.97190   -27.93441
     17.845       -30.82823     0.06420    -2.97159   -27.92084
     17.995       -30.81371     0.06499    -2.97127   -27.90743
     18.145       -30.79938     0.06576    -2.97097   -27.89416
     18.295       -30.78508     0.06652    -2.97065   -27.88095
     18.445       -30.77091     0.06729    -2.97036   -27.86784
     18.595       -30.75693     0.06804    -2.97009   -27.85488
     18.745       -30.74308     0.06878    -2.96983   -27.84204
     18.895       -30.72933     0.06952    -2.96955   -27.82930
     19.045       -30.71569     0.07025    -2.96927   -27.81667
     19.195       -30.69884     0.07098    -2.96572   -27.80410
     19.345       -30.68544     0.07169    -2.96546   -27.79168
     19.495       -30.67209     0.07241    -2.96520   -27.77930
     19.645       -30.65889     0.07311    -2.96492   -27.76707
     19.795       -30.64576     0.07380    -2.96467   -27.75489
     19.945       -30.63285     0.07447    -2.96443   -27.74290
     20.095       -30.61999     0.07516    -2.96418   -27.73097
     20.245       -30.60717     0.07582    -2.96394   -27.71906
     20.395       -30.59449     0.07648    -2.96372   -27.70726
     20.545       -30.58190     0.07713    -2.96349   -27.69554
     20.695       -30.56939     0.07779    -2.96326   -27.68393
     20.845       -30.55692     0.07845    -2.96301   -27.67236
     20.995       -30.54455     0.07910    -2.96278   -27.66087
     21.145       -30.53228     0.07974    -2.96255   -27.64947
     21.295       -30.52009     0.08037    -2.96232   -27.63814
     21.445       -30.50804     0.08100    -2.96211   -27.62693
     21.595       -30.49611     0.08162    -2.96191   -27.61582
     21.745       -30.48423     0.08223    -2.96169   -27.60478
     21.895       -30.47246     0.08285    -2.96148   -27.59383
     22.045       -30.46077     0.08345    -2.96127   -27.58295
     22.195       -30.44908     0.08405    -2.96108   -27.57206
     22.345       -30.43753     0.08464    -2.96087   -27.56130
     22.495       -30.42609     0.08523    -2.96069   -27.55064
     22.645       -30.41476     0.08581    -2.96051   -27.54006
     22.795       -30.40340     0.08640    -2.96033   -27.52947
     22.945       -30.39220     0.08698    -2.96015   -27.51903
     23.095       -30.38103     0.08755    -2.95997   -27.50862
     23.245       -30.36996     0.08811    -2.95979   -27.49828
     23.395       -30.35899     0.08868    -2.95961   -27.48806
     23.545       -30.34803     0.08923    -2.95942   -27.47785
     23.695       -30.33713     0.08978    -2.95922   -27.46769
     23.845       -30.32631     0.09033    -2.95903   -27.45761
     23.995       -30.31559     0.09087    -2.95886   -27.44761
     24.145       -30.30492     0.09141    -2.95868   -27.43765
     24.295       -30.29434     0.09195    -2.95849   -27.42780
     24.445       -30.28390     0.09248    -2.95833   -27.41804
     24.595       -30.27352     0.09300    -2.95818   -27.40834
     24.745       -30.26317     0.09353    -2.95803   -27.39867
     24.895       -30.25286     0.09405    -2.95788   -27.38902
     25.045       -30.24266     0.09456    -2.95773   -27.37949
     25.195       -30.23248     0.09507    -2.95758   -27.36997
     25.345       -30.22242     0.09559    -2.95745   -27.36056
     25.495       -30.21241     0.09610    -2.95730   -27.35121
     25.645       -30.20236     0.09660    -2.95712   -27.34184
     25.795       -30.19245     0.09711    -2.95699   -27.33257
     25.945       -30.18255     0.09761    -2.95683   -27.32333
     26.095       -30.17277     0.09810    -2.95667   -27.31420
     26.245       -30.16308     0.09858    -2.95654   -27.30512
     26.395       -30.15342     0.09906    -2.95639   -27.29609
     26.545       -30.14382     0.09954    -2.95625   -27.28710
     26.695       -30.13427     0.10002    -2.95612   -27.27818
     26.845       -30.12472     0.10049    -2.95598   -27.26923
     26.995       -30.11523     0.10097    -2.95583   -27.26038
     27.145       -30.10584     0.10144    -2.95568   -27.25160
     27.295       -30.09646     0.10192    -2.95554   -27.24283
     27.445       -30.08711     0.10238    -2.95541   -27.23409
     27.595       -30.07782     0.10285    -2.95527   -27.22540
     27.745       -30.06867     0.10330    -2.95516   -27.21682
     27.895       -30.05957     0.10375    -2.95503   -27.20830
     28.045       -30.05052     0.10420    -2.95489   -27.19983
     28.195       -30.04145     0.10465    -2.95476   -27.19134
     28.345       -30.03248     0.10510    -2.95464   -27.18294
     28.495       -30.02356     0.10555    -2.95453   -27.17458
     28.645       -30.01465     0.10599    -2.95441   -27.16623
     28.795       -30.00579     0.10642    -2.95427   -27.15794
     28.945       -29.99702     0.10686    -2.95416   -27.14972
     29.095       -29.98828     0.10729    -2.95405   -27.14153
     29.245       -29.97961     0.10772    -2.95393   -27.13340
     29.395       -29.97093     0.10815    -2.95380   -27.12528
     29.545       -29.96237     0.10857    -2.95369   -27.11725
     29.695       -29.95382     0.10900    -2.95357   -27.10924
     29.845       -29.94530     0.10941    -2.95345   -27.10126
     29.995       -29.93680     0.10983    -2.95332   -27.09330
     30.145       -29.92838     0.11024    -2.95322   -27.08539
     35.794       -29.37400     0.13717    -2.94638   -26.56479
     49.810       -28.82897     0.16308    -2.94065   -26.05140
     69.316       -28.29441     0.18818    -2.93545   -25.54714
     96.460       -27.77040     0.21255    -2.93082   -25.05212
     134.23       -27.25804     0.23628    -2.92645   -24.56787
     186.80       -26.75784     0.25926    -2.92210   -24.09500
     259.95       -26.27058     0.28157    -2.91811   -23.63404
     361.74       -25.79602     0.30317    -2.91418   -23.18502
     503.40       -25.33478     0.32406    -2.91027   -22.74857
     700.53       -24.88625     0.34429    -2.90649   -22.32405
     974.85       -24.45025     0.36386    -2.90277   -21.91134
     1356.6       -24.02727     0.38280    -2.89924   -21.51083
     1887.8       -23.61640     0.40106    -2.89585   -21.12160
     2627.1       -23.21733     0.41866    -2.89242   -20.74358
     3655.9       -22.83005     0.43564    -2.88916   -20.37652
     5087.5       -22.45415     0.45202    -2.88597   -20.02019
     7079.7       -22.08976     0.46780    -2.88284   -19.67471
     9852.1       -21.73702     0.48310    -2.87990   -19.34021
     13710.       -21.39593     0.49784    -2.87705   -19.01671
     19079.       -21.06602     0.51205    -2.87430   -18.70377
     26550.       -20.74767     0.52573    -2.87169   -18.40172
     36947.       -20.44059     0.53901    -2.86911   -18.11050
     51416.       -20.14555     0.55184    -2.86677   -17.83061
     71550.       -19.86294     0.56424    -2.86462   -17.56256
     99568.       -19.59159     0.57623    -2.86252   -17.30529
    0.13856E+06   -19.33175     0.58778    -2.86053   -17.05901
    0.19282E+06   -19.08349     0.59899    -2.85866   -16.82382
    0.26832E+06   -18.84603     0.60979    -2.85692   -16.59890
    0.37340E+06   -18.61935     0.62019    -2.85530   -16.38424
    0.51962E+06   -18.40265     0.63021    -2.85384   -16.17902
    0.72310E+06   -18.19540     0.63982    -2.85250   -15.98273
    0.10063E+07   -17.99767     0.64901    -2.85123   -15.79545
    0.14003E+07   -17.80926     0.65782    -2.85018   -15.61691
    0.19487E+07   -17.62974     0.66624    -2.84911   -15.44687
    0.27118E+07   -17.45872     0.67424    -2.84813   -15.28482
    0.37737E+07   -17.29587     0.68188    -2.84730   -15.13045
    0.52514E+07   -17.14087     0.68919    -2.84662   -14.98344
    0.73079E+07   -16.99332     0.69617    -2.84592   -14.84358
    0.10170E+08   -16.85301     0.70283    -2.84536   -14.71048
    0.14152E+08   -16.71946     0.70919    -2.84482   -14.58383
    0.19694E+08   -16.59215     0.71527    -2.84433   -14.46309
    0.27406E+08   -16.47118     0.72102    -2.84390   -14.34831
    0.38138E+08   -16.35661     0.72648    -2.84346   -14.23963
    0.53073E+08   -16.24838     0.73172    -2.84309   -14.13701
    0.73856E+08   -16.14637     0.73667    -2.84277   -14.04027
    0.10278E+09   -16.05031     0.74140    -2.84251   -13.94921
    0.14302E+09   -15.96058     0.74589    -2.84227   -13.86420
    0.19903E+09   -15.87707     0.75015    -2.84204   -13.78518
    0.27697E+09   -15.79989     0.75423    -2.84185   -13.71227
    0.38543E+09   -15.72951     0.75809    -2.84170   -13.64590
    0.53637E+09   -15.66502     0.76177    -2.84151   -13.58528
    0.74641E+09   -15.60591     0.76525    -2.84140   -13.52977
    0.10387E+10   -15.55152     0.76852    -2.84130   -13.47875
    0.14454E+10   -15.50129     0.77159    -2.84118   -13.43171
    0.20115E+10   -15.45511     0.77447    -2.84107   -13.38850
    0.27992E+10   -15.41253     0.77713    -2.84099   -13.34867
    0.38953E+10   -15.37321     0.77958    -2.84089   -13.31190
    0.54207E+10   -15.33721     0.78182    -2.84084   -13.27819
    0.75434E+10   -15.30392     0.78388    -2.84078   -13.24702
    0.10497E+11   -15.27325     0.78575    -2.84072   -13.21827
    0.14608E+11   -15.24503     0.78747    -2.84066   -13.19183
    0.20329E+11   -15.21904     0.78905    -2.84060   -13.16749
    0.28289E+11   -15.19513     0.79051    -2.84056   -13.14508
    0.39367E+11   -15.17307     0.79185    -2.84052   -13.12440
    0.54783E+11   -15.15270     0.79308    -2.84048   -13.10530
    0.10000E+12   -14.91585     0.80745    -2.84018   -12.88312
