    -44.945         0.00000     0.00000     0.00000     0.00000
    -44.795         0.00000     0.00000     0.00000     0.00000
    -44.645         0.00000     0.00000     0.00000     0.00000
    -44.495         0.00000     0.00000     0.00000     0.00000
    -44.345         0.00000     0.00000     0.00000     0.00000
    -44.195         0.00000     0.00000     0.00000     0.00000
    -44.045         0.00000     0.00000     0.00000     0.00000
    -43.895         0.00000     0.00000     0.00000     0.00000
    -43.745         0.00000     0.00000     0.00000     0.00000
    -43.595         0.00000     0.00000     0.00000     0.00000
    -43.445         0.00000     0.00000     0.00000     0.00000
    -43.295         0.00000     0.00000     0.00000     0.00000
    -43.145         0.00000     0.00000     0.00000     0.00000
    -42.995         0.00000     0.00000     0.00000     0.00000
    -42.845         0.00000     0.00000     0.00000     0.00000
    -42.695         0.00000     0.00000     0.00000     0.00000
    -42.545         0.00000     0.00000     0.00000     0.00000
    -42.395         0.00000     0.00000     0.00000     0.00000
    -42.245         0.00000     0.00000     0.00000     0.00000
    -42.095         0.00000     0.00000     0.00000     0.00000
    -41.945         0.00000     0.00000     0.00000     0.00000
    -41.795         0.00000     0.00000     0.00000     0.00000
    -41.645         0.00000     0.00000     0.00000     0.00000
    -41.495         0.00000     0.00000     0.00000     0.00000
    -41.345         0.00000     0.00000     0.00000     0.00000
    -41.195         0.00000     0.00000     0.00000     0.00000
    -41.045         0.00000     0.00000     0.00000     0.00000
    -40.895         0.00000     0.00000     0.00000     0.00000
    -40.745         0.00000     0.00000     0.00000     0.00000
    -40.595         0.00000     0.00000     0.00000     0.00000
    -40.445         0.00000     0.00000     0.00000     0.00000
    -40.295         0.00000     0.00000     0.00000     0.00000
    -40.145         0.00000     0.00000     0.00000     0.00000
    -39.995         0.00000     0.00000     0.00000     0.00000
    -39.845         0.00000     0.00000     0.00000     0.00000
    -39.695         0.00000     0.00000     0.00000     0.00000
    -39.545         0.00000     0.00000     0.00000     0.00000
    -39.395         0.00000     0.00000     0.00000     0.00000
    -39.245         0.00000     0.00000     0.00000     0.00000
    -39.095         0.00000     0.00000     0.00000     0.00000
    -38.945         0.00000     0.00000     0.00000     0.00000
    -38.795         0.00000     0.00000     0.00000     0.00000
    -38.645         0.00000     0.00000     0.00000     0.00000
    -38.495         0.00000     0.00000     0.00000     0.00000
    -38.345         0.00000     0.00000     0.00000     0.00000
    -38.195         0.00000     0.00000     0.00000     0.00000
    -38.045         0.00000     0.00000     0.00000     0.00000
    -37.895         0.00000     0.00000     0.00000     0.00000
    -37.745         0.00000     0.00000     0.00000     0.00000
    -37.595         0.00000     0.00000     0.00000     0.00000
    -37.445         0.00000     0.00000     0.00000     0.00000
    -37.295         0.00000     0.00000     0.00000     0.00000
    -37.145         0.00000     0.00000     0.00000     0.00000
    -36.995         0.00000     0.00000     0.00000     0.00000
    -36.845         0.00000     0.00000     0.00000     0.00000
    -36.695         0.00000     0.00000     0.00000     0.00000
    -36.545         0.00000     0.00000     0.00000     0.00000
    -36.395         0.00000     0.00000     0.00000     0.00000
    -36.245         0.00000     0.00000     0.00000     0.00000
    -36.095         0.00000     0.00000     0.00000     0.00000
    -35.945         0.00000     0.00000     0.00000     0.00000
    -35.795         0.00000     0.00000     0.00000     0.00000
    -35.645         0.00000     0.00000     0.00000     0.00000
    -35.495         0.00000     0.00000     0.00000     0.00000
    -35.345         0.00000     0.00000     0.00000     0.00000
    -35.195         0.00000     0.00000     0.00000     0.00000
    -35.045         0.00000     0.00000     0.00000     0.00000
    -34.895         0.00000     0.00000     0.00000     0.00000
    -34.745         0.00000     0.00000     0.00000     0.00000
    -34.595         0.00000     0.00000     0.00000     0.00000
    -34.445         0.00000     0.00000     0.00000     0.00000
    -34.295         0.00000     0.00000     0.00000     0.00000
    -34.145         0.00000     0.00000     0.00000     0.00000
    -33.995         0.00000     0.00000     0.00000     0.00000
    -33.845         0.00000     0.00000     0.00000     0.00000
    -33.695         0.00000     0.00000     0.00000     0.00000
    -33.545         0.00000     0.00000     0.00000     0.00000
    -33.395         0.00000     0.00000     0.00000     0.00000
    -33.245         0.00000     0.00000     0.00000     0.00000
    -33.095         0.00000     0.00000     0.00000     0.00000
    -32.945         0.00000     0.00000     0.00000     0.00000
    -32.795         0.00000     0.00000     0.00000     0.00000
    -32.645         0.00000     0.00000     0.00000     0.00000
    -32.495         0.00000     0.00000     0.00000     0.00000
    -32.345         0.00000     0.00000     0.00000     0.00000
    -32.195         0.00000     0.00000     0.00000     0.00000
    -32.045         0.00000     0.00000     0.00000     0.00000
    -31.895         0.00000     0.00000     0.00000     0.00000
    -31.745         0.00000     0.00000     0.00000     0.00000
    -31.595         0.00000     0.00000     0.00000     0.00000
    -31.445         0.00000     0.00000     0.00000     0.00000
    -31.295         0.00000     0.00000     0.00000     0.00000
    -31.145         0.00000     0.00000     0.00000     0.00000
    -30.995         0.00000     0.00000     0.00000     0.00000
    -30.845         0.00000     0.00000     0.00000     0.00000
    -30.695         0.00000     0.00000     0.00000     0.00000
    -30.545         0.00000     0.00000     0.00000     0.00000
    -30.395         0.00000     0.00000     0.00000     0.00000
    -30.245         0.00000     0.00000     0.00000     0.00000
    -30.095         0.00000     0.00000     0.00000     0.00000
    -29.945         0.00000     0.00000     0.00000     0.00000
    -29.795         0.00000     0.00000     0.00000     0.00000
    -29.645         0.00000     0.00000     0.00000     0.00000
    -29.495         0.00000     0.00000     0.00000     0.00000
    -29.345         0.00000     0.00000     0.00000     0.00000
    -29.195         0.00000     0.00000     0.00000     0.00000
    -29.045         0.00000     0.00000     0.00000     0.00000
    -28.895         0.00000     0.00000     0.00000     0.00000
    -28.745         0.00000     0.00000     0.00000     0.00000
    -28.595         0.00000     0.00000     0.00000     0.00000
    -28.445         0.00000     0.00000     0.00000     0.00000
    -28.295         0.00000     0.00000     0.00000     0.00000
    -28.145         0.00000     0.00000     0.00000     0.00000
    -27.995         0.00000     0.00000     0.00000     0.00000
    -27.845         0.00000     0.00000     0.00000     0.00000
    -27.695         0.00000     0.00000     0.00000     0.00000
    -27.545         0.00000     0.00000     0.00000     0.00000
    -27.395         0.00000     0.00000     0.00000     0.00000
    -27.245         0.00000     0.00000     0.00000     0.00000
    -27.095         0.00000     0.00000     0.00000     0.00000
    -26.945         0.00000     0.00000     0.00000     0.00000
    -26.795         0.00000     0.00000     0.00000     0.00000
    -26.645         0.00000     0.00000     0.00000     0.00000
    -26.495         0.00000     0.00000     0.00000     0.00000
    -26.345         0.00000     0.00000     0.00000     0.00000
    -26.195         0.00000     0.00000     0.00000     0.00000
    -26.045         0.00000     0.00000     0.00000     0.00000
    -25.895         0.00000     0.00000     0.00000     0.00000
    -25.745         0.00000     0.00000     0.00000     0.00000
    -25.595         0.00000     0.00000     0.00000     0.00000
    -25.445         0.00000     0.00000     0.00000     0.00000
    -25.295         0.00000     0.00000     0.00000     0.00000
    -25.145         0.00000     0.00000     0.00000     0.00000
    -24.995         0.00000     0.00000     0.00000     0.00000
    -24.845         0.00000     0.00000     0.00000     0.00000
    -24.695         0.00000     0.00000     0.00000     0.00000
    -24.545         0.00000     0.00000     0.00000     0.00000
    -24.395         0.00000     0.00000     0.00000     0.00000
    -24.245         0.00000     0.00000     0.00000     0.00000
    -24.095         0.00000     0.00000     0.00000     0.00000
    -23.945         0.00000     0.00000     0.00000     0.00000
    -23.795         0.00000     0.00000     0.00000     0.00000
    -23.645         0.00000     0.00000     0.00000     0.00000
    -23.495         0.00000     0.00000     0.00000     0.00000
    -23.345         0.00000     0.00000     0.00000     0.00000
    -23.195         0.00000     0.00000     0.00000     0.00000
    -23.045         0.00000     0.00000     0.00000     0.00000
    -22.895         0.00000     0.00000     0.00000     0.00000
    -22.745         0.00000     0.00000     0.00000     0.00000
    -22.595         0.00000     0.00000     0.00000     0.00000
    -22.445         0.00000     0.00000     0.00000     0.00000
    -22.295         0.00000     0.00000     0.00000     0.00000
    -22.145         0.00000     0.00000     0.00000     0.00000
    -21.995         0.00000     0.00000     0.00000     0.00000
    -21.845         0.00000     0.00000     0.00000     0.00000
    -21.695         0.00000     0.00000     0.00000     0.00000
    -21.545         0.00000     0.00000     0.00000     0.00000
    -21.395         0.00000     0.00000     0.00000     0.00000
    -21.245         0.00000     0.00000     0.00000     0.00000
    -21.095         0.00000     0.00000     0.00000     0.00000
    -20.945         0.00000     0.00000     0.00000     0.00000
    -20.795         0.00000     0.00000     0.00000     0.00000
    -20.645         0.00000     0.00000     0.00000     0.00000
    -20.495         0.00000     0.00000     0.00000     0.00000
    -20.345         0.00000     0.00000     0.00000     0.00000
    -20.195         0.00000     0.00000     0.00000     0.00000
    -20.045         0.00000     0.00000     0.00000     0.00000
    -19.895         0.00000     0.00000     0.00000     0.00000
    -19.745         0.00000     0.00000     0.00000     0.00000
    -19.595         0.00000     0.00000     0.00000     0.00000
    -19.445         0.00000     0.00000     0.00000     0.00000
    -19.295         0.00000     0.00000     0.00000     0.00000
    -19.145         0.00000     0.00000     0.00000     0.00000
    -18.995         0.00000     0.00000     0.00000     0.00000
    -18.845         0.00000     0.00000     0.00000     0.00000
    -18.695         0.00000     0.00000     0.00000     0.00000
    -18.545         0.00000     0.00000     0.00000     0.00000
    -18.395         0.00000     0.00000     0.00000     0.00000
    -18.245         0.00000     0.00000     0.00000     0.00000
    -18.095         0.00000     0.00000     0.00000     0.00000
    -17.945         0.00000     0.00000     0.00000     0.00000
    -17.795         0.00000     0.00000     0.00000     0.00000
    -17.645         0.00000     0.00000     0.00000     0.00000
    -17.495         0.00000     0.00000     0.00000     0.00000
    -17.345         0.00000     0.00000     0.00000     0.00000
    -17.195        -0.00000     0.00000    -0.00000     0.00000
    -17.045         0.00000     0.00000     0.00000     0.00000
    -16.895         0.00000     0.00000     0.00000     0.00000
    -16.745        -0.00000     0.00000    -0.00000     0.00000
    -16.595        -0.00000     0.00000    -0.00000     0.00000
    -16.445        -0.00043     0.00000    -0.00043     0.00000
    -16.295        -0.00043     0.00000    -0.00043     0.00000
    -16.145        -0.00133     0.00000    -0.00133     0.00000
    -15.995        -0.00270     0.00000    -0.00270     0.00000
    -15.845        -0.00380     0.00000    -0.00380     0.00000
    -15.695        -0.00583     0.00000    -0.00583     0.00000
    -15.545        -0.00766     0.00000    -0.00766     0.00000
    -15.395        -0.00930     0.00000    -0.00930     0.00000
    -15.245        -0.01383     0.00000    -0.01383     0.00000
    -15.095        -0.01855     0.00000    -0.01855     0.00000
    -14.945        -0.02351     0.00000    -0.02351     0.00000
    -14.795        -0.03085     0.00000    -0.03085     0.00000
    -14.645        -0.03761     0.00000    -0.03761     0.00000
    -14.495        -0.04734     0.00000    -0.04734     0.00000
    -14.345        -0.05400     0.00000    -0.05400     0.00000
    -14.195        -0.06173     0.00000    -0.06173     0.00000
    -14.045        -0.06958     0.00000    -0.06958     0.00000
    -13.895        -0.07718     0.00000    -0.07718     0.00000
    -13.745        -0.08410    -0.00065    -0.08345     0.00000
    -13.595        -0.09247    -0.00198    -0.09049     0.00000
    -13.445        -0.10024    -0.00196    -0.09827     0.00000
    -13.295        -0.10756    -0.00313    -0.10443     0.00000
    -13.145        -0.11640    -0.00542    -0.11098     0.00000
    -12.995        -0.12460    -0.00883    -0.11577     0.00000
    -12.845        -0.13656    -0.01379    -0.12278     0.00000
    -12.695        -0.15173    -0.02216    -0.12956     0.00000
    -12.545        -0.16473    -0.03022    -0.13451     0.00000
    -12.395        -0.18023    -0.04074    -0.13949     0.00000
    -12.245        -0.19667    -0.05216    -0.14450     0.00000
    -12.095        -0.21607    -0.06713    -0.14894     0.00000
    -11.945        -0.23714    -0.08179    -0.15535     0.00000
    -11.795        -0.25813    -0.09768    -0.16045     0.00000
    -11.645        -0.28120    -0.11623    -0.16497     0.00000
    -11.495        -0.30452    -0.13437    -0.17015     0.00000
    -11.345        -0.33395    -0.15862    -0.17533     0.00000
    -11.195        -0.36257    -0.18203    -0.18054     0.00000
    -11.045        -0.39492    -0.21062    -0.18429     0.00000
    -10.895        -0.42201    -0.23398    -0.18803     0.00000
    -10.745        -0.45744    -0.26353    -0.19391     0.00000
    -10.595        -0.49077    -0.29095    -0.19983     0.00000
    -10.445        -0.52440    -0.32189    -0.20251     0.00000
    -10.295        -0.55985    -0.35203    -0.20782     0.00000
    -10.145        -0.59901    -0.38591    -0.21310     0.00000
    -9.9950        -0.63701    -0.42126    -0.21576     0.00000
    -9.8450        -0.68536    -0.46204    -0.22332     0.00000
    -9.6950        -0.73370    -0.50378    -0.22992     0.00000
    -9.5450        -0.78265    -0.54609    -0.23656     0.00000
    -9.3950        -0.83657    -0.59180    -0.24477     0.00000
    -9.2450        -0.89233    -0.63933    -0.25301     0.00000
    -9.0950        -0.94566    -0.68539    -0.26027     0.00000
    -8.9450        -1.00679    -0.73983    -0.26696     0.00000
    -8.7950        -1.06774    -0.79063    -0.27711     0.00000
    -8.6450        -1.12722    -0.83989    -0.28733     0.00000
    -8.4950        -1.19047    -0.89077    -0.29970     0.00000
    -8.3450        -1.25833    -0.94607    -0.31226     0.00000
    -8.1950        -1.32168    -0.99528    -0.32640    -0.00000
    -8.0450        -1.39426    -1.05340    -0.34072    -0.00014
    -7.8950        -1.46942    -1.11031    -0.35880    -0.00031
    -7.7450        -1.54536    -1.16469    -0.37933    -0.00134
    -7.5950        -1.62275    -1.22001    -0.39812    -0.00462
    -7.4450        -1.70528    -1.27427    -0.41718    -0.01382
    -7.2950        -1.78526    -1.32192    -0.43850    -0.02484
    -7.1450        -1.88517    -1.37530    -0.46435    -0.04553
    -6.9950        -1.99807    -1.43350    -0.48955    -0.07502
    -6.8450        -2.12145    -1.48582    -0.51819    -0.11745
    -6.6950        -2.25977    -1.54198    -0.54540    -0.17239
    -6.5450        -2.42070    -1.59787    -0.57710    -0.24573
    -6.3950        -2.59455    -1.65119    -0.60767    -0.33569
    -6.2450        -2.80020    -1.70746    -0.64017    -0.45257
    -6.0950        -3.02345    -1.76164    -0.67543    -0.58638
    -5.9450        -3.29350    -1.81543    -0.70928    -0.76879
    -5.7950        -3.61585    -1.86966    -0.74466    -1.00152
    -5.6450        -4.00351    -1.92488    -0.78609    -1.29255
    -5.4950        -4.46163    -1.98228    -0.82786    -1.65149
    -5.3450        -4.99652    -2.04053    -0.87032    -2.08567
    -5.1950        -5.55642    -2.09804    -0.91429    -2.54409
    -5.0450        -6.15788    -2.15766    -0.96091    -3.03932
    -4.8950        -6.77415    -2.21938    -1.01065    -3.54412
    -4.7450        -7.42840    -2.28369    -1.06384    -4.08087
    -4.5950        -8.10577    -2.35118    -1.11829    -4.63629
    -4.4450        -8.79644    -2.42413    -1.17663    -5.19568
    -4.2950        -9.51454    -2.50048    -1.24306    -5.77100
    -4.1450       -10.23459    -2.57586    -1.31001    -6.34873
    -3.9950       -10.95414    -2.65508    -1.38081    -6.91826
    -3.8450       -11.69004    -2.73031    -1.46093    -7.49880
    -3.6950       -12.46393    -2.81853    -1.54511    -8.10029
    -3.5450       -13.26138    -2.90711    -1.63599    -8.71828
    -3.3950       -14.07745    -2.99898    -1.73004    -9.34843
    -3.2450       -14.92510    -3.09689    -1.82786   -10.00035
    -3.0950       -15.81011    -3.19898    -1.92964   -10.68148
    -2.9450       -16.74553    -3.30527    -2.04493   -11.39533
    -2.7950       -17.70962    -3.41813    -2.16125   -12.13024
    -2.6450       -18.74105    -3.53685    -2.29133   -12.91287
    -2.4950       -19.85446    -3.66556    -2.42913   -13.75977
    -2.3450       -21.04041    -3.80497    -2.57392   -14.66152
    -2.1950       -22.32823    -3.95759    -2.72936   -15.64128
    -2.0450       -23.71915    -4.12017    -2.89876   -16.70022
    -1.8950       -25.21850    -4.30251    -3.08328   -17.83270
    -1.7450       -26.84992    -4.50246    -3.29464   -19.05282
    -1.5950       -28.61277    -4.72233    -3.52502   -20.36542
    -1.4450       -30.54500    -4.95581    -3.78554   -21.80366
    -1.2950       -32.66400    -5.20220    -4.08184   -23.37996
    -1.1450       -35.04093    -5.47620    -4.43072   -25.13401
   -0.99500       -37.73201    -5.77134    -4.84207   -27.11860
   -0.84500       -40.81361    -6.09970    -5.32371   -29.39020
   -0.69500       -44.41549    -6.48377    -5.87774   -32.05398
   -0.54500       -48.68805    -6.89810    -6.48716   -35.30279
   -0.39500       -54.03226    -7.31126    -7.06549   -39.65551
   -0.25300       -58.49800    -7.53781    -7.35462   -43.60558
   -0.21500       -58.82148    -7.55022    -7.36939   -43.90187
   -0.20900       -59.15497    -7.56238    -7.38355   -44.20904
   -0.20300       -59.49595    -7.57422    -7.39744   -44.52429
   -0.19700       -59.84448    -7.58568    -7.41095   -44.84785
   -0.19100       -60.20381    -7.59724    -7.42406   -45.18252
   -0.18500       -60.57650    -7.60835    -7.43709   -45.53107
   -0.17900       -60.95911    -7.61949    -7.44933   -45.89030
   -0.17300       -61.35398    -7.63011    -7.46140   -46.26247
   -0.16700       -61.75962    -7.64057    -7.47280   -46.64625
   -0.16100       -62.18040    -7.65044    -7.48394   -47.04602
   -0.15500       -62.61422    -7.66023    -7.49461   -47.45938
   -0.14900       -63.06421    -7.66972    -7.50493   -47.88956
   -0.14300       -63.52843    -7.67888    -7.51496   -48.33459
   -0.13700       -64.00709    -7.68755    -7.52445   -48.79509
   -0.13100       -64.50502    -7.69589    -7.53359   -49.27554
   -0.12500       -65.02331    -7.70401    -7.54220   -49.77711
   -0.11900       -65.56225    -7.71156    -7.55044   -50.30025
   -0.11300       -66.12213    -7.71887    -7.55815   -50.84510
   -0.10700       -66.70682    -7.72570    -7.56559   -51.41553
   -0.10100       -67.31320    -7.73212    -7.57255   -52.00853
   -0.95000E-01   -67.94881    -7.73856    -7.57924   -52.63101
   -0.89000E-01   -68.60901    -7.74437    -7.58535   -53.27929
   -0.83000E-01   -69.30025    -7.74977    -7.59112   -53.95936
   -0.77000E-01   -70.02329    -7.75488    -7.59652   -54.67189
   -0.71000E-01   -70.78299    -7.75952    -7.60145   -55.42202
   -0.65000E-01   -71.58157    -7.76374    -7.60596   -56.21187
   -0.59000E-01   -72.42363    -7.76758    -7.61004   -57.04601
   -0.53000E-01   -73.31766    -7.77103    -7.61376   -57.93287
   -0.47000E-01   -74.26526    -7.77412    -7.61701   -58.87413
   -0.41000E-01   -75.26213    -7.77683    -7.61985   -59.86546
   -0.35000E-01   -76.29112    -7.77915    -7.62233   -60.88964
   -0.29000E-01   -77.32177    -7.78109    -7.62432   -61.91636
   -0.23000E-01   -78.27722    -7.78261    -7.62587   -62.86873
   -0.19700E-01   -78.36428    -7.78274    -7.62603   -62.95551
   -0.19100E-01   -78.44966    -7.78287    -7.62616   -63.04064
   -0.18500E-01   -78.53326    -7.78299    -7.62628   -63.12399
   -0.17900E-01   -78.61480    -7.78311    -7.62640   -63.20529
   -0.17300E-01   -78.69426    -7.78322    -7.62653   -63.28451
   -0.16700E-01   -78.77169    -7.78334    -7.62665   -63.36170
   -0.16100E-01   -78.84698    -7.78344    -7.62676   -63.43678
   -0.15500E-01   -78.92000    -7.78355    -7.62687   -63.50958
   -0.14900E-01   -78.99082    -7.78364    -7.62697   -63.58020
   -0.14300E-01   -79.05913    -7.78374    -7.62707   -63.64832
   -0.13700E-01   -79.12496    -7.78384    -7.62716   -63.71396
   -0.13100E-01   -79.18847    -7.78392    -7.62725   -63.77729
   -0.12500E-01   -79.24932    -7.78400    -7.62733   -63.83798
   -0.11900E-01   -79.30747    -7.78408    -7.62741   -63.89598
   -0.11300E-01   -79.36303    -7.78415    -7.62749   -63.95138
   -0.10700E-01   -79.41577    -7.78422    -7.62757   -64.00398
   -0.10100E-01   -79.46607    -7.78429    -7.62764   -64.05415
   -0.95000E-02   -79.51344    -7.78435    -7.62770   -64.10139
   -0.89000E-02   -79.55789    -7.78441    -7.62776   -64.14572
   -0.83000E-02   -79.59961    -7.78447    -7.62782   -64.18732
   -0.77000E-02   -79.63851    -7.78452    -7.62787   -64.22612
   -0.71000E-02   -79.67443    -7.78457    -7.62792   -64.26194
   -0.65000E-02   -79.70748    -7.78461    -7.62797   -64.29490
   -0.59000E-02   -79.73761    -7.78465    -7.62801   -64.32496
   -0.53000E-02   -79.76467    -7.78468    -7.62804   -64.35195
   -0.47000E-02   -79.78867    -7.78471    -7.62807   -64.37588
   -0.41000E-02   -79.80970    -7.78474    -7.62810   -64.39686
   -0.35000E-02   -79.82774    -7.78476    -7.62813   -64.41485
   -0.29000E-02   -79.84269    -7.78478    -7.62814   -64.42976
   -0.23000E-02   -79.85455    -7.78480    -7.62816   -64.44159
   -0.17000E-02   -79.86332    -7.78481    -7.62817   -64.45034
   -0.11000E-02   -79.86901    -7.78482    -7.62818   -64.45601
   -0.50000E-03   -79.87160    -7.78482    -7.62818   -64.45859
    0.10000E-03   -79.87108    -7.78482    -7.62818   -64.45808
    0.70000E-03   -79.86746    -7.78482    -7.62818   -64.45446
    0.13000E-02   -79.86074    -7.78481    -7.62817   -64.44776
    0.19000E-02   -79.85091    -7.78480    -7.62816   -64.43796
    0.25000E-02   -79.83795    -7.78478    -7.62814   -64.42503
    0.31000E-02   -79.82195    -7.78476    -7.62812   -64.40906
    0.37000E-02   -79.80290    -7.78474    -7.62810   -64.39007
    0.43000E-02   -79.78072    -7.78471    -7.62807   -64.36794
    0.49000E-02   -79.75547    -7.78468    -7.62803   -64.34276
    0.55000E-02   -79.72720    -7.78464    -7.62800   -64.31456
    0.61000E-02   -79.69601    -7.78459    -7.62795   -64.28346
    0.67000E-02   -79.66179    -7.78455    -7.62790   -64.24934
    0.73000E-02   -79.62461    -7.78450    -7.62785   -64.21226
    0.79000E-02   -79.58439    -7.78444    -7.62780   -64.17215
    0.85000E-02   -79.54146    -7.78438    -7.62774   -64.12933
    0.91000E-02   -79.49557    -7.78433    -7.62768   -64.08357
    0.97000E-02   -79.44689    -7.78426    -7.62761   -64.03503
    0.10300E-01   -79.39541    -7.78418    -7.62754   -63.98369
    0.10900E-01   -79.34109    -7.78411    -7.62747   -63.92951
    0.11500E-01   -79.28408    -7.78405    -7.62739   -63.87264
    0.12100E-01   -79.22437    -7.78397    -7.62732   -63.81308
    0.12700E-01   -79.16213    -7.78388    -7.62723   -63.75102
    0.13300E-01   -79.09706    -7.78379    -7.62713   -63.68613
    0.13900E-01   -79.02979    -7.78370    -7.62704   -63.61906
    0.14500E-01   -78.95988    -7.78359    -7.62693   -63.54935
    0.15100E-01   -78.88767    -7.78349    -7.62683   -63.47736
    0.15700E-01   -78.81312    -7.78337    -7.62671   -63.40304
    0.16300E-01   -78.73615    -7.78326    -7.62660   -63.32629
    0.16900E-01   -78.65740    -7.78315    -7.62649   -63.24776
    0.17500E-01   -78.57636    -7.78303    -7.62637   -63.16696
    0.18100E-01   -78.49287    -7.78290    -7.62626   -63.08371
    0.18700E-01   -78.40776    -7.78277    -7.62613   -62.99886
    0.19300E-01   -78.32041    -7.78264    -7.62600   -62.91177
    0.20200E-01   -77.96482    -7.78209    -7.62544   -62.55729
    0.25000E-01   -76.95767    -7.78041    -7.62374   -61.55352
    0.31000E-01   -75.91080    -7.77834    -7.62158   -60.51088
    0.37000E-01   -74.88177    -7.77585    -7.61912   -59.48680
    0.43000E-01   -73.89557    -7.77292    -7.61623   -58.50642
    0.49000E-01   -72.96845    -7.76966    -7.61290   -57.58589
    0.55000E-01   -72.09889    -7.76596    -7.60919   -56.72375
    0.61000E-01   -71.28167    -7.76185    -7.60512   -55.91470
    0.67000E-01   -70.50785    -7.75742    -7.60059   -55.14984
    0.73000E-01   -69.77549    -7.75262    -7.59561   -54.42726
    0.79000E-01   -69.07835    -7.74733    -7.59049   -53.74053
    0.85000E-01   -68.41465    -7.74159    -7.58483   -53.08823
    0.91000E-01   -67.78167    -7.73546    -7.57876   -52.46744
    0.97000E-01   -67.17811    -7.72895    -7.57249   -51.87666
    0.10300       -66.60340    -7.72203    -7.56565   -51.31571
    0.10900       -66.05381    -7.71460    -7.55870   -50.78051
    0.11500       -65.52702    -7.70679    -7.55130   -50.26894
    0.12100       -65.02468    -7.69872    -7.54350   -49.78246
    0.12700       -64.54560    -7.69034    -7.53553   -49.31973
    0.13300       -64.08603    -7.68126    -7.52699   -48.87779
    0.13900       -63.64475    -7.67202    -7.51814   -48.45460
    0.14500       -63.21996    -7.66216    -7.50900   -48.04880
    0.15100       -62.81383    -7.65197    -7.49964   -47.66222
    0.15700       -62.42510    -7.64154    -7.48991   -47.29364
    0.16300       -62.05298    -7.63051    -7.48003   -46.94243
    0.16900       -61.69284    -7.61886    -7.46965   -46.60433
    0.17500       -61.34378    -7.60713    -7.45926   -46.27739
    0.18100       -61.00775    -7.59459    -7.44884   -45.96433
    0.18700       -60.68163    -7.58163    -7.43794   -45.66206
    0.19300       -60.36842    -7.56823    -7.42630   -45.37389
    0.19900       -60.06337    -7.55431    -7.41482   -45.09424
    0.20500       -59.77063    -7.54007    -7.40330   -44.82726
    0.21100       -59.48601    -7.52572    -7.39125   -44.56904
    0.21700       -59.20959    -7.51066    -7.37919   -44.31975
    0.29500       -53.83527    -7.04115    -7.02393   -39.77019
    0.44500       -50.34470    -6.48595    -6.62697   -37.23178
    0.59500       -47.73533    -5.92487    -6.24357   -35.56689
    0.74500       -45.68498    -5.41002    -5.90532   -34.36964
    0.89500       -44.01364    -4.96645    -5.59963   -33.44756
     1.0450       -42.60485    -4.58405    -5.31976   -32.70103
     1.1950       -41.40295    -4.24641    -5.06241   -32.09413
     1.3450       -40.36549    -3.94479    -4.82229   -31.59841
     1.4950       -39.44983    -3.66859    -4.59692   -31.18432
     1.6450       -38.64488    -3.42164    -4.38952   -30.83372
     1.7950       -37.93032    -3.19408    -4.19674   -30.53949
     1.9450       -37.28748    -2.98908    -4.01169   -30.28670
     2.0950       -36.70427    -2.80287    -3.83671   -30.06469
     2.2450       -36.17721    -2.63023    -3.67372   -29.87326
     2.3950       -35.69776    -2.47134    -3.51968   -29.70674
     2.5450       -35.24499    -2.32247    -3.37302   -29.54951
     2.6950       -34.83235    -2.18339    -3.23431   -29.41465
     2.8450       -34.44698    -2.05512    -3.10277   -29.28909
     2.9950       -34.09151    -1.93597    -2.97830   -29.17724
     3.1450       -33.76531    -1.82629    -2.86121   -29.07781
     3.2950       -33.45448    -1.72349    -2.74949   -28.98151
     3.4450       -33.16675    -1.62811    -2.64435   -28.89428
     3.5950       -32.89579    -1.53964    -2.54366   -28.81250
     3.7450       -32.64069    -1.45637    -2.44909   -28.73523
     3.8950       -32.40169    -1.37823    -2.35980   -28.66366
     4.0450       -32.17482    -1.30561    -2.27383   -28.59538
     4.1950       -31.96242    -1.23808    -2.19215   -28.53220
     4.3450       -31.75927    -1.17471    -2.11440   -28.47017
     4.4950       -31.56580    -1.11619    -2.03934   -28.41027
     4.6450       -31.38166    -1.06075    -1.96789   -28.35302
     4.7950       -31.20458    -1.00770    -1.89984   -28.29704
     4.9450       -31.03552    -0.95736    -1.83422   -28.24394
     5.0950       -30.87339    -0.91018    -1.77011   -28.19311
     5.2450       -30.71817    -0.86473    -1.71111   -28.14232
     5.3950       -30.57003    -0.82102    -1.65458   -28.09442
     5.5450       -30.42866    -0.77946    -1.60131   -28.04789
     5.6950       -30.29173    -0.73952    -1.54965   -28.00256
     5.8450       -30.16275    -0.70164    -1.50273   -27.95839
     5.9950       -30.03591    -0.66594    -1.45447   -27.91551
     6.1450       -29.91318    -0.63132    -1.40819   -27.87367
     6.2950       -29.79380    -0.59846    -1.36251   -27.83283
     6.4450       -29.67852    -0.56714    -1.31846   -27.79292
     6.5950       -29.57025    -0.53710    -1.27913   -27.75402
     6.7450       -29.46223    -0.50766    -1.23858   -27.71599
     6.8950       -29.35645    -0.47931    -1.19836   -27.67879
     7.0450       -29.25566    -0.45286    -1.16169   -27.64111
     7.1950       -29.15672    -0.42660    -1.12473   -27.60539
     7.3450       -29.05974    -0.40168    -1.08758   -27.57048
     7.4950       -28.96660    -0.37872    -1.05163   -27.53625
     7.6450       -28.87775    -0.35642    -1.01865   -27.50269
     7.7950       -28.79564    -0.33465    -0.99112   -27.46987
     7.9450       -28.70856    -0.31467    -0.95629   -27.43759
     8.0950       -28.62551    -0.29584    -0.92371   -27.40596
     8.2450       -28.54664    -0.27881    -0.89291   -27.37492
     8.3950       -28.46840    -0.26056    -0.86339   -27.34444
     8.5450       -28.39514    -0.24349    -0.83703   -27.31461
     8.6950       -28.32418    -0.22933    -0.80971   -27.28514
     8.8450       -28.25586    -0.21823    -0.78143   -27.25621
     8.9950       -28.19011    -0.20718    -0.75521   -27.22772
     9.1450       -28.12355    -0.19262    -0.73120   -27.19973
     9.2950       -28.06319    -0.18165    -0.70927   -27.17227
     9.4450       -28.00523    -0.17432    -0.68573   -27.14518
     9.5950       -27.94825    -0.16951    -0.66022   -27.11852
     9.7450       -27.89544    -0.16337    -0.63970   -27.09237
     9.8950       -27.84760    -0.15856    -0.62253   -27.06651
     10.045       -27.79586    -0.15018    -0.60463   -27.04104
     10.195       -27.74967    -0.14694    -0.58682   -27.01591
     10.345       -27.70336    -0.14370    -0.56846   -26.99121
     10.495       -27.65564    -0.14047    -0.54832   -26.96684
     10.645       -27.61027    -0.13723    -0.53025   -26.94279
     10.795       -27.56654    -0.13401    -0.51349   -26.91904
     10.945       -27.52574    -0.13260    -0.49745   -26.89569
     11.095       -27.48599    -0.12945    -0.48391   -26.87263
     11.245       -27.45053    -0.12810    -0.47248   -26.84995
     11.395       -27.41426    -0.12680    -0.45994   -26.82751
     11.545       -27.38058    -0.12555    -0.44969   -26.80534
     11.695       -27.35368    -0.12432    -0.44594   -26.78342
     11.845       -27.31997    -0.12111    -0.43700   -26.76186
     11.995       -27.29177    -0.11993    -0.43132   -26.74052
     12.145       -27.26594    -0.11879    -0.42760   -26.71954
     12.295       -27.23835    -0.11768    -0.42196   -26.69872
     12.445       -27.21111    -0.11659    -0.41630   -26.67822
     12.595       -27.18830    -0.11551    -0.41482   -26.65797
     12.745       -27.16360    -0.11447    -0.41117   -26.63796
     12.895       -27.14137    -0.11345    -0.40977   -26.61815
     13.045       -27.11940    -0.11244    -0.40840   -26.59857
     13.195       -27.09545    -0.11145    -0.40479   -26.57922
     13.345       -27.07406    -0.11049    -0.40349   -26.56008
     13.495       -27.05058    -0.10954    -0.39989   -26.54115
     13.645       -27.02974    -0.10861    -0.39868   -26.52245
     13.795       -27.00916    -0.10771    -0.39750   -26.50396
     13.945       -26.98878    -0.10681    -0.39634   -26.48563
     14.095       -26.96865    -0.10595    -0.39522   -26.46749
     14.245       -26.94621    -0.10508    -0.39162   -26.44950
     14.395       -26.92659    -0.10424    -0.39057   -26.43179
     14.545       -26.90721    -0.10340    -0.38953   -26.41429
     14.695       -26.88802    -0.10259    -0.38852   -26.39692
     14.845       -26.86902    -0.10179    -0.38752   -26.37971
     14.995       -26.85027    -0.10099    -0.38656   -26.36273
     15.145       -26.83169    -0.10022    -0.38562   -26.34585
     15.295       -26.81327    -0.09945    -0.38469   -26.32912
     15.445       -26.79513    -0.09870    -0.38380   -26.31263
     15.595       -26.77721    -0.09795    -0.38294   -26.29632
     15.745       -26.75945    -0.09721    -0.38210   -26.28014
     15.895       -26.74184    -0.09649    -0.38127   -26.26409
     16.045       -26.72440    -0.09577    -0.38045   -26.24817
     16.195       -26.70719    -0.09508    -0.37965   -26.23246
     16.345       -26.69011    -0.09438    -0.37886   -26.21687
     16.495       -26.67321    -0.09370    -0.37809   -26.20141
     16.645       -26.65646    -0.09302    -0.37735   -26.18609
     16.795       -26.63986    -0.09236    -0.37661   -26.17088
     16.945       -26.62344    -0.09170    -0.37590   -26.15584
     17.095       -26.60721    -0.09106    -0.37518   -26.14097
     17.245       -26.59112    -0.09043    -0.37449   -26.12620
     17.395       -26.57516    -0.08980    -0.37381   -26.11155
     17.545       -26.55934    -0.08918    -0.37316   -26.09700
     17.695       -26.54365    -0.08858    -0.37251   -26.08257
     17.845       -26.52812    -0.08797    -0.37188   -26.06828
     17.995       -26.51275    -0.08737    -0.37125   -26.05413
     18.145       -26.49750    -0.08678    -0.37064   -26.04008
     18.295       -26.48234    -0.08619    -0.37004   -26.02611
     18.445       -26.46737    -0.08561    -0.36945   -26.01231
     18.595       -26.45255    -0.08504    -0.36886   -25.99866
     18.745       -26.43783    -0.08447    -0.36828   -25.98508
     18.895       -26.42324    -0.08391    -0.36771   -25.97162
     19.045       -26.40876    -0.08336    -0.36716   -25.95825
     19.195       -26.39442    -0.08280    -0.36660   -25.94502
     19.345       -26.38023    -0.08227    -0.36606   -25.93190
     19.495       -26.36612    -0.08173    -0.36553   -25.91887
     19.645       -26.35216    -0.08120    -0.36501   -25.90595
     19.795       -26.33826    -0.08067    -0.36449   -25.89310
     19.945       -26.32451    -0.08015    -0.36397   -25.88039
     20.095       -26.31088    -0.07963    -0.36347   -25.86777
     20.245       -26.29733    -0.07912    -0.36297   -25.85524
     20.395       -26.28390    -0.07862    -0.36249   -25.84279
     20.545       -26.27055    -0.07811    -0.36201   -25.83043
     20.695       -26.25734    -0.07762    -0.36153   -25.81819
     20.845       -26.24423    -0.07713    -0.36106   -25.80604
     20.995       -26.23124    -0.07664    -0.36060   -25.79399
     21.145       -26.21833    -0.07617    -0.36016   -25.78200
     21.295       -26.20548    -0.07569    -0.35971   -25.77008
     21.445       -26.19271    -0.07523    -0.35926   -25.75822
     21.595       -26.18003    -0.07476    -0.35882   -25.74645
     21.745       -26.16745    -0.07429    -0.35839   -25.73477
     21.895       -26.15497    -0.07383    -0.35796   -25.72318
     22.045       -26.14256    -0.07337    -0.35753   -25.71166
     22.195       -26.13023    -0.07292    -0.35711   -25.70020
     22.345       -26.11803    -0.07247    -0.35671   -25.68885
     22.495       -26.10592    -0.07203    -0.35629   -25.67760
     22.645       -26.09393    -0.07158    -0.35590   -25.66646
     22.795       -26.08199    -0.07114    -0.35550   -25.65535
     22.945       -26.07013    -0.07071    -0.35511   -25.64431
     23.095       -26.05830    -0.07027    -0.35472   -25.63330
     23.245       -26.04659    -0.06985    -0.35434   -25.62241
     23.395       -26.03496    -0.06943    -0.35396   -25.61158
     23.545       -26.02343    -0.06900    -0.35359   -25.60084
     23.695       -26.01199    -0.06859    -0.35322   -25.59019
     23.845       -26.00061    -0.06818    -0.35286   -25.57957
     23.995       -25.98934    -0.06777    -0.35249   -25.56908
     24.145       -25.97812    -0.06737    -0.35214   -25.55862
     24.295       -25.96698    -0.06696    -0.35178   -25.54824
     24.445       -25.95587    -0.06656    -0.35143   -25.53788
     24.595       -25.94486    -0.06617    -0.35109   -25.52760
     24.745       -25.93392    -0.06576    -0.35075   -25.51741
     24.895       -25.92304    -0.06537    -0.35042   -25.50725
     25.045       -25.91220    -0.06498    -0.35008   -25.49714
     25.195       -25.90149    -0.06459    -0.34974   -25.48715
     25.345       -25.89076    -0.06422    -0.34942   -25.47712
     25.495       -25.88011    -0.06384    -0.34909   -25.46717
     25.645       -25.86956    -0.06347    -0.34877   -25.45732
     25.795       -25.85906    -0.06310    -0.34845   -25.44752
     25.945       -25.84867    -0.06272    -0.34813   -25.43782
     26.095       -25.83831    -0.06235    -0.34782   -25.42814
     26.245       -25.82796    -0.06198    -0.34751   -25.41847
     26.395       -25.81769    -0.06162    -0.34719   -25.40888
     26.545       -25.80754    -0.06126    -0.34688   -25.39940
     26.695       -25.79745    -0.06090    -0.34658   -25.38997
     26.845       -25.78744    -0.06055    -0.34627   -25.38061
     26.995       -25.77745    -0.06019    -0.34597   -25.37129
     27.145       -25.76749    -0.05984    -0.34568   -25.36196
     27.295       -25.75759    -0.05950    -0.34539   -25.35271
     27.445       -25.74774    -0.05914    -0.34509   -25.34350
     27.595       -25.73797    -0.05879    -0.34480   -25.33437
     27.745       -25.72828    -0.05846    -0.34452   -25.32530
     27.895       -25.71862    -0.05812    -0.34423   -25.31627
     28.045       -25.70902    -0.05778    -0.34395   -25.30729
     28.195       -25.69943    -0.05745    -0.34367   -25.29832
     28.345       -25.68990    -0.05711    -0.34339   -25.28940
     28.495       -25.68043    -0.05678    -0.34312   -25.28054
     28.645       -25.67104    -0.05645    -0.34284   -25.27176
     28.795       -25.66169    -0.05612    -0.34256   -25.26301
     28.945       -25.65240    -0.05579    -0.34230   -25.25430
     29.095       -25.64317    -0.05547    -0.34204   -25.24566
     29.245       -25.63394    -0.05514    -0.34176   -25.23703
     29.395       -25.62479    -0.05481    -0.34151   -25.22847
     29.545       -25.61572    -0.05450    -0.34124   -25.21998
     29.695       -25.60666    -0.05418    -0.34099   -25.21149
     29.845       -25.59765    -0.05386    -0.34073   -25.20306
     29.995       -25.58870    -0.05355    -0.34047   -25.19468
     30.145       -25.57976    -0.05325    -0.34021   -25.18630
     35.794       -24.99314    -0.03316    -0.32453   -24.63545
     49.810       -24.41660    -0.01400    -0.31040   -24.09220
     69.316       -23.85125     0.00448    -0.29723   -23.55850
     96.460       -23.29801     0.02233    -0.28485   -23.03549
     134.23       -22.75737     0.03961    -0.27302   -22.52396
     186.80       -22.23034     0.05641    -0.26171   -22.02504
     259.95       -21.71749     0.07264    -0.25086   -21.53927
     361.74       -21.21876     0.08839    -0.24044   -21.06671
     503.40       -20.73464     0.10355    -0.23043   -20.60776
     700.53       -20.26478     0.11817    -0.22079   -20.16216
     974.85       -19.80896     0.13232    -0.21147   -19.72980
     1356.6       -19.36735     0.14592    -0.20253   -19.31074
     1887.8       -18.93915     0.15905    -0.19387   -18.90434
     2627.1       -18.52409     0.17166    -0.18551   -18.51024
     3655.9       -18.12153     0.18381    -0.17748   -18.12787
     5087.5       -17.73117     0.19551    -0.16969   -17.75699
     7079.7       -17.35230     0.20679    -0.16217   -17.39692
     9852.1       -16.98553     0.21766    -0.15488   -17.04831
     13710.       -16.63086     0.22811    -0.14780   -16.71117
     19079.       -16.28799     0.23820    -0.14100   -16.38520
     26550.       -15.95687     0.24790    -0.13440   -16.07037
     36947.       -15.63777     0.25728    -0.12806   -15.76699
     51416.       -15.33143     0.26632    -0.12192   -15.47583
     71550.       -15.03835     0.27502    -0.11602   -15.19735
     99568.       -14.75818     0.28347    -0.11037   -14.93127
    0.13856E+06   -14.48951     0.29163    -0.10494   -14.67620
    0.19282E+06   -14.23278     0.29950    -0.09977   -14.43252
    0.26832E+06   -13.98777     0.30712    -0.09482   -14.20007
    0.37340E+06   -13.75351     0.31447    -0.09008   -13.97790
    0.51962E+06   -13.52997     0.32154    -0.08554   -13.76597
    0.72310E+06   -13.31608     0.32834    -0.08120   -13.56322
    0.10063E+07   -13.11179     0.33484    -0.07707   -13.36957
    0.14003E+07   -12.91722     0.34105    -0.07312   -13.18514
    0.19487E+07   -12.73189     0.34695    -0.06938   -13.00946
    0.27118E+07   -12.55511     0.35261    -0.06578   -12.84193
    0.37737E+07   -12.38694     0.35801    -0.06236   -12.68259
    0.52514E+07   -12.22682     0.36315    -0.05908   -12.53089
    0.73079E+07   -12.07451     0.36804    -0.05597   -12.38657
    0.10170E+08   -11.92941     0.37270    -0.05299   -12.24913
    0.14152E+08   -11.79143     0.37721    -0.05016   -12.11848
    0.19694E+08   -11.66012     0.38149    -0.04748   -11.99413
    0.27406E+08   -11.53532     0.38553    -0.04492   -11.87592
    0.38138E+08   -11.41649     0.38938    -0.04249   -11.76338
    0.53073E+08   -11.30386     0.39308    -0.04018   -11.65675
    0.73856E+08   -11.19741     0.39658    -0.03798   -11.55601
    0.10278E+09   -11.09727     0.39990    -0.03588   -11.46130
    0.14302E+09   -11.00372     0.40306    -0.03389   -11.37290
    0.19903E+09   -10.91712     0.40607    -0.03203   -11.29117
    0.27697E+09   -10.83705     0.40894    -0.03028   -11.21571
    0.38543E+09   -10.76289     0.41167    -0.02866   -11.14590
    0.53637E+09   -10.69401     0.41425    -0.02718   -11.08108
    0.74641E+09   -10.63078     0.41672    -0.02580   -11.02170
    0.10387E+10   -10.57304     0.41904    -0.02452   -10.96756
    0.14454E+10   -10.52001     0.42123    -0.02334   -10.91790
    0.20115E+10   -10.47123     0.42330    -0.02227   -10.87226
    0.27992E+10   -10.42636     0.42521    -0.02128   -10.83029
    0.38953E+10   -10.38500     0.42698    -0.02038   -10.79161
    0.54207E+10   -10.34689     0.42861    -0.01954   -10.75596
    0.75434E+10   -10.31183     0.43013    -0.01879   -10.72317
    0.10497E+11   -10.27953     0.43153    -0.01808   -10.69299
    0.14608E+11   -10.24983     0.43281    -0.01742   -10.66521
    0.20329E+11   -10.22248     0.43397    -0.01682   -10.63964
    0.28289E+11   -10.19731     0.43503    -0.01627   -10.61608
    0.39367E+11   -10.17412     0.43602    -0.01576   -10.59439
    0.54783E+11   -10.15277     0.43692    -0.01529   -10.57440
    0.10000E+12    -9.90425     0.44742    -0.00985   -10.34181
