#"Time (ps)"	"Potential Energy (kJ/mole)"	"Kinetic Energy (kJ/mole)"	"Temperature (K)"	"Box Volume (nm^3)"	"Density (g/mL)"	"Speed (ns/day)"	"Time Remaining"
100.99999999994601	-69118.07204506086	7780.7467012624875	301.24179004393096	33.359086872375485	1.1952224280885395	0	--
101.99999999994368	-69061.07594167572	7770.973666602031	300.86341421853626	33.11903220811637	1.2038856860269598	297	1:55
102.99999999994135	-68939.1137773351	7697.537522339407	298.0202377984624	32.853858305982186	1.2136026289234088	296	1:55
103.99999999993902	-69188.39626806477	7811.709519456626	302.44055606674647	33.091613353284686	1.204883194565051	300	1:54
104.99999999993669	-68974.02602811859	7632.375106837271	295.4973896139476	33.52648047669332	1.1892548291233471	301	1:53
105.99999999993436	-69182.90619692687	7527.526782124169	291.4380495232905	33.12105425760637	1.2038121884740587	302	1:52
106.99999999993203	-69111.17934093944	7486.711365135114	289.85782724550097	33.127703235311984	1.2035705743680016	302	1:52
107.9999999999297	-69231.6384868494	7692.542331336576	297.8268424423252	32.857027828640696	1.213485559873498	301	1:52
108.99999999992737	-68784.44122873797	7636.497644745581	295.6569990636192	33.363381381546006	1.195068579963269	300	1:52
109.99999999992504	-69003.26392235185	7705.843797477442	298.34182610961676	33.243260716808265	1.1993868215899033	300	1:52
110.99999999992271	-69110.45782240457	7528.3667365163365	291.4705694567065	33.17005560071533	1.2020338250369802	301	1:51
111.99999999992038	-68963.3076269619	7660.0697006887995	296.56962205470035	32.98260826411577	1.208865244711297	301	1:51
112.99999999991805	-69067.46608249057	7743.289475382149	299.79158452928004	32.8544307260322	1.2135814844244115	302	1:50
113.99999999991572	-69401.91084473702	7729.40956116415	299.2542054877533	32.8643774145433	1.2132141834755408	302	1:50
114.99999999991338	-69091.46321958027	7536.321629276143	291.77855353928595	33.10730479392133	1.2043121316760816	302	1:50
115.99999999991105	-68923.54771649558	7598.959488823632	294.2036602365062	33.25799165078678	1.1988555782042816	301	1:50
116.99999999990872	-68837.59773805307	7711.041583018962	298.5430651784246	33.42601761096905	1.192829169016322	301	1:49
117.9999999999064	-69134.44190662299	7658.266568408082	296.49981142896166	33.57924212087692	1.18738620326479	301	1:49
118.99999999990406	-68914.45446716488	7688.412499434286	297.666950596132	33.45883118659921	1.1916593436290246	301	1:49
119.99999999990173	-69135.77241267412	7784.162465489328	301.3740358256751	33.365961214785436	1.19497617808022	300	1:49
120.9999999998994	-69181.82901791955	7641.982357186699	295.86934688280354	33.35053489552148	1.1955289153629542	301	1:48
121.99999999989707	-69283.77542640024	7810.758074036263	302.40371961228215	33.28201934337434	1.1979900738311011	301	1:48
122.99999999989474	-69169.00847854847	7707.941081138936	298.42302519097433	33.42573648839379	1.1928392011425537	301	1:48
123.99999999989241	-68902.97016641524	7595.075465999482	294.05328521042696	33.25939291635189	1.1988050687123162	302	1:47
124.99999999989008	-69110.2819401696	7703.338554134199	298.24483233534414	33.37761358379374	1.1945590031570288	302	1:47
125.99999999988775	-68850.35308176267	7621.125352469209	295.0618406527097	33.50647821989028	1.1899647748341518	302	1:47
126.99999999988542	-68993.10551026615	7757.077637573153	300.3254112710194	33.62820551749196	1.185657343198931	301	1:46
127.99999999988309	-69249.92747053239	7655.4292188770305	296.3899597290502	33.16991413763465	1.2020389514719556	301	1:46
128.99999999988785	-68783.52648899544	7628.854808712418	295.36109666555393	33.34344093725755	1.1957832692025856	301	1:46
129.99999999989262	-69090.97730701341	7641.750495456294	295.860370052508	32.73477487149776	1.2180175048380548	301	1:46
130.9999999998974	-69441.38292330736	8007.412576038632	310.01745598976623	33.365222337268015	1.1950026409948953	301	1:45
131.99999999990217	-69198.80505440361	7713.447298980442	298.63620561987557	33.280044999411764	1.1980611447827638	301	1:45
132.99999999990695	-69137.67317880163	7663.404719340819	296.69874166585555	33.34155932901961	1.19585075241859	301	1:45
133.99999999991172	-69162.0331979999	7732.012591537228	299.35498521484527	33.42071102308685	1.1930185681230454	301	1:44
134.9999999999165	-69045.26412644808	7693.781889491398	297.87483355831426	33.69310818360776	1.1833734244148866	301	1:44
135.99999999992127	-68926.55964083824	7536.9631505874	291.8033908763147	33.746018002256335	1.1815180329646968	301	1:44
136.99999999992605	-69146.84691747755	7583.859193283463	293.6190325351605	33.20033381940444	1.200937587775507	301	1:44
137.99999999993082	-69338.3508084798	7609.348720471396	294.6058929345898	33.21389343926147	1.2004473032747744	301	1:43
138.9999999999356	-69054.5477925466	7655.770186153372	296.40316072332683	33.947368632816676	1.1745101436779295	301	1:43
139.99999999994037	-68968.4684636344	7779.275956226945	301.1848482253349	33.45136736318529	1.1919252321594942	301	1:43
140.99999999994515	-68783.55519418005	7731.366460275773	299.3299693975623	33.30671242473734	1.1971019025223286	301	1:43
141.99999999994992	-68968.26794024627	7500.20890482508	290.38040215681826	33.39765852278974	1.193842040848756	300	1:42
142.9999999999547	-68853.61734633721	7686.9675180632785	297.6110062515215	33.26193675050108	1.1987133854981102	300	1:42
143.99999999995947	-68791.61463745785	7673.882538787469	297.10440415649464	33.19046617903202	1.2012946306733672	300	1:42
144.99999999996425	-68868.64502234073	7635.622832942661	295.6231295799333	32.95848211394895	1.2097501539229687	300	1:42
145.99999999996902	-69155.40423601342	7619.020806347656	294.98036039570763	32.76620183682471	1.2168492707509062	300	1:41
146.9999999999738	-69176.9304745376	8035.477135859637	311.1040121471467	33.31211806973345	1.1969076456487293	300	1:41
147.99999999997857	-68793.68400281141	7543.660663519698	292.06269385352647	33.00236759117543	1.208141467434551	300	1:41
148.99999999998334	-69105.04391564059	7629.357199732622	295.3805473913054	33.247417282172776	1.1992368752142506	300	1:41
149.99999999998812	-68795.7254676508	7576.876066686691	293.3486716511885	33.276782090876246	1.198178619000214	300	1:40
150.9999999999929	-68745.78533307262	7623.086424634461	295.1377661277506	33.34024715536961	1.1958978175719868	300	1:40
151.99999999999767	-68896.68002288375	7735.366803060807	299.4848479031378	33.278324101397814	1.1981230992561431	300	1:40
153.00000000000244	-69087.10275301235	7684.861545794438	297.529470779361	33.26392605857201	1.1986416979225574	300	1:39
154.00000000000722	-68858.20610483506	7798.830948218442	301.9419453289918	33.265335377605425	1.1985909162743353	300	1:39
155.000000000012	-68459.37896392687	7679.203311134878	297.31040482042704	33.32135579094657	1.1965758254425611	300	1:39
156.00000000001677	-68741.95308567083	7601.674257019586	294.3087660396254	33.26402277796589	1.1986382127187598	300	1:38
157.00000000002154	-68642.00851481414	7580.640779222778	293.49442742334185	33.4768439444313	1.1910181520277265	300	1:38
158.00000000002632	-68820.07865942726	7664.592265392481	296.74471906521035	33.46748417536264	1.191351241147935	300	1:38
159.0000000000311	-68987.55332746843	7587.597162479131	293.7637529038944	33.45963638672126	1.1916306665615921	300	1:38
160.00000000003587	-69035.59948475088	7773.728184528818	300.97005898449925	33.199830984933016	1.20095577680838	300	1:37
161.00000000004064	-69046.85902600182	7681.208693251099	297.38804581320153	33.01021797753355	1.207854151025399	300	1:37
162.00000000004542	-69338.18646037171	7830.47825706612	303.16721230315	32.981153179406135	1.2089185782416323	300	1:37
163.0000000000502	-68936.3130257517	7389.922937733966	286.11053662606366	32.86250011312236	1.2132834894839915	300	1:36
164.00000000005497	-69155.39836457337	7638.6514858604705	295.74038784079335	33.17823189415068	1.2017376012567595	300	1:36
165.00000000005974	-69180.99791739523	7699.051061904052	298.0788364632515	33.56964106078288	1.1877258007681333	300	1:36
166.00000000006452	-68901.74943563982	7480.354342137707	289.61170678166707	33.643399459855196	1.1851218797908232	300	1:36
167.0000000000693	-68881.27968714054	7689.491821414087	297.7087379589279	33.67365393416614	1.1840570936664077	300	1:35
168.00000000007407	-68868.91795260838	7563.0365364441695	292.812856128117	33.41690606718708	1.1931544090363302	300	1:35
169.00000000007884	-69033.26205782747	7580.590431603896	293.49247814939434	33.787569377619164	1.1800650222808864	300	1:35
170.00000000008362	-68931.58445062954	7681.056720107262	297.3821619740732	33.33404325335085	1.196120389818272	300	1:35
171.0000000000884	-68790.23249660892	7382.934242618286	285.8399601495955	33.42103937586805	1.1930068470344086	300	1:34
172.00000000009317	-68630.79357340693	7592.485612464045	293.95301564184683	33.33102798551146	1.1962285960021621	300	1:34
173.00000000009794	-68852.3128446556	7788.7856292216875	301.5530276592193	33.36748888917567	1.194921468104583	300	1:34
174.00000000010272	-68763.05328506822	7577.9121171134775	293.3887836991865	33.424928941713645	1.192868020151818	300	1:33
175.0000000001075	-68831.87432803339	7737.445381517696	299.56532278802234	33.34448834160696	1.1957457077146332	300	1:33
176.00000000011227	-68960.69184612721	7531.47666684642	291.5909744789384	32.88160739109863	1.21257845871643	300	1:33
177.00000000011704	-69002.21097983437	7368.848315636707	285.2946050543486	33.17180384899412	1.2019704744403341	300	1:33
178.00000000012182	-69324.34226887586	7556.962692315856	292.57769930475393	33.24895209907898	1.1991815168070101	300	1:32
179.0000000001266	-69211.22120876072	7622.069948112968	295.0984119091095	33.24407174950026	1.1993575609767635	300	1:32
180.00000000013137	-69100.35052458421	7493.942385384572	290.1377856566181	33.58891242315464	1.1870443528541155	300	1:32
181.00000000013614	-68980.66624339393	7621.595194424913	295.080031198837	33.50282174232057	1.190094646865272	300	1:31
182.00000000014091	-69243.77742544346	7687.293859862273	297.62364100130446	33.385449528286536	1.1942786265805752	300	1:31
183.0000000001457	-68955.10322474083	7665.592451271876	296.7834425703254	33.0345574851556	1.2069642170425263	300	1:31
184.00000000015046	-68934.05625734903	7776.495034662491	301.07718120798916	32.72874333375528	1.2182419717073296	300	1:31
185.00000000015524	-68914.1290050821	7760.045234583886	300.44030567254214	33.096755266235135	1.204696003873635	300	1:30
186.00000000016001	-69229.38764242985	7621.2551756311095	295.0668669263029	33.022996484881	1.207386762393644	300	1:30
187.0000000001648	-68902.70227608457	7506.934773312353	290.64080295644555	33.31697468312928	1.1967331724932067	300	1:30
188.00000000016956	-68784.04354791244	7555.4643570816315	292.51968929551276	33.42823297198029	1.1927501176576598	300	1:29
189.00000000017434	-68879.86177325889	7891.599675623472	305.53360800309656	33.271719736255974	1.198360924126486	300	1:29
190.0000000001791	-69009.63874436717	7637.680651358617	295.70280071266745	33.10729551454804	1.2043124692228866	300	1:29
191.0000000001839	-68931.66898684355	7524.765334528794	291.3311364661403	33.32935495323311	1.1962886430404627	299	1:29
192.00000000018866	-68728.39721952149	7969.793084633902	308.5609681530057	33.49306286972797	1.1904414047021727	299	1:28
193.00000000019344	-68735.60591235201	7693.533245584622	297.86520698410015	33.10691277233314	1.2043263920318503	299	1:28
194.0000000001982	-68489.1123456207	7556.206694319588	292.54842985306647	33.304561410324304	1.1971792187618213	299	1:28
195.000000000203	-68867.43890522709	7809.193172471359	302.3431324004432	32.93070053648333	1.2107707446503972	299	1:28
196.00000000020776	-68475.96974033726	7620.6937589123045	295.04513094339194	33.554841828353936	1.1882496426112072	299	1:27
197.00000000021254	-69018.26544157392	7738.241484708872	299.59614496481043	33.54265590718686	1.1886813292525908	299	1:27
198.0000000002173	-68793.60007350359	7706.228757538578	298.3567303421235	33.25526649501101	1.1989538203339531	300	1:27
199.0000000002221	-68840.96603916356	7803.901526110536	302.13825938719435	33.229216099406656	1.1998937528691538	299	1:26
200.00000000022686	-69117.26422947028	7812.455919166677	302.4694539082232	33.507318549768996	1.1899349317133596	299	1:26
201.00000000023164	-68656.95571357585	7567.244919769944	292.9757891954589	33.42528222733738	1.1928554122366577	299	1:26
202.0000000002364	-68662.54103154392	7561.28732522013	292.745133126646	33.1322417166228	1.2034057082957106	299	1:25
203.0000000002412	-69036.18878107317	7558.678122977952	292.6441144475657	33.401411059638384	1.1937079166873024	299	1:25
204.00000000024596	-68818.27670480279	7898.572923156811	305.80358640620045	33.441811518403746	1.192265819346389	299	1:25
205.00000000025074	-69020.55709575917	7632.524507545529	295.50317385786616	33.22480826689094	1.2000529390608938	299	1:25
206.0000000002555	-69055.91013956259	7500.495418799646	290.3914949202617	32.957471944557675	1.2097872336048885	299	1:24
207.0000000002603	-68972.00987234383	7603.389630635438	294.3751789738172	32.93900153478568	1.2104656168254002	299	1:24
208.00000000026506	-69026.705696286	7873.535945798747	304.834247065619	32.869795061325135	1.2130142197731655	299	1:24
209.00000000026984	-68917.11867917035	7501.222182936102	290.41963254481266	32.87650864128682	1.212766515004756	299	1:24
210.0000000002746	-69221.52946027622	7659.942684957842	296.56470447446975	32.88154032015998	1.212580932103462	299	1:23
211.00000000027939	-68957.22022011096	7492.942882659339	290.0990886007104	33.18526164015362	1.2014830331237545	299	1:23
212.00000000028416	-68935.27887110587	7777.786174767991	301.1271693866964	33.49206717916066	1.190476795508935	299	1:23
213.00000000028894	-69007.07385411748	7638.276101832462	295.7258543569398	33.48766901504918	1.1906331489510096	299	1:22
214.0000000002937	-68863.054653075	7485.832023834209	289.8237823963735	33.58890458822487	1.187044629743441	299	1:22
215.00000000029848	-68982.07755885104	7487.539814801765	289.88990175841406	33.27071184175471	1.1983972269682077	299	1:22
216.00000000030326	-69364.09589192685	7831.411302736361	303.2033363872113	33.30634781527963	1.1971150073718284	299	1:22
217.00000000030803	-68835.49426061066	7544.220045666715	292.08435106532835	33.07812331739933	1.2053745742414728	299	1:21
218.0000000003128	-69025.81862963582	7541.386269744813	291.9746377223713	33.19034226861716	1.201299115499551	299	1:21
219.00000000031758	-68955.92523339376	7416.773369125198	287.15008621253634	33.460046219847094	1.1916160709535135	299	1:21
220.00000000032236	-69137.9285650395	7566.803843956229	292.95871236816066	33.48033325813977	1.1908940243515511	299	1:20
221.00000000032713	-69052.05855299151	7628.852841342539	295.36102049625464	33.43233494994079	1.1926037732667478	299	1:20
222.0000000003319	-69034.1638511612	7593.127141237533	293.9778532677856	33.75742530353901	1.1811187746666556	299	1:20
223.00000000033668	-69017.0483414671	7606.448349440855	294.4936012748587	32.931235555421544	1.210751073803941	299	1:20
224.00000000034146	-69183.3656244573	7474.9512440967155	289.4025187707802	32.939386614881236	1.2104514657963952	299	1:19
225.00000000034623	-69024.40985464194	7492.058736170472	290.0648577124431	33.651204320447754	1.1848470096563437	299	1:19
226.000000000351	-68902.66997150498	7478.098708547254	289.5243769756009	33.68191726975338	1.1837666036375578	299	1:19
227.00000000035578	-69179.93130204178	7726.516361914668	299.1421914929106	33.405495354934764	1.1935619689748802	299	1:18
228.00000000036056	-69027.22480304068	7649.125310824993	296.14589567982983	33.607952424187296	1.186371853517682	299	1:18
229.00000000036533	-68871.00243365346	7532.831993107138	291.6434477086358	33.535422596989086	1.1889377178743812	299	1:18
230.0000000003701	-68830.40365805183	7837.854170582794	303.45278044670766	33.037561097657104	1.2068544857944945	299	1:18
231.00000000037488	-68892.45768717086	7969.8729921927315	308.56406187870897	33.2587792465007	1.1988271883013328	299	1:17
232.00000000037966	-68779.23412143544	7552.143790971348	292.3911292334227	33.722004608037764	1.1823593903700977	299	1:17
233.00000000038443	-68897.80559395815	7567.430473007277	292.98297313184815	33.595986180418485	1.1867944163418067	299	1:17
234.0000000003892	-69321.97327495029	7841.315313960159	303.5867831416453	32.997819470706	1.208307986708435	299	1:16
235.00000000039398	-69400.24874457266	7628.786363904951	295.3584467352693	33.04389671722101	1.2066230914478646	299	1:16
236.00000000039876	-69000.55152040184	7573.605308536663	293.2220399694561	33.16070556641575	1.202372752007965	299	1:16
237.00000000040353	-68801.8742716845	7614.798035304898	294.81687028907567	33.097484286376535	1.2046694686952062	299	1:16
238.0000000004083	-69114.5443123254	7682.994633962552	297.45719084484	33.26575697067835	1.1985757259503027	299	1:15
239.00000000041308	-69347.6102077841	7483.008905968585	289.7144816940119	33.141840507771825	1.2030571688095357	299	1:15
240.00000000041786	-69591.22503493473	7477.752340015365	289.51096686464786	32.8353896122201	1.2142852355733422	299	1:15
241.00000000042263	-69219.60314919188	7408.838069476493	286.8428607028918	33.057529216965214	1.2061254956088787	299	1:14
242.0000000004274	-69200.22753730245	7697.963034367003	298.036712053415	33.042569991954274	1.2066715397781014	299	1:14
243.00000000043218	-68746.71690201355	7662.246872596186	296.6539141140355	32.893530656201015	1.2121389226091077	299	1:14
244.00000000043696	-68725.70058519469	7734.613679987342	299.4556897578485	33.04778082410128	1.2064812769921123	299	1:13
245.00000000044173	-68423.10884516756	7535.019157063471	291.728126623221	33.56435551848808	1.1879128377261685	299	1:13
246.0000000004465	-68809.29061874916	7605.144748364753	294.4431306533688	33.09197307069169	1.2048700972058346	299	1:13
247.00000000045128	-69222.16960994294	7867.709309855543	304.60866123062715	33.580835157105426	1.18732987502786	299	1:13
248.00000000045605	-69131.15435477617	7661.196393976827	296.61324345968205	33.42194808261403	1.1929744104640678	299	1:12
249.00000000046083	-69174.49297222233	7486.8866253836495	289.86461267536004	33.46385137275296	1.191480573060442	299	1:12
250.0000000004656	-69126.92461356331	7564.283233237349	292.86112362583134	33.52979937947478	1.189137112309251	299	1:12
251.00000000047038	-69158.40081087901	7397.730125935257	286.4128021333812	33.349938597077696	1.195550291475227	299	1:11
252.00000000047515	-69175.46231747113	7436.166808245085	287.90092858536866	32.80973056378746	1.2152348746936648	299	1:11
253.00000000047993	-69365.54751875738	7849.207922379879	303.8923558044961	33.30289990595619	1.197238946848775	299	1:11
254.0000000004847	-68875.21657677297	7668.8542562688035	296.90972761902	33.49424544919211	1.1903993738536023	299	1:11
255.00000000048948	-69308.42686063916	7741.7644567034495	299.7325414355693	32.86524312205458	1.2131822260478253	299	1:10
256.00000000049425	-69049.52692893875	7389.899925332495	286.1096456708278	33.30770726477159	1.1970661472874147	299	1:10
257.000000000499	-69211.92879321863	7495.219511765245	290.18723127563106	33.296766084763036	1.1974594982863156	299	1:10
258.0000000005038	-69140.59668767103	7667.052880320262	296.83998499197975	33.16776543394566	1.202116823028738	299	1:09
259.0000000005086	-68830.03611500972	7569.1890756137445	293.05105973297884	33.273026286393744	1.1983138674320624	299	1:09
260.00000000051335	-68938.8668074162	7781.816775354731	301.28321936265877	33.28194407884554	1.197992782992507	299	1:09
261.0000000005181	-68875.22737215884	7528.341183674984	291.4695801450163	33.517585989774865	1.18957041902065	299	1:09
262.0000000005229	-69084.14108370207	7535.273288838708	291.7379656674437	33.15853255995045	1.2024515481295694	299	1:08
263.0000000005277	-69130.88508077606	7830.310271904849	303.16070853781423	33.48508099866445	1.1907251713683304	299	1:08
264.00000000053245	-68967.6036335988	7475.376709857287	289.41899123444443	33.25626814637875	1.1989177088337477	299	1:08
265.0000000005372	-68825.79747668875	7516.186721595081	290.99900424085837	33.60226254131628	1.18657274227866	299	1:07
266.000000000542	-69021.11797963348	7393.40796487837	286.2454640122953	33.4590586655037	1.1916512418660694	299	1:07
267.0000000005468	-69097.63159203617	7633.56879604877	295.543604853774	33.50555028287341	1.1899977309370668	299	1:07
268.00000000055155	-69010.23679044552	7586.650613055586	293.7271060043536	33.403775836124346	1.1936234097014353	299	1:07
269.0000000005563	-68908.58811874912	7661.879723264085	296.6396994472095	33.24956638405185	1.1991593619561163	299	1:06
270.0000000005611	-68801.58001246912	7462.927111670054	288.93698874969044	33.88533291207965	1.1766603832362972	299	1:06
271.0000000005659	-68860.49667564355	7545.205065554974	292.12248739925116	33.58074602630333	1.187333026466605	299	1:06
272.00000000057065	-68985.26099364384	7627.861254870686	295.32262992845534	33.50632296397164	1.1899702886911772	299	1:05
273.0000000005754	-69048.1420843623	7696.832798334207	297.9929534864337	33.35928654610125	1.195215274023209	299	1:05
274.0000000005802	-69083.75565767649	7754.501393988703	300.225668629501	33.71750859439878	1.1825170504157798	299	1:05
275.000000000585	-69075.4033912401	7560.330757748419	292.7080983652613	33.19209072900701	1.2012358346433685	299	1:04
276.00000000058975	-69126.5722573594	7777.501537190648	301.1161492704268	33.155722145683484	1.2025534728281586	299	1:04
277.0000000005945	-68909.5982916322	7835.009051932432	303.34262795517583	33.45965683309512	1.191629938385382	299	1:04
278.0000000005993	-68867.11911609201	7527.214991041143	291.4259781235166	33.56373080295773	1.1879349481286976	299	1:04
279.0000000006041	-68632.91805742102	7566.844746890267	292.96029597877555	33.958038859525395	1.1741410914615582	299	1:03
280.00000000060885	-68543.86830826403	7641.915711845133	295.866766621196	33.83680792395703	1.1783478187428975	299	1:03
281.0000000006136	-68969.88508227523	7797.747485576765	301.899997655053	33.40381547516754	1.1936219932737242	299	1:03
282.0000000006184	-69224.61049482279	7745.372398069262	299.87222760672233	33.264569625787466	1.19861850788858	299	1:02
283.0000000006232	-68897.21375790011	7849.202955279703	303.89216349671307	33.3703722836005	1.1948182199337218	299	1:02
284.00000000062795	-68947.78298949252	7779.478554705704	301.1926920905505	33.248590158041786	1.1991945709846434	299	1:02
285.0000000006327	-68972.64602810162	7412.20596624022	286.9732532331644	33.38036403476835	1.1944605747525021	299	1:02
286.0000000006375	-68724.55650514012	7487.427570899145	289.8855560888473	33.15046788300961	1.2027440744162843	299	1:01
287.0000000006423	-68646.60779083704	7649.643488856633	296.1659576203872	33.0845496872008	1.2051404413052051	299	1:01
288.00000000064705	-68922.42510721652	7713.438272449904	298.6358561459341	33.210673945987494	1.2005636764632543	299	1:01
289.0000000006518	-68895.11625002063	7591.084860803318	293.89878370834674	33.22658575322241	1.1999887411408288	299	1:00
290.0000000006566	-68945.55366683088	7595.762396313428	294.0798806164148	33.24198039017604	1.199433016397553	299	1:00
291.0000000006614	-69274.76202237519	7625.828022247146	295.2439106668462	32.982132792764574	1.2088826717465626	299	1:00
292.00000000066615	-69019.73335766379	7593.666923224136	293.9987516337292	33.08017181584337	1.2052999311001504	299	1:00
293.0000000006709	-69170.83115556481	7841.002799617305	303.5746837399207	33.70638912177285	1.182907153488651	299	0:59
294.0000000006757	-69169.47605791333	7589.2878809428	293.82921128160683	33.18515240348016	1.2014869880855448	299	0:59
295.0000000006805	-69405.81697705848	7746.199376273254	299.90424515003315	32.96712181524509	1.2094331144182333	299	0:59
296.00000000068525	-69193.88646965238	7784.757449695666	301.39707141779064	33.428077427944224	1.192755667637844	299	0:58
297.00000000069	-69326.94194823864	7446.799742058122	288.31259653167746	33.08585690613105	1.2050928263257004	299	0:58
298.0000000006948	-69299.70433988917	7713.058855947346	298.62116653955167	33.372031449123575	1.1947588168614252	299	0:58
299.0000000006996	-69368.33825830263	7617.128600390954	294.9071011660458	32.984953262377644	1.2087793028918516	299	0:58
300.00000000070435	-69229.03586288344	7607.327164876653	294.5276257644305	33.370376887212274	1.1948180551025231	299	0:57
301.0000000007091	-69384.51212007206	7775.871821204434	301.05305268345387	33.27328977435133	1.198304378100661	299	0:57
302.0000000007139	-69377.10252890066	7760.853605577631	300.47160281335977	33.178595986829016	1.2017244137227823	299	0:57
303.00000000071867	-69133.73599447409	7699.90472288712	298.1118870652699	33.424839102910845	1.1928712263253616	299	0:56
304.00000000072345	-69147.69757474147	7616.094135922241	294.86705052048995	33.12464351624189	1.2036817480274795	299	0:56
305.0000000007282	-69143.89415124824	7450.118961175132	288.4411044431603	33.10171932348457	1.2045153431691877	299	0:56
306.000000000733	-69106.9515286315	7655.9850454242405	296.4114792811529	33.55200659661999	1.1883500527933788	299	0:56
307.00000000073777	-68904.94334439168	7601.31435545143	294.29483197946473	33.190013994413626	1.2013109972514062	299	0:55
308.00000000074255	-69017.13946359672	7802.425868358301	302.0811273663431	33.46977390055593	1.1912697387464244	299	0:55
309.0000000007473	-69167.09575390533	7639.132054520842	295.7589936853282	33.2152781656336	1.200397257298013	299	0:55
310.0000000007521	-68984.42003610035	7573.207568352584	293.20664093776605	33.22292101778651	1.2001211088293888	299	0:54
311.00000000075687	-68850.11982107654	7442.214295175192	288.13506495531334	32.84471786240047	1.213940365615402	299	0:54
312.00000000076164	-69118.09711813019	7502.8388736549205	290.4822248415141	33.37555999966777	1.1946325038685206	299	0:54
313.0000000007664	-69094.77730258246	7591.633887073716	293.9200399788341	33.534206839189494	1.1889808219296125	299	0:54
314.0000000007712	-69183.27761551153	7849.2162798427635	303.8926793746078	33.31166664919662	1.1969238654523682	299	0:53
315.00000000077597	-68768.95970806986	7622.476703150754	295.11415996265714	33.50446130268269	1.1900364088893634	299	0:53
316.00000000078074	-69164.46827939863	8022.613080457608	310.6059634089835	33.20127806630969	1.2009034330180188	299	0:53
317.0000000007855	-69037.91919404606	7678.877091350923	297.297774794616	33.610505497216174	1.1862817360399283	299	0:52
318.0000000007903	-68959.3542413807	7571.355072256567	293.134919127323	33.37922546174451	1.1945013180762203	299	0:52
319.00000000079507	-68828.4706131893	7579.706245506846	293.4582457276444	33.48418200049534	1.1907571404858368	299	0:52
320.00000000079984	-68611.32007279791	7628.168824581533	295.33453789228145	33.382012855863806	1.1944015773576522	299	0:52
321.0000000008046	-68880.94540313448	7712.618149860359	298.60410402670755	33.49572323475819	1.1903468550588827	299	0:51
322.0000000008094	-68859.01885917617	7787.317969844486	301.49620530592364	33.43070460547962	1.192661934019836	299	0:51
323.00000000081417	-68646.8024097911	7541.245198522992	291.9691759654196	33.52164945834417	1.189426220209232	299	0:51
324.00000000081894	-69134.12176016689	7545.371818588968	292.12894346116707	33.04264226362939	1.2066689005166042	299	0:50
325.0000000008237	-69011.74238878765	7697.6732133998175	298.0254912554248	33.07453695954234	1.2055052761339964	299	0:50
326.0000000008285	-69087.59623926014	7775.335809030998	301.0323002707599	32.97650855149339	1.209088850269187	299	0:50
327.00000000083327	-68970.57747038873	7522.936227643506	291.2603201995966	33.34177022952271	1.1958431881673945	299	0:49
328.00000000083804	-69144.72114613428	7629.799595629751	295.3976753273604	33.16682291863756	1.202150984079093	299	0:49
329.0000000008428	-68882.56801168309	7582.907709489353	293.5821945950063	33.09268752009451	1.2048440848512652	299	0:49
330.0000000008476	-68982.51348636707	7817.184004807406	302.6525079307457	33.17795860746951	1.2017474999634452	299	0:49
331.00000000085237	-68873.42507453702	7697.105639258094	298.0035168798282	33.41638134993292	1.193173144419397	299	0:48
332.00000000085714	-68996.5579826682	7575.356951296891	293.2898571110323	33.50002454160365	1.1901940179446955	299	0:48
333.0000000008619	-68935.34261776277	7870.521623077436	304.7175436170682	33.38403114841835	1.194329367629594	299	0:48
334.0000000008667	-68701.46721061878	7592.446566422757	293.9515039232647	33.46761212922359	1.1913466863565605	299	0:47
335.00000000087147	-68978.36622188572	7493.41198616847	290.1172505569123	32.79655806350548	1.2157229649895605	299	0:47
336.00000000087624	-69030.15062853866	7707.387161838136	298.4015794804121	32.89123153577712	1.212223651979929	299	0:47
337.000000000881	-68883.93200928633	7519.138459136358	291.1132846222682	32.793996150751575	1.2158179389645192	299	0:47
338.0000000008858	-68940.42542500942	7754.0373333091475	300.2077019130449	33.02137407835181	1.2074460837338739	299	0:46
339.00000000089057	-68829.06843515384	7574.297508921129	293.2488394131202	32.92213810159383	1.2110856435684199	299	0:46
340.00000000089534	-68894.77675626788	7859.6590454706975	304.2969847107856	33.28136948048021	1.1980134661766886	299	0:46
341.0000000009001	-68971.87990041406	7739.852382129355	299.65851296638596	32.98074074245747	1.208933696237116	299	0:45
342.0000000009049	-68753.9086996773	7810.453491471889	302.39192729974053	33.308731235678394	1.1970293472994575	299	0:45
343.00000000090967	-68884.4297395605	7673.555063352072	297.0917255164949	33.25269231806446	1.1990466344512207	299	0:45
344.00000000091444	-68841.5056043856	7952.1789639914805	307.87901442335766	33.07186291383589	1.2056027480005234	299	0:45
345.0000000009192	-68576.3803383114	7534.001185231671	291.6887145116847	33.07610787323833	1.2054480219747064	299	0:44
346.000000000924	-68785.55914403172	7726.0936144508	299.1258242716603	33.35039574268304	1.1955339036468504	299	0:44
347.00000000092876	-68934.44604174237	7842.240701789458	303.62261074237387	33.13557899271472	1.2032845063363287	299	0:44
348.00000000093354	-68775.02824036792	7441.699056154497	288.11511680241057	32.94997846545749	1.2100623632338863	299	0:43
349.0000000009383	-68815.20086485025	7469.289865783741	289.1833311011907	32.69553865054239	1.2194791845020032	299	0:43
350.0000000009431	-68767.36424541302	7614.105304344765	294.7900503034802	33.23000423262921	1.199865294367507	299	0:43
351.00000000094786	-68837.91396752658	7555.166311767874	292.5081500811831	33.281987800061145	1.197991209237325	299	0:43
352.00000000095264	-68627.31022049548	7566.168181046269	292.9341018468042	33.29257156101362	1.1976103659444455	299	0:42
353.0000000009574	-68793.1857444096	7803.915942258142	302.13881752721323	33.61935748480696	1.1859693876789772	299	0:42
354.0000000009622	-68482.02601157405	7592.134505373694	293.93942207140236	33.68729789770563	1.183577529177035	299	0:42
355.00000000096696	-68774.32484611482	7811.489486753477	302.43203721272	33.72218731754526	1.1823529842523726	299	0:41
356.00000000097174	-68815.0150733153	7582.562212957913	293.5688182446918	33.93203402889516	1.1750409296555628	299	0:41
357.0000000009765	-69024.05106888755	7586.973636807748	293.7396122916116	33.19057527092393	1.2012906822180323	299	0:41
358.0000000009813	-69337.66369018919	7880.4493004046335	305.1019066356636	32.93278286855712	1.210694187902501	299	0:41
359.00000000098606	-69146.67181983092	7479.76998581901	289.5890826621286	32.92474578420176	1.2109897240132577	299	0:40
360.00000000099084	-69105.09974410894	7489.006466324576	289.94668509130815	33.10540285629214	1.2043813205806986	299	0:40
361.0000000009956	-69379.5732347932	7461.9114826766945	288.89766734421016	32.947914843018566	1.2101381529115387	299	0:40
362.0000000010004	-69152.23708539896	7721.3102058002305	298.940628346419	33.50727594486793	1.1899364447298197	299	0:39
363.00000000100516	-69034.24493917025	7631.468319854711	295.46228216934065	33.46939369531691	1.1912832713188959	299	0:39
364.00000000100994	-68951.83756789492	7479.789530603786	289.58983936404655	33.438918942626586	1.1923689542364522	299	0:39
365.0000000010147	-69471.4146377877	7497.238768935286	290.2654094592703	33.53427983911217	1.1889782336674375	299	0:38
366.0000000010195	-69312.9702868672	7507.683614013065	290.66979530406996	33.609028950731926	1.1863338529912761	299	0:38
367.00000000102426	-68895.74142311554	7548.768974020888	292.2604687790653	33.26769194009395	1.1985060124463975	299	0:38
368.00000000102904	-68817.32225483708	7683.571932681021	297.47954172015045	32.839684102268684	1.2141264418454831	299	0:38
369.0000000010338	-69009.31086103889	7732.969686065923	299.3920403819308	32.90209233713259	1.2118235035593468	299	0:37
370.0000000010386	-68786.84776772809	7779.165396497685	301.18056776074354	33.47783994834451	1.1909827178795869	299	0:37
371.00000000104336	-68928.35932661773	7838.435606037836	303.47529148118764	33.53723718908393	1.1888733882764493	299	0:37
372.00000000104814	-68750.70392863938	7608.495459261843	294.57285781032607	33.601883839815805	1.1865861152454875	299	0:36
373.0000000010529	-69122.43622381103	7690.820904727872	297.76019515859457	33.635317783665485	1.18540663319614	299	0:36
374.0000000010577	-68945.96873529445	7618.784856814185	294.9712253007673	33.75603641930993	1.1811673715225908	299	0:36
375.00000000106246	-69065.79963200132	7614.114719044965	294.79041480591815	33.46737108067985	1.1913552670240752	299	0:36
376.00000000106724	-69020.66288526307	7600.335421487908	294.25693127008185	33.25791670538877	1.1988582797778427	299	0:35
377.000000001072	-69615.4849986115	7808.115124627713	302.30139436749585	33.43135613039208	1.1926386909016347	299	0:35
378.0000000010768	-68890.71679658265	7754.044659456954	300.2079855544439	33.50286573060318	1.1900930843058157	299	0:35
379.00000000108156	-68812.9281867911	7782.238822732263	301.2995594791505	33.50211689881382	1.1901196849990352	299	0:34
380.00000000108633	-69096.11933128827	7725.552520951294	299.1048751287785	33.038743188463	1.2068113058350276	299	0:34
381.0000000010911	-69079.75076586317	7490.342283383508	289.99840299672957	33.37734304346777	1.1945686856647613	299	0:34
382.0000000010959	-69221.0548057683	7493.918283951076	290.13685253808245	33.2615948235815	1.1987257081897171	299	0:34
383.00000000110066	-69181.69347838979	7538.31891691314	291.8558811437053	33.2375797210662	1.1995918218180706	299	0:33
384.00000000110543	-69415.1053901318	7654.287284752941	296.34574825515693	32.97076753348548	1.2092993822458997	299	0:33
385.0000000011102	-68901.91895612577	7518.260672516049	291.0792999646344	33.10982799304676	1.2042203547173482	299	0:33
386.000000001115	-68959.17393226735	7570.673070769595	293.1085145473211	33.4332237261286	1.1925720695386282	299	0:32
387.00000000111976	-69186.48153881333	7875.274544720914	304.90155919793625	33.08742536865976	1.205035700607375	299	0:32
388.00000000112453	-68801.38893731544	7839.560090753574	303.5188273784031	33.296253871772784	1.1974779194069824	299	0:32
389.0000000011293	-69143.33478315835	7819.292550774619	302.7341430470064	33.382140803457794	1.1943969994365122	299	0:32
390.0000000011341	-68688.64242413457	7533.291597103093	291.6612418787545	33.18728583019715	1.2014097511444581	299	0:31
391.00000000113886	-68807.3705009871	7420.76799942202	287.30474355165563	33.639624814615075	1.1852548603067228	299	0:31
392.00000000114363	-68979.20523744632	7874.671766439844	304.8782218480184	33.1278834108967	1.2035640284009896	299	0:31
393.0000000011484	-69166.4842198088	7682.946819760985	297.455339655459	33.45648897245494	1.1917427690408213	299	0:30
394.0000000011532	-68999.47609869385	7730.789962623909	299.3076495365937	33.31128600093507	1.1969375427084363	299	0:30
395.00000000115796	-68711.16132610719	7503.003536612305	290.4885999833791	33.46573245649861	1.1914136008302016	299	0:30
396.00000000116273	-69161.2124108237	7910.687051775229	306.27260074761864	33.318453511413765	1.196680055896308	299	0:30
397.0000000011675	-68808.38020923836	7524.090980310552	291.3050279601541	33.158643798984215	1.2024475142025737	299	0:29
398.0000000011723	-68710.0328148141	7697.936949750935	298.03570215337083	33.01555560126999	1.207658877286422	299	0:29
399.00000000117706	-68672.49764701276	7581.086634127958	293.5116892794197	32.81375944284069	1.2150856679458082	299	0:29
400.00000000118183	-68577.1585622089	7994.210676898447	309.50632718919445	33.208503438896756	1.200642145280057	299	0:28
401.0000000011866	-68479.67925330554	7914.5931320087775	306.423829755166	33.344566549336584	1.195742903163047	299	0:28
402.0000000011914	-68752.06968105453	7894.95274133915	305.66342632993684	33.38461064879737	1.1943086360916857	299	0:28
403.00000000119616	-68220.47022169456	7538.296669751582	291.855019815734	33.345731755625955	1.1957011200898355	299	0:28
404.00000000120093	-68472.79067811824	7808.198118918701	302.30460760007367	33.198596710969746	1.201000426540393	299	0:27
405.0000000012057	-68497.64067283153	7845.920471922241	303.7650778582318	33.004251993654464	1.2080724876928894	299	0:27
406.0000000012105	-68709.34292518353	7668.8917604018825	296.9111796406082	33.49193969917542	1.1904813268070826	299	0:27
407.00000000121526	-68917.1613946319	7531.7066858730805	291.59987996654723	32.99725050902959	1.2083288212000098	299	0:26
408.00000000122003	-69430.74245736736	7715.7275436865275	298.7244882774883	32.960876550138885	1.209662271868469	299	0:26
409.0000000012248	-68995.91130657532	7542.082084204138	292.0015770896728	33.4367594036019	1.1924459643096301	299	0:26
410.0000000012296	-69016.03229229618	7706.446617489379	298.3651650751997	33.27638199493033	1.1981930252060333	299	0:25
411.00000000123435	-68597.10918425943	7438.813324809771	288.0033919372726	33.64772821354067	1.1849694147960894	299	0:25
412.00000000123913	-69324.93919020193	7627.484468313262	295.30804214384017	33.702567564171765	1.1830412841543692	299	0:25
413.0000000012439	-69052.01604563303	7602.578309978533	294.34376763293056	33.69945493048202	1.1831505551845687	299	0:25
414.0000000012487	-68989.79332439089	7505.715777789508	290.5936079496607	33.59532869245626	1.1868176428757549	299	0:24
415.00000000125345	-69104.22449677534	7678.10869109161	297.2680251730857	33.74981791136128	1.1813850052505055	299	0:24
416.00000000125823	-69246.78658948201	7777.33977090881	301.1098862771459	33.41586417884843	1.1931916109371496	299	0:24
417.000000001263	-68963.52655863692	7561.48030401478	292.7526045532035	33.39173459521551	1.1940538367878049	299	0:23
418.0000000012678	-69176.06138706254	7588.166293610405	293.7857875603788	33.05544591368067	1.2062015110773474	299	0:23
419.00000000127255	-69292.57423919	7677.981533771945	297.26310211106295	33.24431421356388	1.1993488135829655	299	0:23
420.00000000127733	-69070.00186652131	7479.4906577067995	289.5782681087492	33.37179009880389	1.1947674575553027	299	0:23
421.0000000012821	-69221.89389729191	7652.567607019962	296.27916868143853	33.51169097083855	1.1897796755500298	299	0:22
422.0000000012869	-69019.66082997338	7463.301282987179	288.9514752818552	33.20416692050348	1.2007989511038326	299	0:22
423.00000000129165	-68987.371837952	7654.54333692302	296.3556616499789	33.304147226352484	1.1971941073713521	299	0:22
424.0000000012964	-68836.17422712303	7546.042399275342	292.15490586992917	33.1323664915508	1.2034011763266272	299	0:21
425.0000000013012	-69049.18090997057	7871.90995258149	304.7712946105177	32.95739856685274	1.2097899271248422	299	0:21
426.000000001306	-68630.72212223086	7825.346045054004	302.96851199933934	33.65553215434284	1.184694647749678	299	0:21
427.00000000131075	-68688.28511708026	7577.432509726977	293.37021507162734	33.386597086139055	1.1942375770596405	299	0:21
428.0000000013155	-69106.33293833424	7728.513657337566	299.2195193987712	33.03164212383849	1.207070743287159	299	0:20
429.0000000013203	-68806.91546489226	7660.672651679248	296.59296609128774	33.18165075937486	1.201613780446176	299	0:20
430.0000000013251	-68810.38216923559	7726.659032612352	299.1477151756634	33.78895908345748	1.1800164873956593	299	0:20
431.00000000132985	-68739.19001240385	7484.178731742462	289.7597730296243	33.40150703134127	1.1937044868366251	299	0:19
432.0000000013346	-69083.88831361415	7936.504729779541	307.27216593530625	33.35094111745818	1.1955143535528494	299	0:19
433.0000000013394	-68890.80992505918	7670.863816003998	296.98753035377956	33.19908779272506	1.200982661311382	299	0:19
434.0000000013442	-69204.53654168738	7769.663966754045	300.8127074751123	33.42952153816023	1.1927041422026723	299	0:19
435.00000000134895	-68828.14084654648	7663.563567517134	296.70489168086254	33.86230484359339	1.1774605714105928	299	0:18
436.0000000013537	-69196.02894755441	7761.76580081626	300.5069196456773	32.98016999920921	1.2089546176194115	299	0:18
437.0000000013585	-69567.79088306517	7604.718644161465	294.4266334715594	33.29509139287712	1.1975197286572683	299	0:18
438.0000000013633	-69487.86831465948	7855.113283347837	304.1209895818371	33.264831865343425	1.1986090587145533	299	0:17
439.00000000136805	-69080.57953159825	7540.176810776595	291.9278119357779	33.09527891756058	1.2047497442078077	299	0:17
440.0000000013728	-69143.00643592939	7664.297069604091	296.733290173984	33.20381468675747	1.2008116894568426	299	0:17
441.0000000013776	-69268.0896465242	7731.665477887778	299.3415462556909	33.02368928450155	1.2073614327860511	299	0:17
442.0000000013824	-69068.74153715337	7850.104261676153	303.9270587532571	33.326440231301966	1.196393270138936	299	0:16
443.00000000138715	-69040.90431913131	7703.5334367710475	298.2523774716437	33.397238262159746	1.1938570637917987	299	0:16
444.0000000013919	-69003.72841481303	7575.224367092454	293.28472394006434	33.57520179152716	1.1875290894150012	299	0:16
445.0000000013967	-68898.69001479604	7547.880680212833	292.2260773219086	33.43478203705778	1.1925164867599596	299	0:15
446.0000000014015	-69120.93105856437	7447.713822975469	288.34798637051415	33.73232484069998	1.1819976535477292	299	0:15
447.00000000140625	-69073.97981117244	7627.502749030178	295.3087499057168	33.90080826979601	1.176123250310252	299	0:15
448.000000001411	-69018.26671098513	7722.455499537408	298.98496989212913	33.556742836069596	1.1881823276232846	299	0:15
449.0000000014158	-68910.42517666606	7680.172646154912	297.34793389415205	33.42640720436888	1.1928152662846125	299	0:14
450.0000000014206	-69188.11027576608	7858.83660282528	304.26514276756006	33.06200250500195	1.2059623068622352	299	0:14
451.00000000142535	-68653.52508961849	7695.383152048619	297.9368285335509	33.26757868359614	1.1985100926529813	299	0:14
452.0000000014301	-69125.57997877678	7659.996458438179	296.56678638512636	33.50525767561371	1.1900081233948256	299	0:13
453.0000000014349	-69417.02137425874	7614.78054383727	294.816193084018	32.700400210302185	1.2192978848575597	299	0:13
454.0000000014397	-69203.25528109435	7545.327877530475	292.1272422255884	32.97340767887576	1.2092025549412853	299	0:13
455.00000000144445	-68832.48963160955	7615.817856668401	294.85635400765204	32.69912131702593	1.2193455727404108	299	0:12
456.0000000014492	-68734.87391571086	7632.398993622594	295.4983144220984	33.1380138252804	1.203196094389938	299	0:12
457.000000001454	-68985.91526101087	7724.884672103364	299.07901848671656	32.85764423600933	1.213462794959633	299	0:12
458.0000000014588	-69053.52438520361	7649.536762307776	296.1618255623911	33.00700865337465	1.207971592613276	299	0:12
459.00000000146355	-68838.068688161	7450.920046400395	288.4721195059173	33.079436029843805	1.2053267405903056	299	0:11
460.0000000014683	-68951.63281592616	7649.265712231684	296.1513315040123	33.287105632951885	1.1978070202338997	299	0:11
461.0000000014731	-69201.10210364673	7814.581679925191	302.55175551765564	33.40884415829484	1.193442329866349	299	0:11
462.0000000014779	-69055.42268044906	7668.046085861764	296.87843824417916	33.570710116521894	1.1876879777647091	299	0:10
463.00000000148265	-68994.43121728266	7615.6858163262605	294.85124189302456	33.22028676843911	1.2002162741200972	299	0:10
464.0000000014874	-68809.65615720593	7312.245251904218	283.1031433739447	33.219893321529334	1.2002304891381752	299	0:10
465.0000000014922	-68878.47584501412	7600.139135338266	294.24933179494803	33.260312259981966	1.1987719327094126	299	0:10
466.00000000149697	-69229.3799527016	7752.900038871139	300.1636700706696	33.141176407731884	1.2030812762915402	299	0:09
467.00000000150175	-68914.8741422547	7710.962698909132	298.5400110768887	33.29206696232559	1.1976285177948578	299	0:09
468.0000000015065	-69003.66599839387	7564.079867215161	292.8532500441675	33.164693676613666	1.202228164662135	299	0:09
469.0000000015113	-68720.68729738408	7732.141905121043	299.35999175945614	33.47028509412856	1.1912515444157814	299	0:08
470.00000000151607	-69067.1287380599	7708.52177957276	298.4455076907134	33.304699121933396	1.1971742685451572	299	0:08
471.00000000152085	-69018.14330972987	7596.831271030451	294.1212634997615	33.29632077543322	1.1974755132655759	299	0:08
472.0000000015256	-68778.03318803402	7709.282976315368	298.4749784186683	33.17899553883958	1.2017099421754116	299	0:08
473.0000000015304	-68797.6812175934	7761.9700344320845	300.51482681736417	33.301218051307615	1.1972994125616239	299	0:07
474.00000000153517	-68910.76743777504	7619.109272824036	294.9837854911037	33.0385787478177	1.206817312413924	299	0:07
475.00000000153995	-69380.5214450412	7856.414240058872	304.1713578232731	33.08888142024203	1.2049826739088816	299	0:07
476.0000000015447	-69119.64024967558	7647.970099653521	296.10117016767344	33.26583232824725	1.1985730107994552	299	0:06
477.0000000015495	-69081.69774150965	7556.44823458965	292.5577814006897	33.434558928443145	1.1925244444154461	299	0:06
478.00000000155427	-69201.44944078507	7514.315130165063	290.9265431295722	33.174006948062704	1.2018906511004264	299	0:06
479.00000000155904	-69406.32387668884	7592.7012966550365	293.96136613753487	32.958799907621	1.2097384893312737	299	0:06
480.0000000015638	-68924.26304157247	7856.454050021149	304.1728991180561	33.1858683098607	1.2014610688541154	299	0:05
481.0000000015686	-68854.99639834356	7594.493091693532	294.0307378271056	33.07097308512828	1.2056351867174728	299	0:05
482.00000000157337	-69110.39041299946	7761.899954962024	300.5121135989782	32.92036936484077	1.2111507124522207	299	0:05
483.00000000157814	-69254.16821763656	7633.864054814114	295.5550361832355	33.02550440542761	1.2072950747684696	299	0:04
484.0000000015829	-69214.15350058477	7541.69397410662	291.9865508993856	33.23932806222411	1.1995287250024291	299	0:04
485.0000000015877	-68921.30076437347	7488.569332962449	289.9297609011821	33.1624501218751	1.2023094995660923	299	0:04
486.00000000159247	-69217.71581505256	7532.550622258725	291.63255406805126	33.168671250198045	1.2020839939489312	299	0:04
487.00000000159724	-69134.8944740083	7500.37441890783	290.38681025111555	33.26444963894418	1.198622831376647	299	0:03
488.000000001602	-68990.55854964419	7541.394322788457	291.97494950649383	33.012289990569336	1.2077783401820144	299	0:03
489.0000000016068	-69072.05094678036	7848.271366894683	303.856095833356	32.97833048375319	1.209022052528096	299	0:03
490.00000000161157	-68904.38598907678	7626.41971412692	295.26681879223065	33.1092561262532	1.2042411541466789	299	0:02
491.00000000161634	-68705.08988898946	7696.28437477835	297.9717205508284	33.27932303517462	1.1980871356149552	299	0:02
492.0000000016211	-69073.91985156169	7524.71874701868	291.32933276972415	33.453993278821514	1.191831673968152	299	0:02
493.0000000016259	-69045.12272968743	7482.867082689506	289.7089908201793	33.32299858423415	1.1965168353511038	299	0:02
494.00000000163067	-68909.45312630452	7731.887590116864	299.35014562128515	33.424181926526785	1.1928946802067726	299	0:01
495.00000000163544	-69098.41959512731	7759.831950424776	300.432048097229	33.24863560780154	1.1991929317262453	299	0:01
496.0000000016402	-69045.65804678207	7645.7891109812945	296.0167303372931	33.44473560439259	1.1921615790911044	299	0:01
497.000000001645	-68814.79091199485	7738.752723487728	299.6159382431159	33.026742083772625	1.2072498313422095	299	0:00
498.00000000164977	-68791.49218437859	8039.94729092315	311.27708004985686	33.013120713427426	1.2077479483543707	299	0:00
499.00000000165454	-68805.90246261106	7889.073320372656	305.43579685369633	33.30517960055014	1.197156997458694	299	0:00
500.0000000016593	-68718.21462269	7948.9533325315215	307.7541298804818	33.51336450302429	1.1897202623991718	299	0:00
