#"Time (ps)"	"Potential Energy (kJ/mole)"	"Kinetic Energy (kJ/mole)"	"Temperature (K)"	"Box Volume (nm^3)"	"Density (g/mL)"	"Speed (ns/day)"	"Time Remaining"
100.99999999994601	-46830.74451826574	7269.414813223007	291.581992085385	30.006722672341283	0.9969522731938338	0	--
101.99999999994368	-47247.78751206069	7470.850160692792	299.6617235907069	29.97388186376423	0.9980445814545134	308	1:51
102.99999999994135	-46916.987868475524	7371.850031856857	295.6907499257864	29.871466452292665	1.0014664136782467	311	1:50
103.99999999993902	-46622.006175319286	7440.542301170758	298.44605131414295	29.793309908204854	1.0040935522591652	307	1:51
104.99999999993669	-46846.12178270827	7428.501627195821	297.9630903339446	29.822084159576875	1.0031247386739333	306	1:51
105.99999999993436	-47161.17894422315	7300.399824444818	292.8248254535414	29.750633023394276	1.0055339110184263	305	1:51
106.99999999993203	-46911.46799005603	7311.383079656456	293.2653725287153	29.69980423539385	1.0072548001389507	304	1:51
107.9999999999297	-46846.369456222455	7180.308827290821	288.00788033741065	29.86212444584308	1.001779710400072	305	1:50
108.99999999992737	-47123.951241351344	7501.239285903991	300.880655498499	29.873059262709695	1.001413016196523	306	1:50
109.99999999992504	-46818.14563218976	7487.325903735182	300.322578707772	30.009128317567548	0.9968723537289483	306	1:50
110.99999999992271	-46560.529466126434	7247.437955058254	290.7004828789218	29.991584102485373	0.9974554954170809	305	1:50
111.99999999992038	-46616.13636577496	7451.942310510544	298.90331472784175	30.155817935820558	0.9920231791740847	305	1:49
112.99999999991805	-46587.29180424492	7543.450428342929	302.57377789098604	30.038971943031324	0.9958819641371771	305	1:49
113.99999999991572	-46736.10953870296	7423.212084615721	297.75092258697265	30.09561078017466	0.9940077507579322	304	1:49
114.99999999991338	-46864.65781646859	7531.183841701242	302.081755374598	29.934235409609947	0.9993664434697315	304	1:49
115.99999999991105	-46793.537171094125	7250.814763380256	290.83592933819233	29.999966749292035	0.9971767845373883	303	1:49
116.99999999990872	-47194.603995851445	7433.836684526346	298.1770837136448	29.859974924037456	1.001851825240671	304	1:48
117.9999999999064	-46739.341755028756	7281.793219411906	292.07849977247366	30.216407104829816	0.990033999591762	304	1:48
118.99999999990406	-46663.07687281803	7135.107085126232	286.19480261867784	30.06569185474805	0.9949969062349484	304	1:48
119.99999999990173	-46660.962674886076	7559.3192369954195	303.21028838843336	29.798445822120396	1.0039204916210924	303	1:48
120.9999999998994	-46542.92336350176	7341.764159502863	294.48398173054636	29.96934873499603	0.9981955445149434	304	1:47
121.99999999989707	-46611.97109514204	7335.059633805047	294.2150578887812	29.701392777916016	1.007200928352781	304	1:47
122.99999999989474	-46629.950326317456	7612.439934407764	305.3410016811019	29.853178467494104	1.0020799095768345	304	1:47
123.99999999989241	-46624.690409855015	7581.993719416363	304.11977985695944	29.158870159856644	1.0259406559748085	303	1:47
124.99999999989008	-46762.25162494645	7400.629568538009	296.8451199613937	29.20108782600501	1.0244573954757454	303	1:46
125.99999999988775	-46498.20497750401	7464.85623719105	299.4213025664635	30.039699039809754	0.9958578592829022	303	1:46
126.99999999988542	-46862.069933573715	7554.754915846811	303.0272098481074	29.821818202407584	1.0031336847487209	303	1:46
127.99999999988309	-46966.78350700645	7368.564389824783	295.55896021869074	29.83532307799197	1.0026796190906542	303	1:45
128.99999999988785	-46685.877176373266	7564.190702256968	303.4056867226642	29.937242133887846	0.9992660728566116	304	1:45
129.99999999989262	-46886.81999657804	7732.79348954266	310.168478206029	29.89107642230904	1.000809404005287	304	1:45
130.9999999998974	-46834.47282534046	7298.961687783211	292.7671406517442	30.04762136907469	0.9955952922808288	304	1:44
131.99999999990217	-46953.458868814196	7418.753510843091	297.5720856577444	29.859285699172833	1.0018749504150501	304	1:44
132.99999999990695	-47087.6840995824	7368.8958544457455	295.5722555274562	30.05156736303805	0.9954645632254744	304	1:44
133.99999999991172	-46625.24908230998	7394.478426880952	296.5983927922822	30.16845938275334	0.9916074931022004	304	1:44
134.9999999999165	-46810.7995208737	7341.421859700948	294.4702518140817	29.752229438966598	1.005479957078694	304	1:43
135.99999999992127	-46744.350989721774	7470.01039109344	299.62803976622274	29.990427976458136	0.9974939471610896	303	1:43
136.99999999992605	-46868.973882127466	7466.933469047872	299.50462198328006	29.772883238632105	1.0047824437933757	304	1:43
137.99999999993082	-46982.74171715067	7463.765349836771	299.3775462097176	29.835387972718	1.0026774381698216	304	1:42
138.9999999999356	-46720.88660575202	7264.707061183179	291.39316041828573	30.22441333470493	0.9897717467004608	304	1:42
139.99999999994037	-46739.41383794896	7520.406417855775	301.649464358725	30.107788148301285	0.9936057153031165	304	1:42
140.99999999994515	-46639.0021743229	7346.101217875818	294.65794458074396	30.398836025961064	0.984092626235409	304	1:42
141.99999999994992	-46773.39188113916	7615.315625996828	305.45634795087835	29.937035217996023	0.9992729794867814	304	1:41
142.9999999999547	-46738.913501240575	7258.833526060467	291.15756826738135	30.18347098696199	0.9911143218819913	304	1:41
143.99999999995947	-46758.56296158	7337.2797800847475	294.3041097164164	30.183933541853335	0.9910991335111042	304	1:41
144.99999999996425	-46717.42567887652	7424.12006637213	297.78734245516193	29.708283771090326	1.006967302783027	304	1:40
145.99999999996902	-46599.20591418116	7382.805421700621	296.13017929896046	29.858075632452312	1.0019155536860227	304	1:40
146.9999999999738	-46650.02911669965	7402.061644526307	296.902561664779	29.868478570064713	1.0015665950012524	304	1:40
147.99999999997857	-46419.27011275559	7389.16225531979	296.38515693576574	29.9110024880455	1.0001426863323555	304	1:40
148.99999999998334	-46637.431891325454	7337.256185691211	294.3031633265836	30.229306429881927	0.9896115363638014	304	1:39
149.99999999998812	-46998.56764979419	7466.904346925579	299.50345387186394	29.7170126357587	1.0066715233445211	304	1:39
150.9999999999929	-46971.01967253466	7322.16368795177	293.6977912753966	29.801225985379475	1.0038268356464284	304	1:39
151.99999999999767	-46786.595835629996	7195.414241826857	288.6137704915509	29.991248933931082	0.9974666425259293	304	1:38
153.00000000000244	-46760.56289941579	7612.988540619385	305.3630067112406	29.92719557989926	0.9996015262913686	304	1:38
154.00000000000722	-46762.88800714348	7340.326072040803	294.42629890218205	29.706011944219146	1.0070443126280764	304	1:38
155.000000000012	-46785.31802416104	7239.233864172181	290.37141028844866	29.707986032355354	1.0069773947889462	304	1:38
156.00000000001677	-46742.173944430426	7329.253722997429	293.9821782027745	29.87387605866728	1.0013856360834805	304	1:37
157.00000000002154	-46890.770506072	7362.157460182094	295.3019731906609	29.922035301693867	0.9997739150315789	303	1:37
158.00000000002632	-46643.39217377777	7427.586927199542	297.92640099182717	30.235127764910207	0.989421001025376	303	1:37
159.0000000000311	-46840.848615985306	7390.685011685924	296.44623590100656	29.820457700721978	1.0031794508158514	303	1:37
160.00000000003587	-46815.02651914055	7359.793895329955	295.20716873036844	29.714423315105595	1.006759244897743	303	1:36
161.00000000004064	-46974.47825294078	7446.796924303808	298.6969292073071	29.791682728672956	1.0041483944274048	303	1:36
162.00000000004542	-47015.86659335703	7365.138374665514	295.4215400341613	29.92184461889842	0.999780286286004	303	1:36
163.0000000000502	-47402.54962147059	7427.418847300305	297.91965917379804	29.688220960032783	1.0076477947115952	303	1:35
164.00000000005497	-47197.373793872655	7344.098841675586	294.5776276836664	29.678525419353264	1.0079769785253532	304	1:35
165.00000000005974	-46685.87443324062	7262.816487882987	291.31732802417736	30.015564511899072	0.9966585958237861	304	1:35
166.00000000006452	-46738.06167235866	7188.9331702634645	288.35380957229444	30.20243064673999	0.990492147111895	304	1:35
167.0000000000693	-47132.973082696815	7442.518342469368	298.52531189743553	30.060282022419322	0.9951759719678087	304	1:34
168.00000000007407	-46992.380544005224	7309.0338832348025	293.1711443975624	30.04788397311624	0.9955865912572315	304	1:34
169.00000000007884	-47046.490426256176	7250.737961141285	290.83284873949054	30.223177404885863	0.9898122218761656	304	1:34
170.00000000008362	-46829.23222902705	7401.87322778781	296.89500412000206	30.045624918707837	0.9956614468904231	304	1:33
171.0000000000884	-47031.72210719288	7447.456292473988	298.72337698742683	29.841280036125546	1.0024794627801648	304	1:33
172.00000000009317	-46828.11771296369	7611.400289972818	305.29930071848105	30.23064112270481	0.9895678446865502	304	1:33
173.00000000009794	-46848.51946901597	7394.060400217913	296.5816254113739	30.1147781867634	0.9933750862703185	303	1:33
174.00000000010272	-46685.36001636513	7460.0329896389785	299.2278382827916	29.87653577198462	1.0012964892448908	303	1:32
175.0000000001075	-46645.99135085064	7275.08781958013	291.8095408685022	29.89321572266809	1.0007377813355418	303	1:32
176.00000000011227	-46580.73361093135	7380.127100878435	296.02274972713906	30.054205875447998	0.9953771696135912	303	1:32
177.00000000011704	-46667.37343520776	7624.428301283995	305.8218645820969	29.84418071901244	1.002382027536439	303	1:32
178.00000000012182	-46582.86743470206	7296.779728446524	292.6796205326717	29.72960294150157	1.006245204086693	303	1:31
179.0000000001266	-46641.90929842414	7265.163133286744	291.4114538319798	29.94869226248454	0.9988840286278942	303	1:31
180.00000000013137	-46782.00161433942	7382.128503057707	296.10302755546365	29.99618651119751	0.997302452700789	303	1:31
181.00000000013614	-46612.55480001366	7246.057161524643	290.64509815545586	29.736823732110317	1.0060008644092202	303	1:30
182.00000000014091	-46841.69560902074	7541.9220344215155	302.51247279893295	29.95554317262809	0.9986555812689356	303	1:30
183.0000000001457	-46778.335282818356	7564.89198596662	303.433815768307	29.942694905078348	0.999084099615025	303	1:30
184.00000000015046	-46581.18160329055	7773.954988663279	311.81949857275504	30.006208311428058	0.9969693627666436	304	1:29
185.00000000015524	-46320.77530659447	7629.749355544433	306.0352962875528	30.26927531086662	0.9883048098131395	304	1:29
186.00000000016001	-46641.02757882333	7669.245824211013	307.61953096256286	30.127209143870967	0.9929652041922877	304	1:29
187.0000000001648	-46871.84232451979	7529.732663444764	302.0235474640898	29.740372278989323	1.005880830900756	304	1:29
188.00000000016956	-46609.0029442395	7450.938286213636	298.8630425172008	29.92094887485231	0.9998102167284713	304	1:28
189.00000000017434	-46524.09391635502	7453.752660366487	298.975929295992	29.769652962057137	1.0048914717755042	304	1:28
190.0000000001791	-46599.30554012774	7598.723795207936	304.79083646225496	30.082338093262454	0.9944463188513836	304	1:28
191.0000000001839	-46596.43914631472	7423.50610831244	297.7627161105798	30.12209412926627	0.9931338190136745	304	1:27
192.00000000018866	-46861.46498935882	7208.5390131042495	289.14021547413273	29.90349642103832	1.000393731825988	304	1:27
193.00000000019344	-46874.81675674973	7244.162158753274	290.5690880917465	30.239392807470182	0.9892814505156824	304	1:27
194.0000000001982	-46844.27206119528	7397.19181856063	296.70722908400535	30.055093465930273	0.995347774020361	304	1:27
195.000000000203	-46844.97117193614	7421.065997477958	297.66484133024215	29.789877048007803	1.0042092597790087	304	1:26
196.00000000020776	-46706.85560601097	7304.376556281523	292.98433532066673	29.67133866198311	1.0082211227502529	304	1:26
197.00000000021254	-46848.66237264604	7379.23962021387	295.98715217399894	29.797549966705567	1.0039506742236717	304	1:26
198.0000000002173	-46803.39419276046	7394.64993193259	296.60527199588995	29.933565843712667	0.9993887976955168	304	1:25
199.0000000002221	-46721.78463835991	7472.869728550678	299.74273005880434	30.00384062083737	0.9970480365274215	304	1:25
200.00000000022686	-46769.642380877485	7203.331647329817	288.93134390399416	29.782066960080442	1.0044726049197894	304	1:25
201.00000000023164	-46772.12861985958	7289.726004570219	292.3966900750877	29.699548458309994	1.007263474772366	304	1:25
202.0000000002364	-46879.890890276554	7452.974277163406	298.94470772853555	29.639026398040535	1.0093202785252529	304	1:24
203.0000000002412	-47007.30396315752	7332.181452976698	294.09961177364335	29.860883731520573	1.001821334165995	304	1:24
204.00000000024596	-46786.908194837335	7321.476754209708	293.67023781833194	29.953839514750992	0.9987123809138255	304	1:24
205.00000000025074	-46475.74969954864	7325.550765442838	293.8336496391808	30.174392937714384	0.9914125013563101	304	1:23
206.0000000002555	-46583.27658983486	7519.552840682214	301.6152267014912	30.33611354635493	0.9861273209429325	304	1:23
207.0000000002603	-46588.50066299667	7311.313487450939	293.2625811301723	30.662425122244095	0.9756328881366113	304	1:23
208.00000000026506	-46490.81168654465	7312.884700210465	293.32560371977326	30.325140251484825	0.9864841557599339	304	1:23
209.00000000026984	-46575.669537402224	7493.611988911787	300.5747185684495	29.954756771117953	0.9986817989499274	304	1:22
210.0000000002746	-46888.51727204007	7597.822743147222	304.7546945496546	29.592784401080223	1.0108974530357338	304	1:22
211.00000000027939	-46544.72991519389	7490.999193598389	300.4699172767408	29.904254238806075	1.000368380378041	304	1:22
212.00000000028416	-46693.33293754142	7466.417985676793	299.4839455365387	30.001131358965154	0.9971380752728881	304	1:21
213.00000000028894	-46980.52542548548	7604.888177887675	305.03809473928516	30.563252416691867	0.9787986557003212	304	1:21
214.0000000002937	-46807.32344319587	7440.005019807084	298.42450053263497	29.819235113566467	1.003220581123405	304	1:21
215.00000000029848	-47057.973965958896	7422.524740523648	297.7233526704437	29.820998531144898	1.0031612572611959	304	1:20
216.00000000030326	-46707.74698470358	7258.067786380279	291.12685384165314	29.837368015854093	1.002610899305599	304	1:20
217.00000000030803	-46972.62617893395	7505.996401745593	301.071467186828	29.63204111656141	1.0095582096964588	304	1:20
218.0000000003128	-46696.383613242186	7266.412795988361	291.4615787938006	30.06106255374342	0.9951501323615831	304	1:20
219.00000000031758	-46588.40009960841	7379.522684310124	295.9985060993415	30.13756620793053	0.992623962163725	304	1:19
220.00000000032236	-46299.53387603891	7446.270470207539	298.67581271607975	30.26716338738156	0.9883737698313455	304	1:19
221.00000000032713	-46836.367669126106	7524.687412342506	301.8211784419931	30.17647780797014	0.9913440054089561	304	1:19
222.0000000003319	-46704.317306371406	7461.8939873193385	299.302484375338	29.891382403283966	1.0007991592921779	304	1:18
223.00000000033668	-46858.710025480425	7397.021800542948	296.7004095265086	30.01417886248121	0.9967046080571855	304	1:18
224.00000000034146	-46714.09499424658	7418.6806316329275	297.56916241483873	29.995619963807215	0.9973212894210365	304	1:18
225.00000000034623	-47044.76543605846	7395.124271499677	296.62429813203016	29.801028470797846	1.0038334887871971	304	1:18
226.000000000351	-47095.261037829565	7247.323240588837	290.6958815905962	30.137414824562345	0.9926289482170945	304	1:17
227.00000000035578	-46757.10647536832	7250.03030203991	290.8044639718307	30.269434708265983	0.988299605447152	304	1:17
228.00000000036056	-47043.45431079046	7511.4058669847145	301.2884451267401	30.051323215762473	0.9954726507216324	304	1:17
229.00000000036533	-46567.335108331026	7238.488474961792	290.34151213620004	29.918325499877838	0.9998978846396248	304	1:16
230.0000000003701	-46756.046359449654	7355.059754928603	295.0172786051651	30.04631090776819	0.9956387148864017	304	1:16
231.00000000037488	-46905.05941997524	7454.384459047427	299.00127124203834	29.872297238042275	1.0014385616513815	304	1:16
232.00000000037966	-46707.83891985359	7387.279352014764	296.30963219124504	29.728576255853657	1.0062799550784804	304	1:16
233.00000000038443	-46680.813379188476	7436.4260192108295	298.2809439809257	29.78074299855314	1.0045172607258652	304	1:15
234.0000000003892	-46811.88649046724	7493.782069208986	300.581540624027	29.823123893372944	1.0030897663921492	304	1:15
235.00000000039398	-46700.173829055915	7397.343486318441	296.71331259802866	29.704484735847316	1.0070960881939117	304	1:15
236.00000000039876	-46805.37771292898	7410.265777263454	297.23163593393184	29.925980373003963	0.9996421171977365	304	1:14
237.00000000040353	-46814.0746270353	7528.606534829428	301.97837755242006	29.821776223857857	1.0031350968073776	304	1:14
238.0000000004083	-46655.33454028907	7409.655388167415	297.20715274331155	30.117057180492036	0.9932999163897346	304	1:14
239.00000000041308	-46520.56108207439	7503.904562742444	300.98756186579027	30.04629560376254	0.9956392220124952	304	1:14
240.00000000041786	-46612.393337059824	7373.532612206325	295.7582395577234	29.72442302476772	1.0064205570739204	304	1:13
241.00000000042263	-46927.41418590379	7403.076785293382	296.9432797658526	29.702191425463077	1.0071738462247553	304	1:13
242.0000000004274	-46711.32275565606	7281.905335575115	292.082996840677	29.829137186785214	1.002887552260162	304	1:13
243.00000000043218	-46838.47440093692	7452.818910016611	298.93847582908677	29.805152014272586	1.0036946084006642	304	1:12
244.00000000043696	-46693.63858211163	7020.803982256772	281.61001453152767	30.188897782880844	0.9909361578696518	304	1:12
245.00000000044173	-46876.51076674511	7286.5249825259725	292.2682945427991	30.15468898501289	0.9920603191813954	304	1:12
246.0000000004465	-46901.27200686687	7337.029186925122	294.2940582260882	29.94352332070527	0.9990564590173615	304	1:12
247.00000000045128	-46786.76278830957	7400.9632418377005	296.8585038620143	29.90926899723081	1.0002006529165703	304	1:11
248.00000000045605	-46865.80907397973	7417.18865134523	297.5093179025064	29.926442085549724	0.9996266944720595	304	1:11
249.00000000046083	-46963.18986722996	7530.879859795828	302.06956241934427	30.1565823056652	0.991998034660172	304	1:11
250.0000000004656	-46615.20838057547	7405.432773175405	297.03778030786594	30.103912039245035	0.993733649642893	304	1:11
251.00000000047038	-46399.103168783215	7474.396047946024	299.80395193997197	30.004309973557092	0.9970324398612076	304	1:10
252.00000000047515	-46766.405890527385	7612.939518190518	305.36104038274874	30.19502402655936	0.9907351076447003	304	1:10
253.00000000047993	-46718.21070350672	7355.1452801012765	295.020709087654	30.21365521647437	0.9901241728268589	304	1:10
254.0000000004847	-46801.44730241381	7155.208583571967	287.00108965983657	30.067729843822626	0.9949294653993854	304	1:09
255.00000000048948	-46755.52362881985	7296.458546172615	292.66673765699943	29.77561013005308	1.0046904244320942	304	1:09
256.00000000049425	-46548.271124575695	7304.063696953714	292.97178628496175	29.73419112159096	1.0060899338729663	304	1:09
257.000000000499	-46902.90833054736	7540.891210502308	302.47112563419216	30.0957470119446	0.9940032512705076	304	1:09
258.0000000005038	-46677.407563085	7382.387334314912	296.11340948241775	30.160716682791705	0.9918620533429118	304	1:08
259.0000000005086	-46455.64074538383	7516.122551891198	301.4776350982038	30.465652345175886	0.9819343449583006	304	1:08
260.00000000051335	-47049.66754733579	7419.35071855742	297.5960401326928	29.820899088985627	1.0031646024494556	304	1:08
261.0000000005181	-47160.97315919603	7499.229264584579	300.8000319496293	29.916570080719616	0.9999565558007313	304	1:07
262.0000000005229	-47036.75052129105	7246.521642314225	290.66372884821334	29.705901214886946	1.0070480664055976	304	1:07
263.0000000005277	-46790.51811502254	7244.724482358071	290.59164333740193	29.439697504409242	1.0161541359182487	304	1:07
264.00000000053245	-46729.355552119116	7481.045452375896	300.0706648239742	29.719021989430026	1.0066034605690377	304	1:07
265.0000000005372	-46859.733565414004	7207.8816599499505	289.11384851789774	30.07552518281696	0.9946715875265606	304	1:06
266.000000000542	-46950.69585205795	7535.292839177961	302.24657052141777	29.500762189391025	1.014050762052705	304	1:06
267.0000000005468	-46586.96432224277	7319.722212050316	293.5998617411403	29.626720303935077	1.0097395213642393	304	1:06
268.00000000055155	-46691.11226115585	7338.26127507187	294.34347825857833	29.766766617713387	1.0049889114085315	304	1:05
269.0000000005563	-46630.06663226441	7343.459476402578	294.55198223561257	30.053451514129627	0.9954021542325324	304	1:05
270.0000000005611	-46976.18157275647	7407.506953239437	297.1209773148539	29.935059906253823	0.9993389180770574	304	1:05
271.0000000005659	-46834.35949177615	7222.4618445933465	289.69867128458884	29.986093622088216	0.9976381304049404	304	1:05
272.00000000057065	-46914.470316212566	7343.380607335132	294.54881873478195	29.881379285131924	1.0011341877438882	304	1:04
273.0000000005754	-46816.77546129364	7318.435230440671	293.54823988832834	30.05128773505427	0.9954738260481258	304	1:04
274.0000000005802	-46961.100999748654	7245.915731678842	290.63942529220094	29.706458346804617	1.0070291796499342	304	1:04
275.000000000585	-47143.716560172354	7320.235348622333	293.62044405591047	29.912897690215082	1.000079319934066	304	1:03
276.00000000058975	-47321.19821076875	7504.862883051441	301.02600085323735	29.738203331092425	1.0059541945498112	304	1:03
277.0000000005945	-46911.280184938485	7253.994144394061	290.9634568315907	29.95230947130873	0.9987633977921931	304	1:03
278.0000000005993	-47090.20268033762	7455.634234386575	299.05140072183985	29.84325967482655	1.0024129637729147	304	1:03
279.0000000006041	-46720.97934540949	7365.376666124051	295.4310980935047	30.031894245591168	0.9961166663231475	304	1:02
280.00000000060885	-46696.01065692809	7161.615442845299	287.25807386529567	29.88589743643613	1.00098283623284	304	1:02
281.0000000006136	-46798.096678291506	7356.794631818555	295.0868658928069	29.46409619777476	1.015312676773941	304	1:02
282.0000000006184	-46917.39009339505	7470.348586879534	299.64160506735874	29.535920751179496	1.0128436702990866	304	1:01
283.0000000006232	-46947.45605514667	7411.451696228988	297.27920408395585	29.409048436627778	1.0172131357378207	304	1:01
284.00000000062795	-47007.751583335164	7466.1067807289255	299.471462859325	29.78968444426546	1.004215752444679	304	1:01
285.0000000006327	-47033.730319806724	7412.094829773448	297.3050006803654	29.63214907696826	1.009554531518586	304	1:01
286.0000000006375	-46967.54029307648	7624.0224710570765	305.80558640991194	29.74783844224982	1.0056283732131601	304	1:00
287.0000000006423	-46661.42883370156	7428.12082552388	297.94781607694495	30.000823943395492	0.9971482928512457	304	1:00
288.00000000064705	-46567.99615376396	7572.229829339226	303.7281424841663	30.06743944672313	0.9949390746190685	304	1:00
289.0000000006518	-46578.14874625605	7384.89047099454	296.21381227937746	30.07583449937748	0.9946613577723602	304	0:59
290.0000000006566	-46478.52224519549	7394.086694816297	296.5826801085641	30.5244444669987	0.9800430737283455	304	0:59
291.0000000006614	-46857.718436498195	7603.514432226742	304.98299271158066	30.139627584727965	0.9925560724063474	304	0:59
292.00000000066615	-46655.84107857966	7208.961714207971	289.15717035056315	30.04501159297557	0.9956817718879394	304	0:59
293.0000000006709	-46712.1646979333	7260.126036975621	291.2094119050215	30.100136331534333	0.9938583018292491	304	0:58
294.0000000006757	-46930.58249318274	7421.9151937150955	297.69890326464235	29.862516769007286	1.0017665493731946	304	0:58
295.0000000006805	-46453.642647047556	7260.666131853589	291.2310755388186	29.847250861256356	1.0022789207068827	304	0:58
296.00000000068525	-46501.82689396583	7508.295660544585	301.1636922803404	30.15216945511894	0.9921432162225021	304	0:57
297.00000000069	-46527.54396645419	7480.150753132444	300.0347777279114	29.744734076700446	1.0057333275243747	304	0:57
298.0000000006948	-46873.39296862669	7689.596502949606	308.4358128228434	30.08902178107691	0.9942254220474995	304	0:57
299.0000000006996	-46686.32526832551	7265.4485071820645	291.42290040519435	30.109664968379448	0.9935437810651165	304	0:57
300.00000000070435	-46558.56356997494	7216.643465972333	289.46529150470116	30.04664709763017	0.9956275747534926	304	0:56
301.0000000007091	-46905.84291956489	7333.855292587879	294.16675080763713	29.80970023106871	1.0035414696357414	304	0:56
302.0000000007139	-46725.80496994496	7359.634830817407	295.2007885266477	30.033914298209805	0.9960496684599889	304	0:56
303.00000000071867	-46998.21866753345	7434.437998325011	298.20120288689156	29.852617142678394	1.0020987518886453	304	0:56
304.00000000072345	-46930.62831055152	7378.6264188523	295.96255618117834	30.18540517827183	0.9910508142133972	304	0:55
305.0000000007282	-47318.656713871576	7313.017166252867	293.3309170377664	29.83209666342819	1.0027880613554518	304	0:55
306.000000000733	-47095.11824983917	7343.996489684122	294.57352226413377	29.889879505127173	1.0008494806463193	304	0:55
307.00000000073777	-47087.649939335766	7338.507825334689	294.35336758511	29.962806990131845	0.9984134793893006	304	0:54
308.00000000074255	-47441.743168247805	7233.8341199566075	290.15482226649885	29.65698819233021	1.0087089823579651	304	0:54
309.0000000007473	-47150.030911881506	7426.8311203043995	297.8960849779829	29.575834238690458	1.011476806972129	303	0:54
310.0000000007521	-47160.33795914255	7591.559100125873	304.5034548616188	29.759411430823825	1.0052372994279832	303	0:54
311.00000000075687	-46711.346101753064	7331.840834307641	294.08594928875056	30.09144188635393	0.9941454614327995	303	0:53
312.00000000076164	-46584.1695756588	7642.614689475533	306.5513350324667	29.995514464452935	0.9973247971705759	303	0:53
313.0000000007664	-46588.2476395971	7208.418185219665	289.1353689718775	29.66471420631793	1.008446269572228	303	0:53
314.0000000007712	-46775.58596785396	7242.067190388178	290.48505724951974	29.742716877660236	1.0058015379811172	303	0:53
315.00000000077597	-46999.64482637585	7655.17714303677	307.0552250055911	29.93416575999286	0.9993687687555161	303	0:52
316.00000000078074	-47116.74014681316	7431.271878627751	298.0742073154147	29.601418642050714	1.0106025910795717	303	0:52
317.0000000007855	-46659.844372541265	7426.470329508007	297.8816133730682	30.37165423158794	0.9849733620427668	303	0:52
318.0000000007903	-46607.529407646536	7470.529452593528	299.64885973455563	30.401722393157986	0.9839991955857125	303	0:51
319.00000000079507	-46594.282894045435	7554.815277843813	303.0296310156682	30.566922005600983	0.9786811499635463	302	0:51
320.00000000079984	-46568.563962337765	7473.2914715857005	299.7596465063396	30.4587091478214	0.982158181231634	302	0:51
321.0000000008046	-46607.91762565321	7622.536140503509	305.7459685128952	30.02254086216586	0.9964270018526832	302	0:51
322.0000000008094	-46813.12950878052	7599.701491986923	304.83005265527703	29.902839847927325	1.0004156973526088	302	0:50
323.00000000081417	-46833.7140974543	7343.505608304117	294.5538326227614	29.72983637437998	1.006237303245551	302	0:50
324.00000000081894	-46785.71074153343	7218.260664151387	289.5301586059412	29.920356328854673	0.9998300170789687	302	0:50
325.0000000008237	-46696.29733594632	7297.028624002369	292.6896039307662	29.59135584917218	1.0109462551079584	302	0:50
326.0000000008285	-46748.624534152594	7415.276898221738	297.43263596889193	29.41075423110791	1.017154138388129	302	0:49
327.00000000083327	-46726.32861146354	7264.727103440522	291.3939643291193	29.533809369087447	1.0129160788380864	301	0:49
328.00000000083804	-46839.05521598717	7447.882031364505	298.7404537118943	29.761930611645084	1.0051522117178282	301	0:49
329.0000000008428	-46747.094941931864	7482.120579317322	300.1137890180642	29.724440208198683	1.0064199752712677	301	0:49
330.0000000008476	-46567.45105030865	7443.769922439989	298.5755137624363	29.7066119958475	1.0070239710765154	301	0:48
331.00000000085237	-46817.5386685089	7619.05105648928	305.6061790297575	29.807005885343397	1.003632182794899	301	0:48
332.00000000085714	-46748.97729924385	7369.3887976997075	295.5920278722279	29.73324548925167	1.0061219314286338	301	0:48
333.0000000008619	-46879.316873970994	7281.934855103886	292.08418089238205	29.97057528490942	0.998154693225069	300	0:48
334.0000000008667	-46782.96251210006	7212.327325996531	289.2921677079996	30.118114050886465	0.9932650606456914	300	0:47
335.00000000087147	-46848.87152593967	7337.381886073246	294.3082052685751	30.198755023328218	0.9906127042713636	300	0:47
336.00000000087624	-46917.08395290401	7502.905010105947	300.947469016994	30.146849336615073	0.9923183031585922	300	0:47
337.000000000881	-46543.88255642145	7165.990499802549	287.4335608688384	30.61774335556469	0.9770566704371626	300	0:46
338.0000000008858	-46615.52935513589	7303.821712795483	292.96208010850563	30.22172767782061	0.9898597028667584	300	0:46
339.00000000089057	-46777.25531894091	7533.297810046173	302.166548321081	29.91860651658922	0.9998884928915464	300	0:46
340.00000000089534	-46962.41784088744	7326.762667552852	293.88225999373196	29.916373844301823	0.9999631150145413	300	0:46
341.0000000009001	-46779.39618517071	7140.101017712713	286.39511321441626	30.308197311475997	0.9870356218104854	300	0:45
342.0000000009049	-46607.46275517205	7359.330037961891	295.1885630435424	30.170409962142188	0.9915433836273773	300	0:45
343.00000000090967	-46764.44083644732	7258.3309216301295	291.1374084051648	29.853715925316212	1.002061869086092	300	0:45
344.00000000091444	-46807.7156911605	7627.858681589404	305.95945985609916	30.252397314508855	0.9888561910741673	299	0:45
345.0000000009192	-46883.85364578618	7512.45163546427	301.33039172964607	30.083465159173073	0.9944090622873544	299	0:44
346.000000000924	-46994.38925809317	7527.217110578205	301.92264664402745	29.923459077789396	0.999726345190223	299	0:44
347.00000000092876	-46962.458292313386	7464.7375103802315	299.41654033994297	29.566960359101696	1.0117803797196445	299	0:44
348.00000000093354	-46769.01461571298	7285.977932307023	292.2463519247603	29.731538905213526	1.0061796826144727	299	0:43
349.0000000009383	-46599.67893856036	7478.763117426892	299.9791185595038	29.88705227110301	1.000944158290641	299	0:43
350.0000000009431	-46442.010465015715	7487.728789606451	300.33873877951726	29.70205591565764	1.0071784412579183	299	0:43
351.00000000094786	-46384.1304062313	7514.9549480303285	301.43080158155	29.862210861258745	1.0017768114449184	299	0:43
352.00000000095264	-46640.62526643174	7615.626196133573	305.46880516531456	30.017718382551166	0.9965870822706124	298	0:42
353.0000000009574	-46719.56070814381	7491.590195487821	300.493622831132	29.67572082678577	1.0080722403981373	298	0:42
354.0000000009622	-46505.55528646216	7456.2962694694415	299.077955473942	30.049495815328548	0.9955331884146793	298	0:42
355.00000000096696	-46512.70146302541	7473.702270808528	299.77612398889033	29.834030675615015	1.002723054908534	298	0:42
356.00000000097174	-46596.74007412413	7816.014303016977	313.50653102035847	30.000052981078312	0.9971739182646047	298	0:41
357.0000000009765	-46233.30914447058	7470.612838699599	299.65220441738705	30.077030404103215	0.9946218086479193	298	0:41
358.0000000009813	-46169.07261956585	7295.850093301697	292.64233212990393	30.090283652853593	0.9941837280238002	298	0:41
359.00000000098606	-46654.7119474739	7423.07334540018	297.7453576470308	29.749184845993586	1.0055828599725944	298	0:40
360.00000000099084	-46252.237962549174	7099.171201918765	284.75338584962503	29.820140590614585	1.00319011871805	298	0:40
361.0000000009956	-46468.124435709935	7226.3002576061435	289.852633074014	30.374140576704562	0.9848927347834526	298	0:40
362.0000000010004	-46404.54612234401	7370.632195913917	295.6419015604916	30.047998502981677	0.9955827965153516	298	0:40
363.00000000100516	-46875.540758218325	7520.122193241157	301.63806388407073	29.63602032298369	1.0094226570659806	297	0:39
364.00000000100994	-46748.09367395379	7355.2628980529025	295.0254268369531	29.571885440395704	1.0116118716739928	297	0:39
365.0000000010147	-46729.1419710404	7386.229006379149	296.26750199498025	29.917346179349348	0.9999306155014782	297	0:39
366.0000000010195	-46650.7452942215	7242.653305502365	290.50856679148114	30.003539038599367	0.9970580584111022	297	0:38
367.00000000102426	-46990.114876926295	7471.926900804729	299.7049124903451	29.650936019858772	1.008914874027983	297	0:38
368.00000000102904	-46742.04249456551	7297.272420709818	292.6993828100087	29.638410982216357	1.0093412361829168	297	0:38
369.0000000010338	-46737.39043391368	7262.208465542672	291.29293976600576	30.071108652601566	0.9948176744956662	297	0:38
370.0000000010386	-47018.48975743723	7542.874040386456	302.55065851303334	29.859609600993224	1.0018640825864153	297	0:37
371.00000000104336	-46647.04896747385	7169.104992739879	287.5584856500397	30.16838616016852	0.9916098998621572	296	0:37
372.00000000104814	-46403.6131768162	7478.299584847142	299.9605259001945	29.897801257754022	1.0005842945232986	296	0:37
373.0000000010529	-46398.68883631856	7560.746669228485	303.2675438271142	30.025575814675936	0.9963262840962929	296	0:37
374.0000000010577	-46545.45118846599	7443.911031054024	298.58117374083037	29.910961636861344	1.0001440522868692	296	0:36
375.00000000106246	-47015.04959038546	7508.266319271566	301.1625153786149	29.68945403611256	1.0076059446192702	296	0:36
376.00000000106724	-46454.80147408607	7118.357828219109	285.5229766436289	29.692075364609064	1.0075169893629112	296	0:36
377.000000001072	-46920.169817225804	7419.3144862346235	297.5945868254968	29.71060748590017	1.006888546236712	296	0:35
378.0000000010768	-46546.202612212015	7338.903658809352	294.3692447796355	29.829299033971473	1.002882110813875	296	0:35
379.00000000108156	-46722.78169715268	7287.223223563365	292.29630154444493	30.034150791953564	0.996041825404372	296	0:35
380.00000000108633	-47070.669372923	7350.790503665205	294.84603555189614	30.034961343224225	0.9960149452976196	295	0:35
381.0000000010911	-46735.18355140358	7153.021493427219	286.91336373998456	30.077663902031905	0.9946008598515745	295	0:34
382.0000000010959	-47064.78365672793	7280.273756394039	292.0175529060431	29.755970270932238	1.005353551132929	295	0:34
383.00000000110066	-47095.96435640112	7459.8887982309725	299.222054651087	30.032135291444984	0.9961086712275609	295	0:34
384.00000000110543	-46945.885645187635	7305.772602323354	293.0403318343309	29.56704258564264	1.0117775659380301	295	0:33
385.0000000011102	-47107.55788171262	7213.946341216182	289.3571076921788	29.771413451060653	1.0048320489876446	295	0:33
386.000000001115	-46650.27543586015	7339.876120460425	294.408250987526	29.73806330908928	1.0059589310963688	295	0:33
387.00000000111976	-46588.70959793945	7725.331605601776	309.8691761246242	29.98345792044727	0.9977258279768599	295	0:33
388.00000000112453	-46592.54716611476	7491.879983868226	300.50524647284357	29.858232893731643	1.0019102766650307	295	0:32
389.0000000011293	-46633.50162812689	7263.315148421792	291.33732969377735	29.874673246352867	1.0013589147101276	295	0:32
390.0000000011341	-47158.13370950255	7597.823101856518	304.75470893776884	29.67941775233454	1.0079466729745565	295	0:32
391.00000000113886	-46913.37117145039	7525.686533705488	301.86125399206674	29.931225848008317	0.999466928992426	295	0:31
392.00000000114363	-46735.88989497538	7432.673589585772	298.1304310533591	30.089573084974084	0.9942072057588104	295	0:31
393.0000000011484	-46533.15774313937	7225.3024226188445	289.812609121489	30.015784121716365	0.9966513037933248	295	0:31
394.0000000011532	-46564.61848733219	7235.070618118368	290.20441918818784	30.0468526474867	0.9956207636872041	295	0:31
395.00000000115796	-46708.518626048404	7465.864006778742	299.4617250036875	29.70357389395638	1.0071269701783019	294	0:30
396.00000000116273	-46547.59142370123	7412.708678710425	297.3296226479491	29.92949823349542	0.999524621024488	294	0:30
397.0000000011675	-46531.33264464655	7418.455819977909	297.56014504110254	29.602862666626724	1.0105532939898096	294	0:30
398.0000000011723	-46710.63372765013	7426.829716944423	297.8960286881015	29.904258889409757	1.0003682248043184	294	0:29
399.00000000117706	-46741.527578724956	7485.415661627409	300.24595738219614	30.10095028888092	0.9938314269878079	294	0:29
400.00000000118183	-46834.69892245717	7514.462093648876	301.41103280152515	29.80373805245258	1.0037422261140103	294	0:29
401.0000000011866	-46610.3352167648	7335.832163383042	294.2460446626941	30.07457726951403	0.9947029383389564	294	0:29
402.0000000011914	-46842.05583657799	7444.405072693189	298.6009901427035	29.745808183956697	1.0056970109631211	294	0:28
403.00000000119616	-46533.64016445863	7374.223495884173	295.7859514498443	29.84480447959416	1.002361077612072	294	0:28
404.00000000120093	-46452.66510886731	7413.978329889895	297.38054936346543	30.004569056292002	0.9970238307093539	294	0:28
405.0000000012057	-46888.35804963726	7397.055275950665	296.70175225165485	29.713459392248122	1.0067919047854832	294	0:27
406.0000000012105	-46804.94797804215	7021.878882788717	281.65312964415386	30.12372907031884	0.9930799174781902	294	0:27
407.00000000121526	-46856.75828058232	7367.4588541385765	295.5146163057365	29.84011372840362	1.0025186449209955	293	0:27
408.00000000122003	-46800.191394674504	7485.6565863009	300.2556210618793	29.903447905861718	1.0003953548588476	293	0:27
409.0000000012248	-47069.24302945065	7479.9221437052065	300.0256080225202	30.13767287601141	0.9926204489099474	293	0:26
410.0000000012296	-46815.293032527115	7214.709980108419	289.3877378536365	29.88102731955741	1.0011459800014229	293	0:26
411.00000000123435	-47005.00138787457	7126.415738170608	285.8461858009092	30.389932842113666	0.9843809308400874	293	0:26
412.00000000123913	-47022.95054899214	7369.841188278382	295.6101736170395	30.57375852264376	0.978462309667669	293	0:25
413.0000000012439	-46828.55173652159	7345.772711836302	294.6447679430262	30.549223785965715	0.9792481337293631	293	0:25
414.0000000012487	-46806.03751053513	7302.294814045032	292.90083498894535	30.13993604317117	0.9925459143787907	293	0:25
415.00000000125345	-46938.68016590853	7349.70406840012	294.8024577719779	29.967987995767203	0.9982408690070534	293	0:25
416.00000000125823	-47206.9176085791	7297.383925690361	292.70385536319066	29.732835450276195	1.006135806634268	293	0:24
417.000000001263	-46786.22719588285	7196.673869844588	288.6642951701025	30.522405745176773	0.980108534990394	293	0:24
418.0000000012678	-46898.38436778315	7281.70750262834	292.0750616043199	30.375696351598613	0.9848422907912433	293	0:24
419.00000000127255	-46937.1965273268	7431.908526374373	298.0997437613304	30.200620290204352	0.9905515215192678	292	0:23
420.00000000127733	-46774.54481491182	7579.092572518435	304.003412554561	29.705272603496077	1.0070693771639316	292	0:23
421.0000000012821	-46425.933926058555	7582.915777538055	304.15676433932146	30.157365430493343	0.9919722745090672	292	0:23
422.0000000012869	-46648.98557162969	7510.097621260876	301.2359703534475	30.181262103774802	0.9911868588009134	292	0:23
423.00000000129165	-46587.91264242417	7510.313377171655	301.2446244941019	30.260097778421144	0.988604551060656	292	0:22
424.0000000012964	-46440.5652169738	7337.938982971576	294.3305508668898	30.607386236786493	0.9773872929839708	292	0:22
425.0000000013012	-46837.84831659982	7513.38638744306	301.3678853726812	30.163939896796613	0.9917560664037981	292	0:22
426.000000001306	-46732.66554689201	7302.53495157441	292.910467095654	30.451875871411062	0.9823785735108934	292	0:21
427.00000000131075	-46787.749636292516	7260.887846979138	291.2399687083025	30.12739698741174	0.9929590130799293	292	0:21
428.0000000013155	-47126.226445687586	7186.043704446632	288.23791080732065	30.230501969280176	0.9895723997466891	292	0:21
429.0000000013203	-46832.99280165834	7342.526175561907	294.51454679887803	30.303784892402458	0.9871793403202163	292	0:21
430.0000000013251	-46798.79052048642	7388.4534844705395	296.3567275750171	30.19216319141321	0.9908289839860045	292	0:20
431.00000000132985	-46568.31571849767	7457.833730884656	299.1396242703611	30.178620910793928	0.9912736061636223	292	0:20
432.0000000013346	-46517.40619582706	7308.542045826627	293.1514164091421	30.263386945797148	0.9884971048636081	292	0:20
433.0000000013394	-46765.23045786406	7614.26018470637	305.4140133638575	30.34462566379734	0.9858506976073199	292	0:19
434.0000000013442	-46645.73836618455	7468.112733282038	299.55192320675235	29.726100383728667	1.0063637676357466	292	0:19
435.00000000134895	-46767.58387084768	7589.625459520583	304.4258950037548	29.82803584669404	1.0029245818612365	292	0:19
436.0000000013537	-46742.70286246811	7472.473789272897	299.72684862043184	29.76376869589843	1.0050901377758	292	0:18
437.0000000013585	-46789.02723161195	7275.669033001999	291.83285379969817	29.630082410163798	1.0096249468758134	291	0:18
438.0000000013633	-46887.68505476881	7455.014438712243	299.0265402259057	29.978727008010534	0.9978832780756173	291	0:18
439.00000000136805	-46772.568775752006	7315.282903999563	293.4217975752924	29.627057527497204	1.0097280282229477	291	0:18
440.0000000013728	-47067.05989239126	7171.96743964281	287.6733006649535	29.697611342770568	1.0073291765457093	291	0:17
441.0000000013776	-46991.0860357419	7514.237135277794	301.4020095428913	30.03303433760155	0.996078852473241	291	0:17
442.0000000013824	-46848.88721852549	7374.331401918167	295.79027964642665	29.73596706427179	1.006029846435741	291	0:17
443.00000000138715	-46657.41188081575	7349.514920089524	294.79487088326397	29.668670069597113	1.0083118086895033	291	0:16
444.0000000013919	-46876.046519252646	7195.859605266593	288.6316343722479	29.972253547371768	0.9980988026811495	291	0:16
445.0000000013967	-47046.938461438665	7239.366019248157	290.376711133332	29.80326613584167	1.003758119762291	291	0:16
446.0000000014015	-46641.95648675866	7338.371609753625	294.34790387014806	29.983062121199417	0.9977389987174161	291	0:16
447.00000000140625	-46727.02108031948	7181.369556563475	288.0504270295903	29.50264626484242	1.013986003517823	291	0:15
448.000000001411	-46729.815770339366	7387.095332057597	296.3022510048534	29.513079313330916	1.0136275534547496	291	0:15
449.0000000014158	-46708.26695107971	7186.105656153839	288.2403957394183	29.91819231658121	0.999902335767392	291	0:15
450.0000000014206	-46767.48350021182	7099.461149865422	284.7650158916655	29.736529394140618	1.0060108220020525	291	0:14
451.00000000142535	-46908.96205094986	7290.885112890532	292.44318282887366	29.749317229271337	1.0055783851688862	291	0:14
452.0000000014301	-47108.42349980911	7465.250495006824	299.43711656006167	29.608051994648978	1.010376176882361	291	0:14
453.0000000014349	-47302.29820072427	7483.925735909466	300.18619528028574	29.98666288191508	0.9976191914749359	291	0:13
454.0000000014397	-47318.49113687506	7520.200765862508	301.64121549421344	29.98112651686052	0.9978034135062974	291	0:13
455.00000000144445	-47111.82222624388	7377.0815426203535	295.9005899705809	29.731973613615907	1.0061649713555425	291	0:13
456.0000000014492	-46996.728431460855	7266.592798317595	291.4687988299503	29.92450657552029	0.9996913500909568	291	0:13
457.000000001454	-47207.6954247111	7111.883608960676	285.2632905757576	29.696242720191577	1.00737560172712	290	0:12
458.0000000014588	-47014.65868856423	7225.365579526902	289.81514239514837	30.015049582073107	0.996675694220905	290	0:12
459.00000000146355	-46834.782362064405	7205.1161950754795	289.00292352904256	29.855068518384492	1.0020164703646899	290	0:12
460.0000000014683	-46725.76611937329	7320.6882157101745	293.6386089138826	29.621366973938237	1.0099220068272994	290	0:11
461.0000000014731	-46850.981582840875	7519.079667416372	301.5962473466187	29.883873263019492	1.0010506374455468	290	0:11
462.0000000014779	-46437.40499343228	7348.338397446847	294.74767962720006	29.95954180594643	0.9985222929327295	290	0:11
463.00000000148265	-46800.93836711228	7453.996374387308	298.98570485860824	30.063279968053482	0.9950767318495131	290	0:11
464.0000000014874	-47150.39405667863	7299.307495974478	292.78101129248756	29.656365572150072	1.0087301596855367	290	0:10
465.0000000014922	-47020.97118851938	7305.431386249489	293.02664538705767	29.91945768648972	0.9998600473562722	290	0:10
466.00000000149697	-47018.27114691635	7330.050035038774	294.0141189101496	29.76220114313376	1.0051430751179216	290	0:10
467.00000000150175	-47006.60138921716	7182.7125208112975	288.10429439040826	30.231548407722016	0.9895381465689784	290	0:09
468.0000000015065	-47028.52417699195	7428.585094112297	297.96643825814544	29.90955277836131	1.0001911630363935	290	0:09
469.0000000015113	-47018.209880517534	7247.655385127842	290.70920417141343	30.00702191921912	0.9969423310257669	290	0:09
470.00000000151607	-46870.25357905167	7403.219577761691	296.94900728497674	30.456352598755434	0.9822341753592008	290	0:08
471.00000000152085	-47158.14201889536	7571.5888863393575	303.70243375223714	30.14524575611657	0.9923710896673544	290	0:08
472.0000000015256	-46600.01722186053	7474.267223200652	299.7987846772898	30.085540767651274	0.994340457774096	290	0:08
473.0000000015304	-46577.79184247987	7380.632000870659	296.04300166616287	30.171990233294636	0.9914914511100514	290	0:08
474.00000000153517	-46747.179800935846	7204.105981865162	288.96240307617757	29.893491757245204	1.0007285405873374	290	0:07
475.00000000153995	-46751.6977570334	7276.877356299374	291.8813206052367	29.866456427032347	1.0016344072278713	290	0:07
476.0000000015447	-46582.430532683065	7117.68360387463	285.4959329705786	29.842254466254424	1.0024467291208088	290	0:07
477.0000000015495	-46864.69321121345	7307.884111204456	293.12502612976965	29.75734937567615	1.005306958009524	289	0:06
478.00000000155427	-46781.13326343175	7350.4540041850105	294.8325382909348	29.83112626912316	1.002820681639886	289	0:06
479.00000000155904	-46632.7212733083	7368.264743289347	295.5469411585643	29.904840630081015	1.0003487645808113	289	0:06
480.0000000015638	-46916.485073448595	7774.177127217934	311.8284087263161	30.007884387075425	0.9969136775324382	289	0:05
481.0000000015686	-46895.15594501936	7635.606551681985	306.27023306880733	30.35781910343868	0.9854222491199655	289	0:05
482.00000000157337	-46845.71928184311	7247.235267209332	290.69235290859007	30.165204634704658	0.9917144850020504	289	0:05
483.00000000157814	-46631.564965302445	7220.291230169818	289.6116062189785	30.109884863055726	0.9935365251427143	289	0:05
484.0000000015829	-46879.55802173645	7334.454542725532	294.19078720580444	30.01558536502123	0.9966579034020594	289	0:04
485.0000000015877	-46892.809585568175	7571.300928089728	303.69088351852207	30.17137605829646	0.9915116341225532	289	0:04
486.00000000159247	-46805.8848987153	7327.989405921693	293.93146544238834	30.259647179075127	0.9886192724670737	289	0:04
487.00000000159724	-47009.25824351303	7160.471545237986	287.2121912252687	30.11163980068971	0.993478620802391	289	0:03
488.000000001602	-46869.55156738649	7305.704111100871	293.0375845970904	29.668087253060616	1.008331616531884	289	0:03
489.0000000016068	-46892.367004149244	7394.237645858042	296.58873487453775	29.688793753719818	1.0076283538983257	289	0:03
490.00000000161157	-46814.47389762127	7392.282692413304	296.5103201417845	29.81516719563731	1.0033574584034173	289	0:02
491.00000000161634	-46766.754680764716	7466.347527426262	299.48111940024353	30.037832979835056	0.9959197256130381	289	0:02
492.0000000016211	-46800.26667261025	7379.809441071806	296.01000814042237	30.020567809660943	0.9964924903805628	289	0:02
493.0000000016259	-46854.14094792734	7440.56255836013	298.44686384607064	30.128061158853285	0.992937123353417	289	0:02
494.00000000163067	-46665.70466368779	7394.967739570337	296.6180195122299	30.41820315744388	0.9834660589399998	289	0:01
495.00000000163544	-46881.40306525779	7635.473429706231	306.26489344080727	30.035092702297504	0.9960105892065135	289	0:01
496.0000000016402	-46586.94135799375	7340.992048966734	294.4530117647349	30.14765527719465	0.9922917754044095	289	0:01
497.000000001645	-46441.00513352177	7559.625472186697	303.2225717247697	30.356648414843765	0.9854602514241874	289	0:00
498.00000000164977	-46626.02365555981	7527.9941618072735	301.9538147849502	29.788794061200317	1.0042457683190342	289	0:00
499.00000000165454	-46473.72779154917	7349.963866929991	294.81287849700556	30.072290487388496	0.9947785783671267	289	0:00
500.0000000016593	-46715.62901131576	7482.403735854632	300.12514665129083	30.001369763999918	0.9971301515434258	289	0:00
