    -44.945         0.00000     0.00000     0.00000     0.00000
    -44.795         0.00000     0.00000     0.00000     0.00000
    -44.645         0.00000     0.00000     0.00000     0.00000
    -44.495         0.00000     0.00000     0.00000     0.00000
    -44.345         0.00000     0.00000     0.00000     0.00000
    -44.195         0.00000     0.00000     0.00000     0.00000
    -44.045         0.00000     0.00000     0.00000     0.00000
    -43.895         0.00000     0.00000     0.00000     0.00000
    -43.745         0.00000     0.00000     0.00000     0.00000
    -43.595         0.00000     0.00000     0.00000     0.00000
    -43.445         0.00000     0.00000     0.00000     0.00000
    -43.295         0.00000     0.00000     0.00000     0.00000
    -43.145         0.00000     0.00000     0.00000     0.00000
    -42.995         0.00000     0.00000     0.00000     0.00000
    -42.845         0.00000     0.00000     0.00000     0.00000
    -42.695         0.00000     0.00000     0.00000     0.00000
    -42.545         0.00000     0.00000     0.00000     0.00000
    -42.395         0.00000     0.00000     0.00000     0.00000
    -42.245         0.00000     0.00000     0.00000     0.00000
    -42.095         0.00000     0.00000     0.00000     0.00000
    -41.945         0.00000     0.00000     0.00000     0.00000
    -41.795         0.00000     0.00000     0.00000     0.00000
    -41.645         0.00000     0.00000     0.00000     0.00000
    -41.495         0.00000     0.00000     0.00000     0.00000
    -41.345         0.00000     0.00000     0.00000     0.00000
    -41.195         0.00000     0.00000     0.00000     0.00000
    -41.045         0.00000     0.00000     0.00000     0.00000
    -40.895         0.00000     0.00000     0.00000     0.00000
    -40.745         0.00000     0.00000     0.00000     0.00000
    -40.595         0.00000     0.00000     0.00000     0.00000
    -40.445         0.00000     0.00000     0.00000     0.00000
    -40.295         0.00000     0.00000     0.00000     0.00000
    -40.145         0.00000     0.00000     0.00000     0.00000
    -39.995         0.00000     0.00000     0.00000     0.00000
    -39.845         0.00000     0.00000     0.00000     0.00000
    -39.695         0.00000     0.00000     0.00000     0.00000
    -39.545         0.00000     0.00000     0.00000     0.00000
    -39.395         0.00000     0.00000     0.00000     0.00000
    -39.245         0.00000     0.00000     0.00000     0.00000
    -39.095         0.00000     0.00000     0.00000     0.00000
    -38.945         0.00000     0.00000     0.00000     0.00000
    -38.795         0.00000     0.00000     0.00000     0.00000
    -38.645         0.00000     0.00000     0.00000     0.00000
    -38.495         0.00000     0.00000     0.00000     0.00000
    -38.345         0.00000     0.00000     0.00000     0.00000
    -38.195         0.00000     0.00000     0.00000     0.00000
    -38.045         0.00000     0.00000     0.00000     0.00000
    -37.895         0.00000     0.00000     0.00000     0.00000
    -37.745         0.00000     0.00000     0.00000     0.00000
    -37.595         0.00000     0.00000     0.00000     0.00000
    -37.445         0.00000     0.00000     0.00000     0.00000
    -37.295         0.00000     0.00000     0.00000     0.00000
    -37.145         0.00000     0.00000     0.00000     0.00000
    -36.995         0.00000     0.00000     0.00000     0.00000
    -36.845         0.00000     0.00000     0.00000     0.00000
    -36.695         0.00000     0.00000     0.00000     0.00000
    -36.545         0.00000     0.00000     0.00000     0.00000
    -36.395         0.00000     0.00000     0.00000     0.00000
    -36.245         0.00000     0.00000     0.00000     0.00000
    -36.095         0.00000     0.00000     0.00000     0.00000
    -35.945         0.00000     0.00000     0.00000     0.00000
    -35.795         0.00000     0.00000     0.00000     0.00000
    -35.645         0.00000     0.00000     0.00000     0.00000
    -35.495         0.00000     0.00000     0.00000     0.00000
    -35.345         0.00000     0.00000     0.00000     0.00000
    -35.195         0.00000     0.00000     0.00000     0.00000
    -35.045         0.00000     0.00000     0.00000     0.00000
    -34.895         0.00000     0.00000     0.00000     0.00000
    -34.745         0.00000     0.00000     0.00000     0.00000
    -34.595         0.00000     0.00000     0.00000     0.00000
    -34.445         0.00000     0.00000     0.00000     0.00000
    -34.295         0.00000     0.00000     0.00000     0.00000
    -34.145         0.00000     0.00000     0.00000     0.00000
    -33.995         0.00000     0.00000     0.00000     0.00000
    -33.845         0.00000     0.00000     0.00000     0.00000
    -33.695         0.00000     0.00000     0.00000     0.00000
    -33.545         0.00000     0.00000     0.00000     0.00000
    -33.395         0.00000     0.00000     0.00000     0.00000
    -33.245         0.00000     0.00000     0.00000     0.00000
    -33.095         0.00000     0.00000     0.00000     0.00000
    -32.945         0.00000     0.00000     0.00000     0.00000
    -32.795         0.00000     0.00000     0.00000     0.00000
    -32.645         0.00000     0.00000     0.00000     0.00000
    -32.495         0.00000     0.00000     0.00000     0.00000
    -32.345         0.00000     0.00000     0.00000     0.00000
    -32.195         0.00000     0.00000     0.00000     0.00000
    -32.045         0.00000     0.00000     0.00000     0.00000
    -31.895         0.00000     0.00000     0.00000     0.00000
    -31.745         0.00000     0.00000     0.00000     0.00000
    -31.595         0.00000     0.00000     0.00000     0.00000
    -31.445         0.00000     0.00000     0.00000     0.00000
    -31.295         0.00000     0.00000     0.00000     0.00000
    -31.145         0.00000     0.00000     0.00000     0.00000
    -30.995         0.00000     0.00000     0.00000     0.00000
    -30.845         0.00000     0.00000     0.00000     0.00000
    -30.695         0.00000     0.00000     0.00000     0.00000
    -30.545         0.00000     0.00000     0.00000     0.00000
    -30.395         0.00000     0.00000     0.00000     0.00000
    -30.245         0.00000     0.00000     0.00000     0.00000
    -30.095         0.00000     0.00000     0.00000     0.00000
    -29.945         0.00000     0.00000     0.00000     0.00000
    -29.795         0.00000     0.00000     0.00000     0.00000
    -29.645         0.00000     0.00000     0.00000     0.00000
    -29.495         0.00000     0.00000     0.00000     0.00000
    -29.345         0.00000     0.00000     0.00000     0.00000
    -29.195         0.00000     0.00000     0.00000     0.00000
    -29.045         0.00000     0.00000     0.00000     0.00000
    -28.895         0.00000     0.00000     0.00000     0.00000
    -28.745         0.00000     0.00000     0.00000     0.00000
    -28.595        -0.00065     0.00000    -0.00065     0.00000
    -28.445        -0.00065     0.00000    -0.00065     0.00000
    -28.295        -0.00129     0.00000    -0.00129     0.00000
    -28.145        -0.00129     0.00000    -0.00129     0.00000
    -27.995        -0.00129     0.00000    -0.00129     0.00000
    -27.845        -0.00129     0.00000    -0.00129     0.00000
    -27.695        -0.00129     0.00000    -0.00129     0.00000
    -27.545        -0.00192     0.00000    -0.00192     0.00000
    -27.395        -0.00378     0.00000    -0.00378     0.00000
    -27.245        -0.00625     0.00000    -0.00625     0.00000
    -27.095        -0.00872     0.00000    -0.00872     0.00000
    -26.945        -0.01001     0.00000    -0.01001     0.00000
    -26.795        -0.01496     0.00000    -0.01496     0.00000
    -26.645        -0.01809     0.00000    -0.01809     0.00000
    -26.495        -0.02660     0.00000    -0.02660     0.00000
    -26.345        -0.03097     0.00000    -0.03097     0.00000
    -26.195        -0.03778     0.00000    -0.03778     0.00000
    -26.045        -0.04759     0.00000    -0.04759     0.00000
    -25.895        -0.06103     0.00000    -0.06103     0.00000
    -25.745        -0.06856     0.00000    -0.06856     0.00000
    -25.595        -0.07972     0.00000    -0.07972     0.00000
    -25.445        -0.10100     0.00000    -0.10100     0.00000
    -25.295        -0.12412     0.00000    -0.12412     0.00000
    -25.145        -0.15429     0.00000    -0.15429     0.00000
    -24.995        -0.18391     0.00000    -0.18391     0.00000
    -24.845        -0.22174     0.00000    -0.22174     0.00000
    -24.695        -0.26012     0.00000    -0.26012     0.00000
    -24.545        -0.30040     0.00000    -0.30040     0.00000
    -24.395        -0.35155     0.00000    -0.35155     0.00000
    -24.245        -0.39701     0.00000    -0.39701     0.00000
    -24.095        -0.45052     0.00000    -0.45052     0.00000
    -23.945        -0.50229     0.00000    -0.50229     0.00000
    -23.795        -0.55791     0.00000    -0.55791     0.00000
    -23.645        -0.60900     0.00000    -0.60900     0.00000
    -23.495        -0.65959     0.00000    -0.65959     0.00000
    -23.345        -0.70898     0.00000    -0.70898     0.00000
    -23.195        -0.75444     0.00000    -0.75444     0.00000
    -23.045        -0.81563     0.00000    -0.81563     0.00000
    -22.895        -0.85807    -0.00047    -0.85761     0.00000
    -22.745        -0.89509    -0.00047    -0.89462     0.00000
    -22.595        -0.93577    -0.00047    -0.93530     0.00000
    -22.445        -0.98014    -0.00092    -0.97922     0.00000
    -22.295        -1.01587    -0.00092    -1.01495     0.00000
    -22.145        -1.04934    -0.00092    -1.04842     0.00000
    -21.995        -1.08907    -0.00092    -1.08815     0.00000
    -21.845        -1.12348    -0.00092    -1.12256     0.00000
    -21.695        -1.15198    -0.00092    -1.15106     0.00000
    -21.545        -1.18671    -0.00092    -1.18579     0.00000
    -21.395        -1.22170    -0.00136    -1.22033     0.00000
    -21.245        -1.24885    -0.00181    -1.24704     0.00000
    -21.095        -1.27646    -0.00268    -1.27378     0.00000
    -20.945        -1.30510    -0.00313    -1.30197     0.00000
    -20.795        -1.32700    -0.00356    -1.32344     0.00000
    -20.645        -1.35044    -0.00399    -1.34645     0.00000
    -20.495        -1.37113    -0.00523    -1.36590     0.00000
    -20.345        -1.38734    -0.00609    -1.38125     0.00000
    -20.195        -1.41263    -0.00653    -1.40610     0.00000
    -20.045        -1.43173    -0.00775    -1.42399     0.00000
    -19.895        -1.45254    -0.00775    -1.44479     0.00000
    -19.745        -1.47005    -0.00899    -1.46107     0.00000
    -19.595        -1.49015    -0.00941    -1.48074     0.00000
    -19.445        -1.50980    -0.01023    -1.49956     0.00000
    -19.295        -1.52902    -0.01023    -1.51879     0.00000
    -19.145        -1.54521    -0.01108    -1.53413     0.00000
    -18.995        -1.56377    -0.01151    -1.55226     0.00000
    -18.845        -1.58210    -0.01542    -1.56668     0.00000
    -18.695        -1.59727    -0.01666    -1.58061     0.00000
    -18.545        -1.61109    -0.01791    -1.59318     0.00000
    -18.395        -1.62772    -0.01917    -1.60855     0.00000
    -18.245        -1.64601    -0.02119    -1.62482     0.00000
    -18.095        -1.66559    -0.02588    -1.63970     0.00000
    -17.945        -1.68434    -0.03016    -1.65418     0.00000
    -17.795        -1.70152    -0.03335    -1.66817     0.00000
    -17.645        -1.71608    -0.03573    -1.68034     0.00000
    -17.495        -1.72992    -0.03735    -1.69257     0.00000
    -17.345        -1.74853    -0.04199    -1.70654     0.00000
    -17.195        -1.76405    -0.04437    -1.71968     0.00000
    -17.045        -1.77820    -0.04752    -1.73068     0.00000
    -16.895        -1.79277    -0.05101    -1.74175     0.00000
    -16.745        -1.80641    -0.05561    -1.75080     0.00000
    -16.595        -1.82471    -0.06274    -1.76197     0.00000
    -16.445        -1.84196    -0.06839    -1.77357     0.00000
    -16.295        -1.85763    -0.07439    -1.78324     0.00000
    -16.145        -1.87258    -0.07963    -1.79296     0.00000
    -15.995        -1.89131    -0.08663    -1.80468     0.00000
    -15.845        -1.91004    -0.09363    -1.81641     0.00000
    -15.695        -1.92826    -0.10333    -1.82493     0.00000
    -15.545        -1.94167    -0.10822    -1.83345     0.00000
    -15.395        -1.95955    -0.11755    -1.84200     0.00000
    -15.245        -1.97535    -0.12481    -1.85054     0.00000
    -15.095        -1.99085    -0.13102    -1.85983     0.00000
    -14.945        -2.00747    -0.13991    -1.86756     0.00000
    -14.795        -2.02449    -0.14643    -1.87806     0.00000
    -14.645        -2.04531    -0.15428    -1.89103     0.00000
    -14.495        -2.05723    -0.16045    -1.89678     0.00000
    -14.345        -2.07459    -0.16923    -1.90536     0.00000
    -14.195        -2.09035    -0.17928    -1.91108     0.00000
    -14.045        -2.10843    -0.18960    -1.91883     0.00000
    -13.895        -2.12642    -0.19897    -1.92745     0.00000
    -13.745        -2.14355    -0.20829    -1.93526     0.00000
    -13.595        -2.16150    -0.21949    -1.94201     0.00000
    -13.445        -2.17756    -0.22782    -1.94975     0.00000
    -13.295        -2.19646    -0.23892    -1.95753     0.00000
    -13.145        -2.21371    -0.24939    -1.96432     0.00000
    -12.995        -2.23070    -0.25864    -1.97206     0.00000
    -12.845        -2.24731    -0.26850    -1.97881     0.00000
    -12.695        -2.26696    -0.27803    -1.98893     0.00000
    -12.545        -2.28294    -0.28843    -1.99452     0.00000
    -12.395        -2.30021    -0.29795    -2.00226     0.00000
    -12.245        -2.32063    -0.30892    -2.01171     0.00000
    -12.095        -2.34013    -0.31761    -2.02252     0.00000
    -11.945        -2.36163    -0.32966    -2.03197     0.00000
    -11.795        -2.38283    -0.34146    -2.04137     0.00000
    -11.645        -2.40552    -0.35321    -2.05231     0.00000
    -11.495        -2.42639    -0.36852    -2.05787     0.00000
    -11.345        -2.44956    -0.37841    -2.07115     0.00000
    -11.195        -2.47466    -0.39074    -2.08392     0.00000
    -11.045        -2.49586    -0.40250    -2.09335     0.00000
    -10.895        -2.52518    -0.41534    -2.10984     0.00000
    -10.745        -2.55209    -0.42609    -2.12600     0.00000
    -10.595        -2.57782    -0.43741    -2.14041    -0.00000
    -10.445        -2.61010    -0.45154    -2.15855    -0.00000
    -10.295        -2.64407    -0.46695    -2.17711    -0.00000
    -10.145        -2.67617    -0.47891    -2.19707    -0.00019
    -9.9950        -2.71225    -0.49383    -2.21772    -0.00070
    -9.8450        -2.74638    -0.50974    -2.23503    -0.00161
    -9.6950        -2.78627    -0.52378    -2.25884    -0.00364
    -9.5450        -2.83495    -0.54208    -2.28285    -0.01001
    -9.3950        -2.88114    -0.56100    -2.30417    -0.01597
    -9.2450        -2.93619    -0.57709    -2.32706    -0.03203
    -9.0950        -3.01065    -0.59747    -2.35271    -0.06047
    -8.9450        -3.10122    -0.61418    -2.38055    -0.10648
    -8.7950        -3.21361    -0.63620    -2.41190    -0.16551
    -8.6450        -3.34930    -0.65959    -2.44475    -0.24496
    -8.4950        -3.52363    -0.68697    -2.48022    -0.35644
    -8.3450        -3.72423    -0.71209    -2.51593    -0.49621
    -8.1950        -3.96929    -0.73789    -2.55180    -0.67961
    -8.0450        -4.25463    -0.76582    -2.59041    -0.89840
    -7.8950        -4.58850    -0.79733    -2.63163    -1.15954
    -7.7450        -4.96570    -0.83148    -2.67320    -1.46102
    -7.5950        -5.39397    -0.87073    -2.71671    -1.80653
    -7.4450        -5.88776    -0.91549    -2.76422    -2.20805
    -7.2950        -6.42957    -0.95966    -2.81809    -2.65182
    -7.1450        -7.02663    -1.01318    -2.87017    -3.14328
    -6.9950        -7.64005    -1.06794    -2.92353    -3.64857
    -6.8450        -8.29442    -1.12800    -2.97879    -4.18763
    -6.6950        -8.96354    -1.19068    -3.03045    -4.74241
    -6.5450        -9.66086    -1.25671    -3.08799    -5.31616
    -6.3950       -10.34685    -1.32940    -3.14404    -5.87342
    -6.2450       -11.03663    -1.40598    -3.20354    -6.42711
    -6.0950       -11.73287    -1.48711    -3.26630    -6.97946
    -5.9450       -12.43153    -1.57500    -3.32983    -7.52670
    -5.7950       -13.10527    -1.66766    -3.39454    -8.04307
    -5.6450       -13.76294    -1.75499    -3.45880    -8.54915
    -5.4950       -14.40731    -1.84559    -3.52891    -9.03280
    -5.3450       -15.03100    -1.93500    -3.59997    -9.49602
    -5.1950       -15.65183    -2.02559    -3.67058    -9.95566
    -5.0450       -16.26106    -2.12140    -3.74514   -10.39452
    -4.8950       -16.84814    -2.22126    -3.82183   -10.80504
    -4.7450       -17.42379    -2.32103    -3.90142   -11.20135
    -4.5950       -18.00224    -2.42332    -3.98332   -11.59560
    -4.4450       -18.57862    -2.52987    -4.06695   -11.98180
    -4.2950       -19.15957    -2.63485    -4.15569   -12.36904
    -4.1450       -19.73863    -2.74401    -4.24878   -12.74584
    -3.9950       -20.34482    -2.85434    -4.34681   -13.14367
    -3.8450       -20.96684    -2.97162    -4.44897   -13.54624
    -3.6950       -21.61732    -3.09269    -4.55834   -13.96630
    -3.5450       -22.28906    -3.21818    -4.67981   -14.39107
    -3.3950       -22.98560    -3.35023    -4.80654   -14.82883
    -3.2450       -23.70362    -3.48753    -4.94173   -15.27436
    -3.0950       -24.44261    -3.63451    -5.08159   -15.72650
    -2.9450       -25.23037    -3.79049    -5.23698   -16.20291
    -2.7950       -26.04951    -3.95675    -5.40380   -16.68896
    -2.6450       -26.92239    -4.14045    -5.58518   -17.19677
    -2.4950       -27.86898    -4.33559    -5.78039   -17.75299
    -2.3450       -28.87292    -4.54423    -5.98664   -18.34204
    -2.1950       -29.97244    -4.76708    -6.21270   -18.99265
    -2.0450       -31.18632    -5.00835    -6.45798   -19.71999
    -1.8950       -32.54657    -5.26505    -6.72497   -20.55654
    -1.7450       -34.07411    -5.54134    -7.02288   -21.50990
    -1.5950       -35.79670    -5.83846    -7.34849   -22.60975
    -1.4450       -37.74147    -6.16461    -7.71685   -23.86002
    -1.2950       -39.91082    -6.52689    -8.12470   -25.25923
    -1.1450       -42.33654    -6.93229    -8.58526   -26.81899
   -0.99500       -45.02266    -7.37986    -9.12010   -28.52269
   -0.84500       -48.02199    -7.87877    -9.76158   -30.38164
   -0.69500       -51.43117    -8.44952   -10.55017   -32.43148
   -0.54500       -55.45377    -9.11733   -11.50632   -34.83012
   -0.39500       -60.45444    -9.89185   -12.63882   -37.92377
   -0.25300       -64.36542   -10.38678   -13.36034   -40.61830
   -0.21500       -64.63284   -10.41595   -13.40080   -40.81610
   -0.20900       -64.90423   -10.44528   -13.43994   -41.01901
   -0.20300       -65.17832   -10.47398   -13.47830   -41.22604
   -0.19700       -65.45775   -10.50173   -13.51615   -41.43987
   -0.19100       -65.74139   -10.52943   -13.55289   -41.65907
   -0.18500       -66.03039   -10.55709   -13.58819   -41.88512
   -0.17900       -66.32599   -10.58387   -13.62274   -42.11938
   -0.17300       -66.62864   -10.61034   -13.65699   -42.36131
   -0.16700       -66.93595   -10.63623   -13.68950   -42.61021
   -0.16100       -67.25213   -10.66157   -13.72163   -42.86893
   -0.15500       -67.57767   -10.68620   -13.75200   -43.13947
   -0.14900       -67.91181   -10.71070   -13.78169   -43.41943
   -0.14300       -68.25736   -10.73436   -13.81035   -43.71265
   -0.13700       -68.61443   -10.75720   -13.83774   -44.01949
   -0.13100       -68.98439   -10.77935   -13.86413   -44.34091
   -0.12500       -69.36946   -10.80123   -13.88929   -44.67894
   -0.11900       -69.76763   -10.82204   -13.91285   -45.03275
   -0.11300       -70.18511   -10.84231   -13.93566   -45.40714
   -0.10700       -70.62154   -10.86148   -13.95734   -45.80272
   -0.10100       -71.08100   -10.87995   -13.97836   -46.22268
   -0.95000E-01   -71.56288   -10.89733   -13.99777   -46.66778
   -0.89000E-01   -72.07384   -10.91410   -14.01593   -47.14381
   -0.83000E-01   -72.61360   -10.92945   -14.03288   -47.65127
   -0.77000E-01   -73.18606   -10.94415   -14.04876   -48.19314
   -0.71000E-01   -73.79523   -10.95779   -14.06338   -48.77406
   -0.65000E-01   -74.44206   -10.97035   -14.07683   -49.39488
   -0.59000E-01   -75.12960   -10.98177   -14.08886   -50.05898
   -0.53000E-01   -75.86475   -10.99221   -14.09956   -50.77297
   -0.47000E-01   -76.65114   -11.00136   -14.10916   -51.54063
   -0.41000E-01   -77.49783   -11.00948   -14.11764   -52.37070
   -0.35000E-01   -78.41169   -11.01652   -14.12491   -53.27026
   -0.29000E-01   -79.39573   -11.02232   -14.13086   -54.24254
   -0.23000E-01   -80.42195   -11.02701   -14.13559   -55.25935
   -0.19700E-01   -80.52353   -11.02742   -14.13598   -55.36013
   -0.19100E-01   -80.62476   -11.02779   -14.13637   -55.46060
   -0.18500E-01   -80.72529   -11.02817   -14.13674   -55.56039
   -0.17900E-01   -80.82532   -11.02853   -14.13711   -55.65967
   -0.17300E-01   -80.92411   -11.02887   -14.13747   -55.75778
   -0.16700E-01   -81.02175   -11.02919   -14.13780   -55.85475
   -0.16100E-01   -81.11813   -11.02952   -14.13814   -55.95048
   -0.15500E-01   -81.21262   -11.02985   -14.13845   -56.04432
   -0.14900E-01   -81.30525   -11.03014   -14.13876   -56.13635
   -0.14300E-01   -81.39573   -11.03043   -14.13905   -56.22624
   -0.13700E-01   -81.48427   -11.03071   -14.13932   -56.31423
   -0.13100E-01   -81.57033   -11.03098   -14.13959   -56.39976
   -0.12500E-01   -81.65361   -11.03124   -14.13985   -56.48252
   -0.11900E-01   -81.73403   -11.03148   -14.14008   -56.56246
   -0.11300E-01   -81.81148   -11.03171   -14.14031   -56.63945
   -0.10700E-01   -81.88566   -11.03192   -14.14053   -56.71321
   -0.10100E-01   -81.95641   -11.03213   -14.14074   -56.78355
   -0.95000E-02   -82.02367   -11.03232   -14.14094   -56.85042
   -0.89000E-02   -82.08739   -11.03251   -14.14112   -56.91376
   -0.83000E-02   -82.14733   -11.03267   -14.14130   -56.97336
   -0.77000E-02   -82.20346   -11.03283   -14.14146   -57.02917
   -0.71000E-02   -82.25551   -11.03297   -14.14160   -57.08094
   -0.65000E-02   -82.30346   -11.03310   -14.14174   -57.12862
   -0.59000E-02   -82.34736   -11.03322   -14.14186   -57.17228
   -0.53000E-02   -82.38699   -11.03333   -14.14197   -57.21169
   -0.47000E-02   -82.42238   -11.03343   -14.14206   -57.24689
   -0.41000E-02   -82.45338   -11.03351   -14.14215   -57.27772
   -0.35000E-02   -82.47992   -11.03358   -14.14222   -57.30412
   -0.29000E-02   -82.50201   -11.03364   -14.14228   -57.32609
   -0.23000E-02   -82.51959   -11.03369   -14.14233   -57.34358
   -0.17000E-02   -82.53265   -11.03372   -14.14236   -57.35656
   -0.11000E-02   -82.54112   -11.03374   -14.14238   -57.36499
   -0.50000E-03   -82.54500   -11.03375   -14.14239   -57.36885
    0.10000E-03   -82.54429   -11.03375   -14.14239   -57.36814
    0.70000E-03   -82.53899   -11.03374   -14.14238   -57.36287
    0.13000E-02   -82.52909   -11.03371   -14.14235   -57.35303
    0.19000E-02   -82.51468   -11.03367   -14.14231   -57.33870
    0.25000E-02   -82.49567   -11.03362   -14.14226   -57.31979
    0.31000E-02   -82.47218   -11.03356   -14.14220   -57.29643
    0.37000E-02   -82.44419   -11.03348   -14.14212   -57.26858
    0.43000E-02   -82.41180   -11.03339   -14.14204   -57.23637
    0.49000E-02   -82.37504   -11.03329   -14.14193   -57.19982
    0.55000E-02   -82.33400   -11.03318   -14.14182   -57.15900
    0.61000E-02   -82.28855   -11.03305   -14.14170   -57.11380
    0.67000E-02   -82.23913   -11.03291   -14.14156   -57.06466
    0.73000E-02   -82.18560   -11.03276   -14.14141   -57.01143
    0.79000E-02   -82.12799   -11.03259   -14.14126   -56.95414
    0.85000E-02   -82.06678   -11.03241   -14.14109   -56.89328
    0.91000E-02   -82.00171   -11.03222   -14.14091   -56.82857
    0.97000E-02   -81.93308   -11.03202   -14.14071   -56.76034
    0.10300E-01   -81.86109   -11.03181   -14.14050   -56.68878
    0.10900E-01   -81.78560   -11.03158   -14.14028   -56.61374
    0.11500E-01   -81.70714   -11.03135   -14.14004   -56.53575
    0.12100E-01   -81.62546   -11.03109   -14.13980   -56.45457
    0.12700E-01   -81.54104   -11.03082   -14.13955   -56.37068
    0.13300E-01   -81.45412   -11.03055   -14.13926   -56.28431
    0.13900E-01   -81.36459   -11.03027   -14.13897   -56.19535
    0.14500E-01   -81.27283   -11.02999   -14.13867   -56.10418
    0.15100E-01   -81.17904   -11.02968   -14.13837   -56.01099
    0.15700E-01   -81.08355   -11.02937   -14.13804   -55.91614
    0.16300E-01   -80.98653   -11.02904   -14.13772   -55.81977
    0.16900E-01   -80.88802   -11.02869   -14.13737   -55.72196
    0.17500E-01   -80.78824   -11.02832   -14.13703   -55.62289
    0.18100E-01   -80.68744   -11.02794   -14.13666   -55.52284
    0.18700E-01   -80.58602   -11.02756   -14.13628   -55.42217
    0.19300E-01   -80.48410   -11.02719   -14.13590   -55.32101
    0.20200E-01   -80.08493   -11.02552   -14.13427   -54.92515
    0.25000E-01   -79.06461   -11.02037   -14.12918   -53.91506
    0.31000E-01   -78.10635   -11.01402   -14.12288   -52.96945
    0.37000E-01   -77.22213   -11.00629   -14.11544   -52.10040
    0.43000E-01   -76.40687   -10.99742   -14.10669   -51.30276
    0.49000E-01   -75.64959   -10.98708   -14.09679   -50.56572
    0.55000E-01   -74.94536   -10.97556   -14.08592   -49.88389
    0.61000E-01   -74.28866   -10.96264   -14.07376   -49.25226
    0.67000E-01   -73.67725   -10.94864   -14.06055   -48.66806
    0.73000E-01   -73.10442   -10.93334   -14.04621   -48.12486
    0.79000E-01   -72.56753   -10.91688   -14.03071   -47.61994
    0.85000E-01   -72.06315   -10.89904   -14.01407   -47.15004
    0.91000E-01   -71.59070   -10.87993   -13.99671   -46.71406
    0.97000E-01   -71.14496   -10.85976   -13.97804   -46.30716
    0.10300       -70.72475   -10.83828   -13.95863   -45.92783
    0.10900       -70.32776   -10.81573   -13.93847   -45.57356
    0.11500       -69.95139   -10.79215   -13.91710   -45.24214
    0.12100       -69.59202   -10.76743   -13.89529   -44.92930
    0.12700       -69.25019   -10.74156   -13.87252   -44.63611
    0.13300       -68.92470   -10.71486   -13.84911   -44.36072
    0.13900       -68.61089   -10.68672   -13.82508   -44.09909
    0.14500       -68.30989   -10.65738   -13.80047   -43.85203
    0.15100       -68.02028   -10.62688   -13.77534   -43.61806
    0.15700       -67.73991   -10.59579   -13.74975   -43.39437
    0.16300       -67.46786   -10.56265   -13.72368   -43.18153
    0.16900       -67.20396   -10.52919   -13.69690   -42.97786
    0.17500       -66.94833   -10.49457   -13.67012   -42.78364
    0.18100       -66.69759   -10.45902   -13.64255   -42.59602
    0.18700       -66.45260   -10.42257   -13.61430   -42.41573
    0.19300       -66.21202   -10.38498   -13.58583   -42.24121
    0.19900       -65.97830   -10.34723   -13.55774   -42.07333
    0.20500       -65.74788   -10.30825   -13.52905   -41.91058
    0.21100       -65.52149   -10.26842   -13.49992   -41.75315
    0.21700       -65.29917   -10.22769   -13.47049   -41.60100
    0.29500       -60.50638    -9.08952   -12.69199   -38.72487
    0.44500       -57.03099    -8.02482   -11.96719   -37.03898
    0.59500       -54.36304    -7.13378   -11.34286   -35.88640
    0.74500       -52.22349    -6.41877   -10.79632   -35.00840
    0.89500       -50.43441    -5.82941   -10.31134   -34.29365
     1.0450       -48.87484    -5.31989    -9.87433   -33.68062
     1.1950       -47.50347    -4.87010    -9.48227   -33.15110
     1.3450       -46.27801    -4.46380    -9.12521   -32.68900
     1.4950       -45.18466    -4.10104    -8.80421   -32.27941
     1.6450       -44.19390    -3.76805    -8.51338   -31.91247
     1.7950       -43.29284    -3.46885    -8.24511   -31.57888
     1.9450       -42.46898    -3.19692    -8.00099   -31.27108
     2.0950       -41.72220    -2.95386    -7.77953   -30.98882
     2.2450       -41.03556    -2.73131    -7.57774   -30.72652
     2.3950       -40.39869    -2.52897    -7.38950   -30.48022
     2.5450       -39.82444    -2.34397    -7.21847   -30.26200
     2.6950       -39.28707    -2.17567    -7.05948   -30.05191
     2.8450       -38.79798    -2.02099    -6.90998   -29.86701
     2.9950       -38.34039    -1.87798    -6.77192   -29.69048
     3.1450       -37.92014    -1.74707    -6.64021   -29.53286
     3.2950       -37.53091    -1.62576    -6.51508   -29.39007
     3.4450       -37.17095    -1.51414    -6.39817   -29.25864
     3.5950       -36.83971    -1.40942    -6.28821   -29.14207
     3.7450       -36.52849    -1.31144    -6.18246   -29.03459
     3.8950       -36.23602    -1.22124    -6.08172   -28.93306
     4.0450       -35.97074    -1.13593    -5.98628   -28.84852
     4.1950       -35.71914    -1.05517    -5.89638   -28.76759
     4.3450       -35.48185    -0.97863    -5.81028   -28.69294
     4.4950       -35.25995    -0.90599    -5.72828   -28.62568
     4.6450       -35.04639    -0.83786    -5.64983   -28.55870
     4.7950       -34.84411    -0.77227    -5.57257   -28.49926
     4.9450       -34.65582    -0.71254    -5.50102   -28.44227
     5.0950       -34.47588    -0.65523    -5.43185   -28.38880
     5.2450       -34.30483    -0.60126    -5.36375   -28.33982
     5.3950       -34.13747    -0.54821    -5.29926   -28.29000
     5.5450       -33.97768    -0.49804    -5.23685   -28.24279
     5.6950       -33.82627    -0.45054    -5.17873   -28.19700
     5.8450       -33.68684    -0.40869    -5.12404   -28.15411
     5.9950       -33.54980    -0.36577    -5.07147   -28.11256
     6.1450       -33.42214    -0.32907    -5.02060   -28.07247
     6.2950       -33.29708    -0.29304    -4.97180   -28.03224
     6.4450       -33.17660    -0.25784    -4.92658   -27.99218
     6.5950       -33.06628    -0.22499    -4.88588   -27.95541
     6.7450       -32.95941    -0.19471    -4.84583   -27.91887
     6.8950       -32.85876    -0.16564    -4.80944   -27.88368
     7.0450       -32.76347    -0.13719    -4.77690   -27.84938
     7.1950       -32.67535    -0.11391    -4.74634   -27.81510
     7.3450       -32.59641    -0.09509    -4.71916   -27.78216
     7.4950       -32.52132    -0.07490    -4.69657   -27.74985
     7.6450       -32.44869    -0.05912    -4.67129   -27.71827
     7.7950       -32.37462    -0.04255    -4.64554   -27.68653
     7.9450       -32.29909    -0.02122    -4.62169   -27.65618
     8.0950       -32.23151    -0.00817    -4.59784   -27.62550
     8.2450       -32.16426     0.00497    -4.57301   -27.59622
     8.3950       -32.10160     0.02307    -4.55707   -27.56759
     8.5450       -32.03883     0.03808    -4.53754   -27.53937
     8.6950       -31.98186     0.05218    -4.52242   -27.51163
     8.8450       -31.92008     0.06537    -4.50099   -27.48445
     8.9950       -31.86941     0.07527    -4.48687   -27.45780
     9.1450       -31.82520     0.08125    -4.47492   -27.43153
     9.2950       -31.77926     0.08441    -4.45801   -27.40567
     9.4450       -31.74275     0.09034    -4.45286   -27.38023
     9.5950       -31.70104     0.09625    -4.44207   -27.35523
     9.7450       -31.66021     0.10057    -4.43011   -27.33067
     9.8950       -31.62501     0.10487    -4.42341   -27.30648
     10.045       -31.59015     0.11073    -4.41830   -27.28258
     10.195       -31.54880     0.11654    -4.40633   -27.25901
     10.345       -31.51021     0.12239    -4.39672   -27.23588
     10.495       -31.47501     0.12653    -4.38851   -27.21303
     10.645       -31.44010     0.13063    -4.38024   -27.19049
     10.795       -31.41241     0.13295    -4.37700   -27.16836
     10.945       -31.38312     0.13524    -4.37190   -27.14646
     11.095       -31.35251     0.13745    -4.36509   -27.12488
     11.245       -31.32398     0.13960    -4.35995   -27.10363
     11.395       -31.29968     0.14172    -4.35874   -27.08266
     11.545       -31.27008     0.14379    -4.35190   -27.06196
     11.695       -31.24247     0.14776    -4.34870   -27.04153
     11.845       -31.21510     0.15172    -4.34548   -27.02134
     11.995       -31.19002     0.15365    -4.34229   -27.00137
     12.145       -31.16523     0.15554    -4.33907   -26.98170
     12.295       -31.14082     0.15739    -4.33589   -26.96232
     12.445       -31.11881     0.15921    -4.33493   -26.94309
     12.595       -31.09717     0.16099    -4.33401   -26.92414
     12.745       -31.07582     0.16272    -4.33312   -26.90543
     12.895       -31.05030     0.16444    -4.32783   -26.88691
     13.045       -31.02712     0.16613    -4.32464   -26.86860
     13.195       -31.00658     0.16777    -4.32380   -26.85055
     13.345       -30.98627     0.16937    -4.32297   -26.83267
     13.495       -30.96377     0.17095    -4.31972   -26.81500
     13.645       -30.94400     0.17250    -4.31899   -26.79750
     13.795       -30.92449     0.17401    -4.31826   -26.78024
     13.945       -30.90523     0.17550    -4.31755   -26.76318
     14.095       -30.88619     0.17699    -4.31685   -26.74633
     14.245       -30.86729     0.17844    -4.31614   -26.72959
     14.395       -30.84864     0.17986    -4.31546   -26.71303
     14.545       -30.83016     0.18125    -4.31478   -26.69664
     14.695       -30.80922     0.18263    -4.31145   -26.68040
     14.845       -30.79127     0.18400    -4.31085   -26.66442
     14.995       -30.77341     0.18535    -4.31022   -26.64855
     15.145       -30.75569     0.18669    -4.30960   -26.63277
     15.295       -30.73826     0.18798    -4.30902   -26.61722
     15.445       -30.72096     0.18926    -4.30842   -26.60180
     15.595       -30.70386     0.19054    -4.30786   -26.58655
     15.745       -30.68692     0.19180    -4.30728   -26.57144
     15.895       -30.67015     0.19304    -4.30672   -26.55647
     16.045       -30.65355     0.19425    -4.30620   -26.54160
     16.195       -30.63715     0.19545    -4.30566   -26.52694
     16.345       -30.62093     0.19664    -4.30516   -26.51240
     16.495       -30.60493     0.19779    -4.30469   -26.49803
     16.645       -30.58905     0.19894    -4.30423   -26.48376
     16.795       -30.57330     0.20007    -4.30376   -26.46961
     16.945       -30.55768     0.20119    -4.30329   -26.45559
     17.095       -30.54224     0.20229    -4.30282   -26.44171
     17.245       -30.52694     0.20339    -4.30241   -26.42793
     17.395       -30.51175     0.20446    -4.30196   -26.41425
     17.545       -30.49673     0.20552    -4.30152   -26.40073
     17.695       -30.48185     0.20657    -4.30111   -26.38732
     17.845       -30.46720     0.20762    -4.30073   -26.37408
     17.995       -30.45255     0.20864    -4.30032   -26.36088
     18.145       -30.43799     0.20968    -4.29991   -26.34776
     18.295       -30.42032     0.21069    -4.29619   -26.33482
     18.445       -30.40613     0.21170    -4.29583   -26.32201
     18.595       -30.39200     0.21269    -4.29545   -26.30923
     18.745       -30.37797     0.21367    -4.29507   -26.29656
     18.895       -30.36410     0.21462    -4.29471   -26.28401
     19.045       -30.35031     0.21557    -4.29434   -26.27154
     19.195       -30.33674     0.21652    -4.29400   -26.25926
     19.345       -30.32318     0.21746    -4.29363   -26.24700
     19.495       -30.30980     0.21839    -4.29332   -26.23487
     19.645       -30.29648     0.21930    -4.29296   -26.22282
     19.795       -30.28334     0.22021    -4.29262   -26.21093
     19.945       -30.27027     0.22111    -4.29228   -26.19909
     20.095       -30.25729     0.22199    -4.29194   -26.18734
     20.245       -30.24448     0.22287    -4.29163   -26.17572
     20.395       -30.23165     0.22375    -4.29130   -26.16410
     20.545       -30.21898     0.22462    -4.29099   -26.15261
     20.695       -30.20644     0.22547    -4.29067   -26.14124
     20.845       -30.19395     0.22632    -4.29034   -26.12993
     20.995       -30.18154     0.22716    -4.29004   -26.11866
     21.145       -30.16927     0.22800    -4.28974   -26.10753
     21.295       -30.15713     0.22883    -4.28947   -26.09649
     21.445       -30.14500     0.22965    -4.28919   -26.08546
     21.595       -30.13299     0.23047    -4.28891   -26.07455
     21.745       -30.12100     0.23128    -4.28863   -26.06365
     21.895       -30.10912     0.23210    -4.28832   -26.05290
     22.045       -30.09732     0.23289    -4.28804   -26.04216
     22.195       -30.08566     0.23367    -4.28780   -26.03153
     22.345       -30.07411     0.23444    -4.28754   -26.02101
     22.495       -30.06261     0.23522    -4.28727   -26.01056
     22.645       -30.05127     0.23599    -4.28701   -26.00025
     22.795       -30.03993     0.23674    -4.28675   -25.98993
     22.945       -30.02870     0.23749    -4.28651   -25.97968
     23.095       -30.01748     0.23825    -4.28627   -25.96945
     23.245       -30.00630     0.23899    -4.28602   -25.95926
     23.395       -29.99523     0.23972    -4.28577   -25.94918
     23.545       -29.98428     0.24045    -4.28554   -25.93920
     23.695       -29.97341     0.24118    -4.28530   -25.92929
     23.845       -29.96260     0.24190    -4.28506   -25.91944
     23.995       -29.95183     0.24261    -4.28484   -25.90960
     24.145       -29.94115     0.24332    -4.28462   -25.89985
     24.295       -29.93052     0.24402    -4.28438   -25.89016
     24.445       -29.91995     0.24472    -4.28415   -25.88052
     24.595       -29.90944     0.24541    -4.28391   -25.87093
     24.745       -29.89901     0.24610    -4.28367   -25.86144
     24.895       -29.88869     0.24678    -4.28345   -25.85201
     25.045       -29.87842     0.24745    -4.28324   -25.84263
     25.195       -29.86822     0.24812    -4.28305   -25.83330
     25.345       -29.85809     0.24879    -4.28282   -25.82406
     25.495       -29.84803     0.24946    -4.28260   -25.81489
     25.645       -29.83802     0.25011    -4.28240   -25.80573
     25.795       -29.82805     0.25077    -4.28220   -25.79663
     25.945       -29.81815     0.25143    -4.28198   -25.78760
     26.095       -29.80828     0.25207    -4.28175   -25.77860
     26.245       -29.79852     0.25272    -4.28155   -25.76968
     26.395       -29.78876     0.25335    -4.28137   -25.76073
     26.545       -29.77912     0.25398    -4.28117   -25.75193
     26.695       -29.76952     0.25461    -4.28098   -25.74315
     26.845       -29.76002     0.25523    -4.28080   -25.73445
     26.995       -29.75058     0.25586    -4.28062   -25.72581
     27.145       -29.74117     0.25647    -4.28043   -25.71721
     27.295       -29.73181     0.25708    -4.28022   -25.70867
     27.445       -29.72251     0.25769    -4.28007   -25.70013
     27.595       -29.71324     0.25829    -4.27988   -25.69165
     27.745       -29.70396     0.25889    -4.27968   -25.68316
     27.895       -29.69482     0.25948    -4.27951   -25.67479
     28.045       -29.68572     0.26007    -4.27934   -25.66646
     28.195       -29.67670     0.26066    -4.27917   -25.65819
     28.345       -29.66771     0.26124    -4.27901   -25.64995
     28.495       -29.65872     0.26183    -4.27883   -25.64172
     28.645       -29.64977     0.26241    -4.27864   -25.63354
     28.795       -29.64094     0.26298    -4.27848   -25.62544
     28.945       -29.63214     0.26355    -4.27832   -25.61737
     29.095       -29.62337     0.26412    -4.27815   -25.60934
     29.245       -29.61463     0.26468    -4.27797   -25.60134
     29.395       -29.60595     0.26525    -4.27781   -25.59338
     29.545       -29.59734     0.26580    -4.27766   -25.58548
     29.695       -29.58873     0.26635    -4.27750   -25.57758
     29.845       -29.58024     0.26691    -4.27736   -25.56980
     29.995       -29.57180     0.26746    -4.27722   -25.56204
     30.145       -29.56334     0.26802    -4.27706   -25.55429
     35.794       -29.00785     0.30336    -4.26777   -25.04344
     49.810       -28.46229     0.33732    -4.25985   -24.53976
     69.316       -27.92708     0.37036    -4.25280   -24.04465
     96.460       -27.40283     0.40243    -4.24629   -23.55897
     134.23       -26.89035     0.43357    -4.24025   -23.08367
     186.80       -26.39019     0.46374    -4.23435   -22.61958
     259.95       -25.90278     0.49301    -4.22882   -22.16697
     361.74       -25.42820     0.52135    -4.22335   -21.72620
     503.40       -24.96669     0.54880    -4.21813   -21.29737
     700.53       -24.51844     0.57536    -4.21308   -20.88072
     974.85       -24.08283     0.60102    -4.20807   -20.47578
     1356.6       -23.65984     0.62580    -4.20317   -20.08247
     1887.8       -23.24907     0.64972    -4.19845   -19.70035
     2627.1       -22.85051     0.67273    -4.19373   -19.32951
     3655.9       -22.46330     0.69502    -4.18914   -18.96918
     5087.5       -22.08803     0.71646    -4.18474   -18.61975
     7079.7       -21.72415     0.73716    -4.18049   -18.28082
     9852.1       -21.37167     0.75715    -4.17640   -17.95242
     13710.       -21.03074     0.77644    -4.17239   -17.63479
     19079.       -20.70122     0.79507    -4.16855   -17.32774
     26550.       -20.38306     0.81303    -4.16495   -17.03114
     36947.       -20.07630     0.83042    -4.16154   -16.74518
     51416.       -19.78170     0.84724    -4.15825   -16.47068
     71550.       -19.49909     0.86349    -4.15518   -16.20741
     99568.       -19.22801     0.87923    -4.15222   -15.95501
    0.13856E+06   -18.96835     0.89439    -4.14951   -15.71324
    0.19282E+06   -18.72028     0.90905    -4.14695   -15.48238
    0.26832E+06   -18.48324     0.92321    -4.14458   -15.26187
    0.37340E+06   -18.25660     0.93683    -4.14232   -15.05111
    0.51962E+06   -18.03999     0.94998    -4.14026   -14.84971
    0.72310E+06   -17.83292     0.96256    -4.13842   -14.65706
    0.10063E+07   -17.63542     0.97462    -4.13673   -14.47332
    0.14003E+07   -17.44725     0.98614    -4.13516   -14.29823
    0.19487E+07   -17.26802     0.99716    -4.13367   -14.13152
    0.27118E+07   -17.09728     1.00768    -4.13232   -13.97264
    0.37737E+07   -16.93455     1.01774    -4.13113   -13.82116
    0.52514E+07   -16.77968     1.02731    -4.13004   -13.67694
    0.73079E+07   -16.63232     1.03643    -4.12914   -13.53962
    0.10170E+08   -16.49189     1.04516    -4.12829   -13.40876
    0.14152E+08   -16.35837     1.05350    -4.12746   -13.28442
    0.19694E+08   -16.23146     1.06141    -4.12673   -13.16614
    0.27406E+08   -16.11076     1.06895    -4.12603   -13.05368
    0.38138E+08   -15.99625     1.07612    -4.12543   -12.94694
    0.53073E+08   -15.88827     1.08295    -4.12490   -12.84632
    0.73856E+08   -15.78622     1.08944    -4.12438   -12.75128
    0.10278E+09   -15.69024     1.09564    -4.12395   -12.66192
    0.14302E+09   -15.60036     1.10150    -4.12359   -12.57828
    0.19903E+09   -15.51686     1.10711    -4.12325   -12.50071
    0.27697E+09   -15.43980     1.11244    -4.12295   -12.42930
    0.38543E+09   -15.36935     1.11750    -4.12270   -12.36415
    0.53637E+09   -15.30488     1.12230    -4.12245   -12.30474
    0.74641E+09   -15.24560     1.12683    -4.12222   -12.25021
    0.10387E+10   -15.19099     1.13107    -4.12205   -12.20002
    0.14454E+10   -15.14075     1.13507    -4.12189   -12.15393
    0.20115E+10   -15.09434     1.13884    -4.12175   -12.11144
    0.27992E+10   -15.05163     1.14235    -4.12162   -12.07236
    0.38953E+10   -15.01231     1.14557    -4.12150   -12.03638
    0.54207E+10   -14.97601     1.14852    -4.12137   -12.00317
    0.75434E+10   -14.94266     1.15121    -4.12125   -11.97262
    0.10497E+11   -14.91193     1.15367    -4.12115   -11.94445
    0.14608E+11   -14.88371     1.15593    -4.12109   -11.91855
    0.20329E+11   -14.85775     1.15799    -4.12102   -11.89472
    0.28289E+11   -14.83374     1.15991    -4.12095   -11.87270
    0.39367E+11   -14.81165     1.16166    -4.12091   -11.85240
    0.54783E+11   -14.79122     1.16329    -4.12086   -11.83365
    0.10000E+12   -14.55395     1.18206    -4.12031   -11.61571
