    -44.945         0.00000     0.00000     0.00000     0.00000
    -44.795         0.00000     0.00000     0.00000     0.00000
    -44.645         0.00000     0.00000     0.00000     0.00000
    -44.495         0.00000     0.00000     0.00000     0.00000
    -44.345         0.00000     0.00000     0.00000     0.00000
    -44.195         0.00000     0.00000     0.00000     0.00000
    -44.045         0.00000     0.00000     0.00000     0.00000
    -43.895         0.00000     0.00000     0.00000     0.00000
    -43.745         0.00000     0.00000     0.00000     0.00000
    -43.595         0.00000     0.00000     0.00000     0.00000
    -43.445         0.00000     0.00000     0.00000     0.00000
    -43.295         0.00000     0.00000     0.00000     0.00000
    -43.145         0.00000     0.00000     0.00000     0.00000
    -42.995         0.00000     0.00000     0.00000     0.00000
    -42.845         0.00000     0.00000     0.00000     0.00000
    -42.695         0.00000     0.00000     0.00000     0.00000
    -42.545         0.00000     0.00000     0.00000     0.00000
    -42.395         0.00000     0.00000     0.00000     0.00000
    -42.245         0.00000     0.00000     0.00000     0.00000
    -42.095         0.00000     0.00000     0.00000     0.00000
    -41.945         0.00000     0.00000     0.00000     0.00000
    -41.795         0.00000     0.00000     0.00000     0.00000
    -41.645         0.00000     0.00000     0.00000     0.00000
    -41.495         0.00000     0.00000     0.00000     0.00000
    -41.345         0.00000     0.00000     0.00000     0.00000
    -41.195         0.00000     0.00000     0.00000     0.00000
    -41.045         0.00000     0.00000     0.00000     0.00000
    -40.895         0.00000     0.00000     0.00000     0.00000
    -40.745         0.00000     0.00000     0.00000     0.00000
    -40.595         0.00000     0.00000     0.00000     0.00000
    -40.445         0.00000     0.00000     0.00000     0.00000
    -40.295         0.00000     0.00000     0.00000     0.00000
    -40.145         0.00000     0.00000     0.00000     0.00000
    -39.995         0.00000     0.00000     0.00000     0.00000
    -39.845         0.00000     0.00000     0.00000     0.00000
    -39.695         0.00000     0.00000     0.00000     0.00000
    -39.545         0.00000     0.00000     0.00000     0.00000
    -39.395         0.00000     0.00000     0.00000     0.00000
    -39.245         0.00000     0.00000     0.00000     0.00000
    -39.095         0.00000     0.00000     0.00000     0.00000
    -38.945         0.00000     0.00000     0.00000     0.00000
    -38.795         0.00000     0.00000     0.00000     0.00000
    -38.645         0.00000     0.00000     0.00000     0.00000
    -38.495         0.00000     0.00000     0.00000     0.00000
    -38.345         0.00000     0.00000     0.00000     0.00000
    -38.195         0.00000     0.00000     0.00000     0.00000
    -38.045         0.00000     0.00000     0.00000     0.00000
    -37.895         0.00000     0.00000     0.00000     0.00000
    -37.745         0.00000     0.00000     0.00000     0.00000
    -37.595         0.00000     0.00000     0.00000     0.00000
    -37.445         0.00000     0.00000     0.00000     0.00000
    -37.295         0.00000     0.00000     0.00000     0.00000
    -37.145         0.00000     0.00000     0.00000     0.00000
    -36.995         0.00000     0.00000     0.00000     0.00000
    -36.845         0.00000     0.00000     0.00000     0.00000
    -36.695         0.00000     0.00000     0.00000     0.00000
    -36.545         0.00000     0.00000     0.00000     0.00000
    -36.395         0.00000     0.00000     0.00000     0.00000
    -36.245         0.00000     0.00000     0.00000     0.00000
    -36.095         0.00000     0.00000     0.00000     0.00000
    -35.945         0.00000     0.00000     0.00000     0.00000
    -35.795         0.00000     0.00000     0.00000     0.00000
    -35.645         0.00000     0.00000     0.00000     0.00000
    -35.495         0.00000     0.00000     0.00000     0.00000
    -35.345         0.00000     0.00000     0.00000     0.00000
    -35.195         0.00000     0.00000     0.00000     0.00000
    -35.045         0.00000     0.00000     0.00000     0.00000
    -34.895         0.00000     0.00000     0.00000     0.00000
    -34.745         0.00000     0.00000     0.00000     0.00000
    -34.595         0.00000     0.00000     0.00000     0.00000
    -34.445         0.00000     0.00000     0.00000     0.00000
    -34.295         0.00000     0.00000     0.00000     0.00000
    -34.145         0.00000     0.00000     0.00000     0.00000
    -33.995         0.00000     0.00000     0.00000     0.00000
    -33.845         0.00000     0.00000     0.00000     0.00000
    -33.695         0.00000     0.00000     0.00000     0.00000
    -33.545         0.00000     0.00000     0.00000     0.00000
    -33.395         0.00000     0.00000     0.00000     0.00000
    -33.245         0.00000     0.00000     0.00000     0.00000
    -33.095         0.00000     0.00000     0.00000     0.00000
    -32.945         0.00000     0.00000     0.00000     0.00000
    -32.795         0.00000     0.00000     0.00000     0.00000
    -32.645         0.00000     0.00000     0.00000     0.00000
    -32.495         0.00000     0.00000     0.00000     0.00000
    -32.345         0.00000     0.00000     0.00000     0.00000
    -32.195         0.00000     0.00000     0.00000     0.00000
    -32.045         0.00000     0.00000     0.00000     0.00000
    -31.895         0.00000     0.00000     0.00000     0.00000
    -31.745         0.00000     0.00000     0.00000     0.00000
    -31.595         0.00000     0.00000     0.00000     0.00000
    -31.445         0.00000     0.00000     0.00000     0.00000
    -31.295         0.00000     0.00000     0.00000     0.00000
    -31.145         0.00000     0.00000     0.00000     0.00000
    -30.995         0.00000     0.00000     0.00000     0.00000
    -30.845         0.00000     0.00000     0.00000     0.00000
    -30.695         0.00000     0.00000     0.00000     0.00000
    -30.545         0.00000     0.00000     0.00000     0.00000
    -30.395         0.00000     0.00000     0.00000     0.00000
    -30.245         0.00000     0.00000     0.00000     0.00000
    -30.095         0.00000     0.00000     0.00000     0.00000
    -29.945         0.00000     0.00000     0.00000     0.00000
    -29.795         0.00000     0.00000     0.00000     0.00000
    -29.645         0.00000     0.00000     0.00000     0.00000
    -29.495         0.00000     0.00000     0.00000     0.00000
    -29.345         0.00000     0.00000     0.00000     0.00000
    -29.195         0.00000     0.00000     0.00000     0.00000
    -29.045         0.00000     0.00000     0.00000     0.00000
    -28.895         0.00000     0.00000     0.00000     0.00000
    -28.745        -0.00068     0.00000    -0.00068     0.00000
    -28.595        -0.00068     0.00000    -0.00068     0.00000
    -28.445        -0.00068     0.00000    -0.00068     0.00000
    -28.295        -0.00068     0.00000    -0.00068     0.00000
    -28.145        -0.00068     0.00000    -0.00068     0.00000
    -27.995        -0.00068     0.00000    -0.00068     0.00000
    -27.845        -0.00130     0.00000    -0.00130     0.00000
    -27.695        -0.00130     0.00000    -0.00130     0.00000
    -27.545        -0.00130     0.00000    -0.00130     0.00000
    -27.395        -0.00130     0.00000    -0.00130     0.00000
    -27.245        -0.00195     0.00000    -0.00195     0.00000
    -27.095        -0.00195     0.00000    -0.00195     0.00000
    -26.945        -0.00195     0.00000    -0.00195     0.00000
    -26.795        -0.00195     0.00000    -0.00195     0.00000
    -26.645        -0.00261     0.00000    -0.00261     0.00000
    -26.495        -0.00262     0.00000    -0.00262     0.00000
    -26.345        -0.00331     0.00000    -0.00331     0.00000
    -26.195        -0.00402     0.00000    -0.00402     0.00000
    -26.045        -0.00600     0.00000    -0.00600     0.00000
    -25.895        -0.00802     0.00000    -0.00802     0.00000
    -25.745        -0.00881     0.00000    -0.00881     0.00000
    -25.595        -0.01151     0.00000    -0.01151     0.00000
    -25.445        -0.01154     0.00000    -0.01154     0.00000
    -25.295        -0.01441     0.00000    -0.01441     0.00000
    -25.145        -0.02044     0.00000    -0.02044     0.00000
    -24.995        -0.02286     0.00000    -0.02286     0.00000
    -24.845        -0.02846     0.00000    -0.02846     0.00000
    -24.695        -0.02988     0.00000    -0.02988     0.00000
    -24.545        -0.03636     0.00000    -0.03636     0.00000
    -24.395        -0.04240     0.00000    -0.04240     0.00000
    -24.245        -0.04858     0.00000    -0.04858     0.00000
    -24.095        -0.05494     0.00000    -0.05494     0.00000
    -23.945        -0.06321     0.00000    -0.06321     0.00000
    -23.795        -0.07221     0.00000    -0.07221     0.00000
    -23.645        -0.07900     0.00000    -0.07900     0.00000
    -23.495        -0.08599     0.00000    -0.08599     0.00000
    -23.345        -0.09545     0.00000    -0.09545     0.00000
    -23.195        -0.10561     0.00000    -0.10561     0.00000
    -23.045        -0.11300     0.00000    -0.11300     0.00000
    -22.895        -0.11994     0.00000    -0.11994     0.00000
    -22.745        -0.12983     0.00000    -0.12983     0.00000
    -22.595        -0.13812     0.00000    -0.13812     0.00000
    -22.445        -0.14873     0.00000    -0.14873     0.00000
    -22.295        -0.15721     0.00000    -0.15721     0.00000
    -22.145        -0.16337    -0.00046    -0.16291     0.00000
    -21.995        -0.17033    -0.00046    -0.16987     0.00000
    -21.845        -0.18067    -0.00046    -0.18021     0.00000
    -21.695        -0.19163    -0.00046    -0.19117     0.00000
    -21.545        -0.19765    -0.00046    -0.19719     0.00000
    -21.395        -0.20540    -0.00046    -0.20495     0.00000
    -21.245        -0.21325    -0.00046    -0.21279     0.00000
    -21.095        -0.22693    -0.00090    -0.22602     0.00000
    -20.945        -0.23538    -0.00134    -0.23403     0.00000
    -20.795        -0.24594    -0.00177    -0.24416     0.00000
    -20.645        -0.25551    -0.00265    -0.25286     0.00000
    -20.495        -0.26469    -0.00308    -0.26161     0.00000
    -20.345        -0.27178    -0.00308    -0.26870     0.00000
    -20.195        -0.28253    -0.00352    -0.27902     0.00000
    -20.045        -0.29273    -0.00436    -0.28838     0.00000
    -19.895        -0.30162    -0.00436    -0.29727     0.00000
    -19.745        -0.31197    -0.00479    -0.30718     0.00000
    -19.595        -0.32186    -0.00521    -0.31665     0.00000
    -19.445        -0.32796    -0.00563    -0.32233     0.00000
    -19.295        -0.33598    -0.00564    -0.33034     0.00000
    -19.145        -0.34601    -0.00606    -0.33995     0.00000
    -18.995        -0.35728    -0.00771    -0.34957     0.00000
    -18.845        -0.36536    -0.00771    -0.35765     0.00000
    -18.695        -0.37552    -0.00976    -0.36577     0.00000
    -18.545        -0.38602    -0.01101    -0.37501     0.00000
    -18.395        -0.39466    -0.01145    -0.38321     0.00000
    -18.245        -0.40431    -0.01229    -0.39202     0.00000
    -18.095        -0.40540    -0.01273    -0.39267     0.00000
    -17.945        -0.41316    -0.01474    -0.39843     0.00000
    -17.795        -0.41465    -0.01560    -0.39905     0.00000
    -17.645        -0.41914    -0.01722    -0.40192     0.00000
    -17.495        -0.42905    -0.01884    -0.41021     0.00000
    -17.345        -0.43780    -0.02086    -0.41693     0.00000
    -17.195        -0.44431    -0.02287    -0.42144     0.00000
    -17.045        -0.45272    -0.02450    -0.42822     0.00000
    -16.895        -0.46225    -0.02725    -0.43501     0.00000
    -16.745        -0.47095    -0.03148    -0.43947     0.00000
    -16.595        -0.48020    -0.03497    -0.44522     0.00000
    -16.445        -0.48851    -0.03883    -0.44968     0.00000
    -16.295        -0.49766    -0.04122    -0.45644     0.00000
    -16.145        -0.50629    -0.04542    -0.46087     0.00000
    -15.995        -0.51152    -0.04779    -0.46374     0.00000
    -15.845        -0.52236    -0.05089    -0.47147     0.00000
    -15.695        -0.52869    -0.05435    -0.47434     0.00000
    -15.545        -0.54139    -0.05854    -0.48286     0.00000
    -15.395        -0.54677    -0.06307    -0.48370     0.00000
    -15.245        -0.55835    -0.06688    -0.49147     0.00000
    -15.095        -0.56503    -0.07070    -0.49433     0.00000
    -14.945        -0.57664    -0.07657    -0.50007     0.00000
    -14.795        -0.58753    -0.07971    -0.50782     0.00000
    -14.645        -0.60118    -0.08556    -0.51561     0.00000
    -14.495        -0.60890    -0.09041    -0.51849     0.00000
    -14.345        -0.62086    -0.09557    -0.52529     0.00000
    -14.195        -0.63150    -0.09941    -0.53209     0.00000
    -14.045        -0.64433    -0.10653    -0.53780     0.00000
    -13.895        -0.65293    -0.11074    -0.54219     0.00000
    -13.745        -0.66413    -0.11625    -0.54787     0.00000
    -13.595        -0.67438    -0.12212    -0.55226     0.00000
    -13.445        -0.69054    -0.12700    -0.56355     0.00000
    -13.295        -0.69735    -0.13096    -0.56638     0.00000
    -13.145        -0.70948    -0.13746    -0.57202     0.00000
    -12.995        -0.72368    -0.14490    -0.57877     0.00000
    -12.845        -0.73612    -0.15173    -0.58439     0.00000
    -12.695        -0.75041    -0.15827    -0.59214     0.00000
    -12.545        -0.76436    -0.16362    -0.60074     0.00000
    -12.395        -0.77595    -0.16958    -0.60637     0.00000
    -12.245        -0.79780    -0.17940    -0.61839     0.00000
    -12.095        -0.81644    -0.18866    -0.62778     0.00000
    -11.945        -0.83226    -0.19590    -0.63636     0.00000
    -11.795        -0.84900    -0.20405    -0.64495     0.00000
    -11.645        -0.86708    -0.21193    -0.65515     0.00000
    -11.495        -0.88628    -0.22097    -0.66531     0.00000
    -11.345        -0.90690    -0.22783    -0.67907     0.00000
    -11.195        -0.92703    -0.23366    -0.69337     0.00000
    -11.045        -0.95593    -0.24437    -0.71156     0.00000
    -10.895        -0.98068    -0.25303    -0.72766     0.00000
    -10.745        -1.00613    -0.26457    -0.74157     0.00000
    -10.595        -1.03849    -0.27588    -0.76261    -0.00000
    -10.445        -1.06948    -0.28626    -0.78322    -0.00000
    -10.295        -1.10658    -0.29941    -0.80716    -0.00000
    -10.145        -1.14015    -0.31214    -0.82801     0.00000
    -9.9950        -1.17659    -0.32416    -0.85244     0.00000
    -9.8450        -1.21524    -0.33821    -0.87515    -0.00188
    -9.6950        -1.25732    -0.35343    -0.89948    -0.00441
    -9.5450        -1.30572    -0.36807    -0.92836    -0.00930
    -9.3950        -1.35976    -0.38178    -0.95746    -0.02052
    -9.2450        -1.42073    -0.39672    -0.98854    -0.03546
    -9.0950        -1.49599    -0.41358    -1.02087    -0.06154
    -8.9450        -1.58306    -0.42901    -1.05187    -0.10218
    -8.7950        -1.70073    -0.44803    -1.08934    -0.16335
    -8.6450        -1.83360    -0.46622    -1.12672    -0.24067
    -8.4950        -1.99757    -0.48765    -1.16153    -0.34838
    -8.3450        -2.19000    -0.50624    -1.20158    -0.48218
    -8.1950        -2.42061    -0.52885    -1.24197    -0.64979
    -8.0450        -2.70106    -0.55146    -1.28616    -0.86344
    -7.8950        -3.02822    -0.58069    -1.32543    -1.12210
    -7.7450        -3.39879    -0.60901    -1.37164    -1.41814
    -7.5950        -3.83109    -0.64124    -1.41800    -1.77185
    -7.4450        -4.33335    -0.67310    -1.47049    -2.18975
    -7.2950        -4.88219    -0.71370    -1.52092    -2.64757
    -7.1450        -5.47821    -0.75742    -1.57458    -3.14621
    -6.9950        -6.12471    -0.80896    -1.62742    -3.68833
    -6.8450        -6.78669    -0.86246    -1.67860    -4.24563
    -6.6950        -7.48418    -0.92204    -1.73109    -4.83106
    -6.5450        -8.21742    -0.98616    -1.79075    -5.44051
    -6.3950        -8.93648    -1.05211    -1.84456    -6.03981
    -6.2450        -9.65523    -1.12714    -1.90699    -6.62110
    -6.0950       -10.37414    -1.20726    -1.96288    -7.20401
    -5.9450       -11.08634    -1.28710    -2.02376    -7.77549
    -5.7950       -11.78282    -1.37264    -2.08615    -8.32403
    -5.6450       -12.46900    -1.45917    -2.15424    -8.85559
    -5.4950       -13.13513    -1.54620    -2.22011    -9.36882
    -5.3450       -13.79093    -1.63745    -2.28930    -9.86418
    -5.1950       -14.40964    -1.72761    -2.36039   -10.32164
    -5.0450       -15.02535    -1.81879    -2.43157   -10.77498
    -4.8950       -15.62566    -1.90924    -2.50770   -11.20873
    -4.7450       -16.20546    -2.00652    -2.58422   -11.61472
    -4.5950       -16.79297    -2.10907    -2.66772   -12.01617
    -4.4450       -17.37597    -2.21515    -2.74965   -12.41117
    -4.2950       -17.96126    -2.32355    -2.83787   -12.79984
    -4.1450       -18.55601    -2.43526    -2.92460   -13.19614
    -3.9950       -19.17836    -2.55302    -3.02584   -13.59949
    -3.8450       -19.82166    -2.67595    -3.13089   -14.01481
    -3.6950       -20.48229    -2.80222    -3.24071   -14.43936
    -3.5450       -21.14994    -2.92895    -3.35508   -14.86592
    -3.3950       -21.86283    -3.06705    -3.47939   -15.31638
    -3.2450       -22.58597    -3.20832    -3.61426   -15.76339
    -3.0950       -23.33596    -3.36385    -3.75450   -16.21761
    -2.9450       -24.13221    -3.52703    -3.91283   -16.69235
    -2.7950       -24.95612    -3.69691    -4.08142   -17.17780
    -2.6450       -25.85095    -3.88185    -4.26045   -17.70865
    -2.4950       -26.80270    -4.07659    -4.46311   -18.26300
    -2.3450       -27.83076    -4.28609    -4.67398   -18.87069
    -2.1950       -28.95843    -4.51261    -4.90447   -19.54136
    -2.0450       -30.21514    -4.75093    -5.16087   -20.30334
    -1.8950       -31.60210    -5.00361    -5.43507   -21.16342
    -1.7450       -33.15991    -5.27458    -5.73569   -22.14964
    -1.5950       -34.91141    -5.57576    -6.06862   -23.26703
    -1.4450       -36.88213    -5.90861    -6.44154   -24.53199
    -1.2950       -39.07417    -6.27292    -6.85469   -25.94656
    -1.1450       -41.52997    -6.67461    -7.33822   -27.51714
   -0.99500       -44.26163    -7.12660    -7.89577   -29.23926
   -0.84500       -47.31745    -7.63816    -8.57163   -31.10766
   -0.69500       -50.77289    -8.19742    -9.40983   -33.16564
   -0.54500       -54.81404    -8.84532   -10.40800   -35.56072
   -0.39500       -59.78556    -9.60642   -11.54260   -38.63654
   -0.25300       -63.67901   -10.09507   -12.26342   -41.32052
   -0.21500       -63.94587   -10.12391   -12.30361   -41.51834
   -0.20900       -64.21654   -10.15238   -12.34291   -41.72125
   -0.20300       -64.49247   -10.18078   -12.38183   -41.92986
   -0.19700       -64.77136   -10.20829   -12.42000   -42.14306
   -0.19100       -65.05516   -10.23555   -12.45702   -42.36259
   -0.18500       -65.34516   -10.26248   -12.49329   -42.58939
   -0.17900       -65.63962   -10.28890   -12.52817   -42.82255
   -0.17300       -65.94105   -10.31519   -12.56194   -43.06392
   -0.16700       -66.24879   -10.34088   -12.59477   -43.31314
   -0.16100       -66.56484   -10.36588   -12.62666   -43.57229
   -0.15500       -66.88877   -10.39086   -12.65760   -43.84031
   -0.14900       -67.22181   -10.41497   -12.68759   -44.11926
   -0.14300       -67.56609   -10.43859   -12.71651   -44.41099
   -0.13700       -67.92211   -10.46140   -12.74415   -44.71656
   -0.13100       -68.29081   -10.48378   -12.77048   -45.03654
   -0.12500       -68.67342   -10.50567   -12.79621   -45.37154
   -0.11900       -69.07216   -10.52639   -12.82042   -45.72535
   -0.11300       -69.48853   -10.54654   -12.84427   -46.09773
   -0.10700       -69.92368   -10.56547   -12.86645   -46.49175
   -0.10100       -70.38116   -10.58390   -12.88703   -46.91022
   -0.95000E-01   -70.86260   -10.60136   -12.90714   -47.35409
   -0.89000E-01   -71.36997   -10.61781   -12.92581   -47.82636
   -0.83000E-01   -71.90744   -10.63355   -12.94290   -48.33100
   -0.77000E-01   -72.47652   -10.64817   -12.95902   -48.86933
   -0.71000E-01   -73.08161   -10.66171   -12.97382   -49.44608
   -0.65000E-01   -73.72520   -10.67411   -12.98771   -50.06338
   -0.59000E-01   -74.41199   -10.68556   -13.00012   -50.72631
   -0.53000E-01   -75.14410   -10.69594   -13.01127   -51.43689
   -0.47000E-01   -75.92985   -10.70509   -13.02103   -52.20373
   -0.41000E-01   -76.77499   -10.71317   -13.02949   -53.03233
   -0.35000E-01   -77.68946   -10.72004   -13.03690   -53.93251
   -0.29000E-01   -78.67351   -10.72580   -13.04289   -54.90482
   -0.23000E-01   -79.70099   -10.73039   -13.04767   -55.92293
   -0.19700E-01   -79.80286   -10.73078   -13.04807   -56.02400
   -0.19100E-01   -79.90416   -10.73116   -13.04847   -56.12453
   -0.18500E-01   -80.00489   -10.73153   -13.04885   -56.22451
   -0.17900E-01   -80.10476   -10.73190   -13.04922   -56.32364
   -0.17300E-01   -80.20343   -10.73227   -13.04958   -56.42158
   -0.16700E-01   -80.30082   -10.73260   -13.04992   -56.51830
   -0.16100E-01   -80.39694   -10.73292   -13.05026   -56.61376
   -0.15500E-01   -80.49126   -10.73323   -13.05057   -56.70745
   -0.14900E-01   -80.58369   -10.73354   -13.05088   -56.79927
   -0.14300E-01   -80.67406   -10.73383   -13.05119   -56.88904
   -0.13700E-01   -80.76210   -10.73411   -13.05147   -56.97652
   -0.13100E-01   -80.84788   -10.73438   -13.05173   -57.06177
   -0.12500E-01   -80.93086   -10.73463   -13.05198   -57.14424
   -0.11900E-01   -81.01088   -10.73488   -13.05223   -57.22378
   -0.11300E-01   -81.08804   -10.73511   -13.05246   -57.30047
   -0.10700E-01   -81.16190   -10.73533   -13.05270   -57.37387
   -0.10100E-01   -81.23260   -10.73554   -13.05290   -57.44416
   -0.95000E-02   -81.29968   -10.73572   -13.05310   -57.51086
   -0.89000E-02   -81.36304   -10.73590   -13.05328   -57.57386
   -0.83000E-02   -81.42272   -10.73607   -13.05346   -57.63320
   -0.77000E-02   -81.47847   -10.73622   -13.05362   -57.68863
   -0.71000E-02   -81.53025   -10.73636   -13.05377   -57.74012
   -0.65000E-02   -81.57810   -10.73650   -13.05390   -57.78771
   -0.59000E-02   -81.62183   -10.73662   -13.05402   -57.83119
   -0.53000E-02   -81.66131   -10.73673   -13.05413   -57.87045
   -0.47000E-02   -81.69644   -10.73682   -13.05423   -57.90540
   -0.41000E-02   -81.72730   -10.73690   -13.05431   -57.93608
   -0.35000E-02   -81.75377   -10.73697   -13.05438   -57.96242
   -0.29000E-02   -81.77580   -10.73703   -13.05444   -57.98432
   -0.23000E-02   -81.79334   -10.73708   -13.05449   -58.00177
   -0.17000E-02   -81.80635   -10.73711   -13.05452   -58.01471
   -0.11000E-02   -81.81482   -10.73713   -13.05455   -58.02314
   -0.50000E-03   -81.81873   -10.73714   -13.05456   -58.02703
    0.10000E-03   -81.81808   -10.73714   -13.05455   -58.02639
    0.70000E-03   -81.81284   -10.73713   -13.05454   -58.02117
    0.13000E-02   -81.80306   -10.73710   -13.05451   -58.01144
    0.19000E-02   -81.78871   -10.73706   -13.05447   -57.99718
    0.25000E-02   -81.76984   -10.73701   -13.05442   -57.97841
    0.31000E-02   -81.74650   -10.73695   -13.05436   -57.95520
    0.37000E-02   -81.71874   -10.73687   -13.05428   -57.92759
    0.43000E-02   -81.68658   -10.73678   -13.05420   -57.89560
    0.49000E-02   -81.65000   -10.73668   -13.05409   -57.85922
    0.55000E-02   -81.60916   -10.73657   -13.05398   -57.81861
    0.61000E-02   -81.56407   -10.73644   -13.05385   -57.77377
    0.67000E-02   -81.51494   -10.73631   -13.05371   -57.72492
    0.73000E-02   -81.46162   -10.73616   -13.05356   -57.67190
    0.79000E-02   -81.40453   -10.73600   -13.05340   -57.61514
    0.85000E-02   -81.34346   -10.73582   -13.05322   -57.55442
    0.91000E-02   -81.27867   -10.73563   -13.05304   -57.49000
    0.97000E-02   -81.21042   -10.73543   -13.05285   -57.42214
    0.10300E-01   -81.13873   -10.73522   -13.05263   -57.35088
    0.10900E-01   -81.06368   -10.73501   -13.05240   -57.27627
    0.11500E-01   -80.98541   -10.73478   -13.05216   -57.19848
    0.12100E-01   -80.90416   -10.73454   -13.05191   -57.11771
    0.12700E-01   -80.81994   -10.73428   -13.05165   -57.03400
    0.13300E-01   -80.73313   -10.73402   -13.05138   -56.94774
    0.13900E-01   -80.64381   -10.73373   -13.05109   -56.85898
    0.14500E-01   -80.55225   -10.73343   -13.05080   -56.76802
    0.15100E-01   -80.45893   -10.73312   -13.05050   -56.67531
    0.15700E-01   -80.36328   -10.73280   -13.05016   -56.58032
    0.16300E-01   -80.26619   -10.73246   -13.04983   -56.48390
    0.16900E-01   -80.16786   -10.73211   -13.04949   -56.38625
    0.17500E-01   -80.06812   -10.73179   -13.04914   -56.28719
    0.18100E-01   -79.96769   -10.73143   -13.04877   -56.18749
    0.18700E-01   -79.86675   -10.73106   -13.04838   -56.08731
    0.19300E-01   -79.76482   -10.73068   -13.04798   -55.98616
    0.20200E-01   -79.36512   -10.72904   -13.04631   -55.58977
    0.25000E-01   -78.34070   -10.72390   -13.04126   -54.57554
    0.31000E-01   -77.37475   -10.71745   -13.03511   -53.62219
    0.37000E-01   -76.48527   -10.70984   -13.02773   -52.74769
    0.43000E-01   -75.66364   -10.70097   -13.01922   -51.94346
    0.49000E-01   -74.89929   -10.69079   -13.00965   -51.19885
    0.55000E-01   -74.18848   -10.67937   -12.99902   -50.51010
    0.61000E-01   -73.52467   -10.66686   -12.98718   -49.87062
    0.67000E-01   -72.90471   -10.65295   -12.97421   -49.27755
    0.73000E-01   -72.32542   -10.63780   -12.96055   -48.72707
    0.79000E-01   -71.78460   -10.62140   -12.94595   -48.21726
    0.85000E-01   -71.27575   -10.60352   -12.93018   -47.74205
    0.91000E-01   -70.79858   -10.58459   -12.91344   -47.30054
    0.97000E-01   -70.35033   -10.56456   -12.89588   -46.88989
    0.10300       -69.92677   -10.54320   -12.87758   -46.50599
    0.10900       -69.52681   -10.52067   -12.85832   -46.14781
    0.11500       -69.14895   -10.49678   -12.83842   -45.81374
    0.12100       -68.78826   -10.47204   -12.81744   -45.49879
    0.12700       -68.44451   -10.44595   -12.79597   -45.20260
    0.13300       -68.11711   -10.41913   -12.77405   -44.92392
    0.13900       -67.80309   -10.39118   -12.75100   -44.66090
    0.14500       -67.49914   -10.36176   -12.72748   -44.40990
    0.15100       -67.20689   -10.33150   -12.70398   -44.17141
    0.15700       -66.92647   -10.30080   -12.67957   -43.94609
    0.16300       -66.65313   -10.26826   -12.65463   -43.73023
    0.16900       -66.38881   -10.23523   -12.62899   -43.52459
    0.17500       -66.13033   -10.20077   -12.60311   -43.32645
    0.18100       -65.87810   -10.16577   -12.57649   -43.13583
    0.18700       -65.63069   -10.12903   -12.54990   -42.95176
    0.19300       -65.38921   -10.09195   -12.52271   -42.77455
    0.19900       -65.15312   -10.05403   -12.49503   -42.60406
    0.20500       -64.92289   -10.01565   -12.46732   -42.43993
    0.21100       -64.69501    -9.97601   -12.43931   -42.27969
    0.21700       -64.47081    -9.93523   -12.41084   -42.12474
    0.29500       -59.62939    -8.79099   -11.63680   -39.20160
    0.44500       -56.10058    -7.69842   -10.88880   -37.51335
    0.59500       -53.39847    -6.78282   -10.24737   -36.36827
    0.74500       -51.23993    -6.05175    -9.69108   -35.49710
    0.89500       -49.45200    -5.44821    -9.20792   -34.79586
     1.0450       -47.91328    -4.93141    -8.78042   -34.20146
     1.1950       -46.56048    -4.47506    -8.39767   -33.68775
     1.3450       -45.36864    -4.06598    -8.05610   -33.24656
     1.4950       -44.31074    -3.70222    -7.74790   -32.86063
     1.6450       -43.36946    -3.37595    -7.46782   -32.52569
     1.7950       -42.51850    -3.08225    -7.21018   -32.22607
     1.9450       -41.75801    -2.81640    -6.97736   -31.96425
     2.0950       -41.07286    -2.57676    -6.76280   -31.73330
     2.2450       -40.45022    -2.36014    -6.56626   -31.52383
     2.3950       -39.88825    -2.16185    -6.38507   -31.34132
     2.5450       -39.36725    -1.98017    -6.21592   -31.17116
     2.6950       -38.89284    -1.81417    -6.05938   -31.01928
     2.8450       -38.46179    -1.66308    -5.91477   -30.88393
     2.9950       -38.05857    -1.52254    -5.77891   -30.75712
     3.1450       -37.68927    -1.39391    -5.64986   -30.64549
     3.2950       -37.34487    -1.27605    -5.52846   -30.54037
     3.4450       -37.02311    -1.16497    -5.41451   -30.44363
     3.5950       -36.72270    -1.06054    -5.30799   -30.35417
     3.7450       -36.43927    -0.96278    -5.20425   -30.27223
     3.8950       -36.17438    -0.87235    -5.10992   -30.19210
     4.0450       -35.92586    -0.78653    -5.01842   -30.12091
     4.1950       -35.69138    -0.70423    -4.93529   -30.05187
     4.3450       -35.46708    -0.62660    -4.85347   -29.98702
     4.4950       -35.25679    -0.55508    -4.77736   -29.92435
     4.6450       -35.05347    -0.48465    -4.70428   -29.86454
     4.7950       -34.87168    -0.41800    -4.64115   -29.81252
     4.9450       -34.69261    -0.35420    -4.57733   -29.76107
     5.0950       -34.52293    -0.29389    -4.51890   -29.71014
     5.2450       -34.36188    -0.23597    -4.46418   -29.66173
     5.3950       -34.20995    -0.18068    -4.41418   -29.61509
     5.5450       -34.05952    -0.12752    -4.36199   -29.57001
     5.6950       -33.92700    -0.07717    -4.32440   -29.52544
     5.8450       -33.78955    -0.02798    -4.27800   -29.48357
     5.9950       -33.66792     0.01745    -4.24374   -29.44162
     6.1450       -33.54956     0.06200    -4.20992   -29.40164
     6.2950       -33.43729     0.10523    -4.17986   -29.36266
     6.4450       -33.32677     0.14638    -4.14912   -29.32403
     6.5950       -33.22452     0.18481    -4.12198   -29.28735
     6.7450       -33.12286     0.22264    -4.09414   -29.25136
     6.8950       -33.03127     0.25710    -4.07331   -29.21506
     7.0450       -32.93815     0.29279    -4.05009   -29.18085
     7.1950       -32.84863     0.32712    -4.02986   -29.14589
     7.3450       -32.76739     0.35606    -4.01043   -29.11303
     7.4950       -32.69185     0.38548    -3.99654   -29.08079
     7.6450       -32.61984     0.41419    -3.98476   -29.04927
     7.7950       -32.54913     0.44109    -3.97189   -29.01834
     7.9450       -32.48642     0.46058    -3.95896   -28.98804
     8.0950       -32.42868     0.48283    -3.95324   -28.95826
     8.2450       -32.37377     0.50161    -3.94634   -28.92904
     8.3950       -32.31717     0.51561    -3.93230   -28.90047
     8.5450       -32.27403     0.52770    -3.92942   -28.87231
     8.6950       -32.22558     0.54574    -3.92668   -28.84463
     8.8450       -32.18203     0.55678    -3.92131   -28.81750
     8.9950       -32.13701     0.56993    -3.91603   -28.79090
     9.1450       -32.09417     0.57981    -3.90928   -28.76470
     9.2950       -32.05868     0.58578    -3.90558   -28.73888
     9.4450       -32.02099     0.59444    -3.90194   -28.71350
     9.5950       -31.98351     0.60179    -3.89674   -28.68856
     9.7450       -31.94548     0.61175    -3.89318   -28.66405
     9.8950       -31.91520     0.61602    -3.89131   -28.63991
     10.045       -31.88217     0.62338    -3.88949   -28.61606
     10.195       -31.84943     0.62917    -3.88606   -28.59253
     10.345       -31.81870     0.63169    -3.88094   -28.56945
     10.495       -31.79023     0.63577    -3.87936   -28.54664
     10.645       -31.76034     0.63988    -3.87608   -28.52414
     10.795       -31.73269     0.64217    -3.87279   -28.50206
     10.945       -31.70539     0.64621    -3.87139   -28.48021
     11.095       -31.67848     0.65022    -3.87001   -28.45868
     11.245       -31.65379     0.65233    -3.86865   -28.43747
     11.395       -31.62763     0.65632    -3.86740   -28.41655
     11.545       -31.60372     0.65836    -3.86619   -28.39590
     11.695       -31.58014     0.66037    -3.86500   -28.37551
     11.845       -31.55489     0.66433    -3.86386   -28.35536
     11.995       -31.53194     0.66624    -3.86275   -28.33543
     12.145       -31.50720     0.66811    -3.85953   -28.31578
     12.295       -31.48501     0.66994    -3.85850   -28.29644
     12.445       -31.46301     0.67173    -3.85750   -28.27725
     12.595       -31.44138     0.67349    -3.85653   -28.25834
     12.745       -31.42004     0.67521    -3.85560   -28.23965
     12.895       -31.39896     0.67690    -3.85471   -28.22116
     13.045       -31.37818     0.67857    -3.85387   -28.20288
     13.195       -31.35767     0.68020    -3.85300   -28.18487
     13.345       -31.33496     0.68178    -3.84973   -28.16701
     13.495       -31.31497     0.68334    -3.84894   -28.14937
     13.645       -31.29520     0.68487    -3.84818   -28.13189
     13.795       -31.27319     0.68637    -3.84492   -28.11464
     13.945       -31.25395     0.68785    -3.84417   -28.09763
     14.095       -31.23493     0.68931    -3.84344   -28.08080
     14.245       -31.21604     0.69075    -3.84270   -28.06409
     14.395       -31.19739     0.69215    -3.84199   -28.04756
     14.545       -31.17893     0.69353    -3.84128   -28.03119
     14.695       -31.16070     0.69490    -3.84063   -28.01498
     14.845       -31.14276     0.69626    -3.83999   -27.99903
     14.995       -31.12491     0.69759    -3.83933   -27.98318
     15.145       -31.10720     0.69891    -3.83869   -27.96742
     15.295       -31.08979     0.70020    -3.83809   -27.95190
     15.445       -31.07251     0.70147    -3.83746   -27.93651
     15.595       -31.05542     0.70273    -3.83687   -27.92128
     15.745       -31.03849     0.70398    -3.83627   -27.90620
     15.895       -31.02173     0.70521    -3.83568   -27.89126
     16.045       -31.00514     0.70641    -3.83513   -27.87642
     16.195       -30.98875     0.70759    -3.83457   -27.86178
     16.345       -30.97254     0.70877    -3.83405   -27.84726
     16.495       -30.95655     0.70991    -3.83355   -27.83291
     16.645       -30.94069     0.71105    -3.83307   -27.81867
     16.795       -30.92494     0.71217    -3.83258   -27.80454
     16.945       -30.90934     0.71328    -3.83208   -27.79054
     17.095       -30.89391     0.71437    -3.83160   -27.77669
     17.245       -30.87864     0.71546    -3.83116   -27.76293
     17.395       -30.86347     0.71652    -3.83069   -27.74929
     17.545       -30.84846     0.71756    -3.83023   -27.73579
     17.695       -30.83359     0.71861    -3.82980   -27.72240
     17.845       -30.81895     0.71964    -3.82940   -27.70919
     17.995       -30.80431     0.72066    -3.82897   -27.69600
     18.145       -30.78976     0.72168    -3.82854   -27.68291
     18.295       -30.77543     0.72269    -3.82812   -27.66999
     18.445       -30.76125     0.72369    -3.82775   -27.65719
     18.595       -30.74712     0.72467    -3.82735   -27.64444
     18.745       -30.73310     0.72564    -3.82695   -27.63178
     18.895       -30.71924     0.72658    -3.82656   -27.61926
     19.045       -30.70545     0.72752    -3.82618   -27.60680
     19.195       -30.69190     0.72847    -3.82581   -27.59455
     19.345       -30.67834     0.72939    -3.82543   -27.58230
     19.495       -30.66497     0.73032    -3.82510   -27.57018
     19.645       -30.65166     0.73122    -3.82473   -27.55815
     19.795       -30.63854     0.73212    -3.82437   -27.54628
     19.945       -30.62548     0.73301    -3.82401   -27.53447
     20.095       -30.61250     0.73388    -3.82365   -27.52273
     20.245       -30.59971     0.73476    -3.82333   -27.51113
     20.395       -30.58689     0.73563    -3.82298   -27.49954
     20.545       -30.57423     0.73649    -3.82265   -27.48806
     20.695       -30.56169     0.73734    -3.82232   -27.47671
     20.845       -30.54922     0.73818    -3.82197   -27.46542
     20.995       -30.53682     0.73901    -3.82166   -27.45417
     21.145       -30.52455     0.73984    -3.82134   -27.44306
     21.295       -30.51242     0.74067    -3.82105   -27.43204
     21.445       -30.50029     0.74148    -3.82076   -27.42101
     21.595       -30.48830     0.74229    -3.82046   -27.41013
     21.745       -30.47632     0.74310    -3.82017   -27.39924
     21.895       -30.46446     0.74390    -3.81986   -27.38850
     22.045       -30.45266     0.74469    -3.81956   -27.37778
     22.195       -30.44101     0.74546    -3.81930   -27.36717
     22.345       -30.42946     0.74622    -3.81903   -27.35666
     22.495       -30.41797     0.74700    -3.81875   -27.34622
     22.645       -30.40663     0.74776    -3.81847   -27.33593
     22.795       -30.39531     0.74851    -3.81820   -27.32562
     22.945       -30.38408     0.74926    -3.81795   -27.31539
     23.095       -30.37285     0.75000    -3.81769   -27.30516
     23.245       -30.36169     0.75074    -3.81743   -27.29499
     23.395       -30.35062     0.75147    -3.81716   -27.28492
     23.545       -30.33968     0.75219    -3.81692   -27.27495
     23.695       -30.32881     0.75291    -3.81666   -27.26506
     23.845       -30.31801     0.75363    -3.81641   -27.25522
     23.995       -30.30724     0.75433    -3.81618   -27.24539
     24.145       -30.29657     0.75503    -3.81594   -27.23566
     24.295       -30.28596     0.75573    -3.81570   -27.22599
     24.445       -30.27539     0.75642    -3.81545   -27.21636
     24.595       -30.26488     0.75711    -3.81520   -27.20678
     24.745       -30.25445     0.75779    -3.81495   -27.19730
     24.895       -30.24413     0.75847    -3.81472   -27.18788
     25.045       -30.23387     0.75913    -3.81449   -27.17852
     25.195       -30.22368     0.75980    -3.81429   -27.16919
     25.345       -30.21356     0.76046    -3.81405   -27.15997
     25.495       -30.20350     0.76112    -3.81382   -27.15081
     25.645       -30.19349     0.76177    -3.81360   -27.14167
     25.795       -30.18354     0.76242    -3.81339   -27.13258
     25.945       -30.17365     0.76308    -3.81316   -27.12357
     26.095       -30.16379     0.76372    -3.81293   -27.11457
     26.245       -30.15402     0.76435    -3.81271   -27.10567
     26.395       -30.14428     0.76498    -3.81252   -27.09674
     26.545       -30.13465     0.76561    -3.81231   -27.08794
     26.695       -30.12504     0.76623    -3.81211   -27.07917
     26.845       -30.11556     0.76685    -3.81191   -27.07049
     26.995       -30.10612     0.76747    -3.81173   -27.06186
     27.145       -30.09671     0.76808    -3.81152   -27.05326
     27.295       -30.08736     0.76868    -3.81130   -27.04474
     27.445       -30.07806     0.76929    -3.81114   -27.03621
     27.595       -30.06880     0.76988    -3.81094   -27.02774
     27.745       -30.05953     0.77048    -3.81074   -27.01927
     27.895       -30.05040     0.77106    -3.81055   -27.01091
     28.045       -30.04131     0.77165    -3.81037   -27.00259
     28.195       -30.03228     0.77224    -3.81019   -26.99433
     28.345       -30.02331     0.77281    -3.81002   -26.98610
     28.495       -30.01433     0.77340    -3.80983   -26.97789
     28.645       -30.00538     0.77397    -3.80964   -26.96971
     28.795       -29.99655     0.77454    -3.80947   -26.96162
     28.945       -29.98776     0.77510    -3.80930   -26.95356
     29.095       -29.97900     0.77567    -3.80912   -26.94555
     29.245       -29.97027     0.77622    -3.80894   -26.93756
     29.395       -29.96159     0.77678    -3.80876   -26.92961
     29.545       -29.95299     0.77733    -3.80860   -26.92172
     29.695       -29.94439     0.77788    -3.80843   -26.91384
     29.845       -29.93590     0.77844    -3.80828   -26.90607
     29.995       -29.92747     0.77898    -3.80813   -26.89832
     30.145       -29.91901     0.77953    -3.80796   -26.89058
     35.794       -29.36383     0.81460    -3.79806   -26.38038
     49.810       -28.81855     0.84833    -3.78960   -25.87729
     69.316       -28.28359     0.88116    -3.78205   -25.38269
     96.460       -27.75959     0.91303    -3.77513   -24.89749
     134.23       -27.24731     0.94398    -3.76866   -24.42264
     186.80       -26.74732     0.97399    -3.76235   -23.95896
     259.95       -26.26006     1.00311    -3.75647   -23.50670
     361.74       -25.78555     1.03131    -3.75064   -23.06622
     503.40       -25.32409     1.05864    -3.74505   -22.63768
     700.53       -24.87590     1.08508    -3.73964   -22.22133
     974.85       -24.44032     1.11062    -3.73430   -21.81664
     1356.6       -24.01730     1.13531    -3.72908   -21.42353
     1887.8       -23.60650     1.15913    -3.72404   -21.04159
     2627.1       -23.20791     1.18207    -3.71903   -20.67094
     3655.9       -22.82061     1.20428    -3.71413   -20.31077
     5087.5       -22.44528     1.22564    -3.70944   -19.96148
     7079.7       -22.08132     1.24628    -3.70491   -19.62268
     9852.1       -21.72874     1.26621    -3.70055   -19.29440
     13710.       -21.38772     1.28544    -3.69629   -18.97687
     19079.       -21.05809     1.30401    -3.69220   -18.66990
     26550.       -20.73981     1.32193    -3.68837   -18.37337
     36947.       -20.43292     1.33927    -3.68473   -18.08746
     51416.       -20.13819     1.35605    -3.68122   -17.81302
     71550.       -19.85544     1.37227    -3.67794   -17.54977
     99568.       -19.58422     1.38797    -3.67479   -17.29740
    0.13856E+06   -19.32443     1.40310    -3.67189   -17.05563
    0.19282E+06   -19.07619     1.41772    -3.66914   -16.82478
    0.26832E+06   -18.83899     1.43185    -3.66658   -16.60426
    0.37340E+06   -18.61219     1.44545    -3.66414   -16.39349
    0.51962E+06   -18.39543     1.45856    -3.66192   -16.19208
    0.72310E+06   -18.18821     1.47113    -3.65992   -15.99942
    0.10063E+07   -17.99057     1.48316    -3.65807   -15.81566
    0.14003E+07   -17.80226     1.49466    -3.65636   -15.64056
    0.19487E+07   -17.62291     1.50566    -3.65474   -15.47382
    0.27118E+07   -17.45205     1.51616    -3.65327   -15.31494
    0.37737E+07   -17.28918     1.52621    -3.65196   -15.16343
    0.52514E+07   -17.13419     1.53575    -3.65076   -15.01918
    0.73079E+07   -16.98672     1.54486    -3.64974   -14.88184
    0.10170E+08   -16.84616     1.55358    -3.64879   -14.75095
    0.14152E+08   -16.71254     1.56190    -3.64787   -14.62658
    0.19694E+08   -16.58555     1.56980    -3.64706   -14.50829
    0.27406E+08   -16.46474     1.57733    -3.64628   -14.39579
    0.38138E+08   -16.35016     1.58448    -3.64560   -14.28903
    0.53073E+08   -16.24210     1.59130    -3.64501   -14.18839
    0.73856E+08   -16.13996     1.59778    -3.64442   -14.09332
    0.10278E+09   -16.04392     1.60397    -3.64394   -14.00394
    0.14302E+09   -15.95398     1.60982    -3.64353   -13.92028
    0.19903E+09   -15.87042     1.61542    -3.64314   -13.84270
    0.27697E+09   -15.79331     1.62074    -3.64279   -13.77127
    0.38543E+09   -15.72281     1.62580    -3.64250   -13.70610
    0.53637E+09   -15.65830     1.63059    -3.64221   -13.64668
    0.74641E+09   -15.59897     1.63511    -3.64195   -13.59213
    0.10387E+10   -15.54434     1.63935    -3.64175   -13.54194
    0.14454E+10   -15.49406     1.64334    -3.64156   -13.49584
    0.20115E+10   -15.44762     1.64711    -3.64140   -13.45333
    0.27992E+10   -15.40488     1.65061    -3.64125   -13.41424
    0.38953E+10   -15.36553     1.65382    -3.64111   -13.37825
    0.54207E+10   -15.32921     1.65677    -3.64095   -13.34503
    0.75434E+10   -15.29584     1.65945    -3.64081   -13.31448
    0.10497E+11   -15.26508     1.66191    -3.64070   -13.28629
    0.14608E+11   -15.23684     1.66416    -3.64062   -13.26038
    0.20329E+11   -15.21085     1.66623    -3.64053   -13.23654
    0.28289E+11   -15.18684     1.66814    -3.64045   -13.21452
    0.39367E+11   -15.16473     1.66988    -3.64040   -13.19421
    0.54783E+11   -15.14428     1.67151    -3.64034   -13.17545
    0.10000E+12   -14.90682     1.69026    -3.63964   -12.95743
