#"Time (ps)"	"Potential Energy (kJ/mole)"	"Kinetic Energy (kJ/mole)"	"Temperature (K)"	"Box Volume (nm^3)"	"Density (g/mL)"	"Speed (ns/day)"	"Time Remaining"
100.99999999994601	-58826.12404504165	7458.454360206833	293.8725211730597	30.893567956045985	1.0404622666877423	0	--
101.99999999994368	-58955.23498968079	7586.27446951149	298.90879490537407	30.98614215372207	1.0373537816406841	135	4:14
102.99999999994135	-58974.75937826358	7457.777949495794	293.84586973679666	30.977108421082548	1.0376563010556197	136	4:13
103.99999999993902	-59319.69613241611	7465.695732972326	294.1578404052458	30.752230226605548	1.0452442474825814	136	4:12
104.99999999993669	-59046.63516722017	7502.746321500577	295.6176803849384	30.8198037768581	1.0429525111303697	135	4:12
105.99999999993436	-58599.17523096473	7415.797102869381	292.19177136154815	31.159965298786744	1.0315669941670622	135	4:11
106.99999999993203	-59372.00631036147	7741.404644341409	305.0211197096277	31.156945636072575	1.0316669713736164	135	4:10
107.9999999999297	-58892.21799134341	7587.203484821794	298.9453992818658	31.048735514618446	1.0352625061489376	135	4:10
108.99999999992737	-59209.466507608915	7490.071734239066	295.11828563993055	30.930082144400814	1.0392339597273998	135	4:09
109.99999999992504	-58963.042396506295	7446.440924879251	293.39917664922615	30.948269938632265	1.038623218853828	135	4:08
110.99999999992271	-58918.66508804515	7517.293596530524	296.19086139306484	30.822882179527223	1.042848347354402	135	4:08
111.99999999992038	-59091.17077533135	7619.803687096766	300.2298884227274	31.11848402593501	1.0329420840305088	135	4:07
112.99999999991805	-58847.53284681498	7633.252006166207	300.75976917812386	31.052577375372156	1.0351344222754448	135	4:06
113.99999999991572	-58994.139968619886	7558.396861755587	297.81038195279103	30.80023851194886	1.0436150268495292	135	4:06
114.99999999991338	-59069.23947824375	7399.741334985918	291.5591538298975	31.444112018037124	1.0222451733787568	136	4:05
115.99999999991105	-58884.19232316993	7563.770573819364	298.022112994636	31.38072914538589	1.0243099066531947	136	4:04
116.99999999990872	-58695.17389925526	7558.386510206103	297.80997408866824	30.99035911370445	1.0372126255034257	136	4:04
117.9999999999064	-58666.740113684995	7616.0145496398845	300.08059162157434	31.219282641401666	1.0296069935633936	136	4:03
118.99999999990406	-58961.611000862176	7665.257600637079	302.02083002056594	30.70588812537025	1.0468217564780768	136	4:02
119.99999999990173	-58584.133322642854	7440.3560890969875	293.1594264347852	30.558411372899737	1.0518737819638577	136	4:02
120.9999999998994	-59137.80434383225	7643.571604053275	301.1663743676314	30.65763850639276	1.0484692659846189	136	4:01
121.99999999989707	-59062.44063857765	7728.327858760827	304.50587784290684	30.7540023502489	1.045184017857086	135	4:01
122.99999999989474	-58736.13141378455	7570.312673216656	298.2798799729934	30.94033651209759	1.0388895327318546	135	4:00
123.99999999989241	-58644.274409850506	7504.871871724401	295.70142974814263	30.988812051294907	1.0372644065352692	135	3:59
124.99999999989008	-58817.357257219846	7674.355573943764	302.3793016588004	31.103109228802133	1.0334526849120849	135	3:59
125.99999999988775	-58784.53472780154	7439.962202449789	293.14390680344087	31.229417600431045	1.02927285269565	135	3:58
126.99999999988542	-59083.1902581476	7522.955837180109	296.41396082557725	30.921057914224747	1.0395372574504396	135	3:57
127.99999999988309	-59068.95877360174	7769.561906723631	306.13055140766727	30.96983442488934	1.037900019116239	135	3:57
128.99999999988785	-58876.835324435786	7495.823138668245	295.34489823796514	30.929990916462547	1.039237024945614	135	3:56
129.99999999989262	-58975.71703696193	7566.512362853891	298.13014294523816	30.942305013369698	1.038823440197188	135	3:56
130.9999999998974	-58737.74235308345	7476.438500949658	294.5811190307368	31.012946784257466	1.0364571920632795	135	3:55
131.99999999990217	-59016.67900985401	7533.147958282852	296.81554326879024	31.03789775549357	1.0356239973092292	135	3:54
132.99999999990695	-59059.51557603758	7491.681907958242	295.18172851797584	30.749167935647055	1.045348342722335	135	3:54
133.99999999991172	-59131.48449435507	7474.542049353211	294.5063964427829	30.866817397779627	1.0413639776134362	135	3:53
134.9999999999165	-59156.70449365943	7597.912086591829	299.3673317156404	30.80740109091006	1.0433723911590713	135	3:52
135.99999999992127	-59204.338629229984	7447.620694486808	293.44566106171055	31.17689760860619	1.0310067456085292	135	3:52
136.99999999992605	-59093.51793461744	7528.023708337083	296.61364134944375	31.15043590157287	1.0318825663687226	135	3:51
137.99999999993082	-59323.13224433907	7575.549563654756	298.48622006999295	30.908440455989993	1.0399616178431301	135	3:50
138.9999999999356	-59108.59574505614	7643.780408069744	301.1746015095816	31.255819693158557	1.0284034159774467	135	3:50
139.99999999994037	-58769.86080474852	7267.477439471502	286.3477893088021	31.26366568605031	1.028145325772266	135	3:49
140.99999999994515	-58941.5132383827	7413.946055580162	292.1188377606407	30.987507568985542	1.0373080722952677	135	3:49
141.99999999994992	-59341.98712851817	7621.281881908193	300.28813116512947	31.136066034441576	1.032358799151548	135	3:48
142.9999999999547	-59307.49116875656	7536.105737415528	296.93208350203616	31.01279442906475	1.0364622838209927	135	3:47
143.99999999995947	-59452.05683984194	7513.673507949259	296.04822533110513	31.069676175962883	1.0345647492292616	135	3:47
144.99999999996425	-59427.29181035672	7444.936238577776	293.33989010865974	31.43279691777364	1.0226131586605278	135	3:46
145.99999999996902	-59325.93825088677	7247.6819295862315	285.5678212193105	30.944902938888823	1.0387362275815761	135	3:45
146.9999999999738	-59391.11229720357	7592.293679850209	299.14595939446014	31.269047365209737	1.0279683728831055	135	3:45
147.99999999997857	-58871.73801487757	7363.592480326241	290.13484330343834	31.495149027941522	1.020588653608294	135	3:44
148.99999999998334	-59144.503048492275	7378.96946364841	290.7407158661279	31.228628244564423	1.0292988692903677	135	3:43
149.99999999998812	-59153.57879052035	7422.403482388176	292.4520710578729	31.152643397354623	1.031809446525136	135	3:43
150.9999999999929	-59018.11893909107	7385.2093836631175	290.98657659518517	31.049467741589005	1.035238091974275	135	3:42
151.99999999999767	-59196.58389195142	7355.51791514481	289.81669523781454	30.892652868273327	1.0404930867763316	135	3:41
153.00000000000244	-58755.381219208386	7499.996699595566	295.50934180934695	30.85943325674853	1.0416131584202069	135	3:41
154.00000000000722	-59088.37247717715	7427.331839410295	292.6462545486319	30.82283149134628	1.0428500623196781	135	3:40
155.000000000012	-58979.222769708926	7486.157534342572	294.96406122071375	31.299655762939253	1.0269631073604146	135	3:40
156.00000000001677	-59243.09844722433	7593.669613355663	299.2001729122597	30.79783200364201	1.043696573765915	135	3:39
157.00000000002154	-59515.895221961604	7348.478956739773	289.5393513870622	30.814626796464978	1.0431277313183909	135	3:38
158.00000000002632	-59109.157334023475	7349.665478151046	289.58610182914	30.89899840311142	1.0402794071921326	135	3:38
159.0000000000311	-59051.00994057229	7613.23222275166	299.9709644283408	31.080493333666357	1.0342046825492794	135	3:37
160.00000000003587	-58820.7619657648	7364.200356822717	290.1587944050948	30.991039544951043	1.037189852731356	135	3:36
161.00000000004064	-59198.1722635935	7631.732330369868	300.6998920325294	30.93445913235256	1.0390869161181577	135	3:36
162.00000000004542	-58891.40240326396	7505.257323759354	295.7166170451123	30.982032061562354	1.0374913975219249	135	3:35
163.0000000000502	-59257.212219719775	7578.683416704338	298.60969783793104	31.233204124844054	1.0291480698917852	135	3:35
164.00000000005497	-59074.857711309916	7533.845513067084	296.84302780824015	31.465276591619375	1.0215575778596746	135	3:34
165.00000000005974	-59357.51218706096	7689.411721291563	302.9725328789118	30.613804776536753	1.04997049456117	135	3:33
166.00000000006452	-59202.17248649208	7683.918411208973	302.7560895240836	30.93855532852783	1.0389493433127575	135	3:33
167.0000000000693	-59351.42096601278	7413.996323912186	292.12081839640706	30.751412880308784	1.0452720291821807	135	3:32
168.00000000007407	-59031.63109699014	7425.2285189152435	292.56338106481553	30.964384381513717	1.0380826999683448	135	3:31
169.00000000007884	-59074.84571285473	7303.992447549538	287.7865267423646	30.762860611095114	1.044883053886943	135	3:31
170.00000000008362	-59095.58209282413	7487.676466060066	295.023909048662	30.876389482936204	1.041041141140661	135	3:30
171.0000000000884	-59510.53021094715	7555.819030605664	297.7088121499069	30.92199587100101	1.0395057251709947	135	3:30
172.00000000009317	-59211.0454251068	7369.038410629837	290.3494198351376	31.00873211666507	1.0365980660120067	135	3:29
173.00000000009794	-59068.20660635171	7506.459133836875	295.7639698799485	31.109333459025514	1.0332459158585356	135	3:28
174.00000000010272	-58947.87717250758	7381.5065394774965	290.8406798579007	30.9531659659188	1.038458934281919	135	3:28
175.0000000001075	-59250.4817895618	7559.76884315969	297.86443975280616	31.06870457212418	1.0345971029142826	135	3:27
176.00000000011227	-59146.82173495929	7401.720335427315	291.63712894659443	30.77980257158393	1.0443079245509694	135	3:26
177.00000000011704	-59360.764206070424	7660.7323858887685	301.8425308445287	30.774784662063766	1.0444782017026741	135	3:26
178.00000000012182	-58934.52548534877	7398.865643317007	291.52465047221983	31.005721468263076	1.036698719445088	135	3:25
179.0000000001266	-59354.13772795157	7462.913830613032	294.0482299389882	31.261243315710047	1.0282249946682684	135	3:24
180.00000000013137	-58986.03682361895	7406.13206879061	291.81095681274485	31.49406119914159	1.0206239055157333	135	3:24
181.00000000013614	-59274.89051714164	7660.910964337223	301.8495670609269	31.378510116431556	1.0243823439146402	135	3:23
182.00000000014091	-59055.27809238326	7503.159565450534	295.63396271845795	31.236775920983998	1.0290303910662637	135	3:22
183.0000000001457	-58962.38048592242	7673.55511076083	302.34776239847724	31.19637921912302	1.0303628993558251	135	3:22
184.00000000015046	-58816.236387225974	7329.78061223513	288.80261299919204	31.032258738382414	1.0358121853973339	135	3:21
185.00000000015524	-59355.84408041931	7601.99287749701	299.52812003098944	30.827797950369344	1.0426820557656569	135	3:21
186.00000000016001	-59121.34241896466	7670.651521543561	302.2333573163355	31.086376574746794	1.0340089545119726	135	3:20
187.0000000001648	-59116.793823449	7716.022409336825	304.02102759488594	30.687622755269192	1.0474448280976805	135	3:19
188.00000000016956	-59092.33343170502	7761.047664138616	305.79507949706783	31.067408670072584	1.0346402586380985	135	3:19
189.00000000017434	-59060.780754864914	7482.573566942767	294.82284837892144	31.077282874732084	1.0343115217371306	135	3:18
190.0000000001791	-58781.057993553666	7354.196538176242	289.76463131646847	30.996179019166306	1.0370178763564246	135	3:17
191.0000000001839	-59028.712416127004	7390.507113994452	291.1953138608136	30.9299192637076	1.0392394324590397	135	3:17
192.00000000018866	-58892.77297409467	7490.307082304487	295.1275586509323	30.858677408861112	1.0416386715390895	135	3:16
193.00000000019344	-59020.65689631077	7664.9129106239	302.00724879873303	31.073731138085577	1.0344297438495422	135	3:15
194.0000000001982	-58550.63123826773	7191.994400939191	283.3736622620988	31.435778679467656	1.0225161612622646	135	3:15
195.000000000203	-59036.51852117767	7466.5518907730475	294.19157410384724	31.1948476723994	1.0304134862007819	135	3:14
196.00000000020776	-59096.18831639495	7614.9939625653815	300.040379201926	30.810408331696287	1.04327055310564	135	3:14
197.00000000021254	-58997.26348050419	7380.101865181974	290.78533391667526	30.96937802303659	1.0379153148542206	135	3:13
198.0000000002173	-58875.087180047994	7532.7509869186	296.7999020956983	30.994125409131232	1.0370865871294928	135	3:12
199.0000000002221	-58668.12645185471	7653.294365541096	301.54946344925594	31.376498794055212	1.0244480097221533	135	3:12
200.00000000022686	-58856.27660219508	7636.13548387149	300.87338184129425	31.242893484086675	1.0288289001782596	135	3:11
201.00000000023164	-58684.69274341187	7453.136772322125	293.6630014947499	31.1617594836634	1.0315076001555925	135	3:10
202.0000000002364	-58974.86710623183	7663.4261612529335	301.94866899588146	30.477679801610456	1.0546600643767157	135	3:10
203.0000000002412	-58948.84813663617	7568.9232556887655	298.22513516768066	30.922552553995942	1.039487011477831	135	3:09
204.00000000024596	-59177.965298745316	7671.365507103024	302.2614892490802	30.64328650239444	1.0489603241188812	135	3:08
205.00000000025074	-59122.43498355881	7653.969586341036	301.5760680015189	30.651693765622223	1.0486726112887907	135	3:08
206.0000000002555	-59163.68975656433	7761.092331493497	305.7968394472611	30.66919548926022	1.0480741743902442	135	3:07
207.0000000002603	-58971.7452675449	7659.610198275766	301.79831523535086	31.042977071074358	1.0354545463866156	135	3:07
208.00000000026506	-59038.857742983615	7385.801238190017	291.00989641100597	30.827140346193442	1.0427042982463512	135	3:06
209.00000000026984	-59037.801534370315	7521.817502693699	296.36910900919503	31.08068825452385	1.0341981965904776	135	3:05
210.0000000002746	-58594.10437269209	7397.601860575549	291.4748558361583	30.99142911890323	1.0371768148637395	135	3:05
211.00000000027939	-58826.00950746829	7552.63614913533	297.5834026002725	30.795820198556168	1.0437647555536262	135	3:04
212.00000000028416	-58747.876362744486	7726.410032926899	304.43031308300243	31.20034739772423	1.0302318538916004	135	3:03
213.00000000028894	-58541.56306312865	7469.670163579327	294.3144379905227	30.765912704014607	1.0447793976034077	135	3:03
214.0000000002937	-59083.35787406101	7678.402304914865	302.538747969732	30.880563150468486	1.0409004390560073	135	3:02
215.00000000029848	-59120.99461736591	7474.038769586864	294.4865665843901	30.709566800376294	1.046696358518009	135	3:01
216.00000000030326	-59208.450417440035	7398.4400152286535	291.50788018800733	30.812100570915057	1.0432132553780253	135	3:01
217.00000000030803	-59117.78043874333	7327.202535429615	288.7010335171674	30.57548678032415	1.0512863449259737	135	3:00
218.0000000003128	-59321.65757880395	7548.697495435457	297.42821467031956	30.584921386095942	1.050962052046733	135	3:00
219.00000000031758	-59132.87647044897	7565.125286465678	298.0754903837854	31.029664200792634	1.0358987945734301	135	2:59
220.00000000032236	-59299.98085908711	7624.188953306748	300.40267344961154	30.931627422737616	1.0391820418084723	135	2:58
221.00000000032713	-58927.02562430344	7548.985940635406	297.4395797754788	31.396833472653885	1.0237845090211386	135	2:58
222.0000000003319	-59042.7579361081	7513.836054089235	296.0546298543019	31.194167371433156	1.0304359580713063	135	2:57
223.00000000033668	-59087.8807408353	7637.685031835397	300.9344359880169	31.22509438209444	1.0294153589508979	135	2:56
224.00000000034146	-59038.45628509743	7654.160134307064	301.58357583202593	31.02937068203384	1.0359085935387888	135	2:56
225.00000000034623	-58833.753442196175	7446.645646937639	293.40724295687284	31.43200363333006	1.0226389674864633	135	2:55
226.000000000351	-58940.565078008774	7380.04598699609	290.7831322455821	31.06111143723621	1.0348500183765321	135	2:54
227.00000000035578	-58805.92855801535	7405.629556427816	291.7911571910212	31.222543186570125	1.0294994725300102	135	2:54
228.00000000036056	-58895.829183333204	7413.333927992848	292.09471916063654	31.36693665774035	1.0247603102704452	135	2:53
229.00000000036533	-58785.77068046454	7615.361115187808	300.0548454789315	31.224040351923875	1.0294501089330956	135	2:52
230.0000000003701	-59011.917025262956	7591.009456164889	299.09535935939545	30.688071743625347	1.0474295032334968	135	2:52
231.00000000037488	-59146.818323904474	7726.330052596082	304.42716175696	31.276301561829833	1.0277299468440995	135	2:51
232.00000000037966	-59006.21340820304	7545.405164906961	297.2984926895689	30.92463039425643	1.0394171678633666	135	2:51
233.00000000038443	-59114.57934594632	7589.804223529507	299.0478716714571	30.925893296005977	1.0393747218215583	135	2:50
234.0000000003892	-59289.22494293054	7393.077291232536	291.29658208990503	30.755017094010192	1.0451495326230742	135	2:49
235.00000000039398	-58577.05050254843	7445.087610550986	293.34585435557386	30.982134901577446	1.0374879537427495	135	2:49
236.00000000039876	-59253.37655108649	7757.249128292784	305.64541238752076	30.689975750680166	1.0473645206743778	135	2:48
237.00000000040353	-59125.87912019994	7702.023041973063	303.46943484076706	30.628142433690787	1.0494789819921182	135	2:47
238.0000000004083	-59079.235551621096	7558.315214132646	297.8071649333333	30.842064538309423	1.0421997432011512	135	2:47
239.00000000041308	-59018.86276470497	7588.283522504653	298.98795413056433	30.950289903205295	1.0385554333140683	135	2:46
240.00000000041786	-59186.23589541513	7729.177849205808	304.5393685399033	30.961058637589463	1.0381942076939916	135	2:45
241.00000000042263	-59017.04405642595	7403.488861937724	291.70681112460016	30.981508394554112	1.0375089337893428	135	2:45
242.0000000004274	-59014.32493160188	7327.87330009157	288.727462491966	31.089600759692694	1.0339017213528583	135	2:44
243.00000000043218	-58794.34795411292	7445.581764047809	293.3653246274217	31.371514699169428	1.0246107671195879	135	2:44
244.00000000043696	-58977.175451438874	7644.802001229031	301.214853570241	31.21281380901152	1.029820378845151	135	2:43
245.00000000044173	-59303.12818131139	7453.961261266531	293.6954874004175	31.133347785891733	1.0324489342641614	135	2:42
246.0000000004465	-59329.990308717126	7594.148563821182	299.21904416547403	30.816857212306306	1.0430522333985208	135	2:42
247.00000000045128	-59343.63488848653	7674.970070547716	302.403513601052	31.027045994591496	1.0359862085234457	135	2:41
248.00000000045605	-58879.76275197975	7364.181295597116	290.1580433687335	31.528192006193336	1.019519030311195	135	2:40
249.00000000046083	-59094.61729687304	7560.375959217737	297.8883608922281	31.062296221668642	1.0348105469162472	135	2:40
250.0000000004656	-58933.69964672276	7502.680447141966	295.61508485201557	30.98381216559759	1.0374317908275197	135	2:39
251.00000000047038	-59057.498617432226	7669.6863032633355	302.1953264971077	31.024131463642373	1.0360835332099125	135	2:38
252.00000000047515	-58924.18495251628	7449.957076149205	293.5377174498564	31.091507759834585	1.0338383069071986	135	2:38
253.00000000047993	-58917.45713269885	7297.366382211933	287.52545139991713	30.997486920934843	1.0369741206313896	135	2:37
254.0000000004847	-59174.735909560666	7866.046896668118	309.9321818636532	30.625649676267933	1.0495644037399061	135	2:37
255.00000000048948	-58786.312062498095	7331.152343557361	288.8566609456656	30.83914725690835	1.0422983318521832	135	2:36
256.00000000049425	-58958.245000093884	7195.176047600276	283.4990231586892	31.166446659377353	1.0313524699469725	135	2:35
257.000000000499	-58890.88776275332	7430.065761378999	292.7539745269051	30.653696393625356	1.0486041007538616	135	2:35
258.0000000005038	-58744.23518385686	7521.956828681425	296.37459862906803	30.70413158783467	1.046881643588157	135	2:34
259.0000000005086	-58782.022648193495	7675.072375918463	302.40754456186227	30.881438881250105	1.040870921371984	135	2:33
260.00000000051335	-58916.58283422317	7824.309714710034	308.28768418406423	30.69427253714919	1.0472179036892344	135	2:33
261.0000000005181	-59137.19274383609	7432.976362457488	292.86865588523426	31.072016368528054	1.0344868308635649	135	2:32
262.0000000005229	-58980.48359436565	7625.4338338697235	300.451723315969	30.942174314645065	1.0388278281531658	135	2:31
263.0000000005277	-59088.29409049463	7501.380946419054	295.5638828823761	30.741473265948258	1.0456099960968446	135	2:31
264.00000000053245	-59057.50972290774	7535.632527723273	296.9134384425385	31.066210860165594	1.0346801509300019	135	2:30
265.0000000005372	-58957.09756377997	7422.953925710759	292.4737592199449	30.655171479819984	1.0485536433152636	135	2:30
266.000000000542	-59064.14217533116	7622.310338080449	300.3286536371673	30.723995088643846	1.0462048196818086	135	2:29
267.0000000005468	-59160.12568883845	7447.949765668756	293.4586268818677	30.79890901837212	1.0436600764801494	135	2:28
268.00000000055155	-59087.55726068211	7514.4989139575955	296.08074737024975	30.861747696216536	1.0415350439003175	135	2:28
269.0000000005563	-58814.89651358995	7509.3953629909665	295.8796610168224	30.82675448427101	1.0427173498922924	135	2:27
270.0000000005611	-58497.85829636347	7536.799992639526	296.9594380346458	30.94573914030593	1.0387081593327758	135	2:26
271.0000000005659	-58748.01602979659	7638.053353538642	300.94894832828305	31.150212882251544	1.0318899541111597	135	2:26
272.00000000057065	-58993.92272773554	7512.9464025528105	296.019576460214	31.143783146291792	1.032102991169416	135	2:25
273.0000000005754	-58910.056630191946	7343.353346714028	289.33739587884696	31.057665413334835	1.0349648408478997	135	2:24
274.0000000005802	-58974.33284713753	7421.554116780948	292.4186049802731	30.9025869127485	1.0401586065391484	135	2:24
275.000000000585	-58977.63322991051	7618.432536769	300.1758633681695	30.601419136188696	1.050395460372848	135	2:23
276.00000000058975	-58734.94183723396	7407.228254842422	291.85414792757416	30.764417799681322	1.0448301655151873	135	2:23
277.0000000005945	-59068.27178698912	7748.241232092197	305.29048990102604	31.09380401094877	1.033761958823082	135	2:22
278.0000000005993	-58389.78562058561	7704.074780878662	303.5502759448159	31.07824686677305	1.0342794392300603	135	2:21
279.0000000006041	-58963.35987031899	7468.578300372741	294.27141720125474	31.149727095296875	1.031906046665577	135	2:21
280.00000000060885	-58882.07629176558	7606.482095166265	299.7050008766506	30.488179191123965	1.0542968650281808	135	2:20
281.0000000006136	-59233.96924124533	7468.74550027161	294.2780050884291	30.785423044870925	1.044117265979061	135	2:19
282.0000000006184	-59015.81493846988	7769.862506548243	306.1423954203885	30.71637634934496	1.046464315192729	135	2:19
283.0000000006232	-59257.86484157271	7569.609161709073	298.2521607311207	30.81171218004937	1.0432264053937397	135	2:18
284.00000000062795	-59145.08992340017	7422.735356690382	292.4651473245083	30.71467460654246	1.0465222944205497	135	2:17
285.0000000006327	-59227.86676524041	7381.565236528741	290.84299259584895	30.933575156617028	1.0391166096668765	135	2:17
286.0000000006375	-59243.829440414615	7372.097079069705	290.46993523450135	30.994785916446542	1.037064486532339	135	2:16
287.0000000006423	-59051.252404177154	7438.873547913134	293.1010124398204	31.221095260148477	1.0295472171550761	135	2:16
288.00000000064705	-59019.58329754803	7426.183420490618	292.60100539284315	30.926738407383105	1.0393463196217874	135	2:15
289.0000000006518	-58914.56399929125	7660.025728633718	301.81468765623293	30.86674033582932	1.0413665774843077	135	2:14
290.0000000006566	-58834.131206116814	7702.122736650156	303.4733629369502	31.022187269899636	1.0361484656759794	135	2:14
291.0000000006614	-58930.20772196379	7572.314493844672	298.35875423386307	31.153096538677246	1.031794438209776	135	2:13
292.00000000066615	-58962.79177069239	7636.770518451727	300.89840300574923	30.69980965437637	1.0470290240720506	135	2:12
293.0000000006709	-58951.13916934145	7547.651138225334	297.3869868747823	30.897465854157446	1.0403310062172717	135	2:12
294.0000000006757	-58879.15678403541	7273.014408825741	286.56595289407113	30.895617015391306	1.0403932611414233	135	2:11
295.0000000006805	-58781.210246909264	7471.186723116571	294.37419235157324	30.803225427399383	1.043513829984433	135	2:10
296.00000000068525	-59246.689810514916	7765.605119515351	305.974648994582	30.797155254976026	1.0437195083603	135	2:10
297.00000000069	-59100.07413175734	7404.964006045193	291.7649336654135	30.983569764592804	1.0374399072101836	135	2:09
298.0000000006948	-59217.78751709458	7897.844622561452	311.1850524216203	30.741325094131383	1.045615035890425	135	2:08
299.0000000006996	-59241.948509074806	7588.3764024492275	298.9916137176799	31.174657433421768	1.0310808325726415	135	2:08
300.00000000070435	-58974.33542747941	7531.181872939854	296.7380770232809	30.98680382347719	1.0373316307397207	135	2:07
301.0000000007091	-58930.28160019088	7363.768832657057	290.1417918079902	31.368111133219546	1.0247219414999653	135	2:07
302.0000000007139	-58663.78631363419	7448.217819773956	293.46918855214165	30.967715166839515	1.0379710472162644	135	2:06
303.00000000071867	-58905.81152447089	7746.608820016587	305.22617080365217	31.226211692506514	1.0293785252641785	135	2:05
304.00000000072345	-58909.32211645969	7829.9617932340525	308.51038321599543	30.87910169761694	1.0409497030187265	135	2:05
305.0000000007282	-58861.88589182176	7714.447170066815	303.95896117825697	30.718148567577543	1.0464039416602857	135	2:04
306.000000000733	-58548.261277150654	7428.165774840365	292.67911265776473	31.00510991259101	1.036719167654557	135	2:03
307.00000000073777	-58546.497844202066	7496.005567388287	295.35208615992644	30.711915915225372	1.0466162980631335	135	2:03
308.00000000074255	-58593.66194898833	7616.59689499405	300.1035367639801	31.00886585761198	1.0365935951742937	135	2:02
309.0000000007473	-58692.50778301462	7464.638988700922	294.1162033463761	31.206183948022158	1.0300391677226097	135	2:01
310.0000000007521	-58934.02381959179	7623.862574299754	300.3898137045476	30.96480990180055	1.0380684345732192	135	2:01
311.00000000075687	-59010.63289328496	7626.965165909331	300.51205973226905	31.08227300892883	1.0341454671730634	135	2:00
312.00000000076164	-58625.14387610022	7433.636532937537	292.8946674358862	31.170722006245423	1.0312110106137116	135	2:00
313.0000000007664	-59078.839695817966	7762.785897427096	305.86356808387177	30.8786653922294	1.0409644112957137	135	1:59
314.0000000007712	-59023.4487706504	7469.993309856565	294.32717036195163	30.601903150114154	1.0503788468299724	135	1:58
315.00000000077597	-59154.161851406825	7843.730126638966	309.05287294035986	31.209875658746196	1.0299173278702745	135	1:58
316.00000000078074	-58959.93995171739	7572.138046667367	298.35180199223976	31.376624365751745	1.0244439098013622	135	1:57
317.0000000007855	-59087.80325876648	7616.303203301544	300.09196494038827	31.234394331435862	1.0291088535457364	135	1:56
318.0000000007903	-59062.642730420805	7454.612909675902	293.72116317072215	31.0520418294843	1.0351522749495548	135	1:56
319.00000000079507	-59245.19899646373	7392.2372685173	291.26348413404895	31.041807589622245	1.035493556514586	135	1:55
320.00000000079984	-59206.54886300361	7615.576459937871	300.0633303340457	30.538124667400893	1.0525725496147553	135	1:54
321.0000000008046	-59077.755500727275	7560.283600468119	297.88472184085214	30.78797290526168	1.0440307921709926	135	1:54
322.0000000008094	-58893.04334891116	7439.776041737822	293.1365718362846	31.00254051766929	1.0368050877411095	135	1:53
323.00000000081417	-58895.59235130658	7625.960568985873	300.47247734476605	31.389513830001583	1.024023242784254	135	1:53
324.00000000081894	-59039.846027962776	7389.945472988951	291.17318449589305	30.908993454163653	1.039943011709087	135	1:52
325.0000000008237	-59178.956764319184	7580.336502434533	298.6748315034046	30.79617732517786	1.043752651577959	135	1:51
326.0000000008285	-59324.60528159165	7493.128675567876	295.2387329889374	31.05739048273385	1.034974002709256	135	1:51
327.00000000083327	-59175.87515375338	7440.9023240474535	293.1809487816809	30.94004160458854	1.0388994349914635	135	1:50
328.00000000083804	-59048.03206949582	7756.202984867181	305.6041930153636	30.744196560381038	1.0455173768646053	135	1:49
329.0000000008428	-58587.633637332794	7537.982801761223	297.006042207826	31.21491335807632	1.029751112005019	135	1:49
330.0000000008476	-58901.654801849014	7432.788112498016	292.8612385990877	31.400370431763	1.0236691892368441	135	1:48
331.00000000085237	-58885.445871030824	7330.997693174448	288.8505675252688	31.224092431415773	1.0294483918859556	135	1:47
332.00000000085714	-59466.82122641176	7485.5643539511	294.9406891641543	30.837560078072535	1.042351977920443	135	1:47
333.0000000008619	-59102.17535236859	7612.494785707136	299.9419084774675	31.241742797416396	1.0288667937013294	135	1:46
334.0000000008667	-59128.32220333605	7357.309191337931	289.88727378205	31.280383265676065	1.02759584077381	135	1:45
335.00000000087147	-58793.8721480043	7365.465851510804	290.2086564940155	31.378377035849233	1.0243866884796473	135	1:45
336.00000000087624	-58982.407519798115	7417.807820244537	292.27099616549094	31.28455569730564	1.02745878997373	135	1:44
337.000000000881	-58849.456540332816	7496.318878346806	295.36443100737665	31.181448445928577	1.0308562733177478	135	1:44
338.0000000008858	-59028.32124075148	7477.7187263582455	294.6315615286488	31.040324365867022	1.0355430363016946	135	1:43
339.00000000089057	-59112.76857554674	7736.3599389935935	304.8223519478985	31.24530005689366	1.0287496578074167	135	1:42
340.00000000089534	-58943.20051553461	7495.062909914161	295.3149442649512	31.430174126472192	1.0226984938828683	135	1:42
341.0000000009001	-59034.285817042284	7649.824241260444	301.4127361701323	31.247952807075023	1.0286623235792138	135	1:41
342.0000000009049	-58871.920217101724	7314.775655006839	288.2113987344379	31.33948611192984	1.0256579073063827	135	1:40
343.00000000090967	-58810.49954957017	7251.701630402555	285.7262025080071	31.423501695496544	1.0229156525297773	135	1:40
344.00000000091444	-58748.35807988056	7262.412363500793	286.1482189188045	31.15866709090095	1.0316099738106603	135	1:39
345.0000000009192	-58954.031529467	7431.283724145156	292.801963798073	30.825928887578776	1.0427452765120593	135	1:38
346.000000000924	-59040.35886302733	7433.630508232618	292.89443005490375	30.904423813736873	1.0400967814624562	135	1:38
347.00000000092876	-59082.18786885188	7428.734298602386	292.7015132119846	30.72832528226096	1.0460573899279653	135	1:37
348.00000000093354	-59290.43399801402	7596.519182618192	299.31244953996213	30.919935585298216	1.0395749904764682	135	1:37
349.0000000009383	-58807.36450256512	7600.2304304477775	299.45867739143193	30.845588893994627	1.042080663529737	135	1:36
350.0000000009431	-59006.55139573268	7486.003329052811	294.95798533754925	30.92574929972257	1.039379561351736	135	1:35
351.00000000094786	-58849.957438336976	7370.612668683003	290.41144759058375	30.794058399391076	1.0438244717446863	135	1:35
352.00000000095264	-59164.96122236189	7578.7226782655225	298.61124479302566	30.623831709464607	1.0496267105492585	135	1:34
353.0000000009574	-59197.96425613336	7444.331329923405	293.3160559437304	30.77273330360629	1.0445478282506826	135	1:33
354.0000000009622	-59241.85233302496	7636.328679994979	300.8809940125497	30.762237009291702	1.0449042354075377	135	1:33
355.00000000096696	-58950.19491162896	7342.893875104504	289.31929211715897	30.990924686493187	1.0371936967608	135	1:32
356.00000000097174	-59031.34045667562	7491.443306724072	295.1723273280169	31.066192653406073	1.0346807573182035	135	1:31
357.0000000009765	-59169.130789899995	7543.563998284895	297.2259483994258	30.92165149120791	1.0395173023264601	135	1:31
358.0000000009813	-59044.928723303135	7390.432151571733	291.19236024668743	31.26882646302434	1.0279756350827391	135	1:30
359.00000000098606	-59297.13657384858	7508.95732566016	295.8624017927855	30.824171112219975	1.0428047399748688	135	1:30
360.00000000099084	-59339.913783201744	7445.808955280838	293.37427624892587	30.926625596439465	1.0393501108417094	135	1:29
361.0000000009956	-59591.14229252012	7683.7403100640995	302.7490721140493	30.83786310201569	1.0423417353947062	135	1:28
362.0000000010004	-59256.6222071278	7261.946194933026	286.129851288504	31.088663649098546	1.0339328864189197	135	1:28
363.00000000100516	-59358.66219396857	7753.7785209571675	305.50866607542144	30.9152305282056	1.0397332056862105	135	1:27
364.00000000100994	-58961.30943105553	7756.222193866403	305.60494987419224	31.063053104276594	1.0347853327139325	135	1:26
365.0000000010147	-59086.77453299126	7472.462281889936	294.424450978164	30.65493663139479	1.0485616763174137	135	1:26
366.0000000010195	-59364.45344613702	7482.627752650469	294.82498336423674	30.80314680528594	1.043516493454605	135	1:25
367.00000000102426	-59015.90853038017	7321.074012894124	288.45956198947664	31.10145825884683	1.0335075440546633	135	1:24
368.00000000102904	-59263.47536289072	7276.262521685034	286.693932642812	30.77515305265458	1.0444656988910341	135	1:24
369.0000000010338	-59696.94596092816	7704.3983705839355	303.56302578786944	30.650707019173318	1.0487063714880127	135	1:23
370.0000000010386	-59387.899337770825	7359.163613668363	289.96034036384356	30.752675392177636	1.0452291168720746	135	1:23
371.00000000104336	-59058.344263428065	7453.42887844488	293.6745108448912	30.85786637876114	1.0416660486851808	135	1:22
372.00000000104814	-59032.22133506113	7554.181916565069	297.6443077891744	30.645651651810457	1.0488793681670807	135	1:21
373.0000000010529	-58894.42402832906	7562.617788442354	297.9766917949139	30.968078176723655	1.0379588800502093	135	1:21
374.0000000010577	-58997.97877038919	7378.26545025325	290.7129768492508	30.938585043172257	1.0389483454645927	135	1:20
375.00000000106246	-59171.707928102725	7755.659081197985	305.58276252389413	30.552698053733433	1.0520704811433692	135	1:19
376.00000000106724	-58983.97183398463	7591.083647780866	299.09828260276254	30.962965593397893	1.03813026709797	135	1:19
377.000000001072	-59074.2257416932	7627.312718570334	300.5257537460414	30.588818748841984	1.050828147551016	135	1:18
378.0000000010768	-59402.9557509131	7501.48940759401	295.5681563896464	30.519355264213722	1.0532198817224105	135	1:17
379.00000000108156	-59213.085782815964	7398.498811138949	291.5101968211271	30.81030083583936	1.0432741930331666	135	1:17
380.00000000108633	-58889.83550226339	7331.1835394040245	288.8578901014218	31.201762589366545	1.0301851265471085	135	1:16
381.0000000010911	-58984.49198008617	7215.515246160204	284.30041326859396	31.062992852333377	1.0347873398555947	135	1:15
382.0000000010959	-59009.2551323091	7351.620460693584	289.6631306102894	31.036832620443345	1.0356595382882936	135	1:15
383.00000000110066	-59346.020669687045	7241.214451481603	285.3129944141242	30.94086158818242	1.0388719024520106	135	1:14
384.00000000110543	-58980.882324272854	7303.213362187938	287.7558297952003	30.877392746341833	1.0410073157950677	135	1:14
385.0000000011102	-59381.2465030904	7476.753082995769	294.5935139606434	30.73746273582871	1.0457464240908751	135	1:13
386.000000001115	-59401.27389688752	7471.886862166565	294.40177871435793	31.02883186793412	1.0359265820392454	135	1:12
387.00000000111976	-58967.75017903544	7416.8777626789	292.23435072282274	30.673815907976145	1.0479163022316071	135	1:12
388.00000000112453	-59007.24989670026	7521.041757962166	296.3385436870743	31.22336964320913	1.0294722225347774	135	1:11
389.0000000011293	-59180.73953389816	7348.806468241097	289.5522557538329	30.837042058573914	1.04236948798668	135	1:10
390.0000000011341	-59389.63867387743	7420.566729680833	292.3797006815443	30.725784430260777	1.0461438930738016	135	1:10
391.00000000113886	-59445.83850311235	7463.117266314507	294.056245562548	30.946260481954155	1.0386906605521353	135	1:09
392.00000000114363	-59030.34787152853	7217.685431831653	284.38592132480534	31.00287978932046	1.0367937417443358	135	1:08
393.0000000011484	-59354.70800760435	7476.999197534397	294.60321118428664	30.8504419596538	1.0419167344071372	135	1:08
394.0000000011532	-59117.34606021235	7573.175540384078	298.39268055494273	30.766575791009057	1.0447568803224685	135	1:07
395.00000000115796	-58885.5845970416	7365.8518020446545	290.2238634324712	31.132226022580706	1.0324861356944133	135	1:07
396.00000000116273	-59297.255301990255	7791.34368505954	306.98878098259877	30.8995570542363	1.040260599373626	135	1:06
397.0000000011675	-58847.08043477463	7207.812574808286	283.9969182895226	30.901242247592556	1.0402038689601107	135	1:05
398.0000000011723	-59083.01910821104	7433.86354267643	292.90361190629227	30.984041933249355	1.0374240975682945	135	1:05
399.00000000117706	-58926.32983465161	7669.690220755342	302.1954808512402	30.971896243867164	1.0378309254469444	135	1:04
400.00000000118183	-58576.16980218838	7455.382929283887	293.75150291574477	30.929272109008792	1.039261177189389	135	1:03
401.0000000011866	-58881.723114374094	7596.240926519849	299.30148589827417	30.881528139138357	1.040867912908803	135	1:03
402.0000000011914	-58750.61395934163	7596.874089510764	299.3264333197461	31.042859439117624	1.0354584700762048	135	1:02
403.00000000119616	-58958.930584062735	7514.4504964004145	296.07883965734965	31.058409269667912	1.0349400531923347	135	1:01
404.00000000120093	-58953.72060654513	7548.289624589348	297.41214404387733	31.250988880952768	1.028562387707695	135	1:01
405.0000000012057	-59009.25534048426	7526.556034988989	296.5558131659847	31.26515464886339	1.028096361672337	135	1:00
406.0000000012105	-58908.9029760687	7364.668839840804	290.17725322766086	31.19674906376427	1.030350684166477	135	1:00
407.00000000121526	-58915.25345478329	7502.119471542792	295.5929817049445	30.67765940459652	1.0477850124642574	135	0:59
408.00000000122003	-58878.41983569303	7347.553059782635	289.50286987762337	31.157535618822493	1.0316474362690364	135	0:58
409.0000000012248	-59226.16259569698	7474.080019342738	294.48819187686644	30.86383925864769	1.0414644617685773	135	0:58
410.0000000012296	-59340.18637002475	7572.095259389469	298.35011611945396	30.988785426247766	1.037265297735532	135	0:57
411.00000000123435	-59107.53603444886	7636.978485608035	300.9065971743522	31.282968777110124	1.0275109108295055	135	0:56
412.00000000123913	-59458.031703431625	7617.555729317319	300.14131604724156	31.196234731967678	1.0303676715408525	135	0:56
413.0000000012439	-59325.598785545124	7687.446991302311	302.89512003605176	31.12818284522821	1.0326202432515863	135	0:55
414.0000000012487	-59151.558587107575	7683.425886973983	302.7366834472096	31.10866708749406	1.033268048779287	135	0:54
415.00000000125345	-59358.838677585474	7572.75539692936	298.37612637222213	31.1061385362639	1.0333520409209915	135	0:54
416.00000000125823	-59121.74722762621	7183.745891974337	283.04866059173213	30.944646111655572	1.0387448486448272	135	0:53
417.000000001263	-59555.321681516594	7363.254801047551	290.12153831339833	30.541341352583874	1.052461690223045	135	0:53
418.0000000012678	-59541.255388871854	7634.289688937704	300.80065518982417	30.884199157378323	1.040777893505463	135	0:52
419.00000000127255	-58925.80944304919	7429.865045009602	292.7460660484635	31.01158596993916	1.0365026726713542	135	0:51
420.00000000127733	-58926.3154468913	7703.692786741056	303.53522489336876	30.926808976442313	1.0393439480323994	135	0:51
421.0000000012821	-58686.56641608989	7608.373121920184	299.77950971895774	31.0693612875449	1.034575234557691	135	0:50
422.0000000012869	-58950.852640599944	7526.846031307412	296.5672393871708	30.611476108341392	1.0500503676417134	135	0:49
423.00000000129165	-59219.30833730835	7523.8579020311245	296.449503319937	30.94047767726415	1.0388847928239757	135	0:49
424.0000000012964	-59164.604292259406	7563.394671343652	298.00730196236077	31.121498399330854	1.032842035083713	135	0:48
425.0000000013012	-58968.80666404264	7396.177472349813	291.4187331411856	31.048587008458043	1.0352674578351366	135	0:47
426.000000001306	-59231.53387146286	7302.575285245381	287.7306887578277	30.77701331479915	1.0444025680088698	135	0:47
427.00000000131075	-59100.21964863318	7372.029149357864	290.4672587180655	31.14967435335995	1.0319077938659815	135	0:46
428.0000000013155	-59249.66826487254	7582.97573514487	298.77882060531385	30.730858290711836	1.0459711680534012	135	0:45
429.0000000013203	-59098.065289396676	7600.646217994597	299.4750599458802	31.08114329563511	1.0341830554905456	135	0:45
430.0000000013251	-58856.751448644995	7542.416097221534	297.1807196478299	31.13119647935496	1.0325202811570648	135	0:44
431.00000000132985	-58858.67890004566	7408.913433528483	291.92054609603946	30.74757069145355	1.045402645437413	135	0:44
432.0000000013346	-58846.61070856344	7601.560770734779	299.5110944788442	30.74981591108047	1.045326314621503	135	0:43
433.0000000013394	-59326.09229238451	7740.37417518579	304.9805179235031	30.676884792496903	1.047811469744843	135	0:42
434.0000000013442	-59253.49244671661	7494.354434914091	295.28702945520604	30.907545325279315	1.0399917367533271	135	0:42
435.00000000134895	-59024.74038149949	7602.192724028682	299.5359942367262	31.27728962276636	1.0276974804818917	135	0:41
436.0000000013537	-58975.42193718863	7561.3770067835585	297.9278034305578	30.79678592121335	1.0437320252785975	135	0:40
437.0000000013585	-59005.90400578786	7611.470999514158	299.90157000851104	30.937030180266344	1.039000561926034	135	0:40
438.0000000013633	-59088.450415022	7645.89164307719	301.2577868351816	30.677597277192238	1.047787134408896	135	0:39
439.00000000136805	-59315.38466923585	7483.403120193731	294.85553382466327	30.75067453352263	1.0452971269484934	135	0:38
440.0000000013728	-59342.91455681808	7467.943448944083	294.2464032532033	30.813304136525197	1.043172507537656	135	0:38
441.0000000013776	-59540.0228704465	7442.06397561164	293.22671932037497	30.484251380226908	1.0544327082432081	135	0:37
442.0000000013824	-59448.53742857423	7458.781344621897	293.88540477196614	30.44949930697515	1.0556361343602187	135	0:37
443.00000000138715	-59167.77226768175	7423.219019059137	292.4842042326609	30.727688918264402	1.046079053557243	135	0:36
444.0000000013919	-58722.3513811804	7201.4943384254	283.7479717966524	30.786501263974287	1.0440806984206796	135	0:35
445.0000000013967	-58896.46515192391	7527.712998068226	296.6013989724506	30.635587219587052	1.0492239470137592	135	0:35
446.0000000014015	-59022.34332773043	7668.239533769594	302.13832195190986	30.741792662803043	1.0455991325617295	135	0:34
447.00000000140625	-58907.043343898054	7622.000130485007	300.3164310661416	30.87903432890933	1.0409519740559432	135	0:33
448.000000001411	-58914.861695466156	7592.684920257901	299.1613747606259	31.159021533811345	1.031598238947898	135	0:33
449.0000000014158	-58956.6142965146	7460.897730523546	293.9687930493029	31.09928911734536	1.0335796300787978	135	0:32
450.0000000014206	-59001.981937248725	7474.946533550303	294.52233363097673	31.069350108081927	1.0345756068215293	135	0:31
451.00000000142535	-59372.242829588125	7531.074495728914	296.73384622556176	31.158649349085373	1.031610561212049	135	0:31
452.0000000014301	-59534.094513450604	7539.719319416303	297.07446319650734	31.138244152963647	1.0322865857084647	135	0:30
453.0000000014349	-59251.552569987165	7521.263909525762	296.3472967392382	30.764656246661406	1.0448220673717958	135	0:30
454.0000000014397	-59002.076106358436	7521.595158071506	296.3603483502786	30.860667802994843	1.0415714898593367	135	0:29
455.00000000144445	-58943.22206492405	7409.189816396898	291.93143593010257	31.413897776959395	1.0232283803124618	135	0:28
456.0000000014492	-59017.72650080273	7355.9490568470665	289.83368276537806	31.344559908361266	1.0254918823423964	135	0:28
457.000000001454	-59265.36978983047	7469.672581180565	294.31453324706473	31.155522534140278	1.0317140951944042	135	0:27
458.0000000014588	-59165.651225066744	7384.2150135350585	290.9473971563364	30.91843137808327	1.0396255666581002	135	0:26
459.00000000146355	-58926.27062419476	7397.643083736852	291.476480080775	31.039608026377675	1.035566934811276	135	0:26
460.0000000014683	-59088.96644604902	7327.416255251078	288.7094543480426	30.632579201919906	1.0493269773250042	135	0:25
461.0000000014731	-59181.84250186774	7688.75285092823	302.9465725545004	31.171657927671376	1.031180048754649	135	0:24
462.0000000014779	-59120.4341342806	7578.4179306515425	298.59923735216506	30.940626756402033	1.0388797872353528	135	0:24
463.00000000148265	-58960.69757463716	7516.421976020387	296.15651844418437	31.489521870184003	1.0207710321589452	135	0:23
464.0000000014874	-58950.87794132461	7248.297176252534	285.59206271496595	31.382684061810046	1.0242460994831004	135	0:22
465.0000000014922	-58843.737270664074	7429.746018038133	292.7413762354669	31.387385924153183	1.0240926663753898	135	0:22
466.00000000149697	-59122.6673404976	7567.065756763743	298.15194736417476	31.239101537674355	1.0289537841814764	135	0:21
467.00000000150175	-59206.83896285502	7600.776091171103	299.4801771130531	31.23881181561163	1.0289633271376735	135	0:21
468.0000000015065	-58726.32486745986	7353.465419456584	289.7358243155744	31.26730659847937	1.0280256036886355	135	0:20
469.0000000015113	-58952.433710173005	7427.44856954619	292.65085386340616	31.17392941959623	1.031104911702714	135	0:19
470.00000000151607	-59260.218438176	7817.878547240773	308.03428806376866	30.903120667361414	1.040140641057268	135	0:19
471.00000000152085	-58846.84354019526	7780.335536887675	306.55504604229094	30.99861788069481	1.0369362874606631	135	0:18
472.0000000015256	-58924.608377343975	7648.539308332202	301.3621081900007	30.79009765429237	1.043958746169756	135	0:17
473.0000000015304	-59043.130315646355	7474.877353533615	294.5196078509509	30.887844953079917	1.0406550470078773	135	0:17
474.00000000153517	-58994.54112096797	7603.1815537937455	299.57495537827583	30.99564684728379	1.037035681171345	135	0:16
475.00000000153995	-58950.18305788163	7456.301475916984	293.78769481313344	30.84509729339911	1.0420972719219845	135	0:15
476.0000000015447	-59131.94658947925	7498.2403397653925	295.44013901390804	30.777758375825066	1.0443772853473032	135	0:15
477.0000000015495	-59042.56313090591	7519.911083626561	296.29399369030784	31.248491333726108	1.0286445959369317	135	0:14
478.00000000155427	-59159.657236324245	7469.764973751299	294.31817363103545	30.918038759507926	1.0396387685404074	135	0:14
479.00000000155904	-59136.379426916654	7468.216341703273	294.2571555725553	30.78335033996129	1.0441875684951785	135	0:13
480.0000000015638	-58892.62906820988	7596.602983223058	299.31575138962677	31.234841463537137	1.0290941216763698	135	0:12
481.0000000015686	-58733.93282474548	7346.173072852736	289.44849664978165	30.973918843176353	1.0377631550068047	135	0:12
482.00000000157337	-59000.45806939309	7392.466994045566	291.272535609986	31.2283632341563	1.029307604135399	135	0:11
483.00000000157814	-58741.035523726605	7340.048933577871	289.2071978280952	31.26902185522792	1.0279692115231698	135	0:10
484.0000000015829	-59054.47350251619	7489.630831729519	295.10091352423274	31.028987536793043	1.0359213849148223	135	0:10
485.0000000015877	-59272.20291773058	7728.347979027594	304.50667060682764	31.24480817717171	1.028765853173148	135	0:09
486.00000000159247	-58865.50424226854	7045.851943345836	277.61546486767304	30.99886544906024	1.0369280061052644	135	0:08
487.00000000159724	-59085.82463044627	7634.981147936257	300.8278995476199	31.231240660812222	1.029212770978771	135	0:08
488.000000001602	-59027.30401365334	7499.189405114727	295.47753338725903	30.776898761075564	1.0444064553467076	135	0:07
489.0000000016068	-58923.17318661514	7580.591672010167	298.6848855069416	30.85262270779026	1.0418430888698218	135	0:07
490.00000000161157	-58976.9669277904	7586.436424637828	298.91517614188706	30.906921004212975	1.0400127446288765	135	0:06
491.00000000161634	-59036.60754863717	7607.351763831564	299.73926692037946	31.10710432934258	1.033319958081059	135	0:05
492.0000000016211	-59146.68693713387	7541.6340393965	297.14990558185235	30.781480203558065	1.0442510083678138	135	0:05
493.0000000016259	-59051.34503153633	7241.532787484222	285.32553725465823	30.931739430072515	1.039178278812497	135	0:04
494.00000000163067	-59144.80441974726	7620.533163133561	300.2586306998421	31.021876643441708	1.036158840777766	135	0:03
495.00000000163544	-58968.76405428472	7700.800503735836	303.4212652902605	31.13545823865411	1.032378951844483	135	0:03
496.0000000016402	-59147.09369195913	7435.598240564283	292.9719611938466	31.121130452397622	1.0328542464350943	135	0:02
497.000000001645	-59243.944879813964	7257.097711784794	285.93881492925004	31.220349642790215	1.0295718052293628	135	0:01
498.00000000164977	-59384.46528445481	7579.359148273271	298.63632251513735	31.193941886068227	1.030443406576176	135	0:01
499.00000000165454	-59517.9352915466	7391.160151784419	291.2210443744684	31.269762825867	1.0279448526878354	135	0:00
500.0000000016593	-59125.5814439533	7557.8599724328	297.78922783542856	31.254824541706004	1.028436160271111	135	0:00
