    -44.945         0.00000     0.00000     0.00000     0.00000
    -44.795         0.00000     0.00000     0.00000     0.00000
    -44.645         0.00000     0.00000     0.00000     0.00000
    -44.495         0.00000     0.00000     0.00000     0.00000
    -44.345         0.00000     0.00000     0.00000     0.00000
    -44.195         0.00000     0.00000     0.00000     0.00000
    -44.045         0.00000     0.00000     0.00000     0.00000
    -43.895         0.00000     0.00000     0.00000     0.00000
    -43.745         0.00000     0.00000     0.00000     0.00000
    -43.595         0.00000     0.00000     0.00000     0.00000
    -43.445         0.00000     0.00000     0.00000     0.00000
    -43.295         0.00000     0.00000     0.00000     0.00000
    -43.145         0.00000     0.00000     0.00000     0.00000
    -42.995         0.00000     0.00000     0.00000     0.00000
    -42.845         0.00000     0.00000     0.00000     0.00000
    -42.695         0.00000     0.00000     0.00000     0.00000
    -42.545         0.00000     0.00000     0.00000     0.00000
    -42.395         0.00000     0.00000     0.00000     0.00000
    -42.245         0.00000     0.00000     0.00000     0.00000
    -42.095         0.00000     0.00000     0.00000     0.00000
    -41.945         0.00000     0.00000     0.00000     0.00000
    -41.795         0.00000     0.00000     0.00000     0.00000
    -41.645         0.00000     0.00000     0.00000     0.00000
    -41.495         0.00000     0.00000     0.00000     0.00000
    -41.345         0.00000     0.00000     0.00000     0.00000
    -41.195         0.00000     0.00000     0.00000     0.00000
    -41.045         0.00000     0.00000     0.00000     0.00000
    -40.895         0.00000     0.00000     0.00000     0.00000
    -40.745         0.00000     0.00000     0.00000     0.00000
    -40.595         0.00000     0.00000     0.00000     0.00000
    -40.445         0.00000     0.00000     0.00000     0.00000
    -40.295         0.00000     0.00000     0.00000     0.00000
    -40.145         0.00000     0.00000     0.00000     0.00000
    -39.995         0.00000     0.00000     0.00000     0.00000
    -39.845         0.00000     0.00000     0.00000     0.00000
    -39.695         0.00000     0.00000     0.00000     0.00000
    -39.545         0.00000     0.00000     0.00000     0.00000
    -39.395         0.00000     0.00000     0.00000     0.00000
    -39.245         0.00000     0.00000     0.00000     0.00000
    -39.095         0.00000     0.00000     0.00000     0.00000
    -38.945         0.00000     0.00000     0.00000     0.00000
    -38.795         0.00000     0.00000     0.00000     0.00000
    -38.645         0.00000     0.00000     0.00000     0.00000
    -38.495         0.00000     0.00000     0.00000     0.00000
    -38.345         0.00000     0.00000     0.00000     0.00000
    -38.195         0.00000     0.00000     0.00000     0.00000
    -38.045         0.00000     0.00000     0.00000     0.00000
    -37.895         0.00000     0.00000     0.00000     0.00000
    -37.745         0.00000     0.00000     0.00000     0.00000
    -37.595         0.00000     0.00000     0.00000     0.00000
    -37.445         0.00000     0.00000     0.00000     0.00000
    -37.295         0.00000     0.00000     0.00000     0.00000
    -37.145         0.00000     0.00000     0.00000     0.00000
    -36.995         0.00000     0.00000     0.00000     0.00000
    -36.845         0.00000     0.00000     0.00000     0.00000
    -36.695         0.00000     0.00000     0.00000     0.00000
    -36.545         0.00000     0.00000     0.00000     0.00000
    -36.395         0.00000     0.00000     0.00000     0.00000
    -36.245         0.00000     0.00000     0.00000     0.00000
    -36.095         0.00000     0.00000     0.00000     0.00000
    -35.945         0.00000     0.00000     0.00000     0.00000
    -35.795         0.00000     0.00000     0.00000     0.00000
    -35.645         0.00000     0.00000     0.00000     0.00000
    -35.495         0.00000     0.00000     0.00000     0.00000
    -35.345         0.00000     0.00000     0.00000     0.00000
    -35.195         0.00000     0.00000     0.00000     0.00000
    -35.045         0.00000     0.00000     0.00000     0.00000
    -34.895         0.00000     0.00000     0.00000     0.00000
    -34.745         0.00000     0.00000     0.00000     0.00000
    -34.595         0.00000     0.00000     0.00000     0.00000
    -34.445         0.00000     0.00000     0.00000     0.00000
    -34.295         0.00000     0.00000     0.00000     0.00000
    -34.145         0.00000     0.00000     0.00000     0.00000
    -33.995         0.00000     0.00000     0.00000     0.00000
    -33.845         0.00000     0.00000     0.00000     0.00000
    -33.695         0.00000     0.00000     0.00000     0.00000
    -33.545         0.00000     0.00000     0.00000     0.00000
    -33.395         0.00000     0.00000     0.00000     0.00000
    -33.245         0.00000     0.00000     0.00000     0.00000
    -33.095         0.00000     0.00000     0.00000     0.00000
    -32.945         0.00000     0.00000     0.00000     0.00000
    -32.795         0.00000     0.00000     0.00000     0.00000
    -32.645         0.00000     0.00000     0.00000     0.00000
    -32.495         0.00000     0.00000     0.00000     0.00000
    -32.345         0.00000     0.00000     0.00000     0.00000
    -32.195         0.00000     0.00000     0.00000     0.00000
    -32.045         0.00000     0.00000     0.00000     0.00000
    -31.895         0.00000     0.00000     0.00000     0.00000
    -31.745         0.00000     0.00000     0.00000     0.00000
    -31.595         0.00000     0.00000     0.00000     0.00000
    -31.445         0.00000     0.00000     0.00000     0.00000
    -31.295         0.00000     0.00000     0.00000     0.00000
    -31.145         0.00000     0.00000     0.00000     0.00000
    -30.995         0.00000     0.00000     0.00000     0.00000
    -30.845         0.00000     0.00000     0.00000     0.00000
    -30.695         0.00000     0.00000     0.00000     0.00000
    -30.545         0.00000     0.00000     0.00000     0.00000
    -30.395         0.00000     0.00000     0.00000     0.00000
    -30.245         0.00000     0.00000     0.00000     0.00000
    -30.095         0.00000     0.00000     0.00000     0.00000
    -29.945         0.00000     0.00000     0.00000     0.00000
    -29.795         0.00000     0.00000     0.00000     0.00000
    -29.645         0.00000     0.00000     0.00000     0.00000
    -29.495         0.00000     0.00000     0.00000     0.00000
    -29.345         0.00000     0.00000     0.00000     0.00000
    -29.195         0.00000     0.00000     0.00000     0.00000
    -29.045         0.00000     0.00000     0.00000     0.00000
    -28.895        -0.00002    -0.00002     0.00000     0.00000
    -28.745        -0.00002    -0.00002     0.00000     0.00000
    -28.595        -0.00002    -0.00002     0.00000     0.00000
    -28.445        -0.00002    -0.00002     0.00000     0.00000
    -28.295        -0.00005    -0.00005     0.00000     0.00000
    -28.145        -0.00005    -0.00005     0.00000     0.00000
    -27.995        -0.00005    -0.00005     0.00000     0.00000
    -27.845        -0.00005    -0.00005     0.00000     0.00000
    -27.695        -0.00005    -0.00005     0.00000     0.00000
    -27.545        -0.00005    -0.00005     0.00000     0.00000
    -27.395        -0.00009    -0.00009     0.00000     0.00000
    -27.245        -0.00014    -0.00014     0.00000     0.00000
    -27.095        -0.00021    -0.00021     0.00000     0.00000
    -26.945        -0.00021    -0.00021     0.00000     0.00000
    -26.795        -0.00023    -0.00023     0.00000     0.00000
    -26.645        -0.00027    -0.00027     0.00000     0.00000
    -26.495        -0.00030    -0.00030     0.00000     0.00000
    -26.345        -0.00034    -0.00034     0.00000     0.00000
    -26.195        -0.00039    -0.00039     0.00000     0.00000
    -26.045        -0.00050    -0.00050     0.00000     0.00000
    -25.895        -0.00058    -0.00058     0.00000     0.00000
    -25.745        -0.00061    -0.00061     0.00000     0.00000
    -25.595        -0.00072    -0.00072     0.00000     0.00000
    -25.445        -0.00078    -0.00078     0.00000     0.00000
    -25.295        -0.00093    -0.00091    -0.00002     0.00000
    -25.145        -0.00108    -0.00106    -0.00002     0.00000
    -24.995        -0.00128    -0.00125    -0.00002     0.00000
    -24.845        -0.00151    -0.00149    -0.00002     0.00000
    -24.695        -0.00172    -0.00168    -0.00004     0.00000
    -24.545        -0.00189    -0.00185    -0.00004     0.00000
    -24.395        -0.00220    -0.00211    -0.00009     0.00000
    -24.245        -0.00255    -0.00245    -0.00011     0.00000
    -24.095        -0.00278    -0.00264    -0.00015     0.00000
    -23.945        -0.00306    -0.00289    -0.00017     0.00000
    -23.795        -0.00342    -0.00321    -0.00021     0.00000
    -23.645        -0.00394    -0.00369    -0.00025     0.00000
    -23.495        -0.00432    -0.00403    -0.00029     0.00000
    -23.345        -0.00495    -0.00463    -0.00031     0.00000
    -23.195        -0.00548    -0.00506    -0.00042     0.00000
    -23.045        -0.00610    -0.00558    -0.00052     0.00000
    -22.895        -0.00691    -0.00624    -0.00067     0.00000
    -22.745        -0.00780    -0.00691    -0.00088     0.00000
    -22.595        -0.00864    -0.00753    -0.00111     0.00000
    -22.445        -0.00949    -0.00807    -0.00142     0.00000
    -22.295        -0.01094    -0.00902    -0.00192     0.00000
    -22.145        -0.01202    -0.00985    -0.00217     0.00000
    -21.995        -0.01354    -0.01080    -0.00274     0.00000
    -21.845        -0.01521    -0.01180    -0.00341     0.00000
    -21.695        -0.01700    -0.01290    -0.00409     0.00000
    -21.545        -0.01902    -0.01403    -0.00499     0.00000
    -21.395        -0.02135    -0.01538    -0.00596     0.00000
    -21.245        -0.02366    -0.01632    -0.00734     0.00000
    -21.095        -0.02621    -0.01749    -0.00873     0.00000
    -20.945        -0.02994    -0.01881    -0.01113     0.00000
    -20.795        -0.03352    -0.02019    -0.01333     0.00000
    -20.645        -0.03716    -0.02134    -0.01582     0.00000
    -20.495        -0.04194    -0.02280    -0.01914     0.00000
    -20.345        -0.04739    -0.02402    -0.02337     0.00000
    -20.195        -0.05337    -0.02545    -0.02793     0.00000
    -20.045        -0.06046    -0.02710    -0.03337     0.00000
    -19.895        -0.06929    -0.02885    -0.04044     0.00000
    -19.745        -0.07896    -0.03055    -0.04841     0.00000
    -19.595        -0.08955    -0.03220    -0.05735     0.00000
    -19.445        -0.10235    -0.03372    -0.06863     0.00000
    -19.295        -0.11643    -0.03588    -0.08055     0.00000
    -19.145        -0.13130    -0.03810    -0.09320     0.00000
    -18.995        -0.14638    -0.03971    -0.10667     0.00000
    -18.845        -0.16489    -0.04206    -0.12284     0.00000
    -18.695        -0.18443    -0.04425    -0.14017     0.00000
    -18.545        -0.20541    -0.04658    -0.15883     0.00000
    -18.395        -0.22738    -0.04894    -0.17844     0.00000
    -18.245        -0.24974    -0.05128    -0.19845     0.00000
    -18.095        -0.27345    -0.05384    -0.21962     0.00000
    -17.945        -0.29839    -0.05638    -0.24201     0.00000
    -17.795        -0.32327    -0.05904    -0.26422     0.00000
    -17.645        -0.34877    -0.06150    -0.28726     0.00000
    -17.495        -0.37410    -0.06414    -0.30995     0.00000
    -17.345        -0.40034    -0.06676    -0.33358     0.00000
    -17.195        -0.42734    -0.07003    -0.35732     0.00000
    -17.045        -0.45399    -0.07282    -0.38118     0.00000
    -16.895        -0.48031    -0.07541    -0.40490     0.00000
    -16.745        -0.50679    -0.07831    -0.42848     0.00000
    -16.595        -0.53219    -0.08136    -0.45083     0.00000
    -16.445        -0.55786    -0.08414    -0.47372     0.00000
    -16.295        -0.58289    -0.08721    -0.49568     0.00000
    -16.145        -0.60678    -0.08994    -0.51684     0.00000
    -15.995        -0.63061    -0.09279    -0.53782     0.00000
    -15.845        -0.65518    -0.09602    -0.55916     0.00000
    -15.695        -0.67930    -0.09909    -0.58022     0.00000
    -15.545        -0.70263    -0.10217    -0.60046     0.00000
    -15.395        -0.72544    -0.10546    -0.61998     0.00000
    -15.245        -0.74783    -0.10864    -0.63920     0.00000
    -15.095        -0.76938    -0.11206    -0.65732     0.00000
    -14.945        -0.79103    -0.11505    -0.67598     0.00000
    -14.795        -0.81259    -0.11840    -0.69419     0.00000
    -14.645        -0.83418    -0.12191    -0.71227     0.00000
    -14.495        -0.85532    -0.12552    -0.72979     0.00000
    -14.345        -0.87658    -0.12899    -0.74759     0.00000
    -14.195        -0.89713    -0.13272    -0.76441     0.00000
    -14.045        -0.91762    -0.13643    -0.78118     0.00000
    -13.895        -0.93751    -0.14013    -0.79738     0.00000
    -13.745        -0.95705    -0.14352    -0.81353     0.00000
    -13.595        -0.97705    -0.14744    -0.82962     0.00000
    -13.445        -0.99660    -0.15134    -0.84525     0.00000
    -13.295        -1.01662    -0.15536    -0.86126     0.00000
    -13.145        -1.03533    -0.15917    -0.87616     0.00000
    -12.995        -1.05413    -0.16304    -0.89109     0.00000
    -12.845        -1.07304    -0.16750    -0.90554     0.00000
    -12.695        -1.09254    -0.17196    -0.92058     0.00000
    -12.545        -1.11095    -0.17644    -0.93452     0.00000
    -12.395        -1.12883    -0.18064    -0.94820     0.00000
    -12.245        -1.14739    -0.18535    -0.96204     0.00000
    -12.095        -1.16514    -0.18977    -0.97537     0.00000
    -11.945        -1.18394    -0.19483    -0.98911     0.00000
    -11.795        -1.20282    -0.19962    -1.00320     0.00000
    -11.645        -1.22169    -0.20449    -1.01720     0.00000
    -11.495        -1.24057    -0.20975    -1.03082     0.00000
    -11.345        -1.25978    -0.21504    -1.04473     0.00000
    -11.195        -1.27906    -0.22071    -1.05835     0.00000
    -11.045        -1.29899    -0.22658    -1.07242     0.00000
    -10.895        -1.31855    -0.23244    -1.08611     0.00000
    -10.745        -1.33861    -0.23886    -1.09974    -0.00001
    -10.595        -1.35920    -0.24544    -1.11376    -0.00001
    -10.445        -1.37980    -0.25177    -1.12802    -0.00001
    -10.295        -1.40107    -0.25847    -1.14257    -0.00003
    -10.145        -1.42328    -0.26580    -1.15731    -0.00017
    -9.9950        -1.44625    -0.27352    -1.17221    -0.00052
    -9.8450        -1.47097    -0.28161    -1.18772    -0.00164
    -9.6950        -1.49805    -0.28987    -1.20382    -0.00436
    -9.5450        -1.52847    -0.29897    -1.21963    -0.00987
    -9.3950        -1.56391    -0.30837    -1.23610    -0.01945
    -9.2450        -1.60850    -0.31864    -1.25369    -0.03617
    -9.0950        -1.66523    -0.32998    -1.27178    -0.06348
    -8.9450        -1.73762    -0.34218    -1.29061    -0.10482
    -8.7950        -1.83137    -0.35550    -1.30999    -0.16589
    -8.6450        -1.94937    -0.37038    -1.33002    -0.24897
    -8.4950        -2.09925    -0.38670    -1.35139    -0.36116
    -8.3450        -2.28368    -0.40418    -1.37397    -0.50553
    -8.1950        -2.50720    -0.42384    -1.39751    -0.68585
    -8.0450        -2.77418    -0.44578    -1.42209    -0.90632
    -7.8950        -3.08588    -0.47050    -1.44759    -1.16779
    -7.7450        -3.44774    -0.49794    -1.47433    -1.47547
    -7.5950        -3.85990    -0.52721    -1.50213    -1.83056
    -7.4450        -4.32371    -0.55863    -1.53141    -2.23367
    -7.2950        -4.83725    -0.59241    -1.56202    -2.68282
    -7.1450        -5.39807    -0.62866    -1.59418    -3.17523
    -6.9950        -5.99558    -0.66804    -1.62832    -3.69922
    -6.8450        -6.62132    -0.70951    -1.66376    -4.24805
    -6.6950        -7.26895    -0.75257    -1.70055    -4.81582
    -6.5450        -7.93058    -0.79754    -1.73929    -5.39375
    -6.3950        -8.60345    -0.84388    -1.77979    -5.97978
    -6.2450        -9.27651    -0.89249    -1.82177    -6.56225
    -6.0950        -9.93879    -0.94244    -1.86493    -7.13141
    -5.9450       -10.59244    -0.99337    -1.90949    -7.68958
    -5.7950       -11.23795    -1.04588    -1.95673    -8.23533
    -5.6450       -11.86932    -1.10020    -2.00606    -8.76307
    -5.4950       -12.48248    -1.15617    -2.05688    -9.26942
    -5.3450       -13.07759    -1.21346    -2.10983    -9.75430
    -5.1950       -13.65736    -1.27267    -2.16451   -10.22018
    -5.0450       -14.22319    -1.33324    -2.22119   -10.66876
    -4.8950       -14.77733    -1.39579    -2.28062   -11.10091
    -4.7450       -15.32196    -1.46043    -2.34244   -11.51908
    -4.5950       -15.85792    -1.52696    -2.40655   -11.92442
    -4.4450       -16.39438    -1.59568    -2.47484   -12.32386
    -4.2950       -16.93212    -1.66679    -2.54532   -12.72001
    -4.1450       -17.48300    -1.74138    -2.62039   -13.12124
    -3.9950       -18.05027    -1.81929    -2.69990   -13.53108
    -3.8450       -18.63707    -1.90059    -2.78410   -13.95238
    -3.6950       -19.24390    -1.98677    -2.87290   -14.38423
    -3.5450       -19.87187    -2.07728    -2.96787   -14.82672
    -3.3950       -20.51964    -2.17406    -3.06863   -15.27695
    -3.2450       -21.19090    -2.27690    -3.17636   -15.73764
    -3.0950       -21.88774    -2.38639    -3.29188   -16.20947
    -2.9450       -22.61733    -2.50358    -3.41614   -16.69761
    -2.7950       -23.38724    -2.62921    -3.55024   -17.20779
    -2.6450       -24.20120    -2.76316    -3.69508   -17.74296
    -2.4950       -25.07920    -2.90807    -3.85246   -18.31867
    -2.3450       -26.02780    -3.06209    -4.02329   -18.94243
    -2.1950       -27.07336    -3.22873    -4.21037   -19.63427
    -2.0450       -28.23542    -3.40724    -4.41393   -20.41425
    -1.8950       -29.54652    -3.60092    -4.63762   -21.30799
    -1.7450       -31.02890    -3.81123    -4.88280   -22.33486
    -1.5950       -32.70159    -4.04013    -5.15380   -23.50766
    -1.4450       -34.57964    -4.29012    -5.45375   -24.83577
    -1.2950       -36.68149    -4.56657    -5.78916   -26.32576
    -1.1450       -39.01600    -4.87127    -6.16884   -27.97589
   -0.99500       -41.59705    -5.21232    -6.60422   -29.78051
   -0.84500       -44.45976    -5.59682    -7.11966   -31.74327
   -0.69500       -47.68998    -6.03469    -7.74848   -33.90681
   -0.54500       -51.46907    -6.54438    -8.50001   -36.42468
   -0.39500       -56.14105    -7.12844    -9.35155   -39.66106
   -0.25300       -59.85102    -7.50170    -9.88064   -42.46867
   -0.21500       -60.10801    -7.52348    -9.91004   -42.67449
   -0.20900       -60.36903    -7.54507    -9.93884   -42.88513
   -0.20300       -60.63465    -7.56628    -9.96700   -43.10137
   -0.19700       -60.90493    -7.58715    -9.99449   -43.32329
   -0.19100       -61.18072    -7.60786   -10.02130   -43.55157
   -0.18500       -61.46270    -7.62819   -10.04749   -43.78702
   -0.17900       -61.75060    -7.64816   -10.07293   -44.02951
   -0.17300       -62.04565    -7.66784   -10.09763   -44.28018
   -0.16700       -62.34829    -7.68709   -10.12163   -44.53958
   -0.16100       -62.65953    -7.70600   -10.14493   -44.80860
   -0.15500       -62.97982    -7.72440   -10.16747   -45.08795
   -0.14900       -63.30999    -7.74241   -10.18916   -45.37842
   -0.14300       -63.65165    -7.75988   -10.21007   -45.68169
   -0.13700       -64.00588    -7.77687   -10.23014   -45.99887
   -0.13100       -64.37391    -7.79339   -10.24941   -46.33110
   -0.12500       -64.75705    -7.80937   -10.26777   -46.67991
   -0.11900       -65.15715    -7.82483   -10.28535   -47.04698
   -0.11300       -65.57601    -7.83961   -10.30212   -47.43428
   -0.10700       -66.01547    -7.85379   -10.31795   -47.84373
   -0.10100       -66.47779    -7.86730   -10.33292   -48.27756
   -0.95000E-01   -66.96488    -7.88009   -10.34711   -48.73767
   -0.89000E-01   -67.47986    -7.89219   -10.36039   -49.22727
   -0.83000E-01   -68.02486    -7.90357   -10.37280   -49.74849
   -0.77000E-01   -68.60298    -7.91419   -10.38431   -50.30448
   -0.71000E-01   -69.21739    -7.92411   -10.39491   -50.89838
   -0.65000E-01   -69.87097    -7.93321   -10.40463   -51.53314
   -0.59000E-01   -70.56750    -7.94154   -10.41346   -52.21250
   -0.53000E-01   -71.31175    -7.94904   -10.42137   -52.94134
   -0.47000E-01   -72.10850    -7.95576   -10.42840   -53.72433
   -0.41000E-01   -72.96582    -7.96165   -10.43452   -54.56965
   -0.35000E-01   -73.89345    -7.96669   -10.43976   -55.48700
   -0.29000E-01   -74.88813    -7.97089   -10.44407   -56.47317
   -0.23000E-01   -75.91609    -7.97424   -10.44749   -57.49436
   -0.19700E-01   -76.01727    -7.97453   -10.44778   -57.59497
   -0.19100E-01   -76.11778    -7.97481   -10.44806   -57.69490
   -0.18500E-01   -76.21744    -7.97508   -10.44834   -57.79402
   -0.17900E-01   -76.31614    -7.97534   -10.44860   -57.89220
   -0.17300E-01   -76.41363    -7.97559   -10.44886   -57.98918
   -0.16700E-01   -76.50978    -7.97584   -10.44911   -58.08483
   -0.16100E-01   -76.60431    -7.97607   -10.44935   -58.17889
   -0.15500E-01   -76.69710    -7.97630   -10.44958   -58.27122
   -0.14900E-01   -76.78779    -7.97652   -10.44980   -58.36148
   -0.14300E-01   -76.87632    -7.97673   -10.45001   -58.44959
   -0.13700E-01   -76.96251    -7.97693   -10.45021   -58.53537
   -0.13100E-01   -77.04618    -7.97712   -10.45040   -58.61865
   -0.12500E-01   -77.12709    -7.97731   -10.45059   -58.69919
   -0.11900E-01   -77.20512    -7.97748   -10.45077   -58.77687
   -0.11300E-01   -77.28007    -7.97765   -10.45094   -58.85149
   -0.10700E-01   -77.35188    -7.97781   -10.45109   -58.92298
   -0.10100E-01   -77.42037    -7.97795   -10.45124   -58.99117
   -0.95000E-02   -77.48542    -7.97809   -10.45139   -59.05594
   -0.89000E-02   -77.54693    -7.97822   -10.45152   -59.11719
   -0.83000E-02   -77.60479    -7.97835   -10.45164   -59.17480
   -0.77000E-02   -77.65890    -7.97846   -10.45175   -59.22869
   -0.71000E-02   -77.70915    -7.97856   -10.45186   -59.27873
   -0.65000E-02   -77.75545    -7.97866   -10.45195   -59.32484
   -0.59000E-02   -77.79775    -7.97875   -10.45204   -59.36696
   -0.53000E-02   -77.83594    -7.97883   -10.45212   -59.40499
   -0.47000E-02   -77.86997    -7.97890   -10.45219   -59.43889
   -0.41000E-02   -77.89979    -7.97896   -10.45225   -59.46859
   -0.35000E-02   -77.92535    -7.97901   -10.45230   -59.49404
   -0.29000E-02   -77.94661    -7.97905   -10.45235   -59.51521
   -0.23000E-02   -77.96353    -7.97909   -10.45238   -59.53206
   -0.17000E-02   -77.97607    -7.97911   -10.45241   -59.54456
   -0.11000E-02   -77.98423    -7.97913   -10.45242   -59.55268
   -0.50000E-03   -77.98797    -7.97914   -10.45243   -59.55640
    0.10000E-03   -77.98730    -7.97913   -10.45243   -59.55573
    0.70000E-03   -77.98221    -7.97912   -10.45242   -59.55067
    0.13000E-02   -77.97273    -7.97910   -10.45240   -59.54122
    0.19000E-02   -77.95885    -7.97908   -10.45237   -59.52740
    0.25000E-02   -77.94060    -7.97904   -10.45234   -59.50922
    0.31000E-02   -77.91801    -7.97899   -10.45229   -59.48673
    0.37000E-02   -77.89113    -7.97894   -10.45224   -59.45995
    0.43000E-02   -77.86000    -7.97888   -10.45218   -59.42895
    0.49000E-02   -77.82465    -7.97880   -10.45210   -59.39374
    0.55000E-02   -77.78518    -7.97872   -10.45202   -59.35443
    0.61000E-02   -77.74163    -7.97863   -10.45194   -59.31107
    0.67000E-02   -77.69407    -7.97853   -10.45184   -59.26369
    0.73000E-02   -77.64264    -7.97843   -10.45173   -59.21248
    0.79000E-02   -77.58732    -7.97831   -10.45162   -59.15740
    0.85000E-02   -77.52829    -7.97819   -10.45149   -59.09861
    0.91000E-02   -77.46558    -7.97805   -10.45136   -59.03617
    0.97000E-02   -77.39939    -7.97791   -10.45122   -58.97026
    0.10300E-01   -77.32982    -7.97776   -10.45107   -58.90099
    0.10900E-01   -77.25696    -7.97760   -10.45091   -58.82845
    0.11500E-01   -77.18095    -7.97743   -10.45074   -58.75278
    0.12100E-01   -77.10194    -7.97725   -10.45057   -58.67413
    0.12700E-01   -77.02010    -7.97706   -10.45038   -58.59266
    0.13300E-01   -76.93564    -7.97687   -10.45018   -58.50859
    0.13900E-01   -76.84866    -7.97666   -10.44998   -58.42202
    0.14500E-01   -76.75932    -7.97645   -10.44977   -58.33310
    0.15100E-01   -76.66786    -7.97622   -10.44955   -58.24208
    0.15700E-01   -76.57450    -7.97599   -10.44933   -58.14918
    0.16300E-01   -76.47934    -7.97575   -10.44909   -58.05450
    0.16900E-01   -76.38269    -7.97550   -10.44884   -57.95835
    0.17500E-01   -76.28477    -7.97524   -10.44859   -57.86094
    0.18100E-01   -76.18574    -7.97497   -10.44833   -57.76244
    0.18700E-01   -76.08574    -7.97469   -10.44806   -57.66299
    0.19300E-01   -75.98493    -7.97441   -10.44778   -57.56275
    0.20200E-01   -75.58857    -7.97320   -10.44660   -57.16877
    0.25000E-01   -74.56541    -7.96947   -10.44296   -56.15298
    0.31000E-01   -73.59293    -7.96484   -10.43847   -55.18961
    0.37000E-01   -72.69251    -7.95932   -10.43317   -54.30003
    0.43000E-01   -71.86161    -7.95289   -10.42700   -53.48173
    0.49000E-01   -71.09087    -7.94554   -10.42002   -52.72531
    0.55000E-01   -70.37361    -7.93728   -10.41222   -52.02411
    0.61000E-01   -69.70453    -7.92815   -10.40360   -51.37278
    0.67000E-01   -69.07999    -7.91815   -10.39418   -50.76766
    0.73000E-01   -68.49596    -7.90720   -10.38401   -50.20475
    0.79000E-01   -67.94934    -7.89536   -10.37308   -49.68090
    0.85000E-01   -67.43706    -7.88269   -10.36140   -49.19297
    0.91000E-01   -66.95667    -7.86906   -10.34901   -48.73860
    0.97000E-01   -66.50491    -7.85461   -10.33595   -48.31435
    0.10300       -66.07935    -7.83924   -10.32219   -47.91791
    0.10900       -65.67774    -7.82308   -10.30774   -47.54692
    0.11500       -65.29813    -7.80600   -10.29274   -47.19939
    0.12100       -64.93828    -7.78810   -10.27710   -46.87308
    0.12700       -64.59638    -7.76937   -10.26089   -46.56611
    0.13300       -64.27071    -7.74982   -10.24418   -46.27671
    0.13900       -63.95957    -7.72944   -10.22695   -46.00318
    0.14500       -63.66182    -7.70830   -10.20918   -45.74435
    0.15100       -63.37603    -7.68630   -10.19101   -45.49871
    0.15700       -63.10077    -7.66355   -10.17236   -45.26486
    0.16300       -62.83536    -7.64004   -10.15333   -45.04198
    0.16900       -62.57841    -7.61581   -10.13384   -44.82876
    0.17500       -62.32922    -7.59082   -10.11404   -44.62436
    0.18100       -62.08765    -7.56527   -10.09383   -44.42855
    0.18700       -61.85247    -7.53892   -10.07336   -44.24019
    0.19300       -61.62342    -7.51183   -10.05260   -44.05900
    0.19900       -61.39983    -7.48412   -10.03150   -43.88421
    0.20500       -61.18131    -7.45582   -10.01012   -43.71536
    0.21100       -60.96766    -7.42699    -9.98856   -43.55210
    0.21700       -60.75850    -7.39750    -9.96677   -43.39424
    0.29500       -56.33547    -6.55066    -9.37256   -40.41225
    0.44500       -53.23428    -5.73339    -8.80709   -38.69379
    0.59500       -50.88333    -5.03555    -8.32563   -37.52216
    0.74500       -48.99805    -4.45941    -7.91061   -36.62803
    0.89500       -47.42769    -3.98307    -7.54573   -35.89888
     1.0450       -46.07683    -3.57341    -7.22158   -35.28184
     1.1950       -44.89587    -3.21403    -6.93214   -34.74971
     1.3450       -43.85314    -2.89436    -6.67164   -34.28714
     1.4950       -42.92800    -2.60834    -6.43655   -33.88311
     1.6450       -42.10313    -2.35124    -6.22294   -33.52895
     1.7950       -41.36321    -2.11861    -6.02811   -33.21649
     1.9450       -40.69828    -1.90798    -5.84998   -32.94031
     2.0950       -40.09893    -1.71741    -5.68572   -32.69581
     2.2450       -39.55680    -1.54450    -5.53414   -32.47817
     2.3950       -39.06439    -1.38761    -5.39362   -32.28315
     2.5450       -38.61627    -1.24405    -5.26350   -32.10872
     2.6950       -38.20595    -1.11268    -5.14228   -31.95099
     2.8450       -37.83023    -0.99214    -5.02905   -31.80904
     2.9950       -37.48468    -0.88089    -4.92350   -31.68030
     3.1450       -37.16602    -0.77830    -4.82452   -31.56321
     3.2950       -36.87010    -0.68291    -4.73195   -31.45524
     3.4450       -36.59510    -0.59434    -4.64571   -31.35504
     3.5950       -36.33929    -0.51178    -4.56449   -31.26302
     3.7450       -36.10112    -0.43439    -4.48870   -31.17803
     3.8950       -35.87783    -0.36182    -4.41754   -31.09847
     4.0450       -35.66883    -0.29364    -4.35098   -31.02421
     4.1950       -35.47182    -0.22910    -4.28820   -30.95452
     4.3450       -35.28603    -0.16806    -4.22952   -30.88845
     4.4950       -35.10997    -0.11056    -4.17363   -30.82579
     4.6450       -34.94293    -0.05579    -4.12118   -30.76596
     4.7950       -34.78408    -0.00342    -4.07186   -30.70881
     4.9450       -34.63298     0.04651    -4.02547   -30.65402
     5.0950       -34.48823     0.09393    -3.98116   -30.60099
     5.2450       -34.35074     0.13931    -3.94000   -30.55005
     5.3950       -34.21988     0.18326    -3.90208   -30.50106
     5.5450       -34.09452     0.22530    -3.86609   -30.45373
     5.6950       -33.97457     0.26542    -3.83232   -30.40767
     5.8450       -33.85873     0.30423    -3.80010   -30.36286
     5.9950       -33.74858     0.34117    -3.77011   -30.31964
     6.1450       -33.64298     0.37680    -3.74236   -30.27742
     6.2950       -33.54212     0.41083    -3.71662   -30.23632
     6.4450       -33.44556     0.44337    -3.69276   -30.19617
     6.5950       -33.35454     0.47456    -3.67209   -30.15701
     6.7450       -33.26741     0.50449    -3.65308   -30.11882
     6.8950       -33.18406     0.53317    -3.63585   -30.08138
     7.0450       -33.10384     0.56044    -3.61937   -30.04491
     7.1950       -33.02658     0.58720    -3.60442   -30.00935
     7.3450       -32.95432     0.61228    -3.59204   -29.97456
     7.4950       -32.88419     0.63635    -3.58001   -29.94053
     7.6450       -32.81670     0.65867    -3.56823   -29.90713
     7.7950       -32.75187     0.68043    -3.55793   -29.87437
     7.9450       -32.69026     0.70029    -3.54826   -29.84229
     8.0950       -32.63096     0.71873    -3.53893   -29.81076
     8.2450       -32.57553     0.73590    -3.53147   -29.77996
     8.3950       -32.52267     0.75130    -3.52430   -29.74968
     8.5450       -32.47166     0.76582    -3.51754   -29.71994
     8.6950       -32.42338     0.77953    -3.51210   -29.69082
     8.8450       -32.37735     0.79188    -3.50709   -29.66215
     8.9950       -32.33230     0.80298    -3.50142   -29.63386
     9.1450       -32.28971     0.81282    -3.49644   -29.60609
     9.2950       -32.24770     0.82292    -3.49180   -29.57882
     9.4450       -32.20846     0.83131    -3.48779   -29.55199
     9.5950       -32.17157     0.83857    -3.48460   -29.52554
     9.7450       -32.13530     0.84527    -3.48105   -29.49952
     9.8950       -32.10000     0.85125    -3.47737   -29.47388
     10.045       -32.06705     0.85616    -3.47448   -29.44873
     10.195       -32.03414     0.86161    -3.47189   -29.42387
     10.345       -32.00296     0.86580    -3.46935   -29.39940
     10.495       -31.97223     0.87013    -3.46701   -29.37536
     10.645       -31.94158     0.87474    -3.46468   -29.35164
     10.795       -31.91231     0.87860    -3.46269   -29.32823
     10.945       -31.88471     0.88130    -3.46090   -29.30510
     11.095       -31.85782     0.88360    -3.45910   -29.28232
     11.245       -31.83050     0.88697    -3.45766   -29.25982
     11.395       -31.80450     0.88954    -3.45632   -29.23772
     11.545       -31.77954     0.89154    -3.45517   -29.21591
     11.695       -31.75461     0.89369    -3.45403   -29.19427
     11.845       -31.73042     0.89539    -3.45290   -29.17292
     11.995       -31.70638     0.89716    -3.45157   -29.15198
     12.145       -31.68272     0.89899    -3.45047   -29.13123
     12.295       -31.65984     0.90036    -3.44942   -29.11078
     12.445       -31.63725     0.90173    -3.44840   -29.09058
     12.595       -31.61494     0.90322    -3.44749   -29.07067
     12.745       -31.59294     0.90451    -3.44658   -29.05087
     12.895       -31.57139     0.90576    -3.44577   -29.03139
     13.045       -31.55003     0.90694    -3.44490   -29.01207
     13.195       -31.52913     0.90808    -3.44414   -28.99307
     13.345       -31.50839     0.90919    -3.44331   -28.97427
     13.495       -31.48758     0.91056    -3.44259   -28.95554
     13.645       -31.46738     0.91162    -3.44189   -28.93711
     13.795       -31.44721     0.91266    -3.44098   -28.91889
     13.945       -31.42738     0.91379    -3.44029   -28.90087
     14.095       -31.40789     0.91478    -3.43962   -28.88305
     14.245       -31.38848     0.91586    -3.43897   -28.86537
     14.395       -31.36938     0.91682    -3.43833   -28.84787
     14.545       -31.35028     0.91797    -3.43770   -28.83055
     14.695       -31.33160     0.91890    -3.43707   -28.81343
     14.845       -31.31302     0.91992    -3.43645   -28.79649
     14.995       -31.29481     0.92083    -3.43586   -28.77978
     15.145       -31.27674     0.92171    -3.43526   -28.76319
     15.295       -31.25888     0.92258    -3.43467   -28.74679
     15.445       -31.24127     0.92342    -3.43411   -28.73058
     15.595       -31.22378     0.92426    -3.43354   -28.71450
     15.745       -31.20644     0.92509    -3.43298   -28.69855
     15.895       -31.18932     0.92588    -3.43244   -28.68276
     16.045       -31.17240     0.92669    -3.43190   -28.66719
     16.195       -31.15552     0.92749    -3.43137   -28.65164
     16.345       -31.13892     0.92827    -3.43087   -28.63632
     16.495       -31.12247     0.92902    -3.43035   -28.62114
     16.645       -31.10612     0.92979    -3.42984   -28.60607
     16.795       -31.09000     0.93053    -3.42935   -28.59117
     16.945       -31.07400     0.93125    -3.42886   -28.57639
     17.095       -31.05812     0.93199    -3.42839   -28.56172
     17.245       -31.04243     0.93270    -3.42793   -28.54720
     17.395       -31.02695     0.93339    -3.42746   -28.53288
     17.545       -31.01140     0.93420    -3.42698   -28.51861
     17.695       -30.99608     0.93488    -3.42652   -28.50444
     17.845       -30.98097     0.93557    -3.42607   -28.49046
     17.995       -30.96590     0.93624    -3.42561   -28.47653
     18.145       -30.95104     0.93690    -3.42518   -28.46276
     18.295       -30.93632     0.93755    -3.42475   -28.44912
     18.445       -30.92169     0.93820    -3.42431   -28.43557
     18.595       -30.90715     0.93883    -3.42388   -28.42210
     18.745       -30.89276     0.93946    -3.42348   -28.40875
     18.895       -30.87848     0.94009    -3.42307   -28.39550
     19.045       -30.86435     0.94071    -3.42267   -28.38239
     19.195       -30.85029     0.94132    -3.42227   -28.36935
     19.345       -30.83639     0.94192    -3.42187   -28.35644
     19.495       -30.82262     0.94251    -3.42148   -28.34366
     19.645       -30.80897     0.94310    -3.42109   -28.33099
     19.795       -30.79533     0.94369    -3.42071   -28.31831
     19.945       -30.78183     0.94428    -3.42034   -28.30577
     20.095       -30.76850     0.94484    -3.41996   -28.29338
     20.245       -30.75518     0.94541    -3.41959   -28.28100
     20.395       -30.74205     0.94596    -3.41923   -28.26879
     20.545       -30.72899     0.94652    -3.41886   -28.25665
     20.695       -30.71603     0.94705    -3.41849   -28.24460
     20.845       -30.70323     0.94759    -3.41814   -28.23268
     20.995       -30.69045     0.94813    -3.41778   -28.22079
     21.145       -30.67777     0.94866    -3.41744   -28.20899
     21.295       -30.66520     0.94918    -3.41710   -28.19728
     21.445       -30.65276     0.94971    -3.41677   -28.18570
     21.595       -30.64034     0.95022    -3.41643   -28.17413
     21.745       -30.62806     0.95071    -3.41608   -28.16269
     21.895       -30.61588     0.95121    -3.41575   -28.15134
     22.045       -30.60379     0.95169    -3.41543   -28.14005
     22.195       -30.59179     0.95219    -3.41511   -28.12888
     22.345       -30.57982     0.95269    -3.41478   -28.11773
     22.495       -30.56794     0.95317    -3.41446   -28.10665
     22.645       -30.55616     0.95365    -3.41416   -28.09564
     22.795       -30.54448     0.95413    -3.41385   -28.08476
     22.945       -30.53282     0.95459    -3.41354   -28.07388
     23.095       -30.52125     0.95506    -3.41322   -28.06309
     23.245       -30.50983     0.95553    -3.41292   -28.05243
     23.395       -30.49848     0.95600    -3.41263   -28.04185
     23.545       -30.48712     0.95646    -3.41232   -28.03126
     23.695       -30.47590     0.95691    -3.41202   -28.02080
     23.845       -30.46470     0.95737    -3.41173   -28.01034
     23.995       -30.45366     0.95781    -3.41144   -28.00004
     24.145       -30.44265     0.95825    -3.41115   -27.98975
     24.295       -30.43173     0.95869    -3.41087   -27.97955
     24.445       -30.42087     0.95913    -3.41060   -27.96941
     24.595       -30.41006     0.95956    -3.41031   -27.95931
     24.745       -30.39930     0.95999    -3.41004   -27.94926
     24.895       -30.38861     0.96042    -3.40976   -27.93927
     25.045       -30.37802     0.96085    -3.40949   -27.92938
     25.195       -30.36748     0.96126    -3.40922   -27.91952
     25.345       -30.35701     0.96167    -3.40894   -27.90974
     25.495       -30.34660     0.96207    -3.40868   -27.90000
     25.645       -30.33629     0.96249    -3.40841   -27.89037
     25.795       -30.32607     0.96289    -3.40815   -27.88080
     25.945       -30.31585     0.96329    -3.40788   -27.87126
     26.095       -30.30566     0.96371    -3.40764   -27.86172
     26.245       -30.29557     0.96411    -3.40738   -27.85229
     26.395       -30.28551     0.96450    -3.40713   -27.84289
     26.545       -30.27556     0.96489    -3.40688   -27.83357
     26.695       -30.26567     0.96527    -3.40662   -27.82433
     26.845       -30.25580     0.96566    -3.40637   -27.81509
     26.995       -30.24599     0.96605    -3.40613   -27.80591
     27.145       -30.23623     0.96643    -3.40587   -27.79679
     27.295       -30.22659     0.96680    -3.40564   -27.78775
     27.445       -30.21692     0.96718    -3.40539   -27.77872
     27.595       -30.20734     0.96756    -3.40515   -27.76975
     27.745       -30.19784     0.96793    -3.40490   -27.76086
     27.895       -30.18840     0.96829    -3.40467   -27.75202
     28.045       -30.17902     0.96866    -3.40444   -27.74324
     28.195       -30.16967     0.96902    -3.40420   -27.73449
     28.345       -30.16037     0.96939    -3.40397   -27.72579
     28.495       -30.15110     0.96975    -3.40374   -27.71712
     28.645       -30.14194     0.97011    -3.40351   -27.70854
     28.795       -30.13278     0.97046    -3.40328   -27.69997
     28.945       -30.12366     0.97082    -3.40305   -27.69143
     29.095       -30.11460     0.97117    -3.40282   -27.68294
     29.245       -30.10558     0.97151    -3.40260   -27.67450
     29.395       -30.09662     0.97185    -3.40238   -27.66610
     29.545       -30.08771     0.97220    -3.40216   -27.65775
     29.695       -30.07884     0.97254    -3.40194   -27.64944
     29.845       -30.07004     0.97288    -3.40173   -27.64120
     29.995       -30.06126     0.97322    -3.40152   -27.63296
     30.145       -30.05257     0.97355    -3.40131   -27.62481
     35.794       -29.47757     0.99516    -3.38762   -27.08511
     49.810       -28.91206     1.01577    -3.37483   -26.55299
     69.316       -28.35691     1.03565    -3.36255   -26.03001
     96.460       -27.81267     1.05493    -3.35073   -25.51686
     134.23       -27.28084     1.07366    -3.33935   -25.01515
     186.80       -26.76166     1.09180    -3.32822   -24.52524
     259.95       -26.25580     1.10949    -3.31736   -24.04793
     361.74       -25.76330     1.12665    -3.30681   -23.58315
     503.40       -25.28438     1.14327    -3.29652   -23.13113
     700.53       -24.81876     1.15941    -3.28653   -22.69164
     974.85       -24.36624     1.17505    -3.27679   -22.26449
     1356.6       -23.92692     1.19019    -3.26734   -21.84976
     1887.8       -23.50019     1.20491    -3.25815   -21.44695
     2627.1       -23.08606     1.21917    -3.24916   -21.05607
     3655.9       -22.68405     1.23291    -3.24045   -20.67652
     5087.5       -22.29393     1.24622    -3.23194   -20.30822
     7079.7       -21.91551     1.25913    -3.22366   -19.95098
     9852.1       -21.54878     1.27161    -3.21562   -19.60477
     13710.       -21.19415     1.28372    -3.20787   -19.27000
     19079.       -20.85131     1.29547    -3.20037   -18.94641
     26550.       -20.52020     1.30683    -3.19311   -18.63393
     36947.       -20.20107     1.31785    -3.18611   -18.33281
     51416.       -19.89471     1.32852    -3.17938   -18.04385
     71550.       -19.60085     1.33882    -3.17292   -17.76675
     99568.       -19.31873     1.34873    -3.16672   -17.50074
    0.13856E+06   -19.04868     1.35832    -3.16075   -17.24625
    0.19282E+06   -18.79069     1.36758    -3.15508   -17.00320
    0.26832E+06   -18.54415     1.37645    -3.14961   -16.77099
    0.37340E+06   -18.30858     1.38493    -3.14444   -16.54907
    0.51962E+06   -18.08350     1.39310    -3.13946   -16.33714
    0.72310E+06   -17.86823     1.40092    -3.13471   -16.13444
    0.10063E+07   -17.66282     1.40834    -3.13015   -15.94101
    0.14003E+07   -17.46689     1.41546    -3.12580   -15.75654
    0.19487E+07   -17.28028     1.42221    -3.12164   -15.58086
    0.27118E+07   -17.10243     1.42867    -3.11770   -15.41340
    0.37737E+07   -16.93313     1.43487    -3.11394   -15.25406
    0.52514E+07   -16.77185     1.44079    -3.11036   -15.10228
    0.73079E+07   -16.61833     1.44642    -3.10696   -14.95778
    0.10170E+08   -16.47224     1.45179    -3.10372   -14.82031
    0.14152E+08   -16.33318     1.45686    -3.10064   -14.68940
    0.19694E+08   -16.20080     1.46172    -3.09769   -14.56483
    0.27406E+08   -16.07500     1.46636    -3.09490   -14.44646
    0.38138E+08   -15.95568     1.47076    -3.09224   -14.33420
    0.53073E+08   -15.84309     1.47495    -3.08975   -14.22829
    0.73856E+08   -15.73689     1.47895    -3.08739   -14.12844
    0.10278E+09   -15.63676     1.48276    -3.08517   -14.03435
    0.14302E+09   -15.54322     1.48636    -3.08309   -13.94650
    0.19903E+09   -15.45640     1.48978    -3.08116   -13.86502
    0.27697E+09   -15.37619     1.49302    -3.07935   -13.78987
    0.38543E+09   -15.30306     1.49605    -3.07772   -13.72139
    0.53637E+09   -15.23615     1.49892    -3.07625   -13.65883
    0.74641E+09   -15.17483     1.50161    -3.07488   -13.60156
    0.10387E+10   -15.11842     1.50411    -3.07362   -13.54891
    0.14454E+10   -15.06642     1.50644    -3.07247   -13.50039
    0.20115E+10   -15.01861     1.50856    -3.07141   -13.45576
    0.27992E+10   -14.97456     1.51050    -3.07044   -13.41462
    0.38953E+10   -14.93403     1.51226    -3.06954   -13.37675
    0.54207E+10   -14.89675     1.51389    -3.06872   -13.34192
    0.75434E+10   -14.86241     1.51537    -3.06797   -13.30981
    0.10497E+11   -14.83080     1.51673    -3.06727   -13.28027
    0.14608E+11   -14.80158     1.51799    -3.06662   -13.25295
    0.20329E+11   -14.77467     1.51916    -3.06603   -13.22779
    0.28289E+11   -14.74990     1.52023    -3.06549   -13.20463
    0.39367E+11   -14.72710     1.52121    -3.06499   -13.18332
    0.54783E+11   -14.70608     1.52212    -3.06453   -13.16367
    0.10000E+12   -14.46141     1.53258    -3.05916   -12.93483
