#"Time (ps)"	"Potential Energy (kJ/mole)"	"Kinetic Energy (kJ/mole)"	"Temperature (K)"	"Box Volume (nm^3)"	"Density (g/mL)"	"Speed (ns/day)"	"Time Remaining"
100.99999999994601	-82436.54669580286	7764.884970408123	300.62803863732603	28.94461880899516	1.120253253426049	0	--
101.99999999994368	-82385.73882430082	7683.343271660291	297.47104132762496	28.976947361343456	1.1190034266069875	133	4:17
102.99999999994135	-82515.3943313048	7879.950936053619	305.08297334630697	28.723243756995824	1.1288872407405637	133	4:17
103.99999999993902	-82344.2291302036	7805.691923060944	302.2079350795188	28.86695879348611	1.123267041115203	133	4:16
104.99999999993669	-82473.03447391381	7934.729861061785	307.2038136223221	28.917560318520092	1.1213014871516334	133	4:15
105.99999999993436	-82468.15319362734	7524.598226641874	291.3250119003826	28.87732378060509	1.122863864958687	133	4:15
106.99999999993203	-82267.16778920771	7603.276040797418	294.3711300391565	28.6541711008511	1.1316084934311892	133	4:14
107.9999999999297	-82307.13312051687	7726.474343166794	299.1409191790988	29.083339986260434	1.1149098901732748	133	4:13
108.99999999992737	-82216.51377272516	7543.501798927517	292.0568893050227	29.056595004837497	1.1159361027868302	133	4:13
109.99999999992504	-82299.84048073104	7561.1336866081465	292.73953171776964	28.793533137793595	1.1261314557952975	134	4:12
110.99999999992271	-82500.52893095193	7893.576089501282	305.6104896163758	28.80785566936822	1.125571571938688	134	4:11
111.99999999992038	-82385.97293626581	7592.640636133543	293.95936594266317	29.050472416208024	1.1161712940634556	134	4:11
112.99999999991805	-82563.11658656696	7593.829279544365	294.0053858822497	29.078613760401062	1.115091099497668	134	4:10
113.99999999991572	-82449.56782560088	7394.15674091775	286.27479310646254	28.804204706738805	1.125714239295337	133	4:09
114.99999999991338	-82782.9854892737	7789.11343749143	301.56607655626516	29.104401185250712	1.1141030933282303	134	4:09
115.99999999991105	-83028.14894397324	7734.710995365831	299.45981232496905	29.02421529759007	1.117181052355478	134	4:08
116.99999999990872	-82927.05393681198	7612.981441530825	294.7468877738548	29.113930586166244	1.113738431641409	134	4:07
117.9999999999064	-82614.86680933798	7494.121631101512	290.145069225564	28.91994040307282	1.1212092050683604	134	4:07
118.99999999990406	-82760.0268848326	7518.006656614258	291.0698103389306	28.91188663425385	1.1215215319617782	134	4:06
119.99999999990173	-82334.2985084576	7668.488752008424	296.8959284798675	28.95750028165727	1.1197549192632832	134	4:05
120.9999999998994	-82356.32876811875	7491.091712290892	290.02776181499206	29.1751943321736	1.1113997398192446	134	4:05
121.99999999989707	-82667.28741769234	7660.070989764712	296.57002341331645	29.19944638174841	1.1104766496607827	134	4:04
122.99999999989474	-82335.69939094086	7597.4788286878775	294.1466831204065	29.02330313310146	1.1172161638959746	134	4:03
123.99999999989241	-82459.04356543778	7622.478844825433	295.1145926059916	28.69807052562573	1.1298774724593315	134	4:03
124.99999999989008	-82399.43510213564	7813.747727591116	302.51982646294306	29.13611168271017	1.1128905511848146	134	4:02
125.99999999988775	-82719.06913210033	7652.4197125492365	296.27379385278533	28.83063950668943	1.12468207243305	134	4:01
126.99999999988542	-82758.60754184407	7598.466479845454	294.1849213726784	29.071168598687798	1.1153766756874453	134	4:01
127.99999999988309	-82857.15590510145	7650.9553139690815	296.21709767832647	29.268874800286596	1.10784249859978	134	4:00
128.99999999988785	-82755.89486655526	7643.647203641508	295.9341542886566	29.072965043608548	1.1153077555494146	134	4:00
129.99999999989262	-82844.62166118668	7666.730719166294	296.8278638572487	29.26434548022043	1.1080139623102	134	3:59
130.9999999998974	-82585.3474696113	7755.21850521741	300.2537883448986	29.510380583649596	1.0987761848086457	134	3:58
131.99999999990217	-82553.94483516051	7629.386797274183	295.3820433413962	29.55435702652303	1.0971412222182377	134	3:58
132.99999999990695	-82507.77215639642	7289.877105189458	282.2374657695756	29.38377206708309	1.1035105811441344	134	3:57
133.99999999991172	-82588.41393679442	7585.318182211409	293.67586722130244	29.36179291406605	1.1043366283814358	134	3:56
134.9999999999165	-82327.757123052	7722.976112096252	299.00548042508694	28.962193417496103	1.1195734702319011	134	3:56
135.99999999992127	-82291.20574275212	7596.922678372127	294.12515100766456	28.761014613961265	1.1274047117313322	134	3:55
136.99999999992605	-82539.21323634248	7451.8768997707875	288.5095072344829	29.4342615238327	1.1016176969039673	134	3:54
137.99999999993082	-82615.40894968019	7772.364390617827	300.9176145211101	29.274125119163408	1.1076438068759706	134	3:54
138.9999999999356	-82394.86839915239	7836.128532742705	303.3863296476635	29.37825427985105	1.1037178411309616	134	3:53
139.99999999994037	-82473.40958142176	7711.619447757828	298.5657917833963	29.226288055525327	1.1094567783753684	134	3:52
140.99999999994515	-82790.84020100546	7678.912213797851	297.2994869209145	29.23048033135768	1.1092976585529672	134	3:52
141.99999999994992	-82717.1078593737	7552.251715435807	292.3956541738073	29.241262121273266	1.1088886401508626	134	3:51
142.9999999999547	-82920.52200708474	7707.016179912924	298.387570033968	29.090529474094005	1.1146343492589006	134	3:50
143.99999999995947	-82561.03278627983	7774.765848471169	301.0105902145134	29.147806896990314	1.112444016956272	134	3:50
144.99999999996425	-82608.90398011587	7448.952090856068	288.39626929589497	28.813390680809942	1.1253553512377585	134	3:49
145.99999999996902	-82660.83852719038	7617.302888051335	294.91419842900143	28.965838986773747	1.1194325634675915	134	3:48
146.9999999999738	-82381.9897994916	7695.786968558277	297.95281590717065	28.870931754440143	1.1231124670912933	134	3:48
147.99999999997857	-82738.90817310242	7730.01952215943	299.27817558550225	28.979080182567014	1.1189210694637497	134	3:47
148.99999999998334	-82528.9849846168	7306.510378529492	282.8814454755712	28.756649007602707	1.1275758653722485	134	3:47
149.99999999998812	-82721.88987426681	7605.599391891823	294.46108172359726	28.926832623405968	1.1209420613758074	134	3:46
150.9999999999929	-82577.25348391029	7765.313975306614	300.6446481430291	29.0701131496098	1.1154171716868213	134	3:45
151.99999999999767	-82503.75972391921	7761.002891261431	300.4777386851499	29.110351145252675	1.1138753781484894	134	3:45
153.00000000000244	-82248.46863461845	7475.15564907195	289.41077554315825	29.102331425769506	1.1141823284041672	134	3:44
154.00000000000722	-82561.82391307887	7336.793845412107	284.05391091282553	29.194002962464175	1.1106837055419934	134	3:43
155.000000000012	-82580.52012524736	7538.303466943628	291.85562884147976	28.990485495742547	1.1184808683081735	134	3:43
156.00000000001677	-82621.82349298577	7335.444238657115	284.0016590593556	28.698795053248606	1.1298489476575848	134	3:42
157.00000000002154	-82603.66280703724	7463.406394399101	288.9558872349334	28.758919516094764	1.1274868435793284	134	3:41
158.00000000002632	-82389.74158654112	7536.464960816009	291.7844485866176	29.094458975761032	1.1144838065889993	134	3:41
159.0000000000311	-82218.40005970336	7454.481542359309	288.6103495001085	29.35914509279465	1.1044362254918483	134	3:40
160.00000000003587	-82514.14522242665	7515.551765086357	290.9747658884445	29.110723837090884	1.1138611176902287	134	3:39
161.00000000004064	-82585.70675046765	7642.907861645384	295.9055296618883	29.050796387737588	1.1161588466345946	134	3:39
162.00000000004542	-82147.29919126394	7492.3534467471345	290.0766115733989	29.095688542747254	1.1144367091472858	134	3:38
163.0000000000502	-82726.08482999954	7710.401598846001	298.51864111328155	29.166531071469898	1.1117298560633904	134	3:38
164.00000000005497	-82477.60085636139	7648.379605802476	296.11737564803497	29.220469771575534	1.1096776897644414	134	3:37
165.00000000005974	-82471.24233322681	7727.109142033718	299.1654962770236	28.959705633174003	1.1196696472221637	134	3:36
166.00000000006452	-82520.88609504653	7550.74292709303	292.33723938956564	28.57812146993267	1.1346198323101335	134	3:36
167.0000000000693	-82591.63807822057	7806.03524187859	302.2212271325459	28.599229674891866	1.133782404580666	134	3:35
168.00000000007407	-82357.67779971732	7499.683470371683	290.3604033660412	29.02403942493447	1.1171878219713673	134	3:34
169.00000000007884	-82543.5635048429	7432.9150897263835	287.7753750761332	28.85526370477461	1.1237223032062706	134	3:34
170.00000000008362	-82865.22159115283	7558.964752883745	292.6555585109564	28.696581566628097	1.1299360976034076	134	3:33
171.0000000000884	-82740.63735161765	7448.2085276006965	288.3674812373575	28.857723222537526	1.123626529366318	134	3:32
172.00000000009317	-82792.64051715488	7589.499164546025	293.83773961524304	28.903503288051798	1.1218468248227087	134	3:32
173.00000000009794	-82827.78716731723	7415.528279535337	287.1022211703363	28.70546752098304	1.1295863189216995	134	3:31
174.00000000010272	-82495.34255902591	7848.789658975933	303.8765222984163	28.79202758903163	1.126190341742591	134	3:30
175.0000000001075	-82282.6115106589	7557.037370964746	292.5809373094547	28.586786372853943	1.134275919196876	134	3:30
176.00000000011227	-82523.08647349579	7760.736052431796	300.46740765844567	29.005908146618616	1.1178861639515203	134	3:29
177.00000000011704	-82675.45158685415	7581.257329423232	293.5186458054596	28.480854413290604	1.1384947557901335	134	3:29
178.00000000012182	-82669.03276511471	7730.28085693844	299.28829351543175	28.741536179683223	1.128168765484233	134	3:28
179.0000000001266	-82995.46871863861	7707.346703407282	298.40036669872364	28.759423790613578	1.1274670739591282	133	3:27
180.00000000013137	-82583.44791887989	7376.858356066636	285.6050627074672	28.96394479085516	1.1195057725766462	133	3:27
181.00000000013614	-82868.3182334456	7478.596397026848	289.54398876049095	28.89894603386262	1.1220237358123364	133	3:26
182.00000000014091	-82865.73812355279	7571.796343792486	293.1523509325045	28.493050673033327	1.1380074307256227	133	3:25
183.0000000001457	-83027.30568201706	7554.104292249832	292.4673791943514	28.825953550985165	1.124864901089992	133	3:25
184.00000000015046	-82736.69451205959	7560.521567904294	292.71583271307685	28.434908756328365	1.1403343568928168	133	3:24
185.00000000015524	-82911.88834091194	7731.747444733732	299.34507444831985	28.69140959816971	1.1301397820489836	133	3:23
186.00000000016001	-82966.07601339681	7696.896772874557	297.99578348442986	28.69042668920521	1.1301784996510236	133	3:23
187.0000000001648	-82563.60719690975	7286.980583831981	282.12532302207995	28.67420977561218	1.1308176805462244	133	3:22
188.00000000016956	-82768.04499804627	7538.787030016967	291.87435064081734	28.755787586694048	1.1276096435264238	133	3:21
189.00000000017434	-82449.77719124279	7524.449328750012	291.31924711682706	28.71985394933458	1.1290204834312854	133	3:21
190.0000000001791	-82744.59778827842	7459.428611769672	288.8018819927994	28.81832930269266	1.1251624981231634	133	3:20
191.0000000001839	-82582.0435444667	7616.557989936947	294.8853586895891	28.89688149692709	1.1221038987685144	133	3:20
192.00000000018866	-82441.51748320661	7849.257991815026	303.8946544386068	28.851230084148938	1.1238794081008114	133	3:19
193.00000000019344	-82605.35395339032	7402.002742474543	286.5785616836087	28.921490750202732	1.1211491022372815	133	3:18
194.0000000001982	-82793.01351088475	7669.30879473742	296.92767754481264	28.685488161821105	1.1303730725109302	133	3:18
195.000000000203	-82684.8758170321	7814.80308181456	302.56068593110916	29.049997962567453	1.1161895237216697	133	3:17
196.00000000020776	-82516.7619027867	7313.7503911829635	283.1617523715545	29.43675033604984	1.1015245575610924	133	3:16
197.00000000021254	-82596.31222647475	7658.147020069773	296.4955343206909	29.14339950366671	1.112612253277934	133	3:16
198.0000000002173	-82308.61810151499	7451.28642373317	288.48664615492686	29.169951018761438	1.1115995144831896	133	3:15
199.0000000002221	-82450.84827495206	7692.668730708139	297.8320891053618	29.2088617870554	1.1101186902231048	133	3:14
200.00000000022686	-82566.50212309748	7814.011351821886	302.5300330320984	29.136934258027907	1.1128591327695947	133	3:14
201.00000000023164	-82411.08521941345	7773.1536619754115	300.9481722307333	29.128459168663326	1.1131829254064043	133	3:13
202.0000000002364	-82164.80984426706	7566.201453760439	292.9357371870162	29.199635188176632	1.1104694692584076	133	3:12
203.0000000002412	-82552.17195322167	7563.5515850481725	292.833143930754	29.256226204925568	1.1083214616550419	133	3:12
204.00000000024596	-82580.09777897573	7555.021634702602	292.50289534988826	29.11793915383422	1.113585107058784	134	3:11
205.00000000025074	-82595.09979963698	7712.526290602715	298.600901432393	29.02811092652265	1.1170311244858517	134	3:10
206.0000000002555	-82654.19596606755	7540.089674911153	291.9247843022396	28.850648324028178	1.1239020706147638	134	3:10
207.0000000002603	-82649.74497518528	7764.442725822257	300.610916539194	28.9611481948904	1.1196138762093146	133	3:09
208.00000000026506	-82591.70833160877	7581.278669383865	293.51947201093907	28.6698657885415	1.1309890192409993	133	3:08
209.00000000026984	-82379.28465063978	7727.311283193466	299.1733224458096	28.85928683507192	1.1235656506434537	133	3:08
210.0000000002746	-82578.67458760674	7696.731363963449	297.9893794544012	28.873985996845295	1.1229936661151096	133	3:07
211.00000000027939	-82715.76155746513	7771.204922431379	300.8727241398511	28.80559787908886	1.1256597945322449	133	3:07
212.00000000028416	-82566.93101151375	7531.900107062527	291.60771409076796	29.266164171791033	1.107945106834589	133	3:06
213.00000000028894	-82737.29280595557	7716.252795017926	298.74517809812437	28.982480321340987	1.1187898009570134	134	3:05
214.0000000002937	-82479.740685027	7654.191695492005	296.34239857244484	29.07526906551394	1.1152193748195838	134	3:05
215.00000000029848	-82474.63470828728	7705.791175720538	298.340142337475	29.14446025030963	1.112571758456537	134	3:04
216.00000000030326	-82308.08528678174	7591.523361623747	293.9161091467442	29.140903423416255	1.1127075546977787	133	3:03
217.00000000030803	-82469.35782526128	7634.971240984801	295.5982526434015	28.869627200032056	1.1231632180521414	134	3:03
218.0000000003128	-82445.11715152001	7868.021828685771	304.62112179739705	29.242224259828927	1.1088521550837505	134	3:02
219.00000000031758	-82435.8087455903	7625.332037135744	295.22505781074	29.23296349039193	1.1092034305933758	134	3:01
220.00000000032236	-82404.57390654675	7817.7625791314	302.67526687816826	29.29520329959676	1.1068468465074608	134	3:01
221.00000000032713	-82329.56515794902	7608.450730468972	294.57147515855553	29.140401000557997	1.1127267393929388	134	3:00
222.0000000003319	-82553.16344962403	7668.822854277125	296.90886370171904	29.140419612466985	1.1127260286973115	134	2:59
223.00000000033668	-82474.59153968561	7702.835207392518	298.2256980199979	29.193416695702357	1.1107060104659505	134	2:59
224.00000000034146	-82370.82759785489	7747.690726685115	299.9623402031574	29.025914241685	1.117115661541736	134	2:58
225.00000000034623	-82575.91478010055	7681.121911514025	297.3850383608812	28.89512104315492	1.1221722636678484	134	2:57
226.000000000351	-82726.29312837002	7668.418371220908	296.8932035923529	28.933621110825168	1.1206790628022048	133	2:57
227.00000000035578	-82643.71090833831	7634.91535490668	295.5960889381932	28.727258306419277	1.1287294820859395	133	2:56
228.00000000036056	-82337.49853103602	7631.746466244471	295.47340112159185	28.850970503462253	1.1238895199751582	133	2:56
229.00000000036533	-82648.96234848307	7956.951195377391	308.064142677635	29.194071378922104	1.1106811026489596	133	2:55
230.0000000003701	-82383.1632113175	7545.835330282978	292.14723513205877	28.960280997644585	1.1196474023366993	133	2:54
231.00000000037488	-82727.69126521065	7660.47975797287	296.585849428144	28.85846041202846	1.1235978263219644	133	2:54
232.00000000037966	-82291.00682111084	7655.48594305481	296.392507119809	28.83452147821701	1.1245306572695952	133	2:53
233.00000000038443	-82582.40559259089	7469.524983761155	289.1927767092981	28.689501199586648	1.1302149578822518	133	2:52
234.0000000003892	-82610.37920911785	7800.499840372369	302.0069165659081	28.596169509008238	1.1339037341955596	133	2:52
235.00000000039398	-82503.53210592578	7704.673695560582	298.2968775795315	28.913702827322332	1.1214510844080812	133	2:51
236.00000000039876	-82696.16539159918	7649.1175158720025	296.1459448358256	28.92615139408412	1.120968460276577	133	2:50
237.00000000040353	-82732.43785859086	7557.835019076672	292.61181933646805	28.908078911061132	1.1216692568784536	133	2:50
238.0000000004083	-82376.17107275524	7801.948470906956	302.0630022591261	29.054267600686675	1.1160254953109638	133	2:49
239.00000000041308	-82255.50165308628	7481.126206897608	289.6419337760926	28.772276752983867	1.1269634192779314	133	2:48
240.00000000041786	-82835.64454681982	7541.637061901021	291.98469348538265	28.670335207506806	1.1309705015748703	133	2:48
241.00000000042263	-82583.00859782341	7425.050891993454	287.4709020093824	29.149483545978566	1.1123800302948077	133	2:47
242.0000000004274	-82546.29752002549	7592.871474900588	293.9683031781846	28.979488128237875	1.1189053183571633	133	2:47
243.00000000043218	-82933.69951999749	7559.532010409348	292.67752065437173	28.981339663359627	1.1188338346880535	133	2:46
244.00000000043696	-82639.86350986228	7553.151850414966	292.430504118697	28.873494223208326	1.1230127929542517	133	2:45
245.00000000044173	-82537.42117296054	7657.473822078315	296.4694705486508	28.860312565175214	1.1235257177734166	133	2:45
246.0000000004465	-82684.12567255518	7585.831611509929	293.69574533199966	28.843093826928236	1.1241964396926452	133	2:44
247.00000000045128	-82611.72032796376	7660.954687339943	296.6042369618497	28.92049946787547	1.1211875308713548	133	2:43
248.00000000045605	-82245.81839103557	7457.726788636464	288.7359936051937	28.80512503563017	1.1256782725242651	133	2:43
249.00000000046083	-82454.44240366865	7700.641140971164	298.1407517667816	28.96163541954698	1.1195950408266286	133	2:42
250.0000000004656	-82733.29542518829	7977.865718091844	308.873876751822	28.859294519414803	1.1235653514724635	133	2:41
251.00000000047038	-82159.82082541054	7404.633902159916	286.68043059455454	28.725296030986314	1.1288065875796747	133	2:41
252.00000000047515	-82522.88401005592	7672.07985308129	297.03496282180544	28.842425845141214	1.1242224757393626	133	2:40
253.00000000047993	-82395.2700286879	7615.083706585276	294.82827981281275	29.075501401580542	1.1152104633418634	133	2:39
254.0000000004847	-82158.66669753066	7649.700497880908	296.16851577390986	29.033451256192393	1.1168256609877825	133	2:39
255.00000000048948	-82083.05664118953	7686.258848001184	297.5839218146123	28.849705571723938	1.1239387975499548	133	2:38
256.00000000049425	-82366.56237042302	7745.013915111107	299.8587038175107	28.940513338724823	1.1204121713544686	133	2:37
257.000000000499	-82078.21433894019	7481.717075002258	289.66481003505476	29.383492739053107	1.1035210714367427	133	2:37
258.0000000005038	-82348.71829969288	7648.326448324763	296.11531758428714	29.015953360238743	1.1174991559776495	133	2:36
259.0000000005086	-82511.1048660031	7956.956885426417	308.0643629755898	29.172501868690002	1.1115023159791027	133	2:36
260.00000000051335	-82244.42772748761	7648.868883205996	296.1363186854052	29.263389973803175	1.1080501411142396	133	2:35
261.0000000005181	-82315.11371431692	7886.043403184746	305.31885146312044	29.10695705456022	1.1140052644174814	133	2:34
262.0000000005229	-82536.45812428181	7668.667889643113	296.90286403602425	28.81531108315025	1.125280351698661	133	2:34
263.0000000005277	-82620.16507820858	7543.082517625135	292.04065626151305	29.19603162979547	1.110606530404721	133	2:33
264.00000000053245	-82574.91126406699	7627.377395378605	295.3042466254108	28.914439212688386	1.1214225235855377	133	2:32
265.0000000005372	-82607.79680408642	7818.614519259394	302.7082508941184	28.54502707887072	1.13593528218984	133	2:32
266.000000000542	-82410.02235953434	7599.489198360165	294.22451730517804	28.82498195981675	1.124902816423472	133	2:31
267.0000000005468	-82418.36270449447	7588.529338090451	293.8001914704516	28.77418900299517	1.1268885245237812	133	2:30
268.00000000055155	-82440.93437095667	7735.504748785243	299.4905435636866	28.753576622562626	1.1276963494172703	133	2:30
269.0000000005563	-82586.46231746857	7854.396544125066	304.0936004511091	29.18535342130629	1.1110128742275938	133	2:29
270.0000000005611	-82265.54287733496	7661.113682697289	296.6103926824577	29.140454383985798	1.112724700949517	133	2:28
271.0000000005659	-82483.30647160209	7885.56854673774	305.3004667526139	29.205759181891686	1.1102366210722625	133	2:28
272.00000000057065	-82449.29351865276	7667.390909967158	296.85342403828764	29.209429762914343	1.1100971040222878	133	2:27
273.0000000005754	-82402.65205532912	7786.123813659406	301.4503292203664	29.31877044872586	1.1059571357762303	133	2:26
274.0000000005802	-82613.7927881492	7541.612263360383	291.98373337629386	29.093765206598704	1.1145103825406315	133	2:26
275.000000000585	-82586.05409959782	7786.001806736179	301.4456055570837	28.844537261027646	1.1241401828194353	133	2:25
276.00000000058975	-82565.10313755798	7720.878675148114	298.92427531280424	28.988792344727226	1.1185461955213694	133	2:25
277.0000000005945	-82242.67586364684	7625.297777715675	295.22373141088997	29.179798866812572	1.1112243623732552	133	2:24
278.0000000005993	-82477.01963234265	7857.521779499186	304.21459817153675	29.221083715365815	1.109654375101184	133	2:23
279.0000000006041	-82050.99935830204	7727.343740059638	299.17457905734415	29.238331671598917	1.1089997799515499	133	2:23
280.00000000060885	-82479.68530567264	7731.196391850959	299.3237396895996	28.961192228253523	1.1196121739187466	133	2:22
281.0000000006136	-82563.10019295424	7546.7209351401025	292.1815225235938	28.9550139149774	1.1198510726040847	133	2:21
282.0000000006184	-82732.60428309458	7488.9894044045495	289.94636811773944	29.04037400542051	1.1165594280535545	133	2:21
283.0000000006232	-82585.8459604863	7553.206717395042	292.4326283681442	28.85451041733138	1.1237516395522507	133	2:20
284.00000000062795	-82694.74534519704	7732.594147639516	299.3778556981187	29.090647920964013	1.1146298108605042	133	2:19
285.0000000006327	-82566.61002007857	7605.273775232085	294.4484750335899	28.989948510969146	1.11850158608197	133	2:19
286.0000000006375	-82490.70791083013	7646.904713321005	296.0602731879734	28.98190194240829	1.1188121281476953	133	2:18
287.0000000006423	-82415.73705121444	7622.857397921989	295.12924880184914	28.85240531112879	1.1238336298238096	133	2:17
288.00000000064705	-82574.79909490832	7698.890535408201	298.07297470133545	29.06554405345422	1.1155925149833943	133	2:17
289.0000000006518	-82387.1693321314	7467.92713289679	289.13091374890394	28.785851966635793	1.126431950929788	133	2:16
290.0000000006566	-82317.13361921732	7604.9931848460865	294.43761159675535	29.207680563831577	1.1101635858790686	133	2:15
291.0000000006614	-82781.41017819199	7884.728736445282	305.26795235967546	28.997039190932295	1.11822807757881	133	2:15
292.00000000066615	-82794.07682977006	7958.677159308896	308.13096570894385	28.831154644218703	1.1246619772980766	133	2:14
293.0000000006709	-82634.22531380062	7604.712954660015	294.4267621055489	28.678706966905068	1.1306403537430088	133	2:14
294.0000000006757	-82683.96689995372	7702.664813896881	298.21910100502794	28.868895187366657	1.1231916974828777	133	2:13
295.0000000006805	-82565.02454750909	7310.771510744948	283.046420980706	28.79781643122467	1.1259639586699977	133	2:12
296.00000000068525	-82735.86832212194	7405.516807325455	286.71461346387326	28.827205313427736	1.1248160561318754	133	2:12
297.00000000069	-82751.82295704712	7628.88217474569	295.3625061967287	28.691868575263495	1.1301217034678912	133	2:11
298.0000000006948	-82689.45278139474	7585.186547536736	293.67077080658225	28.439965799484426	1.1401315887145496	133	2:10
299.0000000006996	-82619.73549759333	7577.7734150712095	293.38376134259624	28.720834653918338	1.128981931781356	133	2:10
300.00000000070435	-82818.83148652234	7755.299538478727	300.2569256573646	29.162723852968345	1.1118749933454246	133	2:09
301.0000000007091	-82473.66587744167	7499.493660994864	290.3530546389338	29.219867998967782	1.1097005431749072	133	2:08
302.0000000007139	-82545.0314534388	7732.912930000073	299.39019778897665	29.191478982541472	1.110779738475951	133	2:08
303.00000000071867	-82780.86503595294	7548.305716217703	292.24287946949113	29.069951995739817	1.1154233551780732	133	2:07
304.00000000072345	-82683.14160440877	7644.641760165659	295.97265989154823	28.655339550482633	1.1315623509827684	133	2:06
305.0000000007282	-82456.69484475249	7519.829080541986	291.1403679496417	28.730351608848224	1.128607955496356	133	2:06
306.000000000733	-82633.79009610487	7550.969930244965	292.3460281240531	28.913880895021276	1.121444177890938	133	2:05
307.00000000073777	-82814.95800583894	7649.515043085301	296.1613356403121	28.85188058269962	1.1238540689578738	133	2:04
308.00000000074255	-82592.89710274027	7665.414837615443	296.7769177207355	29.02668446935885	1.1170860187005662	133	2:04
309.0000000007473	-82579.74712140171	7527.771952472934	291.44788699452755	28.822138511946612	1.1250137937028348	133	2:03
310.0000000007521	-82636.28003983037	7622.979089841124	295.1339602693219	29.192005197193076	1.1107597155769022	133	2:03
311.00000000075687	-82575.6233405403	7717.59918465271	298.79730539642816	29.387852990857475	1.1033573429144723	133	2:02
312.00000000076164	-82514.17798568445	7660.5393080839	296.58815499134914	28.76104005730938	1.127403714376908	133	2:01
313.0000000007664	-82710.71120387487	7775.880233402979	301.05373513650693	28.82812872874232	1.1247800263089864	133	2:01
314.0000000007712	-82520.4722080071	7576.56817997508	293.3370990334408	29.1153570491253	1.1136838657085186	133	2:00
315.00000000077597	-82333.86396948644	7647.938130032646	296.1002833156571	29.322457410070122	1.1058180744025194	133	1:59
316.00000000078074	-82368.1255121498	7884.033771639004	305.2410458559179	29.15690072656091	1.1120970535944283	133	1:59
317.0000000007855	-82172.95040386409	7602.972771160885	294.35938854442	28.66539171660357	1.1311655431232863	133	1:58
318.0000000007903	-82071.24115739038	7871.267436080445	304.746779883636	28.827976025186512	1.124785984337721	133	1:57
319.00000000079507	-82345.73415744436	7674.820206416305	297.14105931279255	28.79629034902552	1.1260236300211817	133	1:57
320.00000000079984	-82484.41170347313	7851.091321045208	303.9656342628728	28.9104358810885	1.1215778109787808	133	1:56
321.0000000008046	-82653.53233045895	7622.8950516985815	295.1307066188094	29.271487475424475	1.1077436162811	133	1:55
322.0000000008094	-82303.52144708487	7575.729549509935	293.30463031911484	29.141420468629363	1.1126878123480413	133	1:55
323.00000000081417	-82439.07991501648	7585.518316761665	293.68361570148426	28.818404714634585	1.1251595538002626	133	1:54
324.00000000081894	-82698.16895658983	7762.501565393488	300.5357618840246	29.08385939764499	1.1148899788925266	133	1:53
325.0000000008237	-82757.89420022184	7801.953707183469	302.0632049886635	29.045655241651385	1.1163564092524187	133	1:53
326.0000000008285	-82702.7929318308	7445.187639160224	288.25052344979684	28.99975318306826	1.1181234262671382	133	1:52
327.00000000083327	-82670.14625682778	7359.975687578455	284.95142733052245	28.880296999741525	1.122748266413044	133	1:51
328.00000000083804	-82479.6477282341	7660.764600911847	296.5968775083269	29.205258368249062	1.1102556594810096	133	1:51
329.0000000008428	-82791.98601463824	7444.210667483415	288.21269866808757	28.901715537338823	1.1219162180204358	133	1:50
330.0000000008476	-82497.90548707588	7571.733554381852	293.1499199554277	28.677171760021615	1.1307008815687059	133	1:50
331.00000000085237	-82235.17604911298	7553.012863891617	292.4251230671977	28.814599993025407	1.125308121500982	133	1:49
332.00000000085714	-82522.88583448427	7793.1772409636105	301.72341221183575	28.830430931989532	1.1246902089824582	133	1:48
333.0000000008619	-82355.80760841578	7618.248432098526	294.95080644746344	28.86729287638287	1.1232540414789527	133	1:48
334.0000000008667	-82503.02416966888	7652.201075436217	296.26532902082573	28.889270554768455	1.1223995195199392	133	1:47
335.00000000087147	-82556.31439060616	7635.971635879188	295.6369842867045	29.225894924265436	1.1094717022003602	133	1:46
336.00000000087624	-82561.52444755967	7565.865983622154	292.922749006241	29.014054215611715	1.1175723030291442	133	1:46
337.000000000881	-82734.16161469847	7477.636125667114	289.50681055417664	29.28580388518603	1.107202094129835	133	1:45
338.0000000008858	-82504.25528196056	7610.728276487979	294.6596534374624	29.335494267670295	1.105326642670157	133	1:44
339.00000000089057	-82286.17587606373	7772.384363519684	300.91838779905737	29.259808644363535	1.1081857637575454	133	1:44
340.00000000089534	-82733.79825777205	7753.2952847964025	300.1793282614282	28.9566774003047	1.1197867400909898	133	1:43
341.0000000009001	-82816.3766164247	7387.33974936811	286.0108640454673	28.871814072131464	1.1230781449667264	133	1:42
342.0000000009049	-82925.33789530073	7692.9035235072315	297.84117942658946	28.735817015594904	1.1283932999836563	133	1:42
343.00000000090967	-82806.78585011407	7709.188048319219	298.47165686096554	29.08705380585833	1.1147675390700091	133	1:41
344.00000000091444	-82542.4916249479	7749.456281568788	300.0306960518027	28.83223825312183	1.1246197088581136	133	1:40
345.0000000009192	-82597.87790332217	7748.8831930333545	300.00850815294393	29.09901371116383	1.114309361540789	133	1:40
346.000000000924	-82519.92148893769	7651.570418726746	296.2409122921369	29.18101485753063	1.111178056975142	133	1:39
347.00000000092876	-82512.3130268353	7538.315206376656	291.8560833495297	29.211441591918994	1.1100206502278105	133	1:39
348.00000000093354	-82500.27320850705	7633.084602820591	295.52520889155124	28.87880702121998	1.1228061936951799	133	1:38
349.0000000009383	-82440.87047369345	7475.9945015101475	289.4432528514715	28.750913714974867	1.1278007965731178	133	1:37
350.0000000009431	-82724.0031152707	7777.089490555272	301.10055316501445	28.714348943422163	1.1292369349499591	133	1:37
351.00000000094786	-82536.56442325012	7491.632283501893	290.0486907615929	28.67287717422994	1.130870236458036	133	1:36
352.00000000095264	-82611.6018898522	7634.795588928904	295.5914520361487	28.93332446569642	1.1206905528052036	133	1:35
353.0000000009574	-82638.68809916388	7598.346587333976	294.18027957171023	28.661002687753644	1.1313387651929012	133	1:35
354.0000000009622	-82398.81085512004	7503.320703827676	290.50122378567505	28.534836118542042	1.1363409712692742	133	1:34
355.00000000096696	-82736.82288284806	7835.680747578076	303.3689930385204	28.810662950292944	1.1254618974196129	133	1:33
356.00000000097174	-82463.2173809275	7688.066201776656	297.65389596396733	29.105013256130082	1.1140796640291595	133	1:33
357.0000000009765	-82699.88410346114	7543.798859520899	292.06839040824383	29.289669856480046	1.107055953475688	134	1:32
358.0000000009813	-82216.002471749	7523.915723520682	291.29858786764163	29.325453406788473	1.105705099940504	134	1:31
359.00000000098606	-82593.49681662323	7795.5099208249285	301.8137250721227	29.021910883039435	1.1172697594114371	134	1:31
360.00000000099084	-82561.7706381612	7692.086441811441	297.80954500205536	29.196129940058483	1.1106027907303073	134	1:30
361.0000000009956	-82248.20598753434	7540.356939682148	291.93513181984054	29.176828452695272	1.1113374931249005	134	1:29
362.0000000010004	-82592.79515469365	7687.539575686373	297.6335069216028	28.90358673689573	1.1218435858883353	134	1:29
363.00000000100516	-82333.4440435096	7531.686564347075	291.5994464953102	28.985637510082892	1.1186679395502077	134	1:28
364.00000000100994	-82536.80312331903	7822.288618343815	302.8504986164888	28.996733664851952	1.1182398598659262	134	1:28
365.0000000010147	-82567.27912866595	7788.102563757688	301.5269392105037	28.82262866896244	1.1249946617419642	134	1:27
366.0000000010195	-82272.65821361783	7480.826598447232	289.63033402913703	29.25759792976019	1.1082694986717048	134	1:26
367.00000000102426	-82469.9402037558	7609.692036123235	294.6195339882243	28.97097832901211	1.1192339803548261	134	1:26
368.00000000102904	-82402.38334620057	7810.505972259441	302.39431751454043	28.896294359231256	1.1221266985603986	134	1:25
369.0000000010338	-82449.27776197324	7946.950712724147	307.6769604467419	28.99188612979213	1.1184268331073954	134	1:24
370.0000000010386	-82304.0029354665	7638.364010206581	295.7296082990976	28.835828960798644	1.1244796684719818	134	1:24
371.00000000104336	-82418.61349327603	7713.68697989829	298.6458390905458	29.080538458329528	1.1150172970977457	134	1:23
372.00000000104814	-82323.66852076544	7868.401429620274	304.63581856172	28.758232271371426	1.127513787494955	134	1:22
373.0000000010529	-82569.1301450594	8016.304181810959	310.36207393698936	29.02291858174916	1.1172309669208815	134	1:22
374.0000000010577	-82560.9148618046	7630.240686656892	295.4151028253828	28.836544242837	1.1244517760829849	134	1:21
375.00000000106246	-81926.69130330777	7407.961792710382	286.80927438461697	29.1750144013838	1.111406594144326	134	1:20
376.00000000106724	-82233.1477530578	7743.663650908651	299.8064265100717	29.42074500791595	1.1021238035008727	134	1:20
377.000000001072	-82237.55593779156	7799.869215206764	301.9825010584829	29.271654311454867	1.1077373026117165	134	1:19
378.0000000010768	-82441.22706936195	7692.869714561912	297.83987046747944	29.35966253371118	1.1044167606736774	134	1:18
379.00000000108156	-82299.93724385285	7874.305284760452	304.8643943098417	29.26790380621484	1.107879252461816	134	1:18
380.00000000108633	-82108.13267394676	7680.3328544919295	297.3544889495468	29.132515606151205	1.1130279248218156	134	1:17
381.0000000010911	-82451.38612453238	7705.600164886317	298.33274709431697	29.12582150447933	1.1132837363906412	134	1:17
382.0000000010959	-82369.45926985308	7612.409281962567	294.7247358412185	29.331795957459608	1.1054660081837673	134	1:16
383.00000000110066	-82548.78681823914	7909.857004493306	306.2408272916828	29.33458645350525	1.1053608490901043	134	1:15
384.00000000110543	-82362.11357290769	7746.842962020461	299.92951784592583	29.176915026115836	1.1113341955765443	134	1:15
385.0000000011102	-82503.36896395494	7486.2992804586465	289.8422163255841	29.29472829184277	1.106864793792356	134	1:14
386.000000001115	-82526.77642447964	7659.361785266749	296.5425656006086	28.73877752843154	1.1282770590319988	134	1:13
387.00000000111976	-82289.50339263896	7570.0406357729735	293.08437631854207	28.998564924274863	1.118169243016927	134	1:13
388.00000000112453	-82406.71463817076	7713.283874079501	298.630232302792	29.02904591737166	1.1169951462493493	134	1:12
389.0000000011293	-82424.146829785	7297.568702710663	282.5352563853542	29.15317318162162	1.1122392470948854	134	1:11
390.0000000011341	-82548.24492209806	7511.157901043176	290.8046514908231	29.082880093800096	1.1149275204303468	134	1:11
391.00000000113886	-82749.13173096557	7433.091866161334	287.78221921524397	28.84130918292239	1.1242660027774818	134	1:10
392.00000000114363	-82550.11726035099	7498.821394941689	290.3270269481465	29.00764706127413	1.1178191502902748	134	1:09
393.0000000011484	-82136.8535240191	7697.266235763608	298.01008774059176	29.268296023396363	1.1078644060465166	134	1:09
394.0000000011532	-82174.51297169758	7881.505971900924	305.14317866532554	29.153091191310416	1.1122423751625543	134	1:08
395.00000000115796	-82153.59099272019	7857.144876708983	304.20000586952483	29.086815204701008	1.1147766835852506	134	1:07
396.00000000116273	-82306.7563535081	7543.928446801623	292.07340755533426	29.09884180954916	1.114315944331257	134	1:07
397.0000000011675	-82439.83009763825	7518.11080838972	291.07384271598414	29.09198649991607	1.114578524572297	134	1:06
398.0000000011723	-82267.53708353327	7667.009157297493	296.8386439666236	29.026920873218756	1.1170769208204354	134	1:05
399.00000000117706	-82414.32403241456	7661.36169457076	296.61999479805434	29.58406741137491	1.0960393964450705	134	1:05
400.00000000118183	-82642.02241653699	7567.908353406355	293.00182211868713	29.069423543544392	1.1154436324264332	134	1:04
401.0000000011866	-82826.89176774942	7566.196035935036	292.9355274285676	28.87413128136305	1.1229880156042202	134	1:04
402.0000000011914	-82685.33563781163	7618.017429329853	294.9418628623967	28.950374301658165	1.1200305409556117	134	1:03
403.00000000119616	-82631.73269987045	7694.884494613462	297.91787540605765	28.93503922505237	1.1206241380132411	134	1:02
404.00000000120093	-82583.02492229937	7621.3823536263935	295.07214046409814	29.07142251411732	1.1153669337717356	134	1:02
405.0000000012057	-82288.8969845089	7647.9756965303095	296.10173775349546	28.92116074008958	1.121161895311025	134	1:01
406.0000000012105	-82389.67506765181	7822.382882699793	302.85414818870515	29.2876179281261	1.1071335152461916	134	1:00
407.00000000121526	-82534.85626830274	7718.746080700274	298.8417090303022	29.18202643020649	1.1111395388357954	134	1:00
408.00000000122003	-82337.53836488389	7591.038532132461	293.8973383163205	29.061757046579164	1.1157378866660919	134	0:59
409.0000000012248	-82313.75900433154	8015.733862846919	310.33999326583836	29.008537158451006	1.1177848511574198	134	0:58
410.0000000012296	-82592.58160108858	7812.308819089958	302.46411717141723	29.129985093740235	1.113124613198705	134	0:58
411.00000000123435	-82370.95185401881	7488.155023525998	289.91406393191426	28.97235428294791	1.1191808257376588	134	0:57
412.00000000123913	-82377.54244207521	7593.599538609703	293.99649115079575	29.101830964847068	1.114201488872679	134	0:56
413.0000000012439	-82278.13208513241	7449.39010338175	288.4132275440849	29.09377905766975	1.1145098519405172	134	0:56
414.0000000012487	-82464.50789611769	7647.298966241102	296.07553722376366	29.134935439908652	1.1129354810767105	134	0:55
415.00000000125345	-82267.43015091395	7714.3312565734905	298.6707831346551	29.084403037899936	1.1148691395762935	134	0:54
416.00000000125823	-82165.94573654182	7776.75621658638	301.0876500119119	28.9392889168499	1.1204595760151523	134	0:54
417.000000001263	-82382.22431182349	7586.352126158548	293.71589776162267	29.085006702575622	1.1148460002617848	134	0:53
418.0000000012678	-82659.40700228242	7717.481517562467	298.79274975565727	28.903305027078623	1.1218545200825774	134	0:53
419.00000000127255	-82505.08698800826	7522.81864304573	291.256112911133	28.77248590497915	1.126955227193016	134	0:52
420.00000000127733	-82612.43310209416	7746.197982467715	299.9045465889604	29.112674873127762	1.1137864703694258	134	0:51
421.0000000012821	-82475.63120433161	7713.161500281077	298.625494435439	29.020902315971377	1.1173085880279015	134	0:51
422.0000000012869	-82601.40463625311	7587.959315734705	293.7781222828924	28.87504481793498	1.1229524869798124	134	0:50
423.00000000129165	-82339.42100407169	7675.495435941892	297.16720173842805	29.00169899977934	1.1180484077915693	134	0:49
424.0000000012964	-82519.74128247827	7961.105248975398	308.2249724890646	29.0947820169528	1.1144714324053098	134	0:49
425.0000000013012	-82307.35539074356	7682.539883201554	297.43993705531005	29.13300473833042	1.1130092375020804	134	0:48
426.000000001306	-82286.93163471049	7657.679723206387	296.4774422897032	29.197449326908046	1.1105526043355722	134	0:47
427.00000000131075	-82098.80299091735	7659.583118766459	296.55113482683106	29.05120228695482	1.11614325182383	134	0:47
428.0000000013155	-82588.86760962283	7739.445199465621	299.64310344884956	29.12346976504677	1.1133736347881749	134	0:46
429.0000000013203	-82498.61638344891	7579.618582936879	293.4551995156699	29.139597768025055	1.112757411687199	134	0:45
430.0000000013251	-82629.52869868433	7531.9672882069135	291.6103150997652	28.894458531992626	1.1221979935720747	134	0:45
431.00000000132985	-82313.35385189072	7727.9239235344085	299.19704164638887	29.099212333067296	1.1143017556219792	134	0:44
432.0000000013346	-82396.233157546	7512.189108381503	290.84457607962656	29.1582426021833	1.1120458743808417	134	0:44
433.0000000013394	-82734.38856733157	7520.7176331112005	291.1747694658428	29.1196422679486	1.113519977051487	134	0:43
434.0000000013442	-82714.68429657712	7688.174922060861	297.6581052170245	29.048871671939175	1.1162328009206652	134	0:42
435.00000000134895	-82342.75318691885	7726.1350984017	299.1277848585342	29.292186784251477	1.1069608298205524	134	0:42
436.0000000013537	-82310.81325735644	7691.315180940654	297.7796845928225	29.215460751497428	1.1098679451184656	134	0:41
437.0000000013585	-82328.67584561114	7777.186686854218	301.1043162513739	28.880623411657282	1.122735576991236	134	0:40
438.0000000013633	-82395.80171996565	7868.198664223519	304.62796822475264	29.044683652736623	1.1163937530749621	134	0:40
439.00000000136805	-82478.17875937739	7621.851320061028	295.0902971347981	29.213920184264413	1.1099264729085891	134	0:39
440.0000000013728	-82651.91167448377	7536.10478838087	291.7705040229622	28.929570308650696	1.1208359835285082	134	0:38
441.0000000013776	-82872.76952453202	7675.066162540097	297.15058183725597	28.93313033192029	1.120698072347209	134	0:38
442.0000000013824	-82421.46844423297	7466.6363728104225	289.08094022391356	29.125954899378794	1.11327863762658	134	0:37
443.00000000138715	-82326.3102621907	7625.862019240085	295.2455767857343	29.193782751699025	1.1106920835076277	134	0:36
444.0000000013919	-82452.33009254947	7798.568761544575	301.93215223357527	29.083322942193345	1.114910543558	134	0:36
445.0000000013967	-82302.99041119203	7673.030437816915	297.0717659973474	29.000274419228827	1.1181033296862122	134	0:35
446.0000000014015	-82129.81136310316	7549.1653890231455	292.27616286652216	29.20917953969739	1.1101066137747997	134	0:34
447.00000000140625	-82416.8388690631	7466.464545918284	289.0742877130566	29.059674064355175	1.1158178621737114	134	0:34
448.000000001411	-82194.57193800615	7476.734134855684	289.471888758227	29.251420155142963	1.108503560441753	134	0:33
449.0000000014158	-82381.14348711609	7627.972181144966	295.3272745619524	29.09078344216604	1.1146246182890465	134	0:32
450.0000000014206	-82510.98288423783	7681.606601130354	297.4038037758565	28.90740742428756	1.121695312001947	134	0:32
451.00000000142535	-82606.70025102532	7566.527925162968	292.94837696954835	28.888873125344276	1.1224149605720288	134	0:31
452.0000000014301	-82578.3385592525	7876.569670600315	304.95206307458847	29.078291952522196	1.1151034401503466	134	0:31
453.0000000014349	-82465.52835046721	7661.873459157219	296.6398084571694	29.47903240602434	1.0999446299101456	134	0:30
454.0000000014397	-82514.37440549422	7807.226049859878	302.2673308764098	29.24190708721907	1.1088641822586855	134	0:29
455.00000000144445	-82095.59545009141	7886.522375314417	305.3373955178558	29.27424614551124	1.1076392276262104	134	0:29
456.0000000014492	-82435.63247570588	7560.850458731467	292.7285661669111	29.409729979124343	1.1025365895222368	134	0:28
457.000000001454	-82561.6895006551	7860.276045923674	304.3212333266272	29.234737417562112	1.1091361255215126	134	0:27
458.0000000014588	-82295.03186038788	7557.908923917965	292.61468066249773	29.231419109723184	1.1092620330282932	134	0:27
459.00000000146355	-82637.86935616739	7736.34398226858	299.5230356246785	29.140512485750886	1.112722482345118	134	0:26
460.0000000014683	-82312.63201152769	7564.598966588199	292.8736947256831	29.288597201061492	1.1070964979086966	134	0:25
461.0000000014731	-82427.90212536033	7732.084780445138	299.35813485728517	29.279852149830365	1.1074271558485822	134	0:25
462.0000000014779	-82450.00381495661	7559.813699030876	292.6884266108823	28.840861976316884	1.1242834356539058	134	0:24
463.00000000148265	-82619.69563325151	7446.837869543988	288.314414354229	28.959730890100246	1.1196686707139973	134	0:23
464.0000000014874	-82346.23580682414	7657.855290227904	296.4842396047348	28.6416845067899	1.132101828098371	134	0:23
465.0000000014922	-82271.29099293367	7754.501150567954	300.2260149880369	28.98855133827842	1.1185554949459338	134	0:22
466.00000000149697	-82065.08996909438	7709.8340683148635	298.49666840008706	28.944902186626262	1.1202422858742795	134	0:21
467.00000000150175	-82036.23645118464	7744.772538261018	299.84935858583094	29.220624733764083	1.1096718049455865	134	0:21
468.0000000015065	-81820.17198103393	7587.4623138934385	293.7588801834526	28.97029191980575	1.1192604989867514	134	0:20
469.0000000015113	-82157.56103625704	7970.541924136469	308.5903261492594	29.45396305293871	1.100880833308388	134	0:20
470.00000000151607	-81849.06341308408	7689.530462648746	297.7105868068719	29.194836062078156	1.1106520112326168	134	0:19
471.00000000152085	-81924.54439824726	7845.414619634852	303.7458530790654	29.113995603083055	1.1137359444582704	134	0:18
472.0000000015256	-82050.59478041911	7746.864105000634	299.9303364250399	28.966325474758285	1.1194137626537946	134	0:18
473.0000000015304	-82137.69961355606	7806.42301037847	302.2362401152248	29.3913729284614	1.1032252038336834	134	0:17
474.00000000153517	-82134.78860392908	7614.624642239713	294.81050651490284	29.380600090492155	1.1036297179119487	134	0:16
475.00000000153995	-82346.17250545567	7536.971594268833	291.8040635869442	29.093542360332226	1.1145189192968168	134	0:16
476.0000000015447	-82510.68008097546	7802.913568006593	302.1003673004968	29.118456710177533	1.1135653140099384	134	0:15
477.0000000015495	-82072.74437629888	7701.614693533684	298.17844417285016	29.320556747667098	1.1058897574492192	134	0:14
478.00000000155427	-82357.735224618	7852.656746978326	304.02624184813635	29.29181447056919	1.1069748998489939	134	0:14
479.00000000155904	-82397.19157598546	7605.618946527342	294.46183880779677	29.05964984385617	1.115818792180286	134	0:13
480.0000000015638	-82232.40082813814	7547.174696824707	292.19909052180253	29.321988573390758	1.1058357556069403	134	0:12
481.0000000015686	-82248.18593198815	7635.342953009047	295.61264397787886	29.145671842568944	1.1125255085935126	134	0:12
482.00000000157337	-82295.08009661685	7559.390482800629	292.6720412213107	29.122885993889135	1.1133959524738535	134	0:11
483.00000000157814	-82263.18319666543	7592.593839579151	293.9575541506771	29.398634370097604	1.102952707998388	134	0:10
484.0000000015829	-82492.88623910598	7761.490663201994	300.49662343648276	29.17247330817028	1.1115034041653349	134	0:10
485.0000000015877	-82430.53892671876	7512.771954686352	290.8671417637444	29.47604144027821	1.1000562424792002	134	0:09
486.00000000159247	-82740.57041839437	7591.431812441	293.912564696137	29.32834242334462	1.1055961813970063	134	0:09
487.00000000159724	-82371.17187806783	7588.1294231480515	293.784708221799	29.53358771117921	1.0979127800880026	134	0:08
488.000000001602	-82454.767097706	7657.8019926942325	296.4821761185308	29.320119302123672	1.105906256923213	134	0:07
489.0000000016068	-82464.01643176327	7715.791847513152	298.727331891155	29.272481816323833	1.1077059879450204	134	0:07
490.00000000161157	-82416.05072876427	7445.145879947655	288.24890668532225	29.258741898739572	1.1082261671459794	134	0:06
491.00000000161634	-82465.77397902895	7646.698810667252	296.0523013878522	29.02020298168517	1.1173355131394995	134	0:05
492.0000000016211	-82584.63330055264	7575.008216868293	293.2767029488977	29.100409944661966	1.1142558971373382	134	0:05
493.0000000016259	-82503.91407595554	7559.063963320446	292.65939957738703	29.03637161703718	1.1167133351788345	134	0:04
494.00000000163067	-82581.11579860537	7849.28712608698	303.89578241140583	28.616693445363044	1.1330904967012436	134	0:03
495.00000000163544	-82321.78765655818	7715.631868260862	298.7211380777216	28.945980264856697	1.120200563023294	134	0:03
496.0000000016402	-82645.30305852811	7843.379013146316	303.6670418167713	29.102855394344637	1.1141622686361774	134	0:02
497.000000001645	-82891.33022769348	7563.47995578042	292.830370706636	28.49087453789235	1.13809435181881	134	0:01
498.00000000164977	-82419.51893297874	7666.489286757744	296.81851647454795	28.66926286166424	1.1310128044244858	134	0:01
499.00000000165454	-82131.39144592089	8008.152167831588	310.04645767443014	29.033887795384654	1.1168088689489284	134	0:00
500.0000000016593	-82382.35494359815	8053.3307219968465	311.7956065902135	28.970501311670205	1.1192524092391776	134	0:00
