    -44.945         0.00000     0.00000     0.00000     0.00000
    -44.795         0.00000     0.00000     0.00000     0.00000
    -44.645         0.00000     0.00000     0.00000     0.00000
    -44.495         0.00000     0.00000     0.00000     0.00000
    -44.345         0.00000     0.00000     0.00000     0.00000
    -44.195         0.00000     0.00000     0.00000     0.00000
    -44.045         0.00000     0.00000     0.00000     0.00000
    -43.895         0.00000     0.00000     0.00000     0.00000
    -43.745         0.00000     0.00000     0.00000     0.00000
    -43.595         0.00000     0.00000     0.00000     0.00000
    -43.445         0.00000     0.00000     0.00000     0.00000
    -43.295         0.00000     0.00000     0.00000     0.00000
    -43.145         0.00000     0.00000     0.00000     0.00000
    -42.995         0.00000     0.00000     0.00000     0.00000
    -42.845         0.00000     0.00000     0.00000     0.00000
    -42.695         0.00000     0.00000     0.00000     0.00000
    -42.545         0.00000     0.00000     0.00000     0.00000
    -42.395         0.00000     0.00000     0.00000     0.00000
    -42.245         0.00000     0.00000     0.00000     0.00000
    -42.095         0.00000     0.00000     0.00000     0.00000
    -41.945         0.00000     0.00000     0.00000     0.00000
    -41.795         0.00000     0.00000     0.00000     0.00000
    -41.645         0.00000     0.00000     0.00000     0.00000
    -41.495         0.00000     0.00000     0.00000     0.00000
    -41.345         0.00000     0.00000     0.00000     0.00000
    -41.195         0.00000     0.00000     0.00000     0.00000
    -41.045         0.00000     0.00000     0.00000     0.00000
    -40.895         0.00000     0.00000     0.00000     0.00000
    -40.745         0.00000     0.00000     0.00000     0.00000
    -40.595         0.00000     0.00000     0.00000     0.00000
    -40.445         0.00000     0.00000     0.00000     0.00000
    -40.295         0.00000     0.00000     0.00000     0.00000
    -40.145         0.00000     0.00000     0.00000     0.00000
    -39.995         0.00000     0.00000     0.00000     0.00000
    -39.845         0.00000     0.00000     0.00000     0.00000
    -39.695         0.00000     0.00000     0.00000     0.00000
    -39.545         0.00000     0.00000     0.00000     0.00000
    -39.395         0.00000     0.00000     0.00000     0.00000
    -39.245         0.00000     0.00000     0.00000     0.00000
    -39.095         0.00000     0.00000     0.00000     0.00000
    -38.945         0.00000     0.00000     0.00000     0.00000
    -38.795         0.00000     0.00000     0.00000     0.00000
    -38.645         0.00000     0.00000     0.00000     0.00000
    -38.495         0.00000     0.00000     0.00000     0.00000
    -38.345         0.00000     0.00000     0.00000     0.00000
    -38.195         0.00000     0.00000     0.00000     0.00000
    -38.045         0.00000     0.00000     0.00000     0.00000
    -37.895         0.00000     0.00000     0.00000     0.00000
    -37.745         0.00000     0.00000     0.00000     0.00000
    -37.595         0.00000     0.00000     0.00000     0.00000
    -37.445         0.00000     0.00000     0.00000     0.00000
    -37.295         0.00000     0.00000     0.00000     0.00000
    -37.145         0.00000     0.00000     0.00000     0.00000
    -36.995         0.00000     0.00000     0.00000     0.00000
    -36.845         0.00000     0.00000     0.00000     0.00000
    -36.695         0.00000     0.00000     0.00000     0.00000
    -36.545         0.00000     0.00000     0.00000     0.00000
    -36.395         0.00000     0.00000     0.00000     0.00000
    -36.245         0.00000     0.00000     0.00000     0.00000
    -36.095         0.00000     0.00000     0.00000     0.00000
    -35.945         0.00000     0.00000     0.00000     0.00000
    -35.795         0.00000     0.00000     0.00000     0.00000
    -35.645         0.00000     0.00000     0.00000     0.00000
    -35.495         0.00000     0.00000     0.00000     0.00000
    -35.345         0.00000     0.00000     0.00000     0.00000
    -35.195         0.00000     0.00000     0.00000     0.00000
    -35.045         0.00000     0.00000     0.00000     0.00000
    -34.895         0.00000     0.00000     0.00000     0.00000
    -34.745         0.00000     0.00000     0.00000     0.00000
    -34.595         0.00000     0.00000     0.00000     0.00000
    -34.445         0.00000     0.00000     0.00000     0.00000
    -34.295         0.00000     0.00000     0.00000     0.00000
    -34.145         0.00000     0.00000     0.00000     0.00000
    -33.995         0.00000     0.00000     0.00000     0.00000
    -33.845         0.00000     0.00000     0.00000     0.00000
    -33.695         0.00000     0.00000     0.00000     0.00000
    -33.545         0.00000     0.00000     0.00000     0.00000
    -33.395         0.00000     0.00000     0.00000     0.00000
    -33.245         0.00000     0.00000     0.00000     0.00000
    -33.095         0.00000     0.00000     0.00000     0.00000
    -32.945         0.00000     0.00000     0.00000     0.00000
    -32.795         0.00000     0.00000     0.00000     0.00000
    -32.645         0.00000     0.00000     0.00000     0.00000
    -32.495         0.00000     0.00000     0.00000     0.00000
    -32.345         0.00000     0.00000     0.00000     0.00000
    -32.195         0.00000     0.00000     0.00000     0.00000
    -32.045         0.00000     0.00000     0.00000     0.00000
    -31.895         0.00000     0.00000     0.00000     0.00000
    -31.745         0.00000     0.00000     0.00000     0.00000
    -31.595         0.00000     0.00000     0.00000     0.00000
    -31.445         0.00000     0.00000     0.00000     0.00000
    -31.295         0.00000     0.00000     0.00000     0.00000
    -31.145         0.00000     0.00000     0.00000     0.00000
    -30.995         0.00000     0.00000     0.00000     0.00000
    -30.845         0.00000     0.00000     0.00000     0.00000
    -30.695         0.00000     0.00000     0.00000     0.00000
    -30.545         0.00000     0.00000     0.00000     0.00000
    -30.395         0.00000     0.00000     0.00000     0.00000
    -30.245         0.00000     0.00000     0.00000     0.00000
    -30.095         0.00000     0.00000     0.00000     0.00000
    -29.945         0.00000     0.00000     0.00000     0.00000
    -29.795         0.00000     0.00000     0.00000     0.00000
    -29.645         0.00000     0.00000     0.00000     0.00000
    -29.495         0.00000     0.00000     0.00000     0.00000
    -29.345         0.00000     0.00000     0.00000     0.00000
    -29.195         0.00000     0.00000     0.00000     0.00000
    -29.045         0.00000     0.00000     0.00000     0.00000
    -28.895         0.00000     0.00000     0.00000     0.00000
    -28.745         0.00000     0.00000     0.00000     0.00000
    -28.595         0.00000     0.00000     0.00000     0.00000
    -28.445         0.00000     0.00000     0.00000     0.00000
    -28.295         0.00000     0.00000     0.00000     0.00000
    -28.145         0.00000     0.00000     0.00000     0.00000
    -27.995         0.00000     0.00000     0.00000     0.00000
    -27.845         0.00000     0.00000     0.00000     0.00000
    -27.695         0.00000     0.00000     0.00000     0.00000
    -27.545         0.00000     0.00000     0.00000     0.00000
    -27.395         0.00000     0.00000     0.00000     0.00000
    -27.245         0.00000     0.00000     0.00000     0.00000
    -27.095         0.00000     0.00000     0.00000     0.00000
    -26.945         0.00000     0.00000     0.00000     0.00000
    -26.795         0.00000     0.00000     0.00000     0.00000
    -26.645         0.00000     0.00000     0.00000     0.00000
    -26.495         0.00000     0.00000     0.00000     0.00000
    -26.345         0.00000     0.00000     0.00000     0.00000
    -26.195         0.00000     0.00000     0.00000     0.00000
    -26.045         0.00000     0.00000     0.00000     0.00000
    -25.895         0.00000     0.00000     0.00000     0.00000
    -25.745         0.00000     0.00000     0.00000     0.00000
    -25.595         0.00000     0.00000     0.00000     0.00000
    -25.445         0.00000     0.00000     0.00000     0.00000
    -25.295         0.00000     0.00000     0.00000     0.00000
    -25.145         0.00000     0.00000     0.00000     0.00000
    -24.995         0.00000     0.00000     0.00000     0.00000
    -24.845         0.00000     0.00000     0.00000     0.00000
    -24.695        -0.00000     0.00000    -0.00000     0.00000
    -24.545        -0.00054     0.00000    -0.00054     0.00000
    -24.395        -0.00054     0.00000    -0.00054     0.00000
    -24.245        -0.00054     0.00000    -0.00054     0.00000
    -24.095        -0.00164     0.00000    -0.00164     0.00000
    -23.945        -0.00432     0.00000    -0.00432     0.00000
    -23.795        -0.00811     0.00000    -0.00811     0.00000
    -23.645        -0.01818     0.00000    -0.01818     0.00000
    -23.495        -0.02780     0.00000    -0.02780     0.00000
    -23.345        -0.04522     0.00000    -0.04522     0.00000
    -23.195        -0.06633     0.00000    -0.06633     0.00000
    -23.045        -0.09054     0.00000    -0.09054     0.00000
    -22.895        -0.12392     0.00000    -0.12392     0.00000
    -22.745        -0.15739     0.00000    -0.15739     0.00000
    -22.595        -0.20003     0.00000    -0.20003     0.00000
    -22.445        -0.25409     0.00000    -0.25409     0.00000
    -22.295        -0.31256     0.00000    -0.31256     0.00000
    -22.145        -0.36496     0.00000    -0.36496     0.00000
    -21.995        -0.43437     0.00000    -0.43437     0.00000
    -21.845        -0.49376     0.00000    -0.49376     0.00000
    -21.695        -0.55338     0.00000    -0.55338     0.00000
    -21.545        -0.61850     0.00000    -0.61850     0.00000
    -21.395        -0.67023     0.00000    -0.67023     0.00000
    -21.245        -0.72655     0.00000    -0.72655     0.00000
    -21.095        -0.77651     0.00000    -0.77651     0.00000
    -20.945        -0.81665     0.00000    -0.81665     0.00000
    -20.795        -0.87207     0.00000    -0.87207     0.00000
    -20.645        -0.91351     0.00000    -0.91351     0.00000
    -20.495        -0.95852     0.00000    -0.95852     0.00000
    -20.345        -0.99345     0.00000    -0.99345     0.00000
    -20.195        -1.02764     0.00000    -1.02764     0.00000
    -20.045        -1.06029     0.00000    -1.06029     0.00000
    -19.895        -1.08863     0.00000    -1.08863     0.00000
    -19.745        -1.11357     0.00000    -1.11357     0.00000
    -19.595        -1.13834     0.00000    -1.13834     0.00000
    -19.445        -1.16254     0.00000    -1.16254     0.00000
    -19.295        -1.19151     0.00000    -1.19151     0.00000
    -19.145        -1.21181     0.00000    -1.21181     0.00000
    -18.995        -1.23193     0.00000    -1.23193     0.00000
    -18.845        -1.24805     0.00000    -1.24805     0.00000
    -18.695        -1.26410     0.00000    -1.26410     0.00000
    -18.545        -1.28308     0.00000    -1.28308     0.00000
    -18.395        -1.29759     0.00000    -1.29759     0.00000
    -18.245        -1.31242     0.00000    -1.31242     0.00000
    -18.095        -1.32586     0.00000    -1.32586     0.00000
    -17.945        -1.34052     0.00000    -1.34052     0.00000
    -17.795        -1.35042     0.00000    -1.35042     0.00000
    -17.645        -1.36026     0.00000    -1.36026     0.00000
    -17.495        -1.36970     0.00000    -1.36970     0.00000
    -17.345        -1.38156     0.00000    -1.38156     0.00000
    -17.195        -1.39003     0.00000    -1.39003     0.00000
    -17.045        -1.40295     0.00000    -1.40295     0.00000
    -16.895        -1.41255     0.00000    -1.41255     0.00000
    -16.745        -1.42208     0.00000    -1.42208     0.00000
    -16.595        -1.42875     0.00000    -1.42875     0.00000
    -16.445        -1.43462     0.00000    -1.43462     0.00000
    -16.295        -1.44089     0.00000    -1.44089     0.00000
    -16.145        -1.44907     0.00000    -1.44907     0.00000
    -15.995        -1.45721     0.00000    -1.45721     0.00000
    -15.845        -1.46222     0.00000    -1.46222     0.00000
    -15.695        -1.46802     0.00000    -1.46802     0.00000
    -15.545        -1.47185     0.00000    -1.47185     0.00000
    -15.395        -1.47909     0.00000    -1.47909     0.00000
    -15.245        -1.48634     0.00000    -1.48634     0.00000
    -15.095        -1.49099     0.00000    -1.49099     0.00000
    -14.945        -1.49524     0.00000    -1.49524     0.00000
    -14.795        -1.50134     0.00000    -1.50134     0.00000
    -14.645        -1.50745     0.00000    -1.50745     0.00000
    -14.495        -1.51176     0.00000    -1.51176     0.00000
    -14.345        -1.51539     0.00000    -1.51539     0.00000
    -14.195        -1.51976     0.00000    -1.51976     0.00000
    -14.045        -1.52306     0.00000    -1.52306     0.00000
    -13.895        -1.53059     0.00000    -1.53059     0.00000
    -13.745        -1.53578     0.00000    -1.53578     0.00000
    -13.595        -1.54298     0.00000    -1.54299     0.00000
    -13.445        -1.54759    -0.00036    -1.54722     0.00000
    -13.295        -1.55182    -0.00035    -1.55147     0.00000
    -13.145        -1.55883    -0.00240    -1.55642     0.00000
    -12.995        -1.56786    -0.00609    -1.56177     0.00000
    -12.845        -1.58008    -0.01292    -1.56716     0.00000
    -12.695        -1.59381    -0.01962    -1.57419     0.00000
    -12.545        -1.61163    -0.02883    -1.58280     0.00000
    -12.395        -1.62822    -0.03618    -1.59204     0.00000
    -12.245        -1.64921    -0.05005    -1.59916     0.00000
    -12.095        -1.67037    -0.06372    -1.60665     0.00000
    -11.945        -1.69505    -0.08121    -1.61384     0.00000
    -11.795        -1.71475    -0.09484    -1.61992     0.00000
    -11.645        -1.74253    -0.11564    -1.62690     0.00000
    -11.495        -1.77316    -0.13893    -1.63423     0.00000
    -11.345        -1.80603    -0.16334    -1.64270     0.00000
    -11.195        -1.83539    -0.18383    -1.65156     0.00000
    -11.045        -1.86429    -0.20389    -1.66041     0.00000
    -10.895        -1.89404    -0.22722    -1.66682     0.00000
    -10.745        -1.92609    -0.25170    -1.67439     0.00000
    -10.595        -1.96084    -0.27853    -1.68231     0.00000
    -10.445        -2.00371    -0.31214    -1.69156     0.00000
    -10.295        -2.04649    -0.34539    -1.70110     0.00000
    -10.145        -2.08936    -0.38014    -1.70922     0.00000
    -9.9950        -2.13708    -0.41894    -1.71813     0.00000
    -9.8450        -2.18206    -0.45591    -1.72615     0.00000
    -9.6950        -2.24242    -0.50502    -1.73740     0.00000
    -9.5450        -2.29950    -0.55103    -1.74847     0.00000
    -9.3950        -2.35769    -0.59852    -1.75918     0.00000
    -9.2450        -2.41739    -0.64563    -1.77176     0.00000
    -9.0950        -2.47598    -0.69157    -1.78441     0.00000
    -8.9450        -2.53776    -0.73750    -1.80026     0.00000
    -8.7950        -2.60753    -0.78925    -1.81829     0.00000
    -8.6450        -2.67394    -0.84168    -1.83226     0.00000
    -8.4950        -2.74600    -0.89528    -1.85071     0.00000
    -8.3450        -2.81554    -0.94799    -1.86755     0.00000
    -8.1950        -2.88979    -1.00286    -1.88693    -0.00000
    -8.0450        -2.96654    -1.06042    -1.90611     0.00000
    -7.8950        -3.04041    -1.11457    -1.92516    -0.00067
    -7.7450        -3.11396    -1.16352    -1.94832    -0.00211
    -7.5950        -3.19316    -1.21600    -1.97157    -0.00560
    -7.4450        -3.26450    -1.26081    -1.99259    -0.01110
    -7.2950        -3.34963    -1.31193    -2.01574    -0.02195
    -7.1450        -3.43565    -1.36322    -2.03562    -0.03681
    -6.9950        -3.53762    -1.41229    -2.06042    -0.06491
    -6.8450        -3.65160    -1.45766    -2.08741    -0.10653
    -6.6950        -3.77348    -1.50571    -2.10932    -0.15845
    -6.5450        -3.91595    -1.55511    -2.13512    -0.22572
    -6.3950        -4.06427    -1.59902    -2.16080    -0.30446
    -6.2450        -4.23090    -1.64523    -2.18655    -0.39912
    -6.0950        -4.42463    -1.69089    -2.21350    -0.52025
    -5.9450        -4.65134    -1.73296    -2.24138    -0.67700
    -5.7950        -4.92824    -1.77720    -2.27080    -0.88025
    -5.6450        -5.27502    -1.82027    -2.29878    -1.15597
    -5.4950        -5.68533    -1.86435    -2.33281    -1.48818
    -5.3450        -6.14304    -1.90413    -2.36522    -1.87370
    -5.1950        -6.65535    -1.94967    -2.39895    -2.30672
    -5.0450        -7.19611    -1.99313    -2.42937    -2.77361
    -4.8950        -7.77714    -2.03718    -2.46145    -3.27851
    -4.7450        -8.37994    -2.08640    -2.49543    -3.79810
    -4.5950        -9.00739    -2.13537    -2.53468    -4.33734
    -4.4450        -9.63827    -2.18875    -2.57165    -4.87787
    -4.2950       -10.29847    -2.24395    -2.61302    -5.44150
    -4.1450       -10.95460    -2.29939    -2.65708    -5.99813
    -3.9950       -11.61364    -2.35460    -2.70062    -6.55843
    -3.8450       -12.29373    -2.41567    -2.74752    -7.13054
    -3.6950       -13.00451    -2.47732    -2.79950    -7.72769
    -3.5450       -13.72343    -2.54108    -2.85174    -8.33062
    -3.3950       -14.47377    -2.60768    -2.90502    -8.96107
    -3.2450       -15.24613    -2.67493    -2.96134    -9.60986
    -3.0950       -16.05943    -2.74427    -3.02338   -10.29178
    -2.9450       -16.91562    -2.82042    -3.08519   -11.01001
    -2.7950       -17.80797    -2.89708    -3.15164   -11.75924
    -2.6450       -18.76292    -2.98011    -3.22708   -12.55573
    -2.4950       -19.78238    -3.06677    -3.30623   -13.40937
    -2.3450       -20.87714    -3.15758    -3.39000   -14.32956
    -2.1950       -22.04748    -3.25261    -3.47678   -15.31809
    -2.0450       -23.28946    -3.34782    -3.57206   -16.36958
    -1.8950       -24.61914    -3.45228    -3.67592   -17.49095
    -1.7450       -26.05842    -3.56428    -3.78624   -18.70791
    -1.5950       -27.61413    -3.67966    -3.90791   -20.02657
    -1.4450       -29.30922    -3.80411    -4.03832   -21.46679
    -1.2950       -31.16584    -3.93421    -4.18834   -23.04329
    -1.1450       -33.26132    -4.07776    -4.36724   -24.81632
   -0.99500       -35.61260    -4.22672    -4.57093   -26.81496
   -0.84500       -38.32501    -4.39275    -4.80612   -29.12614
   -0.69500       -41.49948    -4.57718    -5.08156   -31.84074
   -0.54500       -45.30682    -4.77772    -5.36334   -35.16575
   -0.39500       -50.23096    -4.98595    -5.63732   -39.60768
   -0.25300       -54.54604    -5.09867    -5.77979   -43.66758
   -0.21500       -54.86530    -5.10482    -5.78715   -43.97333
   -0.20900       -55.19302    -5.11068    -5.79408   -44.28826
   -0.20300       -55.53133    -5.11631    -5.80083   -44.61419
   -0.19700       -55.87848    -5.12193    -5.80733   -44.94923
   -0.19100       -56.23643    -5.12749    -5.81356   -45.29537
   -0.18500       -56.60466    -5.13279    -5.81977   -45.65210
   -0.17900       -56.98510    -5.13783    -5.82574   -46.02152
   -0.17300       -57.37841    -5.14301    -5.83152   -46.40388
   -0.16700       -57.78573    -5.14798    -5.83699   -46.80076
   -0.16100       -58.20654    -5.15269    -5.84234   -47.21151
   -0.15500       -58.64324    -5.15743    -5.84750   -47.63830
   -0.14900       -59.09488    -5.16204    -5.85239   -48.08045
   -0.14300       -59.56137    -5.16641    -5.85707   -48.53789
   -0.13700       -60.04637    -5.17058    -5.86165   -49.01414
   -0.13100       -60.54975    -5.17451    -5.86604   -49.50920
   -0.12500       -61.07278    -5.17830    -5.87021   -50.02427
   -0.11900       -61.61769    -5.18188    -5.87426   -50.56154
   -0.11300       -62.18439    -5.18521    -5.87809   -51.12109
   -0.10700       -62.77444    -5.18850    -5.88162   -51.70432
   -0.10100       -63.38841    -5.19144    -5.88511   -52.31186
   -0.95000E-01   -64.03032    -5.19432    -5.88833   -52.94767
   -0.89000E-01   -64.70039    -5.19702    -5.89146   -53.61190
   -0.83000E-01   -65.39944    -5.19960    -5.89421   -54.30563
   -0.77000E-01   -66.13170    -5.20192    -5.89677   -55.03302
   -0.71000E-01   -66.90031    -5.20402    -5.89917   -55.79712
   -0.65000E-01   -67.70995    -5.20604    -5.90130   -56.60261
   -0.59000E-01   -68.56630    -5.20777    -5.90328   -57.45525
   -0.53000E-01   -69.47581    -5.20939    -5.90505   -58.36137
   -0.47000E-01   -70.43814    -5.21083    -5.90668   -59.32063
   -0.41000E-01   -71.44204    -5.21214    -5.90805   -60.32185
   -0.35000E-01   -72.47039    -5.21323    -5.90920   -61.34796
   -0.29000E-01   -73.49043    -5.21415    -5.91015   -62.36612
   -0.23000E-01   -74.41873    -5.21490    -5.91092   -63.29292
   -0.19700E-01   -74.50268    -5.21496    -5.91098   -63.37674
   -0.19100E-01   -74.58459    -5.21502    -5.91104   -63.45852
   -0.18500E-01   -74.66486    -5.21508    -5.91111   -63.53867
   -0.17900E-01   -74.74307    -5.21514    -5.91116   -63.61677
   -0.17300E-01   -74.81932    -5.21519    -5.91122   -63.69291
   -0.16700E-01   -74.89366    -5.21525    -5.91127   -63.76714
   -0.16100E-01   -74.96565    -5.21530    -5.91133   -63.83903
   -0.15500E-01   -75.03547    -5.21534    -5.91138   -63.90874
   -0.14900E-01   -75.10317    -5.21539    -5.91143   -63.97635
   -0.14300E-01   -75.16831    -5.21544    -5.91147   -64.04139
   -0.13700E-01   -75.23125    -5.21549    -5.91152   -64.10425
   -0.13100E-01   -75.29164    -5.21553    -5.91156   -64.16455
   -0.12500E-01   -75.34954    -5.21556    -5.91160   -64.22237
   -0.11900E-01   -75.40507    -5.21560    -5.91164   -64.27782
   -0.11300E-01   -75.45797    -5.21564    -5.91168   -64.33066
   -0.10700E-01   -75.50830    -5.21567    -5.91171   -64.38091
   -0.10100E-01   -75.55606    -5.21571    -5.91175   -64.42860
   -0.95000E-02   -75.60127    -5.21574    -5.91178   -64.47376
   -0.89000E-02   -75.64377    -5.21577    -5.91181   -64.51620
   -0.83000E-02   -75.68347    -5.21579    -5.91184   -64.55584
   -0.77000E-02   -75.72045    -5.21582    -5.91186   -64.59277
   -0.71000E-02   -75.75467    -5.21584    -5.91188   -64.62695
   -0.65000E-02   -75.78604    -5.21586    -5.91191   -64.65827
   -0.59000E-02   -75.81463    -5.21588    -5.91193   -64.68682
   -0.53000E-02   -75.84044    -5.21590    -5.91194   -64.71260
   -0.47000E-02   -75.86327    -5.21591    -5.91196   -64.73539
   -0.41000E-02   -75.88326    -5.21593    -5.91197   -64.75536
   -0.35000E-02   -75.90042    -5.21594    -5.91198   -64.77250
   -0.29000E-02   -75.91463    -5.21595    -5.91199   -64.78669
   -0.23000E-02   -75.92593    -5.21596    -5.91200   -64.79797
   -0.17000E-02   -75.93427    -5.21596    -5.91201   -64.80630
   -0.11000E-02   -75.93967    -5.21597    -5.91201   -64.81169
   -0.50000E-03   -75.94213    -5.21597    -5.91201   -64.81415
    0.10000E-03   -75.94164    -5.21597    -5.91201   -64.81366
    0.70000E-03   -75.93820    -5.21597    -5.91201   -64.81022
    0.13000E-02   -75.93181    -5.21596    -5.91201   -64.80384
    0.19000E-02   -75.92248    -5.21596    -5.91200   -64.79452
    0.25000E-02   -75.91018    -5.21595    -5.91199   -64.78223
    0.31000E-02   -75.89498    -5.21595    -5.91198   -64.76705
    0.37000E-02   -75.87681    -5.21593    -5.91197   -64.74890
    0.43000E-02   -75.85575    -5.21592    -5.91195   -64.72787
    0.49000E-02   -75.83177    -5.21590    -5.91194   -64.70393
    0.55000E-02   -75.80495    -5.21589    -5.91192   -64.67714
    0.61000E-02   -75.77519    -5.21587    -5.91190   -64.64743
    0.67000E-02   -75.74258    -5.21585    -5.91188   -64.61486
    0.73000E-02   -75.70721    -5.21583    -5.91186   -64.57953
    0.79000E-02   -75.66891    -5.21580    -5.91184   -64.54127
    0.85000E-02   -75.62808    -5.21577    -5.91181   -64.50049
    0.91000E-02   -75.58437    -5.21575    -5.91179   -64.45683
    0.97000E-02   -75.53800    -5.21572    -5.91176   -64.41052
    0.10300E-01   -75.48879    -5.21569    -5.91172   -64.36138
    0.10900E-01   -75.43694    -5.21566    -5.91169   -64.30960
    0.11500E-01   -75.38260    -5.21563    -5.91166   -64.25531
    0.12100E-01   -75.32562    -5.21559    -5.91162   -64.19842
    0.12700E-01   -75.26616    -5.21556    -5.91158   -64.13903
    0.13300E-01   -75.20425    -5.21551    -5.91153   -64.07721
    0.13900E-01   -75.13978    -5.21547    -5.91149   -64.01282
    0.14500E-01   -75.07287    -5.21542    -5.91144   -63.94601
    0.15100E-01   -75.00357    -5.21538    -5.91139   -63.87680
    0.15700E-01   -74.93200    -5.21533    -5.91134   -63.80533
    0.16300E-01   -74.85817    -5.21528    -5.91128   -63.73161
    0.16900E-01   -74.78201    -5.21524    -5.91123   -63.65555
    0.17500E-01   -74.70408    -5.21519    -5.91117   -63.57772
    0.18100E-01   -74.62379    -5.21514    -5.91111   -63.49754
    0.18700E-01   -74.54166    -5.21508    -5.91105   -63.41554
    0.19300E-01   -74.45736    -5.21501    -5.91099   -63.33135
    0.20200E-01   -74.11289    -5.21476    -5.91072   -62.98741
    0.25000E-01   -73.12737    -5.21398    -5.90993   -62.00347
    0.31000E-01   -72.08073    -5.21300    -5.90892   -60.95882
    0.37000E-01   -71.04096    -5.21184    -5.90773   -59.92139
    0.43000E-01   -70.03350    -5.21047    -5.90635   -58.91669
    0.49000E-01   -69.07525    -5.20889    -5.90476   -57.96160
    0.55000E-01   -68.17229    -5.20719    -5.90301   -57.06210
    0.61000E-01   -67.32254    -5.20522    -5.90103   -56.21629
    0.67000E-01   -66.51976    -5.20312    -5.89889   -55.41776
    0.73000E-01   -65.75708    -5.20081    -5.89650   -54.65977
    0.79000E-01   -65.03120    -5.19832    -5.89400   -53.93888
    0.85000E-01   -64.34002    -5.19563    -5.89134   -53.25305
    0.91000E-01   -63.68026    -5.19266    -5.88841   -52.59918
    0.97000E-01   -63.04954    -5.18955    -5.88551   -51.97448
    0.10300       -62.44860    -5.18623    -5.88226   -51.38010
    0.10900       -61.87375    -5.18272    -5.87889   -50.81214
    0.11500       -61.32158    -5.17906    -5.87532   -50.26720
    0.12100       -60.79371    -5.17507    -5.87175   -49.74689
    0.12700       -60.28925    -5.17086    -5.86776   -49.25063
    0.13300       -59.80529    -5.16647    -5.86373   -48.77509
    0.13900       -59.34179    -5.16201    -5.85951   -48.32027
    0.14500       -58.89676    -5.15724    -5.85517   -47.88435
    0.15100       -58.46965    -5.15234    -5.85069   -47.46662
    0.15700       -58.05921    -5.14722    -5.84600   -47.06600
    0.16300       -57.66692    -5.14188    -5.84122   -46.68381
    0.16900       -57.28901    -5.13639    -5.83641   -46.31620
    0.17500       -56.92646    -5.13069    -5.83145   -45.96431
    0.18100       -56.57560    -5.12472    -5.82644   -45.62444
    0.18700       -56.23847    -5.11853    -5.82136   -45.29859
    0.19300       -55.91244    -5.11228    -5.81597   -44.98418
    0.19900       -55.59918    -5.10593    -5.81049   -44.68276
    0.20500       -55.29850    -5.09919    -5.80513   -44.39417
    0.21100       -55.00684    -5.09247    -5.79965   -44.11472
    0.21700       -54.72602    -5.08526    -5.79415   -43.84661
    0.29500       -49.43709    -4.85991    -5.62744   -38.94974
    0.44500       -46.25571    -4.59022    -5.44333   -36.22217
    0.59500       -44.02759    -4.32434    -5.25470   -34.44855
    0.74500       -42.33031    -4.08042    -5.07445   -33.17544
    0.89500       -40.97610    -3.87453    -4.91580   -32.18576
     1.0450       -39.84539    -3.69547    -4.77151   -31.37842
     1.1950       -38.88578    -3.53270    -4.63995   -30.71313
     1.3450       -38.06116    -3.38441    -4.51981   -30.15694
     1.4950       -37.35348    -3.25060    -4.40817   -29.69471
     1.6450       -36.72605    -3.12907    -4.30291   -29.29407
     1.7950       -36.16212    -3.01380    -4.20300   -28.94533
     1.9450       -35.65130    -2.90956    -4.10894   -28.63279
     2.0950       -35.18568    -2.81168    -4.02153   -28.35247
     2.2450       -34.76834    -2.72308    -3.93810   -28.10715
     2.3950       -34.38578    -2.64036    -3.85936   -27.88607
     2.5450       -34.03752    -2.56181    -3.78453   -27.69118
     2.6950       -33.72273    -2.48887    -3.71373   -27.52013
     2.8450       -33.43377    -2.42102    -3.64681   -27.36594
     2.9950       -33.16564    -2.35685    -3.58300   -27.22579
     3.1450       -32.92060    -2.29706    -3.52351   -27.10003
     3.2950       -32.68947    -2.24061    -3.46583   -26.98303
     3.4450       -32.48224    -2.18886    -3.41185   -26.88153
     3.5950       -32.28907    -2.14068    -3.36025   -26.78815
     3.7450       -32.10837    -2.09614    -3.31160   -26.70064
     3.8950       -31.93771    -2.05471    -3.26595   -26.61705
     4.0450       -31.77846    -2.01666    -3.22155   -26.54024
     4.1950       -31.62805    -1.98051    -3.17921   -26.46834
     4.3450       -31.48851    -1.94837    -3.13805   -26.40210
     4.4950       -31.35405    -1.91687    -3.09882   -26.33836
     4.6450       -31.22357    -1.88750    -3.06046   -26.27561
     4.7950       -31.10044    -1.86001    -3.02383   -26.21660
     4.9450       -30.98243    -1.83371    -2.98777   -26.16095
     5.0950       -30.86779    -1.80923    -2.95361   -26.10496
     5.2450       -30.75796    -1.78574    -2.91978   -26.05244
     5.3950       -30.65245    -1.76356    -2.88746   -26.00143
     5.5450       -30.54960    -1.74202    -2.85571   -25.95186
     5.6950       -30.44829    -1.72133    -2.82513   -25.90183
     5.8450       -30.35128    -1.70134    -2.79516   -25.85479
     5.9950       -30.25853    -1.68321    -2.76615   -25.80917
     6.1450       -30.16585    -1.66583    -2.73783   -25.76218
     6.2950       -30.07789    -1.64862    -2.71037   -25.71890
     6.4450       -29.99299    -1.63236    -2.68411   -25.67652
     6.5950       -29.90945    -1.61644    -2.65828   -25.63473
     6.7450       -29.82804    -1.60079    -2.63297   -25.59428
     6.8950       -29.74932    -1.58583    -2.60885   -25.55464
     7.0450       -29.67264    -1.57131    -2.58545   -25.51588
     7.1950       -29.59791    -1.55792    -2.56261   -25.47737
     7.3450       -29.52488    -1.54468    -2.53992   -25.44027
     7.4950       -29.45367    -1.53194    -2.51778   -25.40395
     7.6450       -29.38427    -1.51966    -2.49632   -25.36829
     7.7950       -29.31656    -1.50777    -2.47549   -25.33330
     7.9450       -29.25023    -1.49606    -2.45514   -25.29903
     8.0950       -29.18565    -1.48481    -2.43543   -25.26540
     8.2450       -29.12261    -1.47398    -2.41622   -25.23240
     8.3950       -29.06106    -1.46341    -2.39768   -25.19997
     8.5450       -29.00102    -1.45353    -2.37941   -25.16808
     8.6950       -28.94192    -1.44365    -2.36151   -25.13675
     8.8450       -28.88421    -1.43404    -2.34411   -25.10606
     8.9950       -28.82762    -1.42480    -2.32702   -25.07580
     9.1450       -28.77209    -1.41576    -2.31029   -25.04604
     9.2950       -28.71815    -1.40739    -2.29395   -25.01681
     9.4450       -28.66551    -1.39889    -2.27857   -24.98805
     9.5950       -28.61433    -1.39061    -2.26386   -24.95986
     9.7450       -28.56371    -1.38281    -2.24891   -24.93199
     9.8950       -28.51402    -1.37527    -2.23423   -24.90452
     10.045       -28.46597    -1.36842    -2.21997   -24.87758
     10.195       -28.41804    -1.36091    -2.20618   -24.85094
     10.345       -28.37107    -1.35352    -2.19288   -24.82467
     10.495       -28.32802    -1.34878    -2.18046   -24.79878
     10.645       -28.28242    -1.34196    -2.16725   -24.77322
     10.795       -28.24062    -1.33654    -2.15602   -24.74806
     10.945       -28.19774    -1.33017    -2.14427   -24.72330
     11.095       -28.15458    -1.32386    -2.13189   -24.69883
     11.245       -28.11299    -1.31855    -2.11973   -24.67472
     11.395       -28.07281    -1.31325    -2.10862   -24.65093
     11.545       -28.03322    -1.30758    -2.09824   -24.62739
     11.695       -27.99675    -1.30511    -2.08747   -24.60418
     11.845       -27.96060    -1.30260    -2.07670   -24.58130
     11.995       -27.92396    -1.29794    -2.06738   -24.55864
     12.145       -27.89189    -1.29541    -2.06020   -24.53628
     12.295       -27.85774    -1.29290    -2.05062   -24.51422
     12.445       -27.82311    -1.28910    -2.04159   -24.49242
     12.595       -27.79197    -1.28657    -2.03444   -24.47097
     12.745       -27.76119    -1.28405    -2.02739   -24.44974
     12.895       -27.73355    -1.28350    -2.02129   -24.42876
     13.045       -27.70294    -1.28295    -2.01203   -24.40796
     13.195       -27.67407    -1.28242    -2.00426   -24.38739
     13.345       -27.64555    -1.28190    -1.99656   -24.36709
     13.495       -27.61684    -1.27935    -1.99050   -24.34699
     13.645       -27.58888    -1.27885    -1.98293   -24.32710
     13.795       -27.56398    -1.27836    -1.97823   -24.30740
     13.945       -27.53722    -1.27576    -1.97349   -24.28798
     14.095       -27.51277    -1.27529    -1.96875   -24.26874
     14.245       -27.49038    -1.27482    -1.96577   -24.24979
     14.395       -27.47055    -1.27436    -1.96523   -24.23095
     14.545       -27.45099    -1.27392    -1.96471   -24.21236
     14.695       -27.43163    -1.27348    -1.96420   -24.19395
     14.845       -27.40987    -1.27304    -1.96116   -24.17567
     14.995       -27.38557    -1.27261    -1.95537   -24.15759
     15.145       -27.36678    -1.27220    -1.95489   -24.13970
     15.295       -27.34818    -1.27178    -1.95443   -24.12197
     15.445       -27.32983    -1.27138    -1.95399   -24.10447
     15.595       -27.31161    -1.27098    -1.95355   -24.08708
     15.745       -27.29362    -1.27058    -1.95313   -24.06991
     15.895       -27.27576    -1.27019    -1.95273   -24.05284
     16.045       -27.25812    -1.26980    -1.95232   -24.03600
     16.195       -27.24067    -1.26943    -1.95194   -24.01931
     16.345       -27.22335    -1.26905    -1.95157   -24.00273
     16.495       -27.20622    -1.26868    -1.95120   -23.98634
     16.645       -27.18926    -1.26832    -1.95084   -23.97010
     16.795       -27.17246    -1.26796    -1.95050   -23.95400
     16.945       -27.15579    -1.26761    -1.95016   -23.93802
     17.095       -27.13933    -1.26726    -1.94983   -23.92224
     17.245       -27.12295    -1.26692    -1.94950   -23.90653
     17.395       -27.10674    -1.26657    -1.94919   -23.89098
     17.545       -27.09071    -1.26623    -1.94889   -23.87558
     17.695       -27.07485    -1.26590    -1.94860   -23.86034
     17.845       -27.05911    -1.26557    -1.94831   -23.84522
     17.995       -27.04347    -1.26525    -1.94804   -23.83018
     18.145       -27.02803    -1.26494    -1.94776   -23.81534
     18.295       -27.01268    -1.26462    -1.94749   -23.80057
     18.445       -26.99745    -1.26431    -1.94722   -23.78592
     18.595       -26.98242    -1.26400    -1.94697   -23.77146
     18.745       -26.96747    -1.26369    -1.94672   -23.75705
     18.895       -26.95263    -1.26339    -1.94647   -23.74276
     19.045       -26.93792    -1.26309    -1.94624   -23.72859
     19.195       -26.92336    -1.26279    -1.94601   -23.71456
     19.345       -26.90886    -1.26249    -1.94578   -23.70058
     19.495       -26.89453    -1.26220    -1.94557   -23.68677
     19.645       -26.88026    -1.26192    -1.94536   -23.67298
     19.795       -26.86611    -1.26163    -1.94514   -23.65934
     19.945       -26.85209    -1.26134    -1.94493   -23.64582
     20.095       -26.83818    -1.26106    -1.94473   -23.63240
     20.245       -26.82442    -1.26078    -1.94453   -23.61911
     20.395       -26.81079    -1.26051    -1.94433   -23.60595
     20.545       -26.79725    -1.26024    -1.94415   -23.59286
     20.695       -26.78378    -1.25997    -1.94396   -23.57985
     20.845       -26.77045    -1.25971    -1.94378   -23.56696
     20.995       -26.75717    -1.25944    -1.94360   -23.55412
     21.145       -26.74402    -1.25918    -1.94343   -23.54141
     21.295       -26.73101    -1.25892    -1.94327   -23.52882
     21.445       -26.71802    -1.25866    -1.94310   -23.51626
     21.595       -26.70511    -1.25841    -1.94293   -23.50377
     21.745       -26.69229    -1.25816    -1.94277   -23.49135
     21.895       -26.67962    -1.25791    -1.94261   -23.47909
     22.045       -26.66701    -1.25767    -1.94246   -23.46687
     22.195       -26.65449    -1.25743    -1.94232   -23.45474
     22.345       -26.64204    -1.25719    -1.94216   -23.44269
     22.495       -26.62971    -1.25695    -1.94202   -23.43074
     22.645       -26.61749    -1.25672    -1.94187   -23.41889
     22.795       -26.60533    -1.25648    -1.94174   -23.40711
     22.945       -26.59321    -1.25625    -1.94161   -23.39536
     23.095       -26.58117    -1.25601    -1.94148   -23.38368
     23.245       -26.56928    -1.25578    -1.94134   -23.37216
     23.395       -26.55743    -1.25555    -1.94121   -23.36068
     23.545       -26.54566    -1.25532    -1.94108   -23.34926
     23.695       -26.53399    -1.25510    -1.94095   -23.33794
     23.845       -26.52238    -1.25488    -1.94083   -23.32668
     23.995       -26.51087    -1.25465    -1.94070   -23.31552
     24.145       -26.49943    -1.25443    -1.94058   -23.30442
     24.295       -26.48804    -1.25421    -1.94046   -23.29336
     24.445       -26.47677    -1.25400    -1.94034   -23.28242
     24.595       -26.46551    -1.25378    -1.94022   -23.27150
     24.745       -26.45434    -1.25357    -1.94011   -23.26066
     24.895       -26.44328    -1.25336    -1.94000   -23.24992
     25.045       -26.43224    -1.25314    -1.93989   -23.23921
     25.195       -26.42128    -1.25293    -1.93978   -23.22856
     25.345       -26.41042    -1.25272    -1.93968   -23.21801
     25.495       -26.39962    -1.25253    -1.93957   -23.20752
     25.645       -26.38885    -1.25232    -1.93947   -23.19706
     25.795       -26.37812    -1.25212    -1.93937   -23.18663
     25.945       -26.36748    -1.25192    -1.93927   -23.17629
     26.095       -26.35692    -1.25172    -1.93917   -23.16603
     26.245       -26.34640    -1.25152    -1.93906   -23.15582
     26.395       -26.33596    -1.25132    -1.93896   -23.14568
     26.545       -26.32559    -1.25113    -1.93887   -23.13559
     26.695       -26.31527    -1.25094    -1.93877   -23.12556
     26.845       -26.30500    -1.25075    -1.93868   -23.11557
     26.995       -26.29479    -1.25055    -1.93859   -23.10565
     27.145       -26.28468    -1.25036    -1.93850   -23.09582
     27.295       -26.27456    -1.25017    -1.93841   -23.08598
     27.445       -26.26455    -1.24998    -1.93832   -23.07625
     27.595       -26.25458    -1.24980    -1.93823   -23.06655
     27.745       -26.24469    -1.24961    -1.93815   -23.05693
     27.895       -26.23485    -1.24943    -1.93807   -23.04736
     28.045       -26.22504    -1.24925    -1.93798   -23.03782
     28.195       -26.21532    -1.24907    -1.93790   -23.02836
     28.345       -26.20564    -1.24889    -1.93781   -23.01893
     28.495       -26.19600    -1.24871    -1.93773   -23.00955
     28.645       -26.18639    -1.24854    -1.93765   -23.00020
     28.795       -26.17684    -1.24837    -1.93757   -22.99090
     28.945       -26.16732    -1.24819    -1.93749   -22.98164
     29.095       -26.15789    -1.24801    -1.93741   -22.97247
     29.245       -26.14849    -1.24784    -1.93734   -22.96331
     29.395       -26.13913    -1.24767    -1.93726   -22.95420
     29.545       -26.12984    -1.24750    -1.93718   -22.94516
     29.695       -26.12056    -1.24733    -1.93712   -22.93611
     29.845       -26.11136    -1.24716    -1.93704   -22.92716
     29.995       -26.10224    -1.24699    -1.93697   -22.91828
     30.145       -26.09313    -1.24683    -1.93689   -22.90941
     35.794       -25.49385    -1.23603    -1.93278   -22.32504
     49.810       -24.90391    -1.22575    -1.92956   -21.74860
     69.316       -24.32466    -1.21581    -1.92678   -21.18207
     96.460       -23.75746    -1.20623    -1.92431   -20.62692
     134.23       -23.20364    -1.19695    -1.92207   -20.08462
     186.80       -22.66329    -1.18796    -1.91996   -19.55537
     259.95       -22.13735    -1.17930    -1.91802   -19.04004
     361.74       -21.62591    -1.17091    -1.91614   -18.53887
     503.40       -21.12929    -1.16282    -1.91430   -18.05217
     700.53       -20.64749    -1.15500    -1.91259   -17.57991
     974.85       -20.17999    -1.14744    -1.91088   -17.12167
     1356.6       -19.72688    -1.14017    -1.90924   -16.67747
     1887.8       -19.28759    -1.13319    -1.90766   -16.24674
     2627.1       -18.86148    -1.12646    -1.90619   -15.82883
     3655.9       -18.44843    -1.11999    -1.90476   -15.42368
     5087.5       -18.04768    -1.11374    -1.90339   -15.03055
     7079.7       -17.65904    -1.10771    -1.90211   -14.64922
     9852.1       -17.28257    -1.10195    -1.90087   -14.27975
     13710.       -16.91846    -1.09638    -1.89970   -13.92238
     19079.       -16.56686    -1.09101    -1.89863   -13.57723
     26550.       -16.22689    -1.08584    -1.89757   -13.24348
     36947.       -15.89939    -1.08087    -1.89658   -12.92194
     51416.       -15.58516    -1.07605    -1.89566   -12.61344
     71550.       -15.28476    -1.07140    -1.89480   -12.31856
     99568.       -14.99754    -1.06689    -1.89400   -12.03665
    0.13856E+06   -14.72226    -1.06254    -1.89325   -11.76648
    0.19282E+06   -14.45925    -1.05834    -1.89251   -11.50841
    0.26832E+06   -14.20810    -1.05428    -1.89184   -11.26197
    0.37340E+06   -13.96832    -1.05039    -1.89120   -11.02672
    0.51962E+06   -13.73942    -1.04663    -1.89062   -10.80217
    0.72310E+06   -13.52044    -1.04301    -1.89010   -10.58733
    0.10063E+07   -13.31146    -1.03956    -1.88963   -10.38227
    0.14003E+07   -13.11234    -1.03626    -1.88921   -10.18687
    0.19487E+07   -12.92274    -1.03311    -1.88881   -10.00081
    0.27118E+07   -12.74222    -1.03012    -1.88845    -9.82365
    0.37737E+07   -12.57016    -1.02727    -1.88813    -9.65475
    0.52514E+07   -12.40646    -1.02453    -1.88786    -9.49406
    0.73079E+07   -12.25054    -1.02190    -1.88757    -9.34106
    0.10170E+08   -12.10219    -1.01940    -1.88736    -9.19543
    0.14152E+08   -11.96113    -1.01702    -1.88713    -9.05698
    0.19694E+08   -11.82686    -1.01475    -1.88695    -8.92516
    0.27406E+08   -11.69919    -1.01259    -1.88679    -8.79981
    0.38138E+08   -11.57781    -1.01053    -1.88664    -8.68065
    0.53073E+08   -11.46280    -1.00855    -1.88649    -8.56775
    0.73856E+08   -11.35417    -1.00668    -1.88637    -8.46112
    0.10278E+09   -11.25198    -1.00492    -1.88625    -8.36081
    0.14302E+09   -11.15660    -1.00323    -1.88616    -8.26721
    0.19903E+09   -11.06825    -1.00162    -1.88605    -8.18058
    0.27697E+09   -10.98661    -1.00010    -1.88596    -8.10055
    0.38543E+09   -10.91103    -0.99864    -1.88587    -8.02652
    0.53637E+09   -10.84084    -0.99727    -1.88580    -7.95777
    0.74641E+09   -10.77652    -0.99595    -1.88573    -7.89483
    0.10387E+10   -10.71786    -0.99472    -1.88569    -7.83745
    0.14454E+10   -10.66393    -0.99354    -1.88565    -7.78474
    0.20115E+10   -10.61438    -0.99244    -1.88561    -7.73633
    0.27992E+10   -10.56878    -0.99141    -1.88557    -7.69180
    0.38953E+10   -10.52688    -0.99047    -1.88554    -7.65088
    0.54207E+10   -10.48821    -0.98959    -1.88550    -7.61311
    0.75434E+10   -10.45257    -0.98879    -1.88548    -7.57830
    0.10497E+11   -10.41983    -0.98805    -1.88545    -7.54633
    0.14608E+11   -10.38968    -0.98737    -1.88542    -7.51688
    0.20329E+11   -10.36188    -0.98676    -1.88540    -7.48972
    0.28289E+11   -10.33629    -0.98618    -1.88538    -7.46472
    0.39367E+11   -10.31275    -0.98566    -1.88535    -7.44173
    0.54783E+11   -10.29102    -0.98518    -1.88534    -7.42050
    0.10000E+12   -10.03905    -0.97961    -1.88516    -7.17428
