#"Time (ps)"	"Potential Energy (kJ/mole)"	"Kinetic Energy (kJ/mole)"	"Temperature (K)"	"Box Volume (nm^3)"	"Density (g/mL)"	"Speed (ns/day)"	"Time Remaining"
100.99999999994601	-69468.55824619211	7634.657257605082	298.1773405286128	29.776172621957816	1.2334052095624293	0	--
101.99999999994368	-69556.61190980356	7658.128970369482	299.09404610603326	30.221690534761144	1.2152227682468795	303	1:53
102.99999999994135	-69179.91217675875	7543.864012992659	294.63134136938027	30.16967967465391	1.2173177451269792	298	1:55
103.99999999993902	-69525.91869918068	7543.528412602811	294.6182342411427	30.070648821865866	1.221326704665168	300	1:53
104.99999999993669	-69725.06789181972	7701.57686264843	300.7909365536569	29.8998938131291	1.2283015672994282	300	1:53
105.99999999993436	-69631.5594384216	7636.276373931891	298.24057634707117	30.20687301702508	1.2158188771162621	300	1:53
106.99999999993203	-69360.24475465994	7584.022711606254	296.19976985905004	30.181162286486316	1.2168546089822772	301	1:52
107.9999999999297	-69413.85563083645	7346.239796436263	286.91297742342346	29.953214166670673	1.2261150415576616	302	1:52
108.99999999992737	-69425.31468180634	7534.02520678924	294.2470793169103	30.005410683977743	1.2239821284087244	300	1:52
109.99999999992504	-69600.51653429572	7490.258413228518	292.53773393740414	30.120382684346783	1.2193100870474358	301	1:52
110.99999999992271	-69766.3764046215	7431.645978336783	290.24858075498526	30.100155261060312	1.2201294682444517	301	1:51
111.99999999992038	-69385.27045603964	7416.229379922996	289.64647378935274	30.157884676494263	1.2177938481666155	301	1:51
112.99999999991805	-69292.06160259075	7403.249479565655	289.13953391788397	30.026641073166108	1.2231167096999718	301	1:50
113.99999999991572	-69208.99475185716	7540.945607987882	294.5173608443157	30.396378292238875	1.2082388921357203	301	1:50
114.99999999991338	-69355.08823050337	7631.230189510516	298.04349378005963	30.326603784186574	1.2110187706512427	301	1:50
115.99999999991105	-69011.47829898592	7761.912044779121	303.14737293855393	30.168485941481965	1.2173659130256258	302	1:50
116.99999999990872	-69314.32149690337	7923.542416144219	309.4599699099883	30.27308910219098	1.213159526230673	302	1:49
117.9999999999064	-68902.3985287874	7332.393256058456	286.3721902674232	30.276449185529355	1.2130248896659321	302	1:49
118.99999999990406	-69373.00232525656	7403.230383145831	289.138788092697	30.01317845713596	1.2236653470476042	302	1:48
119.99999999990173	-69444.22655697286	7461.037310023907	291.39648154756253	30.56920541486591	1.2014079507245854	303	1:48
120.9999999998994	-69599.31999911531	7506.989693678834	293.1911868089582	30.217683710015933	1.2153839051727104	303	1:48
121.99999999989707	-69375.98148889453	7566.4590527653545	295.51380781695383	30.25781575964512	1.213771896969991	302	1:48
122.99999999989474	-69199.8457453379	7688.963698972679	300.2983198619591	30.308711677396236	1.2117336699646886	302	1:47
123.99999999989241	-69147.85909974668	7440.921239309776	290.61083312026085	30.509251597544782	1.2037688409147496	302	1:47
124.99999999989008	-69444.8332582206	7476.859672746557	292.01443594660503	30.33862215562787	1.210539036491484	302	1:47
125.99999999988775	-69194.64937527457	7720.806402759346	301.5419608546037	30.476977512982998	1.2050435912520485	302	1:47
126.99999999988542	-69460.97925820868	7509.490297297207	293.28884978340284	30.124124695715416	1.21915862464799	301	1:47
127.99999999988309	-69480.22764638878	7483.526962177375	292.2748320015865	30.174853038176757	1.2171090406401541	301	1:46
128.99999999988785	-69337.2892244462	7438.416526113007	290.5130096431092	30.129059080399543	1.2189589570238224	300	1:46
129.99999999989262	-69575.50626332936	7535.91170457195	294.32075792130365	30.256806586786595	1.2138123806096426	300	1:46
130.9999999998974	-69503.91059446029	7709.152117338851	301.08679388178604	30.173355184386025	1.217169459886841	300	1:46
131.99999999990217	-69534.18666313542	7673.367947182102	299.6892159250632	29.89796533285937	1.2283807952773673	300	1:46
132.99999999990695	-69191.0539998787	7458.072615663824	291.28069315655273	30.41449064335549	1.2075193651410476	300	1:45
133.99999999991172	-69338.31455238842	7490.750944366739	292.556970115266	30.36252111725516	1.2095861964466894	300	1:45
134.9999999999165	-69566.47227786083	7548.270300202328	294.8034322645512	30.472883079091204	1.2052055047575185	300	1:45
135.99999999992127	-69272.94999157314	7506.816585765918	293.1844259478801	30.249109742031308	1.2141212335159026	299	1:45
136.99999999992605	-69317.20744214908	7749.469122195674	302.6614051420769	30.420839530512925	1.2072673535493883	299	1:44
137.99999999993082	-69166.675652615	7807.082138164569	304.91152525903766	30.493552930995182	1.2043885642273817	299	1:44
138.9999999999356	-69113.40742941244	7403.722356162945	289.158002472715	30.10067618569737	1.2201083525892253	299	1:44
139.99999999994037	-69134.61599675339	7582.527294760534	296.1413652178208	30.238649573069207	1.2145412229473869	299	1:44
140.99999999994515	-69275.83865427069	7460.992510086069	291.3947318519482	30.411366398648493	1.2076434169819181	299	1:43
141.99999999994992	-69694.47085683496	7669.551242514046	299.54015162405994	30.11467239987204	1.2195412902087226	299	1:43
142.9999999999547	-69682.95836588691	7414.066288056701	289.56199259285	30.003635250234773	1.2240545562713299	299	1:43
143.99999999995947	-69843.53582067738	7422.089379363656	289.8753405203346	29.901692616147965	1.228227676078764	300	1:42
144.99999999996425	-69635.8511357054	7492.390685983748	292.6210114701057	29.991413958169204	1.2245533499679941	300	1:42
145.99999999996902	-69396.45940140853	7345.440966873406	286.88177852784094	30.190700571382692	1.2164701625892398	300	1:42
146.9999999999738	-69317.56717366722	7532.461690193197	294.1860149881854	30.4010089721374	1.2080548532587359	299	1:41
147.99999999997857	-69183.37276552542	7562.120817001585	295.34437472271264	30.111431486563646	1.219672550245275	299	1:41
148.99999999998334	-69290.98815503146	7567.752346266895	295.564318377389	29.947623979692928	1.226343914884747	299	1:41
149.99999999998812	-69156.50083415443	7505.166904629616	293.11999639756164	29.94435395565367	1.2264778357597141	299	1:41
150.9999999999929	-69013.3081136097	7549.74588240587	294.8610622487584	30.24557196533263	1.2142632473556216	299	1:40
151.99999999999767	-69049.99643353265	7439.996889735132	290.57473194523925	30.24692983139671	1.2142087358112885	299	1:40
153.00000000000244	-69551.18749852598	7589.458449226269	296.4120667222436	29.94732907137744	1.2263559913880402	298	1:40
154.00000000000722	-69494.67310362743	7650.212281695036	298.78485381421325	30.237932551682697	1.214570022933304	298	1:40
155.000000000012	-69680.21491390732	7494.165597225346	292.69033197734484	30.113535527341025	1.2195873313981411	298	1:39
156.00000000001677	-69638.00573529062	7543.09767589213	294.6014114916039	30.449925438152466	1.2061141662677677	298	1:39
157.00000000002154	-69647.33992707837	7739.630289230602	302.27714204441025	30.44357497703363	1.206365758964208	298	1:39
158.00000000002632	-69351.34433665281	7815.727535911692	305.2491778374139	30.033390458751377	1.222841839425139	298	1:39
159.0000000000311	-69254.12717618857	7721.990195303127	301.5881947719273	30.270161562954126	1.2132768553736382	298	1:38
160.00000000003587	-69413.17210529541	7697.3072162952285	300.62418227096435	30.134805343040366	1.2187265195404637	298	1:38
161.00000000004064	-69283.53158974313	7635.253059323701	298.2006100174642	30.078692334187323	1.2210001028206345	298	1:38
162.00000000004542	-69137.683841222	7493.130842147067	292.64991883148525	30.45035054998004	1.2060973279263947	298	1:38
163.0000000000502	-69075.7057562178	7607.550030580587	297.11864717925283	29.85392085710817	1.230193066047756	298	1:37
164.00000000005497	-68824.22944149072	7430.385472177542	290.19935072911755	30.271378698996493	1.213228072561176	298	1:37
165.00000000005974	-68982.66870551338	7751.658848154009	302.74692655328266	30.142321010727745	1.218422643023476	298	1:37
166.00000000006452	-69275.46025835865	7545.346658487322	294.68924721578946	30.36027890012479	1.2096755287910743	298	1:36
167.0000000000693	-69071.13061277082	7687.012228804922	300.2221037116974	30.186336849769027	1.2166460149017375	298	1:36
168.00000000007407	-69171.40509205335	7749.393853332967	302.6584654594495	30.026893516190047	1.2231064266755003	298	1:36
169.00000000007884	-69173.02861062624	7754.599022445902	302.86175729439736	30.365728552540062	1.2094584317055963	298	1:35
170.00000000008362	-69395.1026772736	7490.117269830965	292.53222147476225	30.3244275667033	1.2111056788118495	298	1:35
171.0000000000884	-69601.5117138981	7611.381329501901	297.26828146990675	30.36839203082208	1.2093523554186931	298	1:35
172.00000000009317	-69477.20073208836	7499.793879329781	292.9101488116858	30.525345784901546	1.2031341656715455	298	1:35
173.00000000009794	-69517.95065837409	7574.07588934749	295.81128915746064	30.305543598861473	1.2118603420838387	298	1:34
174.00000000010272	-69703.19382704384	7562.1331476746	295.34485630651693	30.092293359642895	1.220448238817408	298	1:34
175.0000000001075	-69431.92163198962	7449.23553305519	290.93555418025494	30.201650401145212	1.2160291224137982	298	1:34
176.00000000011227	-69742.33921039439	7438.509294348374	290.5166327770331	29.798289650018184	1.2324897456901707	298	1:33
177.00000000011704	-69985.03686188889	7584.5823210639555	296.22162583165	29.994078498135803	1.224444566117794	298	1:33
178.00000000012182	-69650.38734827284	7555.743494917149	295.09530356278117	30.37601294238885	1.2090489460354015	298	1:33
179.0000000001266	-69441.6913517538	7554.293781515316	295.0386839042815	30.32160860685166	1.2112182737051127	298	1:33
180.00000000013137	-69505.66375389099	7485.759826547441	292.3620382162419	30.26859330139596	1.213339717080912	298	1:32
181.00000000013614	-69291.55497795349	7642.408314307014	298.4800639378878	30.217864916499387	1.2153766169197473	298	1:32
182.00000000014091	-69405.01316030449	7786.605482150269	304.1117938988406	30.16086050204396	1.2176736943650557	298	1:32
183.0000000001457	-69104.20514642505	7358.428067816985	287.3889996236767	30.247279425708196	1.2141947021370192	298	1:31
184.00000000015046	-69093.86497690153	7880.203052789826	307.7673181419808	30.38283310174556	1.2087775458518042	298	1:31
185.00000000015524	-68895.21917152131	7653.299489991736	298.9054270801121	30.05056543967473	1.2221429412527713	298	1:31
186.00000000016001	-69230.8311054509	7661.520998778027	299.22652435302336	30.125623378279315	1.2190979742259076	298	1:31
187.0000000001648	-69227.71781369534	7707.9054419085505	301.03810402554666	30.193494155447272	1.216357611466678	298	1:30
188.00000000016956	-69393.47012634962	7534.662903087776	294.2719850304147	30.111580666662167	1.2196665076906439	298	1:30
189.00000000017434	-69444.23083244896	7604.965706116109	297.0177144235468	29.89721157831345	1.2284117646407189	298	1:30
190.0000000001791	-69498.96097314463	7561.091299809953	295.30416614649613	29.98336614092212	1.2248820315951179	298	1:29
191.0000000001839	-69608.1895477603	7526.7311878656765	293.96220586535793	29.988701857147017	1.224664095421665	298	1:29
192.00000000018866	-69327.36463163982	7577.447916037666	295.9429862221411	30.267939162917205	1.2133659392889213	298	1:29
193.00000000019344	-69273.99659912736	7553.0285536645715	294.98926946916436	30.116148104721574	1.2194815321350834	298	1:28
194.0000000001982	-69000.66985613017	7627.317579907204	297.8906838389349	30.304764738409812	1.2118914880142406	298	1:28
195.000000000203	-69443.94062684567	7842.3558821812	306.28916813500166	30.31771464327096	1.2113738408348118	298	1:28
196.00000000020776	-69393.78819528414	7605.2988084602175	297.03072398870984	29.90555638481004	1.2280689902632032	298	1:28
197.00000000021254	-69170.28616932867	7426.690460378283	290.05503923557575	30.114869762284783	1.219533297758037	298	1:27
198.0000000002173	-69062.55215704508	7746.454980944521	302.54368556516323	30.099580692984187	1.2201527591815695	298	1:27
199.0000000002221	-68969.71813290656	7598.740435008214	296.77458173004277	29.93615618804449	1.2268136965232743	297	1:27
200.00000000022686	-69192.24040082755	7528.056682563023	294.013974067964	29.90812564128234	1.227963493040157	297	1:27
201.00000000023164	-69211.45124114558	7535.442300713308	294.30242499691934	30.067528903945583	1.2214534340377272	296	1:27
202.0000000002364	-69543.41657483394	7432.457698367737	290.2802830975943	29.899711783016777	1.2283090452267704	296	1:26
203.0000000002412	-69413.8059970602	7366.980412666291	287.72301795042074	30.198433460850445	1.2161586620168567	296	1:26
204.00000000024596	-69687.91834653469	7471.696859674598	291.81279835902245	30.061511666943126	1.2216979252290385	296	1:26
205.00000000025074	-69486.12317804931	7576.188646120151	295.89380447863346	30.079732932104488	1.2209578627460063	296	1:26
206.0000000002555	-69444.28675300398	7532.688307346007	294.1948656932875	30.180809623014827	1.2168688279570514	296	1:25
207.0000000002603	-69477.59830112563	7438.898426455583	290.53183062716926	30.221529004563486	1.2152292634567654	296	1:25
208.00000000026506	-69419.09414109771	7403.240691657994	289.13919069947264	29.982120763910554	1.2249329099147686	296	1:25
209.00000000026984	-69387.80482957856	7690.3352330117705	300.35188616604086	29.93721145906849	1.2267704519830285	296	1:25
210.0000000002746	-69621.20175856948	7629.647813218066	297.9816928715607	30.35002243474942	1.2100843256940472	295	1:24
211.00000000027939	-69338.5474646684	7472.4946415946315	291.84395633811846	30.366485133851572	1.2094282980354518	294	1:24
212.00000000028416	-69390.63271519478	7514.652625448234	293.4904684320299	30.185221302389568	1.216690978172341	295	1:24
213.00000000028894	-69545.40793647774	7482.215430406772	292.2236091316944	30.29428416597678	1.2123107524686016	295	1:24
214.0000000002937	-69394.61497220711	7604.627562438932	297.00450796529003	30.177622044365126	1.2169973624416368	294	1:23
215.00000000029848	-69347.98413538802	7643.536312312399	298.5241187571179	30.31408851770244	1.211518743547447	294	1:23
216.00000000030326	-69592.79063813132	7459.102585288225	291.3209194028748	30.225758843498266	1.2150592024144646	294	1:23
217.00000000030803	-69363.01886189592	7549.788557997433	294.8627289764147	30.256787742971472	1.213813136567489	294	1:23
218.0000000003128	-69726.74003276727	7267.76343971469	283.84802367997884	30.033390777658866	1.2228418264404772	294	1:22
219.00000000031758	-69357.6837210668	7448.557082446454	290.9090567761977	30.200099798912966	1.2160915585475942	294	1:22
220.00000000032236	-69359.38012851638	7510.5671099974315	293.3309055216458	30.38300047771843	1.208770886854518	294	1:22
221.00000000032713	-69285.09370807995	7439.496131212056	290.5551744406101	30.195824733824583	1.216263730383007	294	1:22
222.0000000003319	-69174.47888376823	7107.095391065572	277.5730109534554	30.296868746711947	1.2122073320444626	293	1:21
223.00000000033668	-69435.31093412978	7521.745788542698	293.7674973065529	30.090390964182657	1.2205253988380853	293	1:21
224.00000000034146	-69220.95460877012	7731.804985403263	301.97151885723446	29.925753321435444	1.227240164625915	293	1:21
225.00000000034623	-69088.28394010165	7405.837005756235	289.24059171943577	30.194924606174347	1.216299987887471	293	1:21
226.000000000351	-69281.18712691675	7447.974517876448	290.8863042742439	30.213039721046197	1.2155707195251133	292	1:20
227.00000000035578	-68957.57392724231	7356.4934179481115	287.31344040296904	30.372302328110063	1.2091966567434815	292	1:20
228.00000000036056	-68937.75601540046	7342.010269076071	286.747790018488	30.613753263623984	1.1996597123029602	292	1:20
229.00000000036533	-69382.15224324621	7676.9821582661825	299.83037168527585	30.095553929305254	1.2203160147516436	292	1:20
230.0000000003701	-69096.69373315852	7766.76358511317	303.3368535328311	30.02549033186881	1.2231635862336674	292	1:19
231.00000000037488	-69054.61430197608	7750.315021112853	302.69444236705897	30.182261758949792	1.2168102816835042	291	1:19
232.00000000037966	-69110.61340905106	7594.779139977769	296.61987034256686	30.149846687183015	1.218118513629642	291	1:19
233.00000000038443	-69189.6540634589	7719.244273951261	301.480950726992	30.301812485471796	1.2120095604961345	290	1:19
234.0000000003892	-69222.65285096088	7834.749152905292	305.99208154301976	30.539563390279042	1.2025740500416953	290	1:19
235.00000000039398	-69257.50298396507	7574.299514560308	295.8200230100729	30.316861234883838	1.2114079405586482	290	1:18
236.00000000039876	-69412.49441938341	7460.444038176336	291.3733108647473	30.650775447500013	1.1982106780841157	290	1:18
237.00000000040353	-69568.61637998026	7649.807780978928	298.76905573137844	30.539215280557887	1.202587757915764	290	1:18
238.0000000004083	-68828.12813188933	7660.252712208003	299.17699045730046	30.302095549695697	1.2119982386208854	290	1:18
239.00000000041308	-68919.84728685018	7689.4938388814135	300.3190248789312	30.2013428305742	1.216041506458231	290	1:17
240.00000000041786	-68969.7433539072	7532.147779155746	294.1737549540868	30.334170278031984	1.210716696587874	289	1:17
241.00000000042263	-69224.30270222249	7369.104367364636	287.80597061509013	30.159750842874505	1.2177184958883638	289	1:17
242.0000000004274	-69382.13898710432	7620.002659177077	297.6049940514445	30.274487440216202	1.213103492017062	289	1:17
243.00000000043218	-69192.80255499427	7510.957946462581	293.34616993677633	29.97952812305291	1.2250388425731173	289	1:16
244.00000000043696	-69780.28094604539	7673.067464132288	299.6774803312252	30.09546757376611	1.2203195163103788	288	1:16
245.00000000044173	-69553.73191328667	7466.945083969438	291.6272141481345	30.117025721284232	1.2194459961827502	288	1:16
246.0000000004465	-69580.29637533621	7513.8340850507775	293.4584997148245	30.202482623420867	1.2159956150185245	288	1:16
247.00000000045128	-69275.14035601469	7394.818890346752	288.8102708498035	30.237979000742868	1.2145681572121831	288	1:15
248.00000000045605	-69920.85413325732	7466.405779345086	291.60615119623	30.062941029945804	1.2216398387692664	288	1:15
249.00000000046083	-69604.2322500764	7224.042225475883	282.1404584355243	29.941428461827414	1.22659767150306	288	1:15
250.0000000004656	-69577.3801859084	7194.837453671738	280.9998438809376	30.355022896235617	1.20988498537115	287	1:15
251.00000000047038	-69567.11781152233	7582.866216532884	296.1546020651758	30.559661782166035	1.2017831445433573	287	1:14
252.00000000047515	-69786.05243746846	7651.339855518291	298.8288920666879	30.105049866892774	1.2199310944554018	287	1:14
253.00000000047993	-69601.02337818412	7329.150329888855	286.2455353216731	30.232881164702036	1.2147729563939795	287	1:14
254.0000000004847	-69571.53838961251	7372.18106498849	287.92613337867425	30.261621238531315	1.213619261944585	286	1:14
255.00000000048948	-69477.71653371284	7418.657422173666	289.74130282444463	30.181701145474815	1.2168328834658595	286	1:13
256.00000000049425	-69451.43699595943	7588.805283926212	296.3865568551303	30.43348787662191	1.2067656057577558	286	1:13
257.000000000499	-69529.50496100917	7702.848770900198	300.84061189691226	30.227949259907156	1.2149711552369384	286	1:13
258.0000000005038	-69419.79226519796	7657.777784450861	299.08033027312655	30.08150676568554	1.2208858658186295	286	1:13
259.0000000005086	-69414.30883004708	7643.00767379301	298.5034723780476	30.10407927843088	1.219970426368982	286	1:12
260.00000000051335	-69452.65921988818	7729.09041977651	301.86549943396966	30.13140524665275	1.2188640434163884	285	1:12
261.0000000005181	-69222.47854345929	7617.683854894203	297.5144313881914	30.199176910064423	1.2161287223862487	285	1:12
262.0000000005229	-69615.49504008135	7559.045339660333	295.22425961819283	30.403170307070337	1.2079689736899644	285	1:12
263.0000000005277	-69685.17945658369	7680.334556871519	299.96130216018815	30.19274099611965	1.2163879535638373	285	1:11
264.00000000053245	-69155.66412844972	7664.230276174452	299.3323372404343	30.167148611981496	1.217419879655661	285	1:11
265.0000000005372	-69313.82944445653	7424.274165520852	289.9606690038533	30.15025680394217	1.2181019442577679	285	1:11
266.000000000542	-69305.47262872773	7599.888918624399	296.81943663036895	29.852420096664908	1.2302549111204544	285	1:10
267.0000000005468	-69187.04643428145	7601.86804220152	296.89673280554643	30.038723001978347	1.2226247577280225	285	1:10
268.00000000055155	-69154.44594606175	7549.903355313646	294.86721247283026	30.082030836477195	1.2208645962897968	284	1:10
269.0000000005563	-69181.8215401647	7680.399599027257	299.96384243100397	30.242458580348625	1.2143882527003724	284	1:10
270.0000000005611	-69220.40591214999	7720.152467459573	301.5164209145664	30.11524250099739	1.219518203498996	284	1:09
271.0000000005659	-69229.5377654522	7798.309691924302	304.5689107052216	30.137877632716144	1.218602281166773	284	1:09
272.00000000057065	-69220.21219615138	7663.880610115724	299.3186807668106	30.227816353560073	1.214976497249612	284	1:09
273.0000000005754	-69383.8307044362	7808.5779348974675	304.96994473704933	30.400404595720925	1.2080788700398553	284	1:09
274.0000000005802	-69214.49762877243	7587.547573117405	296.33743600379796	30.436965303667776	1.2066277326382244	283	1:08
275.000000000585	-69110.30152107545	7531.905004277774	294.1642731967507	29.89375026878004	1.228553998830597	283	1:08
276.00000000058975	-69595.92900338469	7783.062632115746	303.9734251986434	30.01600247321027	1.223550220104477	283	1:08
277.0000000005945	-69011.6211655543	7422.551746422141	289.89339861714177	30.196392599545128	1.2162408576349677	283	1:08
278.0000000005993	-69164.83368998446	7729.757806815704	301.8915647419115	29.95869031394201	1.2258909200600658	283	1:07
279.0000000006041	-69159.54976045393	7623.431031216693	297.73889172656243	30.22951776803987	1.2149081144649148	282	1:07
280.00000000060885	-69369.5875175212	7655.499996418479	298.99136953070325	30.35822968052531	1.2097571834471166	282	1:07
281.0000000006136	-69293.74250105236	7635.8917672256875	298.2255552399101	30.08817120734608	1.2206154431807479	282	1:07
282.0000000006184	-69374.95782328464	7636.351553666332	298.2435125487265	30.722945473981536	1.1953960099253933	282	1:06
283.0000000006232	-69419.80906628576	7570.577033154249	295.6746386701642	30.315194351592787	1.211474549917353	282	1:06
284.00000000062795	-69354.347653229	7696.074641761778	300.5760431359663	30.342664552350556	1.2103777626183425	282	1:06
285.0000000006327	-69445.51335741865	7434.882254055594	290.37497596232623	30.71642376242454	1.195649816424269	282	1:05
286.0000000006375	-69326.81644761274	7431.928329052911	290.2596081767529	30.41328366830135	1.2075672864956442	282	1:05
287.0000000006423	-69417.17760357849	7376.510481538122	288.0952220318058	30.608795858307875	1.1998540093756977	282	1:05
288.00000000064705	-69516.87908882913	7505.80316937018	293.1448462004817	30.392679207163056	1.2083859465768065	282	1:05
289.0000000006518	-69387.90638057282	7403.35354669482	289.1435983386908	30.349724607886408	1.2100962004515072	282	1:04
290.0000000006566	-69722.71508494558	7546.96778947058	294.7525617181863	30.042199051325724	1.2224832932505412	282	1:04
291.0000000006614	-69133.18364305471	7546.29145752637	294.72614706018214	30.133717457485684	1.2187705179279043	281	1:04
292.00000000066615	-68986.29422935142	7528.825988567471	294.0440198985388	30.198656883157536	1.216149664365898	281	1:03
293.0000000006709	-68965.45987587754	7635.784032451667	298.2213475764465	30.12902123894114	1.2189604880123104	281	1:03
294.0000000006757	-69057.47025403811	7526.334522401056	293.94671379422374	30.247814764018724	1.2141732128180203	281	1:03
295.0000000006805	-69530.05937757279	7592.257832145506	296.5213987493163	29.889516695705392	1.2287280121203785	281	1:03
296.00000000068525	-69349.13014286052	7669.252796715093	299.5284955966024	30.279400049356685	1.2129066749304114	281	1:02
297.00000000069	-69419.30112646573	7647.197426843246	298.6671063670844	30.49833012078716	1.2041999115132227	280	1:02
298.0000000006948	-69604.22730824715	7363.991797281633	287.60629530561926	30.20437099017875	1.2159195913960534	280	1:02
299.0000000006996	-69620.9314343945	7631.020954017306	298.03532192888093	30.30267004013474	1.211975261061505	280	1:01
300.00000000070435	-69582.6280318377	7742.501299027126	302.3892715136024	29.819243591021316	1.2316236768598419	280	1:01
301.0000000007091	-69535.8009910195	7695.603960632192	300.55766032679475	29.660691381911295	1.238207362055981	280	1:01
302.0000000007139	-69403.6164036108	7381.182898542809	288.2777068283448	29.865158688369768	1.2297301620250558	280	1:01
303.00000000071867	-69443.27929684566	7348.2564096686565	286.9917377855747	29.90749201027288	1.2279895091215929	280	1:00
304.00000000072345	-69724.03153484786	7312.955714524909	285.6130423128619	29.96672434182806	1.2255622607870447	280	1:00
305.0000000007282	-69778.70217440184	7520.540252568883	293.7204141830471	30.230350573478344	1.214874645382824	280	1:00
306.000000000733	-69444.22047262196	7419.172889512307	289.76143479304244	29.855221443162204	1.2301394750218606	279	0:59
307.00000000073777	-69161.54922105413	7454.707896070109	291.1492814760769	29.880020960167535	1.2291184963260826	279	0:59
308.00000000074255	-69183.10718646063	7515.700459500764	293.53139238716716	30.14772274942481	1.2182043313189768	279	0:59
309.0000000007473	-69124.7030146271	7242.322269279881	282.8543994367123	30.34215308160845	1.2103981656797471	279	0:59
310.0000000007521	-69419.49744195532	7695.675952153575	300.5604720103664	29.70599940338363	1.2363188302148054	279	0:58
311.00000000075687	-69230.74172685208	7527.772459276468	294.00287351153537	30.013095139252506	1.2236687440050424	279	0:58
312.00000000076164	-68982.89242712257	7450.330969088798	290.97833726693443	29.843385962754375	1.230627331583234	279	0:58
313.0000000007664	-68577.22667084611	7700.99829893732	300.7683403082873	30.164606315223704	1.2175224847611472	279	0:57
314.0000000007712	-68756.92867091991	7847.020073786682	306.4713316823243	30.353003255279432	1.2099654892095406	279	0:57
315.00000000077597	-68840.3043754753	7711.130371884001	301.1640561162594	30.039127621767346	1.2226082892680283	279	0:57
316.00000000078074	-69336.04377787208	7847.876103110834	306.5047645580485	30.030243845211466	1.2229699706087862	279	0:57
317.0000000007855	-69182.45070742298	7572.682863465496	295.75688347312337	30.258391802828214	1.2137487898256447	278	0:56
318.0000000007903	-69243.7609093485	7488.472542129386	292.467985384601	30.37214405851326	1.2092029578813581	278	0:56
319.00000000079507	-69261.84655174613	7862.6710016070765	307.0825905609913	30.520312531749685	1.2033325803773316	278	0:56
320.00000000079984	-68611.90178284288	7554.200347402917	295.03503476402415	30.603255113038344	1.2000712439607775	278	0:55
321.0000000008046	-68747.30865153254	7823.2858631690015	305.5443740517802	30.255866319102825	1.2138501025027661	278	0:55
322.0000000008094	-69121.11417027848	7819.707764503647	305.40462868952164	30.595604666067022	1.2003713224038721	278	0:55
323.00000000081417	-69145.34421032266	7477.853369603552	292.05324553243355	30.52939694916126	1.202974513185133	278	0:55
324.00000000081894	-69451.1357417622	7517.767234768139	293.6121118657112	30.109928351836853	1.2197334382070188	278	0:54
325.0000000008237	-69310.29601315234	7453.474415384006	291.1011069505984	30.28282332663377	1.21276956367712	277	0:54
326.0000000008285	-69347.98628241962	7566.674347588075	295.5222163198509	30.30109062019968	1.2120384342955022	277	0:54
327.00000000083327	-69475.96426899786	7655.965696966872	299.0095578194918	30.20558399698361	1.2158707620558005	277	0:53
328.00000000083804	-69384.17112651007	7642.012587983943	298.46460854564043	30.408916584338396	1.2077407075945648	277	0:53
329.0000000008428	-69168.3906409321	7630.164092804463	298.0018565631118	30.28599164708162	1.2126426917340811	277	0:53
330.0000000008476	-69370.22534645497	7546.773226096406	294.7449628977655	29.880250639099796	1.2291090485263547	277	0:53
331.00000000085237	-69531.00334322802	7625.004301911141	297.80033700901237	29.967446498520815	1.2255327271399565	277	0:52
332.00000000085714	-69114.904540889	7518.408132493761	293.6371426133831	30.146538239968837	1.2182521966671724	277	0:52
333.0000000008619	-69191.1413077612	7721.38487306497	301.5645534519509	30.211071002209387	1.2156499327702455	277	0:52
334.0000000008667	-69499.09364280652	7599.663688597422	296.8106401005203	29.93375148190492	1.2269122517087119	277	0:51
335.00000000087147	-69570.46038968553	7772.657066504128	303.5670279268238	29.96966685105797	1.2254419315127114	277	0:51
336.00000000087624	-69492.54750716247	7825.8763472288465	305.64554737516374	29.795993706828472	1.2325847157209018	277	0:51
337.000000000881	-69329.30830164393	7601.70020992917	296.89017798861937	29.98926313302947	1.2246411747377581	276	0:50
338.0000000008858	-69283.74781162504	7874.77281305555	307.55523600289246	30.306185850331456	1.211834660228327	276	0:50
339.00000000089057	-69156.8076362703	7643.997106104299	298.54211540880306	30.354960048047566	1.2098874903679928	276	0:50
340.00000000089534	-69536.87120141715	7599.938600518884	296.82137699450976	30.29408279648878	1.2123188108870446	276	0:50
341.0000000009001	-69080.18336678084	7632.226358774906	298.08239992763765	29.91853120188575	1.2275364116283265	276	0:49
342.0000000009049	-69476.07369403512	7657.091843469906	299.05354032689064	29.979654594836248	1.2250336746400914	276	0:49
343.00000000090967	-69252.6560804621	7587.700990177168	296.34342782364376	30.21769735069332	1.215383356531973	276	0:49
344.00000000091444	-69164.57977390834	7655.510776326262	298.991790548193	30.504102896126025	1.2039720216593262	275	0:48
345.0000000009192	-69078.19314419403	7728.552016054775	301.84447166750147	30.27434355584212	1.2131092575140519	275	0:48
346.000000000924	-69253.18154558836	7873.985447479345	307.5244848420197	30.201696612793032	1.2160272617663563	275	0:48
347.00000000092876	-69240.52928976837	7894.085326437178	308.3095008879757	30.3551859573167	1.2098784861471301	275	0:48
348.00000000093354	-69469.65541609933	7847.056993280401	306.47277360120546	30.248508170198072	1.2141453795376538	275	0:47
349.0000000009383	-69107.74985722321	7353.479669679331	287.19573617428046	30.401836662683884	1.2080219639437653	275	0:47
350.0000000009431	-69412.60045135574	7417.62435799671	289.700955718021	30.425638479613983	1.2070769347161094	275	0:47
351.00000000094786	-69136.18053760531	7804.186291332822	304.798425760562	30.30393641696113	1.2119246136022561	275	0:46
352.00000000095264	-69352.60985398063	7571.649703486518	295.716532625079	29.96197021156713	1.2257567233871176	275	0:46
353.0000000009574	-69281.64284457912	7345.765406646269	286.8944497697015	30.33248960795169	1.210783780277804	275	0:46
354.0000000009622	-69539.36240231548	7872.676607037514	307.4733670840179	30.352981167097653	1.209966369714079	275	0:45
355.00000000096696	-69284.74629386872	7602.455879817568	296.9196912503202	30.521503297991643	1.2032856335477284	275	0:45
356.00000000097174	-69129.58741959053	7697.8983704549555	300.6472702458717	30.551030504249884	1.2021226723479612	275	0:45
357.0000000009765	-69096.73686953363	7719.764519746763	301.5012693218535	30.609854776190257	1.199812501603901	275	0:44
358.0000000009813	-69527.21139540113	7594.59912492526	296.6128397179034	30.181625180138422	1.2168359461610847	275	0:44
359.00000000098606	-69071.72378975156	7709.767109544582	301.11081286969386	30.306261245846468	1.2118316454421225	275	0:44
360.00000000099084	-69207.07555159344	7723.149815558373	301.6334846221544	30.74133137000627	1.1946810627917663	275	0:44
361.0000000009956	-69322.5974897152	7547.707564578597	294.78145419716145	30.125046122156085	1.2191213345808622	275	0:43
362.0000000010004	-69559.95140272364	7659.824150592642	299.1602526577622	30.023591554172857	1.2232409425929773	275	0:43
363.00000000100516	-69478.19673285537	7453.649976408813	291.10796361982557	30.288871193194932	1.212527406468825	274	0:43
364.00000000100994	-69689.25855776714	7351.955770636672	287.1362191392071	30.195315078153154	1.2162842592533478	274	0:42
365.0000000010147	-69657.4015811178	7338.472130636415	286.60960533320855	30.12962523890608	1.218936051860643	274	0:42
366.0000000010195	-69562.76567238392	7364.952668296738	287.64382285324945	30.155284437640585	1.2178988564574946	274	0:42
367.00000000102426	-69625.56439282163	7565.5529014229205	295.4784173877195	29.973607841557303	1.2252808079324236	274	0:41
368.00000000102904	-69457.18264489004	7359.734987979572	287.44004238371355	30.301026748904874	1.212040989141739	274	0:41
369.0000000010338	-69598.53771947953	7413.835989644254	289.55299811335544	30.017772599334428	1.2234780682417212	274	0:41
370.0000000010386	-69589.11519325525	7359.972352297965	287.44931282753396	30.347773879659847	1.210173984371489	274	0:40
371.00000000104336	-69285.62938623904	7366.559041184644	287.7065609670183	29.944934740652794	1.226454048099633	274	0:40
372.00000000104814	-69393.6298202149	7389.841756099705	288.61588508981936	30.32099966945123	1.2112425986322255	274	0:40
373.0000000010529	-69538.38164191079	7401.124850576327	289.05655491826786	30.1004915943616	1.2201158349065784	274	0:40
374.0000000010577	-69567.33473012762	7459.733027221118	291.34554179161665	30.205790972423234	1.2158624306935881	274	0:39
375.00000000106246	-69576.71857683203	7516.17113412379	293.5497749422201	30.300671041026604	1.2120552176229513	274	0:39
376.00000000106724	-69692.7822106519	7424.397753553909	289.9654958283949	30.34119363577105	1.2104364407553951	274	0:39
377.000000001072	-69552.62621572535	7664.571295289859	299.3456560011161	30.255519108558808	1.2138640325745964	274	0:38
378.0000000010768	-69596.46456644408	7440.210235069247	290.5830643093775	30.59193733781598	1.200515221615412	274	0:38
379.00000000108156	-69583.02519988548	7605.184118511944	297.02624468563073	30.247313043896842	1.214193352627842	274	0:38
380.00000000108633	-69339.34037351949	7469.612388379037	291.731387748651	30.32197040981199	1.2112038214003613	274	0:37
381.0000000010911	-69232.02674681816	7508.942960268642	293.26747311984826	30.376630022371554	1.209024385052101	274	0:37
382.0000000010959	-69274.48175472743	7705.168645727472	300.9312163710904	30.147002751624747	1.2182334255691019	274	0:37
383.00000000110066	-68971.76929703797	7644.2745531589235	298.55295131434457	30.37858901180591	1.2089464200750155	274	0:36
384.00000000110543	-68896.26810303886	7657.189479049221	299.0573535586309	30.451422604942902	1.2060548667697233	274	0:36
385.0000000011102	-68970.30843790562	7841.087269013028	306.23962148373994	30.352378820499712	1.2099903816418007	274	0:36
386.000000001115	-69239.84592935577	7969.901994685567	311.2705784770875	30.236868074142272	1.2146127814130354	274	0:36
387.00000000111976	-68918.16808381234	7584.958669600102	296.2363244097044	30.2523550117026	1.2139909907359643	273	0:35
388.00000000112453	-69282.90253101918	7689.113977090819	300.30418908805467	30.16994507730193	1.2173070364779508	273	0:35
389.0000000011293	-69315.88641112269	7826.681836741711	305.6770063801545	30.298669655257875	1.2121352802161627	273	0:35
390.0000000011341	-69330.94127213367	7535.322353189475	294.2977403552317	30.129421800700477	1.2189442822928354	273	0:34
391.00000000113886	-68999.88305727174	7824.903438012391	305.6075496664324	30.139931724812882	1.2185192311672683	273	0:34
392.00000000114363	-69068.91307239595	7759.936765268353	303.07022689630895	30.32767174109539	1.2109761259050895	273	0:34
393.0000000011484	-69163.25141429456	7789.579550144834	304.22794838426785	30.375393827926455	1.2090735889978095	273	0:33
394.0000000011532	-69259.15945450161	7546.804278122925	294.7461756582566	30.400151834432897	1.208088914580846	273	0:33
395.00000000115796	-69112.63216650946	7582.2225928476655	296.12946485308044	30.519443965786625	1.2033668265360338	273	0:33
396.00000000116273	-69165.2511058299	7477.309335584143	292.03199787041143	30.45704630530687	1.2058321763904518	273	0:32
397.0000000011675	-69428.17915703391	7470.158556406865	291.7527187559935	30.377672725011664	1.2089828857269334	273	0:32
398.0000000011723	-69084.58038691946	7371.680215363573	287.90657231599346	30.565275980413354	1.2015624022595948	273	0:32
399.00000000117706	-69301.18233044515	7612.383344502224	297.3074159271436	30.337762480007115	1.2105733393145197	273	0:31
400.00000000118183	-69422.31162026693	7811.658163624461	305.0902454105497	30.068222794915215	1.221425246289037	273	0:31
401.0000000011866	-69092.28982527123	7478.122218751367	292.06374564019137	30.25270372451837	1.2139769974671129	273	0:31
402.0000000011914	-69130.00267736195	7537.2758219956595	294.374034563836	30.134116374397458	1.2187543837839614	273	0:31
403.00000000119616	-68941.57400162009	7329.708892451026	286.26735040697264	29.959823047912746	1.2258445710450085	273	0:30
404.00000000120093	-69296.51007372723	7610.160058243333	297.22058379289825	29.984989301617013	1.224815725739559	273	0:30
405.0000000012057	-69406.77275575727	7412.91379151183	289.51698096454464	30.188522250301435	1.2165579397443427	273	0:30
406.0000000012105	-69336.69166656371	7541.040400264547	294.5210630287105	30.226755510179146	1.215019138272551	273	0:29
407.00000000121526	-69247.61086059449	7421.701200595792	289.860179903591	30.160726830416117	1.2176790910660642	273	0:29
408.00000000122003	-69322.06243748651	7786.043157211523	304.08983187106503	30.117003051386046	1.2194469140933577	273	0:29
409.0000000012248	-69676.82081532018	7801.806688900957	304.70548857940145	29.903539441706172	1.2281518214372793	272	0:28
410.0000000012296	-69261.12239934728	7607.441493830058	297.1144081939873	30.24420106007893	1.2143182873238414	272	0:28
411.00000000123435	-69342.37816293052	7744.902565196258	302.48305478848357	29.9994153667025	1.2242267385489332	272	0:28
412.00000000123913	-69126.99420259122	7539.046083594254	294.44317347573445	30.37279493060441	1.2091770453349622	272	0:27
413.0000000012439	-69204.64826458902	7453.435728723325	291.0995960136688	29.78971382482561	1.2328445532815706	272	0:27
414.0000000012487	-69584.7111521822	7684.402242177758	300.1201687007278	30.24841105780955	1.2141492775459686	272	0:27
415.00000000125345	-69306.7810591963	7486.230478224206	292.3804198751112	30.23595019908083	1.214649653506488	272	0:26
416.00000000125823	-69372.27073182969	7544.202114783275	294.64454619172557	30.47376388970909	1.2051706696183748	272	0:26
417.000000001263	-69454.59198468953	7533.039121555298	294.2085670088039	30.051216524745723	1.222116462490322	272	0:26
418.0000000012678	-69496.36648465769	7617.034094092598	297.4890544863522	30.26572287500032	1.2134547912314673	272	0:26
419.00000000127255	-69238.89408139783	7748.482704829212	302.6228798622826	30.309716565100118	1.2116934961721457	272	0:25
420.00000000127733	-69175.19407772081	7594.107599236124	296.59364280861945	30.45113055971963	1.2060664335837092	272	0:25
421.0000000012821	-69042.14549956037	7657.824630706968	299.08215988925576	30.379346712507132	1.2089162673676876	272	0:25
422.0000000012869	-68924.58288726237	7654.6282628161025	298.95732331245983	30.715992152701993	1.1956666172517652	272	0:24
423.00000000129165	-69193.98431491866	7793.9888580971965	304.40015725684003	29.981516973550175	1.2249575785358982	272	0:24
424.0000000012964	-69251.12259518018	7417.446590680596	289.69401288041047	29.925164010330285	1.2272643324552863	272	0:24
425.0000000013012	-69579.75417395993	7594.870025093266	296.6234199298132	30.20012344835781	1.2160906062372405	272	0:23
426.000000001306	-69343.27889838177	7677.284973362637	299.8421983589674	30.473003183821675	1.2052007546224088	272	0:23
427.00000000131075	-69110.79900632967	7397.764365599176	288.9253086239598	30.799925928294552	1.19240827131387	272	0:23
428.0000000013155	-69438.4182028748	7561.450519965632	295.31819576263615	30.318210645245465	1.211354022916665	272	0:22
429.0000000013203	-69604.66483151892	7554.625327772654	295.0516326952932	30.04471400018304	1.2223809630049802	272	0:22
430.0000000013251	-69779.62623823024	7361.320680442265	287.5019728077612	30.0822027260157	1.2208576202763066	272	0:22
431.00000000132985	-69633.17434517428	7656.097476628462	299.0147045743104	29.978621041328804	1.2250759093329222	272	0:21
432.0000000013346	-69261.44566681975	7616.948302677929	297.4857038374621	30.381036652114098	1.2088490216214307	272	0:21
433.0000000013394	-69182.69036725274	7450.053022683562	290.96748185887526	30.243040425263853	1.2143648891225043	272	0:21
434.0000000013442	-69452.18153884594	7628.797193374573	297.94847126721413	29.970887150293386	1.2253920362311812	272	0:20
435.00000000134895	-69203.08082804517	7682.323388593411	300.0389774943365	30.231833454061338	1.2148150554136894	272	0:20
436.0000000013537	-69619.81644955938	7553.5255146580585	295.0086786583898	30.24783330500101	1.2141724685675543	272	0:20
437.0000000013585	-69605.85694713367	7568.312701703719	295.58620348477046	29.90161449336587	1.2282308850213155	271	0:20
438.0000000013633	-69557.15602974221	7551.135025640497	294.9153162933525	29.96547687809606	1.2256132809819795	271	0:19
439.00000000136805	-69707.41934820393	7573.904065143539	295.80457843261155	29.75736769359605	1.2341846500306077	271	0:19
440.0000000013728	-69646.0200624739	7519.807813726064	293.6918082274839	29.827190047052447	1.231295551971791	271	0:19
441.0000000013776	-69291.9130033587	7556.479723897153	295.12405754503214	30.01557898983483	1.223567482912481	271	0:18
442.0000000013824	-69261.38029269787	7526.946987734743	293.97063409322374	30.008508876987953	1.2238557598213877	271	0:18
443.00000000138715	-69247.8403353811	7686.787112940864	300.2133116405682	30.006227554504115	1.2239488074948013	271	0:18
444.0000000013919	-69291.14369441636	7622.209608692931	297.6911881417769	29.892545323865875	1.2286035208728532	271	0:17
445.0000000013967	-69190.53404570854	7788.727589447593	304.1946744118593	30.04115339541838	1.2225258447751246	271	0:17
446.0000000014015	-69277.02740491266	7637.4482571544795	298.2863451368061	30.084854943369123	1.2207499920436744	271	0:17
447.00000000140625	-69242.24136646022	7481.669516275597	292.20228804047855	30.119130210846357	1.219360790821487	271	0:16
448.000000001411	-69285.95487079327	7470.4570048681335	291.7643748874299	30.035284973474827	1.2227647070832524	271	0:16
449.0000000014158	-69102.32779238999	7610.180964985926	297.2214003216166	30.11827104187629	1.219395574921588	271	0:16
450.0000000014206	-68869.66584347855	7263.427476131492	283.6786793274764	30.1143379252025	1.219554835439936	271	0:15
451.00000000142535	-69300.1915643868	7608.082542144616	297.1394448230246	30.305457948647632	1.2118637670806702	271	0:15
452.0000000014301	-69201.82356051172	7652.206921766685	298.86275599787496	30.463057364607337	1.205594238069556	271	0:15
453.0000000014349	-69482.1774364833	7723.461602493116	301.6456616978077	30.402189952878995	1.208007926063073	271	0:14
454.0000000014397	-69318.11571295428	7716.972878928116	301.39223966840234	30.138731120508716	1.2185677720108692	271	0:14
455.00000000144445	-69203.87925636349	7429.181310100863	290.15232126420847	30.700371678213454	1.1962749773096608	271	0:14
456.0000000014492	-69481.37822802048	7727.811277624616	301.81554156524805	30.360489442213712	1.2096671400062615	271	0:14
457.000000001454	-69397.8344412577	7566.9713240732035	295.5338149621405	30.233077023557094	1.214765086733865	271	0:13
458.0000000014588	-69403.27684383688	7249.098118058772	283.1190353595236	30.32353749556067	1.211141227771648	271	0:13
459.00000000146355	-69954.32637770497	7467.296831158064	291.64095190186777	30.368072537397214	1.209365078653776	271	0:13
460.0000000014683	-69683.79019695503	7500.708703374773	292.94587795990867	30.33275101220377	1.2107733458787484	271	0:12
461.0000000014731	-69361.97983907734	7466.174458323809	291.59711677797054	30.557244676419113	1.2018782066792266	271	0:12
462.0000000014779	-69355.49692220677	7473.424202491951	291.880261045307	30.686222895872746	1.1968265549453647	271	0:12
463.00000000148265	-69243.35230612062	7496.505060271331	292.7817014842892	30.554427297119055	1.2019890301205487	271	0:11
464.0000000014874	-69562.79874913488	7509.775972265202	293.3000070363531	30.01386475975373	1.2236373664880302	271	0:11
465.0000000014922	-69305.41799980667	7499.43525159447	292.8961423329735	30.382910654224144	1.208774460443174	271	0:11
466.00000000149697	-69462.89297533582	7680.282597738274	299.95927285675714	30.280231103377425	1.2128733861828607	271	0:10
467.00000000150175	-69479.40872984301	7593.428332428664	296.56711352730093	30.341473923058874	1.2104252590327165	271	0:10
468.0000000015065	-69519.18266192835	7475.768609300033	291.97182363463673	29.876341142455562	1.2292698847438053	271	0:10
469.0000000015113	-69352.79189738297	7650.705417145413	298.8041135939456	29.67958353477034	1.2374191972649302	271	0:09
470.00000000151607	-69449.40030573058	7319.686528947006	285.8759193846484	29.770470119204955	1.2336414670543252	271	0:09
471.00000000152085	-69421.59442821026	7399.474740564748	288.9921086178996	29.637542439565344	1.2391744864690464	271	0:09
472.0000000015256	-69203.28933128182	7419.564951090187	289.77674705588163	29.811752354776743	1.2319331650045835	271	0:08
473.0000000015304	-69211.15415632911	7464.944318918248	291.5490727487427	30.27461743782095	1.2130982830148804	271	0:08
474.00000000153517	-69588.65480007607	7425.099435715561	289.99290055840424	30.29420584210935	1.212313886825949	271	0:08
475.00000000153995	-69239.62096628966	7604.405102254252	296.99581961373696	30.412756244965614	1.2075882283386408	271	0:07
476.0000000015447	-69276.17960971987	7511.163711943078	293.35420626397183	30.06670367705409	1.2214869587044583	271	0:07
477.0000000015495	-69293.58653102446	7555.045211005054	295.0680315539905	30.194518013146997	1.216316366327227	271	0:07
478.00000000155427	-69238.25633608378	7656.9733439926285	299.04891223976153	30.11655235288098	1.219465163290502	271	0:07
479.00000000155904	-69097.58860208967	7416.556678238039	289.6592566737503	30.184156523623034	1.2167338982624878	270	0:06
480.0000000015638	-69082.38102637863	7548.795197651123	294.8239325332667	30.08876980903495	1.2205911596201244	270	0:06
481.0000000015686	-68997.51706100369	7601.90144701817	296.89803745604394	30.16971316987697	1.2173163936282367	270	0:06
482.00000000157337	-68824.44952208205	7100.870866800222	277.3299074284545	30.16560960373006	1.2174819907571723	270	0:05
483.00000000157814	-69117.46661460827	7773.409860380329	303.5964288636829	30.419540395776615	1.2073189126109194	270	0:05
484.0000000015829	-69216.76293608759	7607.460900951337	297.1151661538557	30.196290993844244	1.2162449500913826	270	0:05
485.0000000015877	-69264.31635322009	7789.753075422066	304.23472554582645	30.259117547870215	1.213719678858841	270	0:04
486.00000000159247	-69371.64854818027	7442.953860127712	290.6902186708291	30.310810381621938	1.2116497701764097	270	0:04
487.00000000159724	-69303.03364447402	7502.145660201266	293.00199940066506	30.331955111594823	1.2108051161764342	270	0:04
488.000000001602	-69285.7603988375	7670.646157896148	299.58291437629924	30.056206589117593	1.2219135613091745	270	0:03
489.0000000016068	-68914.83400177665	7529.296600004498	294.0623999858146	30.322835736391664	1.2111692571244743	270	0:03
490.00000000161157	-69029.95130873594	7465.263359841274	291.5615331344204	29.841690465417976	1.2306972513944194	270	0:03
491.00000000161634	-69272.18424750536	7669.291887728421	299.53002232583196	30.132062183606788	1.2188374698341629	270	0:02
492.0000000016211	-69038.46887545142	7483.380263284411	292.26910256484996	30.469401347923608	1.205343223300832	270	0:02
493.0000000016259	-69419.88251986873	7789.626083423435	304.2297657768228	30.422578939957994	1.207198328098205	270	0:02
494.00000000163067	-69421.41994593543	7568.755983019197	295.60351617338176	30.260822225040844	1.2136513066179047	270	0:01
495.00000000163544	-69141.84284954352	7401.882314697143	289.08613825507916	30.30228027364204	1.2119908502297947	270	0:01
496.0000000016402	-68928.08952162482	7397.977751266071	288.93364256332535	30.588932708869628	1.2006331434409212	270	0:01
497.000000001645	-69055.67628243184	7526.322762744361	293.94625451189575	30.21844567095786	1.2153532591535445	270	0:00
498.00000000164977	-69263.47882940393	7843.259091159769	306.32444364797936	29.62040992136207	1.239891228050369	270	0:00
499.00000000165454	-69250.23870763966	7732.9671671891265	302.0169087499862	29.923506059334596	1.2273323306409913	270	0:00
500.0000000016593	-69372.19104821121	7538.1698881191805	294.40895299566245	29.788235083446178	1.2329057538948407	270	0:00
