    -44.945         0.00000     0.00000     0.00000     0.00000
    -44.795         0.00000     0.00000     0.00000     0.00000
    -44.645         0.00000     0.00000     0.00000     0.00000
    -44.495         0.00000     0.00000     0.00000     0.00000
    -44.345         0.00000     0.00000     0.00000     0.00000
    -44.195         0.00000     0.00000     0.00000     0.00000
    -44.045         0.00000     0.00000     0.00000     0.00000
    -43.895         0.00000     0.00000     0.00000     0.00000
    -43.745         0.00000     0.00000     0.00000     0.00000
    -43.595         0.00000     0.00000     0.00000     0.00000
    -43.445         0.00000     0.00000     0.00000     0.00000
    -43.295         0.00000     0.00000     0.00000     0.00000
    -43.145         0.00000     0.00000     0.00000     0.00000
    -42.995         0.00000     0.00000     0.00000     0.00000
    -42.845         0.00000     0.00000     0.00000     0.00000
    -42.695         0.00000     0.00000     0.00000     0.00000
    -42.545         0.00000     0.00000     0.00000     0.00000
    -42.395         0.00000     0.00000     0.00000     0.00000
    -42.245         0.00000     0.00000     0.00000     0.00000
    -42.095         0.00000     0.00000     0.00000     0.00000
    -41.945         0.00000     0.00000     0.00000     0.00000
    -41.795         0.00000     0.00000     0.00000     0.00000
    -41.645         0.00000     0.00000     0.00000     0.00000
    -41.495         0.00000     0.00000     0.00000     0.00000
    -41.345         0.00000     0.00000     0.00000     0.00000
    -41.195         0.00000     0.00000     0.00000     0.00000
    -41.045         0.00000     0.00000     0.00000     0.00000
    -40.895         0.00000     0.00000     0.00000     0.00000
    -40.745         0.00000     0.00000     0.00000     0.00000
    -40.595         0.00000     0.00000     0.00000     0.00000
    -40.445         0.00000     0.00000     0.00000     0.00000
    -40.295         0.00000     0.00000     0.00000     0.00000
    -40.145         0.00000     0.00000     0.00000     0.00000
    -39.995         0.00000     0.00000     0.00000     0.00000
    -39.845         0.00000     0.00000     0.00000     0.00000
    -39.695         0.00000     0.00000     0.00000     0.00000
    -39.545         0.00000     0.00000     0.00000     0.00000
    -39.395         0.00000     0.00000     0.00000     0.00000
    -39.245         0.00000     0.00000     0.00000     0.00000
    -39.095         0.00000     0.00000     0.00000     0.00000
    -38.945         0.00000     0.00000     0.00000     0.00000
    -38.795         0.00000     0.00000     0.00000     0.00000
    -38.645         0.00000     0.00000     0.00000     0.00000
    -38.495         0.00000     0.00000     0.00000     0.00000
    -38.345         0.00000     0.00000     0.00000     0.00000
    -38.195         0.00000     0.00000     0.00000     0.00000
    -38.045         0.00000     0.00000     0.00000     0.00000
    -37.895         0.00000     0.00000     0.00000     0.00000
    -37.745         0.00000     0.00000     0.00000     0.00000
    -37.595         0.00000     0.00000     0.00000     0.00000
    -37.445         0.00000     0.00000     0.00000     0.00000
    -37.295         0.00000     0.00000     0.00000     0.00000
    -37.145         0.00000     0.00000     0.00000     0.00000
    -36.995         0.00000     0.00000     0.00000     0.00000
    -36.845         0.00000     0.00000     0.00000     0.00000
    -36.695         0.00000     0.00000     0.00000     0.00000
    -36.545         0.00000     0.00000     0.00000     0.00000
    -36.395         0.00000     0.00000     0.00000     0.00000
    -36.245         0.00000     0.00000     0.00000     0.00000
    -36.095         0.00000     0.00000     0.00000     0.00000
    -35.945         0.00000     0.00000     0.00000     0.00000
    -35.795         0.00000     0.00000     0.00000     0.00000
    -35.645         0.00000     0.00000     0.00000     0.00000
    -35.495         0.00000     0.00000     0.00000     0.00000
    -35.345         0.00000     0.00000     0.00000     0.00000
    -35.195         0.00000     0.00000     0.00000     0.00000
    -35.045         0.00000     0.00000     0.00000     0.00000
    -34.895         0.00000     0.00000     0.00000     0.00000
    -34.745         0.00000     0.00000     0.00000     0.00000
    -34.595         0.00000     0.00000     0.00000     0.00000
    -34.445         0.00000     0.00000     0.00000     0.00000
    -34.295         0.00000     0.00000     0.00000     0.00000
    -34.145         0.00000     0.00000     0.00000     0.00000
    -33.995         0.00000     0.00000     0.00000     0.00000
    -33.845         0.00000     0.00000     0.00000     0.00000
    -33.695         0.00000     0.00000     0.00000     0.00000
    -33.545         0.00000     0.00000     0.00000     0.00000
    -33.395         0.00000     0.00000     0.00000     0.00000
    -33.245         0.00000     0.00000     0.00000     0.00000
    -33.095         0.00000     0.00000     0.00000     0.00000
    -32.945         0.00000     0.00000     0.00000     0.00000
    -32.795         0.00000     0.00000     0.00000     0.00000
    -32.645         0.00000     0.00000     0.00000     0.00000
    -32.495         0.00000     0.00000     0.00000     0.00000
    -32.345         0.00000     0.00000     0.00000     0.00000
    -32.195         0.00000     0.00000     0.00000     0.00000
    -32.045         0.00000     0.00000     0.00000     0.00000
    -31.895         0.00000     0.00000     0.00000     0.00000
    -31.745         0.00000     0.00000     0.00000     0.00000
    -31.595         0.00000     0.00000     0.00000     0.00000
    -31.445         0.00000     0.00000     0.00000     0.00000
    -31.295         0.00000     0.00000     0.00000     0.00000
    -31.145         0.00000     0.00000     0.00000     0.00000
    -30.995         0.00000     0.00000     0.00000     0.00000
    -30.845         0.00000     0.00000     0.00000     0.00000
    -30.695         0.00000     0.00000     0.00000     0.00000
    -30.545         0.00000     0.00000     0.00000     0.00000
    -30.395         0.00000     0.00000     0.00000     0.00000
    -30.245         0.00000     0.00000     0.00000     0.00000
    -30.095         0.00000     0.00000     0.00000     0.00000
    -29.945         0.00000     0.00000     0.00000     0.00000
    -29.795         0.00000     0.00000     0.00000     0.00000
    -29.645         0.00000     0.00000     0.00000     0.00000
    -29.495         0.00000     0.00000     0.00000     0.00000
    -29.345         0.00000     0.00000     0.00000     0.00000
    -29.195         0.00000     0.00000     0.00000     0.00000
    -29.045         0.00000     0.00000     0.00000     0.00000
    -28.895         0.00000     0.00000     0.00000     0.00000
    -28.745         0.00000     0.00000     0.00000     0.00000
    -28.595         0.00000     0.00000     0.00000     0.00000
    -28.445         0.00000     0.00000     0.00000     0.00000
    -28.295         0.00000     0.00000     0.00000     0.00000
    -28.145         0.00000     0.00000     0.00000     0.00000
    -27.995         0.00000     0.00000     0.00000     0.00000
    -27.845         0.00000     0.00000     0.00000     0.00000
    -27.695         0.00000     0.00000     0.00000     0.00000
    -27.545         0.00000     0.00000     0.00000     0.00000
    -27.395         0.00000     0.00000     0.00000     0.00000
    -27.245         0.00000     0.00000     0.00000     0.00000
    -27.095         0.00000     0.00000     0.00000     0.00000
    -26.945         0.00000     0.00000     0.00000     0.00000
    -26.795         0.00000     0.00000     0.00000     0.00000
    -26.645         0.00000     0.00000     0.00000     0.00000
    -26.495         0.00000     0.00000     0.00000     0.00000
    -26.345         0.00000     0.00000     0.00000     0.00000
    -26.195         0.00000     0.00000     0.00000     0.00000
    -26.045         0.00000     0.00000     0.00000     0.00000
    -25.895         0.00000     0.00000     0.00000     0.00000
    -25.745         0.00000     0.00000     0.00000     0.00000
    -25.595         0.00000     0.00000     0.00000     0.00000
    -25.445         0.00000     0.00000     0.00000     0.00000
    -25.295         0.00000     0.00000     0.00000     0.00000
    -25.145         0.00000     0.00000     0.00000     0.00000
    -24.995         0.00000     0.00000     0.00000     0.00000
    -24.845         0.00000     0.00000     0.00000     0.00000
    -24.695         0.00000     0.00000     0.00000     0.00000
    -24.545         0.00000     0.00000     0.00000     0.00000
    -24.395         0.00000     0.00000     0.00000     0.00000
    -24.245         0.00000     0.00000     0.00000     0.00000
    -24.095        -0.00000     0.00000    -0.00000     0.00000
    -23.945        -0.00000     0.00000    -0.00000     0.00000
    -23.795        -0.00053     0.00000    -0.00053     0.00000
    -23.645        -0.00053     0.00000    -0.00053     0.00000
    -23.495        -0.00106     0.00000    -0.00106     0.00000
    -23.345        -0.00106     0.00000    -0.00106     0.00000
    -23.195        -0.00106     0.00000    -0.00106     0.00000
    -23.045        -0.00158     0.00000    -0.00158     0.00000
    -22.895        -0.00256     0.00000    -0.00256     0.00000
    -22.745        -0.00306     0.00000    -0.00306     0.00000
    -22.595        -0.00306     0.00000    -0.00306     0.00000
    -22.445        -0.00306     0.00000    -0.00306     0.00000
    -22.295        -0.00355     0.00000    -0.00355     0.00000
    -22.145        -0.00496    -0.00091    -0.00405     0.00000
    -21.995        -0.00496    -0.00091    -0.00405     0.00000
    -21.845        -0.00686    -0.00135    -0.00551     0.00000
    -21.695        -0.00828    -0.00225    -0.00603     0.00000
    -21.545        -0.00976    -0.00225    -0.00752     0.00000
    -21.395        -0.01161    -0.00357    -0.00804     0.00000
    -21.245        -0.01397    -0.00444    -0.00952     0.00000
    -21.095        -0.01500    -0.00444    -0.01056     0.00000
    -20.945        -0.01882    -0.00530    -0.01352     0.00000
    -20.795        -0.02399    -0.00747    -0.01652     0.00000
    -20.645        -0.02933    -0.00790    -0.02143     0.00000
    -20.495        -0.03376    -0.00833    -0.02543     0.00000
    -20.345        -0.03733    -0.00834    -0.02899     0.00000
    -20.195        -0.04471    -0.00834    -0.03637     0.00000
    -20.045        -0.05157    -0.00915    -0.04243     0.00000
    -19.895        -0.06138    -0.00998    -0.05139     0.00000
    -19.745        -0.07252    -0.01207    -0.06045     0.00000
    -19.595        -0.08365    -0.01496    -0.06870     0.00000
    -19.445        -0.09531    -0.01496    -0.08035     0.00000
    -19.295        -0.11098    -0.01700    -0.09398     0.00000
    -19.145        -0.12344    -0.01700    -0.10645     0.00000
    -18.995        -0.14033    -0.01940    -0.12093     0.00000
    -18.845        -0.16366    -0.02177    -0.14189     0.00000
    -18.695        -0.18069    -0.02261    -0.15808     0.00000
    -18.545        -0.20152    -0.02345    -0.17807     0.00000
    -18.395        -0.21923    -0.02589    -0.19335     0.00000
    -18.245        -0.24062    -0.02828    -0.21234     0.00000
    -18.095        -0.27047    -0.03070    -0.23977     0.00000
    -17.945        -0.29680    -0.03385    -0.26294     0.00000
    -17.795        -0.32770    -0.03848    -0.28921     0.00000
    -17.645        -0.36488    -0.04163    -0.32324     0.00000
    -17.495        -0.39362    -0.04771    -0.34591     0.00000
    -17.345        -0.42588    -0.05047    -0.37541     0.00000
    -17.195        -0.45274    -0.05323    -0.39951     0.00000
    -17.045        -0.48894    -0.05857    -0.43037     0.00000
    -16.895        -0.53039    -0.06240    -0.46799     0.00000
    -16.745        -0.56499    -0.06586    -0.49912     0.00000
    -16.595        -0.60198    -0.07226    -0.52973     0.00000
    -16.445        -0.63727    -0.07932    -0.55795     0.00000
    -16.295        -0.67056    -0.08564    -0.58492     0.00000
    -16.145        -0.70340    -0.09229    -0.61110     0.00000
    -15.995        -0.74789    -0.10443    -0.64346     0.00000
    -15.845        -0.78097    -0.11140    -0.66957     0.00000
    -15.695        -0.81151    -0.11660    -0.69491     0.00000
    -15.545        -0.84424    -0.12216    -0.72208     0.00000
    -15.395        -0.87259    -0.12840    -0.74418     0.00000
    -15.245        -0.90028    -0.13392    -0.76635     0.00000
    -15.095        -0.93573    -0.14215    -0.79357     0.00000
    -14.945        -0.96580    -0.14900    -0.81680     0.00000
    -14.795        -0.99628    -0.15484    -0.84144     0.00000
    -14.645        -1.02891    -0.16171    -0.86720     0.00000
    -14.495        -1.06184    -0.17180    -0.89004     0.00000
    -14.345        -1.09476    -0.18090    -0.91385     0.00000
    -14.195        -1.12317    -0.18934    -0.93384     0.00000
    -14.045        -1.15870    -0.20028    -0.95842     0.00000
    -13.895        -1.19128    -0.20770    -0.98357     0.00000
    -13.745        -1.22129    -0.21636    -1.00493     0.00000
    -13.595        -1.25155    -0.22594    -1.02561     0.00000
    -13.445        -1.28336    -0.23611    -1.04725     0.00000
    -13.295        -1.31418    -0.24659    -1.06759     0.00000
    -13.145        -1.33899    -0.25458    -1.08441     0.00000
    -12.995        -1.36781    -0.26469    -1.10312     0.00000
    -12.845        -1.39731    -0.27598    -1.12133     0.00000
    -12.695        -1.43070    -0.28988    -1.14081     0.00000
    -12.545        -1.46303    -0.30114    -1.16188     0.00000
    -12.395        -1.49380    -0.31208    -1.18172     0.00000
    -12.245        -1.52770    -0.32555    -1.20215     0.00000
    -12.095        -1.56734    -0.34405    -1.22329     0.00000
    -11.945        -1.59509    -0.35523    -1.23987     0.00000
    -11.795        -1.62719    -0.36695    -1.26024     0.00000
    -11.645        -1.66190    -0.37921    -1.28269     0.00000
    -11.495        -1.69375    -0.39122    -1.30253     0.00000
    -11.345        -1.72512    -0.40211    -1.32301     0.00000
    -11.195        -1.75777    -0.41677    -1.34100     0.00000
    -11.045        -1.79471    -0.43217    -1.36254     0.00000
    -10.895        -1.82675    -0.44574    -1.38100     0.00000
    -10.745        -1.86052    -0.45980    -1.40072     0.00000
    -10.595        -1.89584    -0.47588    -1.41996     0.00000
    -10.445        -1.93200    -0.49364    -1.43836     0.00000
    -10.295        -1.97125    -0.50948    -1.46178     0.00000
    -10.145        -2.00458    -0.52334    -1.48124    -0.00000
    -9.9950        -2.03685    -0.53817    -1.49849    -0.00019
    -9.8450        -2.07437    -0.55568    -1.51724    -0.00145
    -9.6950        -2.11544    -0.57152    -1.54024    -0.00367
    -9.5450        -2.16135    -0.58649    -1.56451    -0.01035
    -9.3950        -2.21303    -0.60586    -1.58632    -0.02085
    -9.2450        -2.26771    -0.62514    -1.60953    -0.03304
    -9.0950        -2.33594    -0.64564    -1.63285    -0.05745
    -8.9450        -2.41712    -0.66833    -1.65660    -0.09220
    -8.7950        -2.52450    -0.69273    -1.68412    -0.14765
    -8.6450        -2.65374    -0.71656    -1.71213    -0.22505
    -8.4950        -2.80811    -0.73812    -1.74141    -0.32859
    -8.3450        -2.98543    -0.76307    -1.77131    -0.45106
    -8.1950        -3.20905    -0.78810    -1.80200    -0.61895
    -8.0450        -3.47825    -0.81741    -1.83638    -0.82447
    -7.8950        -3.80328    -0.85151    -1.86928    -1.08249
    -7.7450        -4.17396    -0.88590    -1.90649    -1.38156
    -7.5950        -4.59910    -0.93169    -1.94575    -1.72167
    -7.4450        -5.07465    -0.97705    -1.98444    -2.11316
    -7.2950        -5.58588    -1.02260    -2.02417    -2.53911
    -7.1450        -6.15429    -1.07319    -2.06518    -3.01592
    -6.9950        -6.76294    -1.12930    -2.11127    -3.52237
    -6.8450        -7.41301    -1.19531    -2.15741    -4.06028
    -6.6950        -8.07939    -1.25989    -2.20454    -4.61495
    -6.5450        -8.75583    -1.32856    -2.25351    -5.17376
    -6.3950        -9.41578    -1.39766    -2.30000    -5.71812
    -6.2450       -10.09845    -1.46936    -2.35697    -6.27211
    -6.0950       -10.78879    -1.55120    -2.41259    -6.82501
    -5.9450       -11.47585    -1.63057    -2.47179    -7.37349
    -5.7950       -12.15740    -1.71255    -2.53497    -7.90988
    -5.6450       -12.82307    -1.79699    -2.59994    -8.42615
    -5.4950       -13.47259    -1.88031    -2.66349    -8.92878
    -5.3450       -14.10401    -1.97113    -2.73041    -9.40246
    -5.1950       -14.71663    -2.06027    -2.80221    -9.85415
    -5.0450       -15.31364    -2.15073    -2.87679   -10.28612
    -4.8950       -15.90508    -2.24452    -2.95938   -10.70118
    -4.7450       -16.48730    -2.33923    -3.03883   -11.10925
    -4.5950       -17.06156    -2.43180    -3.12826   -11.50150
    -4.4450       -17.63789    -2.52777    -3.21858   -11.89154
    -4.2950       -18.20066    -2.62253    -3.31150   -12.26662
    -4.1450       -18.79010    -2.72052    -3.41577   -12.65381
    -3.9950       -19.39653    -2.82706    -3.51713   -13.05234
    -3.8450       -20.01407    -2.93195    -3.63222   -13.44990
    -3.6950       -20.65519    -3.04029    -3.75113   -13.86377
    -3.5450       -21.30970    -3.15358    -3.87384   -14.28228
    -3.3950       -21.97759    -3.27333    -4.00881   -14.69545
    -3.2450       -22.68249    -3.39597    -4.15630   -15.13021
    -3.0950       -23.41305    -3.53075    -4.30944   -15.57286
    -2.9450       -24.18206    -3.67609    -4.47476   -16.03121
    -2.7950       -24.99131    -3.83182    -4.65264   -16.50685
    -2.6450       -25.85343    -3.99821    -4.85093   -17.00430
    -2.4950       -26.79130    -4.17902    -5.07017   -17.54211
    -2.3450       -27.80666    -4.37048    -5.31083   -18.12535
    -2.1950       -28.90849    -4.57706    -5.56537   -18.76606
    -2.0450       -30.15015    -4.80692    -5.84839   -19.49485
    -1.8950       -31.52382    -5.05800    -6.16093   -20.30490
    -1.7450       -33.08484    -5.32702    -6.50920   -21.24862
    -1.5950       -34.84891    -5.62387    -6.88817   -22.33686
    -1.4450       -36.83090    -5.95532    -7.29576   -23.57983
    -1.2950       -39.05229    -6.32224    -7.75678   -24.97327
    -1.1450       -41.52484    -6.73976    -8.27783   -26.50726
   -0.99500       -44.26714    -7.20525    -8.86917   -28.19271
   -0.84500       -47.31756    -7.73511    -9.55832   -30.02413
   -0.69500       -50.76251    -8.33194   -10.38398   -32.04660
   -0.54500       -54.78975    -9.02928   -11.35740   -34.40306
   -0.39500       -59.73067    -9.82434   -12.46342   -37.44290
   -0.25300       -63.58098   -10.32231   -13.16555   -40.09313
   -0.21500       -63.84328   -10.35153   -13.20486   -40.28689
   -0.20900       -64.11032   -10.38033   -13.24394   -40.48605
   -0.20300       -64.38179   -10.40878   -13.28178   -40.69123
   -0.19700       -64.65667   -10.43707   -13.31879   -40.90081
   -0.19100       -64.93669   -10.46472   -13.35463   -41.11734
   -0.18500       -65.22348   -10.49244   -13.39033   -41.34072
   -0.17900       -65.51428   -10.51946   -13.42457   -41.57025
   -0.17300       -65.80952   -10.54572   -13.45774   -41.80606
   -0.16700       -66.11102   -10.57143   -13.49023   -42.04937
   -0.16100       -66.42079   -10.59684   -13.52149   -42.30246
   -0.15500       -66.73937   -10.62178   -13.55228   -42.56531
   -0.14900       -67.06630   -10.64552   -13.58152   -42.83926
   -0.14300       -67.40247   -10.66904   -13.60963   -43.12380
   -0.13700       -67.75121   -10.69204   -13.63720   -43.42197
   -0.13100       -68.11139   -10.71430   -13.66332   -43.73376
   -0.12500       -68.48442   -10.73570   -13.68828   -44.06043
   -0.11900       -68.87292   -10.75611   -13.71176   -44.40505
   -0.11300       -69.27840   -10.77629   -13.73415   -44.76796
   -0.10700       -69.70316   -10.79519   -13.75550   -45.15247
   -0.10100       -70.14875   -10.81321   -13.77547   -45.56006
   -0.95000E-01   -70.61875   -10.83052   -13.79461   -45.99362
   -0.89000E-01   -71.11383   -10.84690   -13.81261   -46.45433
   -0.83000E-01   -71.63735   -10.86229   -13.82915   -46.94590
   -0.77000E-01   -72.19266   -10.87672   -13.84473   -47.47120
   -0.71000E-01   -72.78328   -10.89025   -13.85884   -48.03420
   -0.65000E-01   -73.41286   -10.90251   -13.87171   -48.63864
   -0.59000E-01   -74.08623   -10.91401   -13.88343   -49.28879
   -0.53000E-01   -74.80606   -10.92429   -13.89411   -49.98766
   -0.47000E-01   -75.57575   -10.93341   -13.90350   -50.73885
   -0.41000E-01   -76.40567   -10.94151   -13.91158   -51.55258
   -0.35000E-01   -77.30461   -10.94839   -13.91860   -52.43763
   -0.29000E-01   -78.27953   -10.95408   -13.92439   -53.40106
   -0.23000E-01   -79.30492   -10.95869   -13.92895   -54.41728
   -0.19700E-01   -79.40671   -10.95908   -13.92935   -54.51828
   -0.19100E-01   -79.50811   -10.95947   -13.92973   -54.61891
   -0.18500E-01   -79.60915   -10.95984   -13.93011   -54.71920
   -0.17900E-01   -79.70951   -10.96020   -13.93047   -54.81884
   -0.17300E-01   -79.80918   -10.96056   -13.93081   -54.91781
   -0.16700E-01   -79.90768   -10.96089   -13.93114   -55.01565
   -0.16100E-01   -80.00480   -10.96122   -13.93145   -55.11213
   -0.15500E-01   -80.10061   -10.96152   -13.93175   -55.20733
   -0.14900E-01   -80.19431   -10.96183   -13.93205   -55.30044
   -0.14300E-01   -80.28631   -10.96211   -13.93233   -55.39187
   -0.13700E-01   -80.37602   -10.96238   -13.93260   -55.48103
   -0.13100E-01   -80.46329   -10.96265   -13.93286   -55.56778
   -0.12500E-01   -80.54768   -10.96289   -13.93311   -55.65168
   -0.11900E-01   -80.62927   -10.96313   -13.93334   -55.73279
   -0.11300E-01   -80.70804   -10.96335   -13.93357   -55.81113
   -0.10700E-01   -80.78346   -10.96356   -13.93378   -55.88612
   -0.10100E-01   -80.85554   -10.96376   -13.93398   -55.95780
   -0.95000E-02   -80.92409   -10.96395   -13.93416   -56.02598
   -0.89000E-02   -80.98918   -10.96413   -13.93435   -56.09070
   -0.83000E-02   -81.05021   -10.96430   -13.93451   -56.15140
   -0.77000E-02   -81.10753   -10.96445   -13.93466   -56.20842
   -0.71000E-02   -81.16079   -10.96460   -13.93480   -56.26139
   -0.65000E-02   -81.20990   -10.96473   -13.93493   -56.31023
   -0.59000E-02   -81.25472   -10.96485   -13.93505   -56.35482
   -0.53000E-02   -81.29532   -10.96495   -13.93516   -56.39520
   -0.47000E-02   -81.33148   -10.96505   -13.93525   -56.43118
   -0.41000E-02   -81.36323   -10.96513   -13.93534   -56.46276
   -0.35000E-02   -81.39042   -10.96520   -13.93541   -56.48981
   -0.29000E-02   -81.41303   -10.96526   -13.93547   -56.51229
   -0.23000E-02   -81.43104   -10.96531   -13.93552   -56.53021
   -0.17000E-02   -81.44441   -10.96534   -13.93555   -56.54351
   -0.11000E-02   -81.45309   -10.96537   -13.93558   -56.55214
   -0.50000E-03   -81.45706   -10.96538   -13.93559   -56.55610
    0.10000E-03   -81.45633   -10.96538   -13.93559   -56.55537
    0.70000E-03   -81.45090   -10.96536   -13.93558   -56.54995
    0.13000E-02   -81.44073   -10.96534   -13.93556   -56.53983
    0.19000E-02   -81.42586   -10.96530   -13.93552   -56.52504
    0.25000E-02   -81.40638   -10.96525   -13.93547   -56.50566
    0.31000E-02   -81.38232   -10.96519   -13.93541   -56.48172
    0.37000E-02   -81.35360   -10.96512   -13.93536   -56.45313
    0.43000E-02   -81.32047   -10.96503   -13.93527   -56.42017
    0.49000E-02   -81.28282   -10.96493   -13.93517   -56.38272
    0.55000E-02   -81.24081   -10.96482   -13.93507   -56.34092
    0.61000E-02   -81.19437   -10.96469   -13.93495   -56.29473
    0.67000E-02   -81.14383   -10.96455   -13.93482   -56.24446
    0.73000E-02   -81.08921   -10.96440   -13.93467   -56.19014
    0.79000E-02   -81.03026   -10.96424   -13.93452   -56.13149
    0.85000E-02   -80.96783   -10.96407   -13.93436   -56.06940
    0.91000E-02   -80.90148   -10.96388   -13.93418   -56.00342
    0.97000E-02   -80.83131   -10.96368   -13.93399   -55.93365
    0.10300E-01   -80.75778   -10.96347   -13.93380   -55.86051
    0.10900E-01   -80.68090   -10.96326   -13.93360   -55.78405
    0.11500E-01   -80.60107   -10.96302   -13.93337   -55.70467
    0.12100E-01   -80.51810   -10.96278   -13.93315   -55.62217
    0.12700E-01   -80.43222   -10.96252   -13.93290   -55.53681
    0.13300E-01   -80.34377   -10.96225   -13.93263   -55.44889
    0.13900E-01   -80.25315   -10.96196   -13.93238   -55.35881
    0.14500E-01   -80.15984   -10.96168   -13.93210   -55.26606
    0.15100E-01   -80.06492   -10.96136   -13.93183   -55.17173
    0.15700E-01   -79.96817   -10.96105   -13.93153   -55.07559
    0.16300E-01   -79.86986   -10.96071   -13.93120   -54.97795
    0.16900E-01   -79.77024   -10.96037   -13.93087   -54.87900
    0.17500E-01   -79.66979   -10.95999   -13.93054   -54.77925
    0.18100E-01   -79.56852   -10.95962   -13.93019   -54.67872
    0.18700E-01   -79.46631   -10.95924   -13.92982   -54.57725
    0.19300E-01   -79.36361   -10.95886   -13.92945   -54.47530
    0.20200E-01   -78.96260   -10.95722   -13.92787   -54.07752
    0.25000E-01   -77.94258   -10.95217   -13.92307   -53.06734
    0.31000E-01   -76.98817   -10.94585   -13.91708   -52.12524
    0.37000E-01   -76.11223   -10.93832   -13.91005   -51.26385
    0.43000E-01   -75.30624   -10.92958   -13.90189   -50.47476
    0.49000E-01   -74.55973   -10.91980   -13.89275   -49.74718
    0.55000E-01   -73.86714   -10.90873   -13.88247   -49.07595
    0.61000E-01   -73.22229   -10.89646   -13.87115   -48.45468
    0.67000E-01   -72.62120   -10.88307   -13.85891   -47.87922
    0.73000E-01   -72.05981   -10.86833   -13.84556   -47.34592
    0.79000E-01   -71.53576   -10.85248   -13.83139   -46.85189
    0.85000E-01   -71.04465   -10.83559   -13.81630   -46.39276
    0.91000E-01   -70.58426   -10.81722   -13.80034   -45.96670
    0.97000E-01   -70.15130   -10.79720   -13.78326   -45.57084
    0.10300       -69.74263   -10.77649   -13.76530   -45.20084
    0.10900       -69.35742   -10.75455   -13.74669   -44.85618
    0.11500       -68.99257   -10.73193   -13.72726   -44.53339
    0.12100       -68.64513   -10.70790   -13.70669   -44.23054
    0.12700       -68.31409   -10.68270   -13.68571   -43.94567
    0.13300       -67.99844   -10.65655   -13.66377   -43.67812
    0.13900       -67.69308   -10.62887   -13.64093   -43.42328
    0.14500       -67.40186   -10.60002   -13.61779   -43.18405
    0.15100       -67.12110   -10.57052   -13.59401   -42.95656
    0.15700       -66.84888   -10.54047   -13.56957   -42.73884
    0.16300       -66.58512   -10.50930   -13.54469   -42.53113
    0.16900       -66.32839   -10.47663   -13.51906   -42.33270
    0.17500       -66.07900   -10.44318   -13.49289   -42.14293
    0.18100       -65.83597   -10.40846   -13.46653   -41.96098
    0.18700       -65.59787   -10.37284   -13.43918   -41.78585
    0.19300       -65.36585   -10.33650   -13.41121   -41.61814
    0.19900       -65.13784   -10.29931   -13.38340   -41.45513
    0.20500       -64.91358   -10.26171   -13.35448   -41.29739
    0.21100       -64.69236   -10.22232   -13.32539   -41.14466
    0.21700       -64.47533   -10.18267   -13.29587   -40.99679
    0.29500       -59.75809    -9.06487   -12.50080   -38.19242
    0.44500       -56.31983    -8.00995   -11.75255   -36.55733
    0.59500       -53.67014    -7.12043   -11.10733   -35.44238
    0.74500       -51.52724    -6.39476   -10.54354   -34.58893
    0.89500       -49.73392    -5.79245   -10.04353   -33.89794
     1.0450       -48.18386    -5.26856    -9.60633   -33.30897
     1.1950       -46.82304    -4.80382    -9.21605   -32.80317
     1.3450       -45.61776    -4.38443    -8.87004   -32.36329
     1.4950       -44.53848    -4.00474    -8.55482   -31.97893
     1.6450       -43.57175    -3.66353    -8.27190   -31.63633
     1.7950       -42.70894    -3.35575    -8.01402   -31.33917
     1.9450       -41.93038    -3.07841    -7.77791   -31.07407
     2.0950       -41.22293    -2.82830    -7.56071   -30.83392
     2.2450       -40.58685    -2.60278    -7.36097   -30.62310
     2.3950       -40.01147    -2.39830    -7.17501   -30.43816
     2.5450       -39.48249    -2.21222    -7.00244   -30.26783
     2.6950       -39.00379    -2.04368    -6.84189   -30.11823
     2.8450       -38.56664    -1.88956    -6.69230   -29.98478
     2.9950       -38.16616    -1.74993    -6.55088   -29.86536
     3.1450       -37.79152    -1.61868    -6.41852   -29.75433
     3.2950       -37.44826    -1.49793    -6.29685   -29.65348
     3.4450       -37.12832    -1.38527    -6.18169   -29.56136
     3.5950       -36.82894    -1.28045    -6.07330   -29.47520
     3.7450       -36.55000    -1.18187    -5.97121   -29.39692
     3.8950       -36.28986    -1.09045    -5.87636   -29.32305
     4.0450       -36.04240    -1.00479    -5.78539   -29.25223
     4.1950       -35.81119    -0.92383    -5.70126   -29.18610
     4.3450       -35.58857    -0.84657    -5.62004   -29.12195
     4.4950       -35.38264    -0.77327    -5.54509   -29.06428
     4.6450       -35.18699    -0.70392    -5.47442   -29.00865
     4.7950       -34.99659    -0.63694    -5.40750   -28.95215
     4.9450       -34.81827    -0.57371    -5.34258   -28.90198
     5.0950       -34.65044    -0.51372    -5.28343   -28.85330
     5.2450       -34.49548    -0.45696    -5.23191   -28.80661
     5.3950       -34.34279    -0.40255    -5.17861   -28.76163
     5.5450       -34.19451    -0.35048    -5.12620   -28.71782
     5.6950       -34.05719    -0.30008    -5.08140   -28.67570
     5.8450       -33.92514    -0.25281    -5.03759   -28.63473
     5.9950       -33.80573    -0.20692    -5.00518   -28.59364
     6.1450       -33.68719    -0.16408    -4.96913   -28.55398
     6.2950       -33.57150    -0.12267    -4.93372   -28.51511
     6.4450       -33.47069    -0.08283    -4.90966   -28.47820
     6.5950       -33.36955    -0.04463    -4.88274   -28.44218
     6.7450       -33.27486    -0.00970    -4.85813   -28.40703
     6.8950       -33.18686     0.02414    -4.83894   -28.37206
     7.0450       -33.09492     0.05634    -4.81281   -28.33846
     7.1950       -33.01746     0.08489    -4.79682   -28.30553
     7.3450       -32.94188     0.11399    -4.78262   -28.27325
     7.4950       -32.86760     0.14076    -4.76667   -28.24169
     7.6450       -32.80243     0.16201    -4.75436   -28.21008
     7.7950       -32.74744     0.17765    -4.74522   -28.17986
     7.9450       -32.68698     0.19700    -4.73389   -28.15009
     8.0950       -32.63083     0.21495    -4.72481   -28.12098
     8.2450       -32.57483     0.23220    -4.71461   -28.09243
     8.3950       -32.52043     0.25200    -4.70800   -28.06443
     8.5450       -32.47534     0.26296    -4.70141   -28.03690
     8.6950       -32.42900     0.27693    -4.69620   -28.00973
     8.8450       -32.38878     0.28675    -4.69241   -27.98312
     8.9950       -32.34590     0.29988    -4.68873   -27.95705
     9.1450       -32.30551     0.31093    -4.68508   -27.93137
     9.2950       -32.26602     0.32307    -4.68298   -27.90611
     9.4450       -32.22619     0.33298    -4.67795   -27.88123
     9.5950       -32.18452     0.34516    -4.67288   -27.85681
     9.7450       -32.15275     0.34945    -4.66946   -27.83274
     9.8950       -32.11526     0.35811    -4.66445   -27.80892
     10.045       -32.08293     0.36544    -4.66274   -27.78563
     10.195       -32.05094     0.37278    -4.66109   -27.76263
     10.345       -32.02256     0.37693    -4.65946   -27.74003
     10.495       -31.99626     0.37935    -4.65791   -27.71770
     10.645       -31.97038     0.38173    -4.65641   -27.69570
     10.795       -31.94146     0.38750    -4.65496   -27.67400
     10.945       -31.91634     0.38975    -4.65355   -27.65254
     11.095       -31.88814     0.39553    -4.65219   -27.63149
     11.245       -31.86382     0.39767    -4.65085   -27.61064
     11.395       -31.84001     0.39974    -4.64959   -27.59016
     11.545       -31.81456     0.40370    -4.64834   -27.56992
     11.695       -31.79130     0.40568    -4.64709   -27.54989
     11.845       -31.76842     0.40761    -4.64587   -27.53016
     11.995       -31.74590     0.40951    -4.64473   -27.51068
     12.145       -31.72150     0.41136    -4.64148   -27.49138
     12.295       -31.69963     0.41317    -4.64039   -27.47241
     12.445       -31.67594     0.41706    -4.63935   -27.45365
     12.595       -31.65464     0.41879    -4.63830   -27.43513
     12.745       -31.63356     0.42049    -4.63728   -27.41677
     12.895       -31.61276     0.42217    -4.63627   -27.39867
     13.045       -31.59228     0.42381    -4.63529   -27.38080
     13.195       -31.57203     0.42543    -4.63434   -27.36312
     13.345       -31.55215     0.42700    -4.63340   -27.34575
     13.495       -31.53238     0.42856    -4.63249   -27.32845
     13.645       -31.51288     0.43008    -4.63160   -27.31136
     13.795       -31.49364     0.43159    -4.63075   -27.29447
     13.945       -31.47463     0.43307    -4.62991   -27.27779
     14.095       -31.45578     0.43451    -4.62906   -27.26123
     14.245       -31.43713     0.43596    -4.62824   -27.24485
     14.395       -31.41874     0.43736    -4.62744   -27.22866
     14.545       -31.40057     0.43875    -4.62667   -27.21265
     14.695       -31.38264     0.44009    -4.62590   -27.19684
     14.845       -31.36490     0.44142    -4.62514   -27.18119
     14.995       -31.34734     0.44273    -4.62439   -27.16569
     15.145       -31.32997     0.44402    -4.62365   -27.15033
     15.295       -31.31276     0.44530    -4.62292   -27.13513
     15.445       -31.29577     0.44655    -4.62223   -27.12009
     15.595       -31.27886     0.44781    -4.62153   -27.10514
     15.745       -31.26220     0.44905    -4.62084   -27.09041
     15.895       -31.24573     0.45024    -4.62016   -27.07581
     16.045       -31.22942     0.45143    -4.61949   -27.06135
     16.195       -31.21330     0.45259    -4.61884   -27.04705
     16.345       -31.19732     0.45374    -4.61820   -27.03286
     16.495       -31.18151     0.45490    -4.61758   -27.01883
     16.645       -31.16588     0.45602    -4.61696   -27.00494
     16.795       -31.15035     0.45713    -4.61634   -26.99114
     16.945       -31.13493     0.45825    -4.61572   -26.97746
     17.095       -31.11964     0.45934    -4.61512   -26.96386
     17.245       -31.10453     0.46042    -4.61453   -26.95042
     17.395       -31.08951     0.46148    -4.61394   -26.93705
     17.545       -31.07470     0.46255    -4.61337   -26.92387
     17.695       -31.05998     0.46359    -4.61280   -26.91077
     17.845       -31.04545     0.46462    -4.61226   -26.89781
     17.995       -31.03102     0.46564    -4.61171   -26.88495
     18.145       -31.01672     0.46665    -4.61118   -26.87219
     18.295       -31.00259     0.46764    -4.61064   -26.85959
     18.445       -30.98854     0.46862    -4.61013   -26.84703
     18.595       -30.97462     0.46959    -4.60962   -26.83459
     18.745       -30.96074     0.47055    -4.60911   -26.82218
     18.895       -30.94705     0.47150    -4.60861   -26.80994
     19.045       -30.93349     0.47243    -4.60810   -26.79782
     19.195       -30.92001     0.47337    -4.60760   -26.78579
     19.345       -30.90665     0.47429    -4.60712   -26.77382
     19.495       -30.89340     0.47520    -4.60664   -26.76196
     19.645       -30.88025     0.47610    -4.60616   -26.75019
     19.795       -30.86720     0.47700    -4.60570   -26.73850
     19.945       -30.85424     0.47788    -4.60523   -26.72689
     20.095       -30.84142     0.47877    -4.60478   -26.71541
     20.245       -30.82874     0.47965    -4.60434   -26.70406
     20.395       -30.81610     0.48051    -4.60390   -26.69271
     20.545       -30.80352     0.48136    -4.60344   -26.68144
     20.695       -30.79108     0.48220    -4.60300   -26.67028
     20.845       -30.77869     0.48304    -4.60256   -26.65917
     20.995       -30.76647     0.48387    -4.60212   -26.64821
     21.145       -30.75428     0.48469    -4.60169   -26.63727
     21.295       -30.74221     0.48551    -4.60128   -26.62643
     21.445       -30.73028     0.48631    -4.60089   -26.61570
     21.595       -30.71837     0.48711    -4.60047   -26.60502
     21.745       -30.70656     0.48790    -4.60006   -26.59440
     21.895       -30.69481     0.48869    -4.59966   -26.58384
     22.045       -30.68319     0.48947    -4.59926   -26.57340
     22.195       -30.67165     0.49023    -4.59886   -26.56301
     22.345       -30.66023     0.49100    -4.59847   -26.55277
     22.495       -30.64889     0.49176    -4.59809   -26.54257
     22.645       -30.63759     0.49251    -4.59769   -26.53241
     22.795       -30.62633     0.49326    -4.59731   -26.52228
     22.945       -30.61520     0.49400    -4.59693   -26.51228
     23.095       -30.60413     0.49473    -4.59656   -26.50230
     23.245       -30.59315     0.49545    -4.59617   -26.49243
     23.395       -30.58227     0.49618    -4.59580   -26.48265
     23.545       -30.57140     0.49690    -4.59544   -26.47286
     23.695       -30.56060     0.49761    -4.59508   -26.46314
     23.845       -30.54989     0.49833    -4.59472   -26.45351
     23.995       -30.53926     0.49903    -4.59435   -26.44395
     24.145       -30.52868     0.49974    -4.59399   -26.43443
     24.295       -30.51814     0.50042    -4.59363   -26.42493
     24.445       -30.50770     0.50111    -4.59328   -26.41553
     24.595       -30.49729     0.50179    -4.59294   -26.40615
     24.745       -30.48702     0.50247    -4.59261   -26.39688
     24.895       -30.47679     0.50314    -4.59226   -26.38767
     25.045       -30.46664     0.50380    -4.59194   -26.37850
     25.195       -30.45656     0.50447    -4.59161   -26.36941
     25.345       -30.44653     0.50512    -4.59129   -26.36036
     25.495       -30.43660     0.50576    -4.59096   -26.35141
     25.645       -30.42665     0.50642    -4.59062   -26.34245
     25.795       -30.41677     0.50706    -4.59030   -26.33353
     25.945       -30.40694     0.50769    -4.58997   -26.32466
     26.095       -30.39722     0.50832    -4.58965   -26.31589
     26.245       -30.38756     0.50895    -4.58933   -26.30718
     26.395       -30.37797     0.50957    -4.58902   -26.29852
     26.545       -30.36840     0.51020    -4.58872   -26.28988
     26.695       -30.35887     0.51081    -4.58842   -26.28127
     26.845       -30.34943     0.51143    -4.58811   -26.27275
     26.995       -30.34002     0.51204    -4.58780   -26.26427
     27.145       -30.33071     0.51265    -4.58751   -26.25585
     27.295       -30.32143     0.51324    -4.58721   -26.24746
     27.445       -30.31220     0.51382    -4.58692   -26.23910
     27.595       -30.30304     0.51441    -4.58662   -26.23083
     27.745       -30.29390     0.51499    -4.58633   -26.22255
     27.895       -30.28483     0.51557    -4.58605   -26.21435
     28.045       -30.27579     0.51615    -4.58575   -26.20619
     28.195       -30.26683     0.51674    -4.58547   -26.19810
     28.345       -30.25787     0.51732    -4.58518   -26.19001
     28.495       -30.24900     0.51788    -4.58490   -26.18199
     28.645       -30.24015     0.51844    -4.58462   -26.17396
     28.795       -30.23135     0.51901    -4.58435   -26.16601
     28.945       -30.22260     0.51957    -4.58408   -26.15809
     29.095       -30.21391     0.52014    -4.58381   -26.15024
     29.245       -30.20528     0.52069    -4.58354   -26.14243
     29.395       -30.19672     0.52124    -4.58328   -26.13468
     29.545       -30.18816     0.52179    -4.58300   -26.12694
     29.695       -30.17963     0.52233    -4.58274   -26.11922
     29.845       -30.17119     0.52286    -4.58248   -26.11157
     29.995       -30.16279     0.52340    -4.58223   -26.10396
     30.145       -30.15437     0.52394    -4.58196   -26.09635
     35.794       -29.60353     0.55863    -4.56524   -25.59692
     49.810       -29.06213     0.59197    -4.54956   -25.10454
     69.316       -28.53085     0.62431    -4.53459   -24.62057
     96.460       -28.01026     0.65580    -4.52025   -24.14581
     134.23       -27.50157     0.68625    -4.50628   -23.68154
     186.80       -27.00540     0.71578    -4.49271   -23.22847
     259.95       -26.52128     0.74448    -4.47952   -22.78623
     361.74       -26.05004     0.77224    -4.46665   -22.35562
     503.40       -25.59212     0.79913    -4.45415   -21.93710
     700.53       -25.14689     0.82510    -4.44198   -21.53001
     974.85       -24.71429     0.85023    -4.43009   -21.13444
     1356.6       -24.29458     0.87450    -4.41852   -20.75056
     1887.8       -23.88655     0.89790    -4.40726   -20.37719
     2627.1       -23.49059     0.92053    -4.39627   -20.01485
     3655.9       -23.10635     0.94230    -4.38562   -19.66303
     5087.5       -22.73370     0.96337    -4.37524   -19.32183
     7079.7       -22.37239     0.98364    -4.36517   -18.99086
     9852.1       -22.02241     1.00322    -4.35539   -18.67024
     13710.       -21.68381     1.02207    -4.34590   -18.35998
     19079.       -21.35661     1.04025    -4.33674   -18.06011
     26550.       -21.04058     1.05783    -4.32790   -17.77051
     36947.       -20.73582     1.07487    -4.31937   -17.49131
     51416.       -20.44283     1.09139    -4.31115   -17.22307
     71550.       -20.16235     1.10729    -4.30330   -16.96634
     99568.       -19.89272     1.12271    -4.29573   -16.71970
    0.13856E+06   -19.63442     1.13756    -4.28847   -16.48351
    0.19282E+06   -19.38759     1.15188    -4.28146   -16.25801
    0.26832E+06   -19.15172     1.16570    -4.27479   -16.04263
    0.37340E+06   -18.92627     1.17902    -4.26843   -15.83686
    0.51962E+06   -18.71082     1.19190    -4.26232   -15.64040
    0.72310E+06   -18.50458     1.20420    -4.25646   -15.45232
    0.10063E+07   -18.30789     1.21600    -4.25088   -15.27301
    0.14003E+07   -18.12021     1.22729    -4.24558   -15.10191
    0.19487E+07   -17.94165     1.23803    -4.24052   -14.93917
    0.27118E+07   -17.77150     1.24830    -4.23569   -14.78411
    0.37737E+07   -17.60944     1.25807    -4.23112   -14.63640
    0.52514E+07   -17.45500     1.26743    -4.22675   -14.49568
    0.73079E+07   -17.30795     1.27635    -4.22261   -14.36168
    0.10170E+08   -17.16788     1.28487    -4.21864   -14.23411
    0.14152E+08   -17.03470     1.29299    -4.21487   -14.11282
    0.19694E+08   -16.90784     1.30074    -4.21126   -13.99732
    0.27406E+08   -16.78735     1.30812    -4.20785   -13.88762
    0.38138E+08   -16.67315     1.31513    -4.20463   -13.78365
    0.53073E+08   -16.56537     1.32181    -4.20157   -13.68561
    0.73856E+08   -16.46368     1.32816    -4.19868   -13.59317
    0.10278E+09   -16.36776     1.33420    -4.19596   -13.50599
    0.14302E+09   -16.27787     1.33995    -4.19342   -13.42439
    0.19903E+09   -16.19457     1.34542    -4.19106   -13.34893
    0.27697E+09   -16.11736     1.35060    -4.18887   -13.27909
    0.38543E+09   -16.04684     1.35556    -4.18690   -13.21551
    0.53637E+09   -15.98239     1.36023    -4.18508   -13.15754
    0.74641E+09   -15.92325     1.36464    -4.18344   -13.10446
    0.10387E+10   -15.86861     1.36883    -4.18191   -13.05552
    0.14454E+10   -15.81833     1.37275    -4.18050   -13.01058
    0.20115E+10   -15.77192     1.37643    -4.17919   -12.96916
    0.27992E+10   -15.72924     1.37983    -4.17801   -12.93106
    0.38953E+10   -15.68992     1.38298    -4.17691   -12.89599
    0.54207E+10   -15.65372     1.38585    -4.17591   -12.86366
    0.75434E+10   -15.62038     1.38848    -4.17498   -12.83387
    0.10497E+11   -15.58966     1.39088    -4.17413   -12.80640
    0.14608E+11   -15.56137     1.39308    -4.17335   -12.78109
    0.20329E+11   -15.53530     1.39511    -4.17263   -12.75778
    0.28289E+11   -15.51135     1.39697    -4.17195   -12.73637
    0.39367E+11   -15.48925     1.39869    -4.17135   -12.71659
    0.54783E+11   -15.46892     1.40025    -4.17077   -12.69840
    0.10000E+12   -15.23178     1.41851    -4.16423   -12.48606
