    -44.945         0.00000     0.00000     0.00000     0.00000
    -44.795         0.00000     0.00000     0.00000     0.00000
    -44.645         0.00000     0.00000     0.00000     0.00000
    -44.495         0.00000     0.00000     0.00000     0.00000
    -44.345         0.00000     0.00000     0.00000     0.00000
    -44.195         0.00000     0.00000     0.00000     0.00000
    -44.045         0.00000     0.00000     0.00000     0.00000
    -43.895         0.00000     0.00000     0.00000     0.00000
    -43.745         0.00000     0.00000     0.00000     0.00000
    -43.595         0.00000     0.00000     0.00000     0.00000
    -43.445         0.00000     0.00000     0.00000     0.00000
    -43.295         0.00000     0.00000     0.00000     0.00000
    -43.145         0.00000     0.00000     0.00000     0.00000
    -42.995         0.00000     0.00000     0.00000     0.00000
    -42.845         0.00000     0.00000     0.00000     0.00000
    -42.695         0.00000     0.00000     0.00000     0.00000
    -42.545         0.00000     0.00000     0.00000     0.00000
    -42.395         0.00000     0.00000     0.00000     0.00000
    -42.245         0.00000     0.00000     0.00000     0.00000
    -42.095         0.00000     0.00000     0.00000     0.00000
    -41.945         0.00000     0.00000     0.00000     0.00000
    -41.795         0.00000     0.00000     0.00000     0.00000
    -41.645         0.00000     0.00000     0.00000     0.00000
    -41.495         0.00000     0.00000     0.00000     0.00000
    -41.345         0.00000     0.00000     0.00000     0.00000
    -41.195         0.00000     0.00000     0.00000     0.00000
    -41.045         0.00000     0.00000     0.00000     0.00000
    -40.895         0.00000     0.00000     0.00000     0.00000
    -40.745         0.00000     0.00000     0.00000     0.00000
    -40.595         0.00000     0.00000     0.00000     0.00000
    -40.445         0.00000     0.00000     0.00000     0.00000
    -40.295         0.00000     0.00000     0.00000     0.00000
    -40.145         0.00000     0.00000     0.00000     0.00000
    -39.995         0.00000     0.00000     0.00000     0.00000
    -39.845         0.00000     0.00000     0.00000     0.00000
    -39.695         0.00000     0.00000     0.00000     0.00000
    -39.545         0.00000     0.00000     0.00000     0.00000
    -39.395         0.00000     0.00000     0.00000     0.00000
    -39.245         0.00000     0.00000     0.00000     0.00000
    -39.095         0.00000     0.00000     0.00000     0.00000
    -38.945         0.00000     0.00000     0.00000     0.00000
    -38.795         0.00000     0.00000     0.00000     0.00000
    -38.645         0.00000     0.00000     0.00000     0.00000
    -38.495         0.00000     0.00000     0.00000     0.00000
    -38.345         0.00000     0.00000     0.00000     0.00000
    -38.195         0.00000     0.00000     0.00000     0.00000
    -38.045         0.00000     0.00000     0.00000     0.00000
    -37.895         0.00000     0.00000     0.00000     0.00000
    -37.745         0.00000     0.00000     0.00000     0.00000
    -37.595         0.00000     0.00000     0.00000     0.00000
    -37.445         0.00000     0.00000     0.00000     0.00000
    -37.295         0.00000     0.00000     0.00000     0.00000
    -37.145         0.00000     0.00000     0.00000     0.00000
    -36.995         0.00000     0.00000     0.00000     0.00000
    -36.845         0.00000     0.00000     0.00000     0.00000
    -36.695         0.00000     0.00000     0.00000     0.00000
    -36.545         0.00000     0.00000     0.00000     0.00000
    -36.395         0.00000     0.00000     0.00000     0.00000
    -36.245         0.00000     0.00000     0.00000     0.00000
    -36.095         0.00000     0.00000     0.00000     0.00000
    -35.945         0.00000     0.00000     0.00000     0.00000
    -35.795         0.00000     0.00000     0.00000     0.00000
    -35.645         0.00000     0.00000     0.00000     0.00000
    -35.495         0.00000     0.00000     0.00000     0.00000
    -35.345         0.00000     0.00000     0.00000     0.00000
    -35.195         0.00000     0.00000     0.00000     0.00000
    -35.045         0.00000     0.00000     0.00000     0.00000
    -34.895         0.00000     0.00000     0.00000     0.00000
    -34.745         0.00000     0.00000     0.00000     0.00000
    -34.595         0.00000     0.00000     0.00000     0.00000
    -34.445         0.00000     0.00000     0.00000     0.00000
    -34.295         0.00000     0.00000     0.00000     0.00000
    -34.145         0.00000     0.00000     0.00000     0.00000
    -33.995         0.00000     0.00000     0.00000     0.00000
    -33.845         0.00000     0.00000     0.00000     0.00000
    -33.695         0.00000     0.00000     0.00000     0.00000
    -33.545         0.00000     0.00000     0.00000     0.00000
    -33.395         0.00000     0.00000     0.00000     0.00000
    -33.245         0.00000     0.00000     0.00000     0.00000
    -33.095         0.00000     0.00000     0.00000     0.00000
    -32.945         0.00000     0.00000     0.00000     0.00000
    -32.795         0.00000     0.00000     0.00000     0.00000
    -32.645         0.00000     0.00000     0.00000     0.00000
    -32.495         0.00000     0.00000     0.00000     0.00000
    -32.345         0.00000     0.00000     0.00000     0.00000
    -32.195         0.00000     0.00000     0.00000     0.00000
    -32.045         0.00000     0.00000     0.00000     0.00000
    -31.895         0.00000     0.00000     0.00000     0.00000
    -31.745         0.00000     0.00000     0.00000     0.00000
    -31.595         0.00000     0.00000     0.00000     0.00000
    -31.445         0.00000     0.00000     0.00000     0.00000
    -31.295         0.00000     0.00000     0.00000     0.00000
    -31.145         0.00000     0.00000     0.00000     0.00000
    -30.995         0.00000     0.00000     0.00000     0.00000
    -30.845         0.00000     0.00000     0.00000     0.00000
    -30.695         0.00000     0.00000     0.00000     0.00000
    -30.545         0.00000     0.00000     0.00000     0.00000
    -30.395         0.00000     0.00000     0.00000     0.00000
    -30.245         0.00000     0.00000     0.00000     0.00000
    -30.095         0.00000     0.00000     0.00000     0.00000
    -29.945         0.00000     0.00000     0.00000     0.00000
    -29.795         0.00000     0.00000     0.00000     0.00000
    -29.645         0.00000     0.00000     0.00000     0.00000
    -29.495         0.00000     0.00000     0.00000     0.00000
    -29.345         0.00000     0.00000     0.00000     0.00000
    -29.195         0.00000     0.00000     0.00000     0.00000
    -29.045         0.00000     0.00000     0.00000     0.00000
    -28.895         0.00000     0.00000     0.00000     0.00000
    -28.745         0.00000     0.00000     0.00000     0.00000
    -28.595         0.00000     0.00000     0.00000     0.00000
    -28.445         0.00000     0.00000     0.00000     0.00000
    -28.295         0.00000     0.00000     0.00000     0.00000
    -28.145         0.00000     0.00000     0.00000     0.00000
    -27.995         0.00000     0.00000     0.00000     0.00000
    -27.845         0.00000     0.00000     0.00000     0.00000
    -27.695         0.00000     0.00000     0.00000     0.00000
    -27.545         0.00000     0.00000     0.00000     0.00000
    -27.395         0.00000     0.00000     0.00000     0.00000
    -27.245         0.00000     0.00000     0.00000     0.00000
    -27.095        -0.00000    -0.00000     0.00000     0.00000
    -26.945        -0.00000    -0.00000     0.00000     0.00000
    -26.795        -0.00000    -0.00000     0.00000     0.00000
    -26.645        -0.00000    -0.00000     0.00000     0.00000
    -26.495        -0.00000    -0.00000     0.00000     0.00000
    -26.345        -0.00000    -0.00000     0.00000     0.00000
    -26.195        -0.00000    -0.00000     0.00000     0.00000
    -26.045        -0.00000    -0.00000     0.00000     0.00000
    -25.895        -0.00000    -0.00000     0.00000     0.00000
    -25.745        -0.00000    -0.00000     0.00000     0.00000
    -25.595        -0.00000    -0.00000     0.00000     0.00000
    -25.445        -0.00000    -0.00000     0.00000     0.00000
    -25.295        -0.00000    -0.00000     0.00000     0.00000
    -25.145        -0.00001    -0.00001     0.00000     0.00000
    -24.995        -0.00001    -0.00001     0.00000     0.00000
    -24.845        -0.00001    -0.00001     0.00000     0.00000
    -24.695        -0.00001    -0.00001    -0.00000     0.00000
    -24.545        -0.00001    -0.00001    -0.00000     0.00000
    -24.395        -0.00001    -0.00001    -0.00000     0.00000
    -24.245        -0.00002    -0.00002    -0.00000     0.00000
    -24.095        -0.00060    -0.00002    -0.00058     0.00000
    -23.945        -0.00120    -0.00003    -0.00117     0.00000
    -23.795        -0.00121    -0.00003    -0.00117     0.00000
    -23.645        -0.00122    -0.00004    -0.00118     0.00000
    -23.495        -0.00189    -0.00005    -0.00184     0.00000
    -23.345        -0.00191    -0.00005    -0.00185     0.00000
    -23.195        -0.00194    -0.00007    -0.00187     0.00000
    -23.045        -0.00198    -0.00008    -0.00189     0.00000
    -22.895        -0.00346    -0.00009    -0.00337     0.00000
    -22.745        -0.00558    -0.00011    -0.00547     0.00000
    -22.595        -0.00669    -0.00013    -0.00656     0.00000
    -22.445        -0.00901    -0.00015    -0.00886     0.00000
    -22.295        -0.01089    -0.00017    -0.01071     0.00000
    -22.145        -0.01100    -0.00020    -0.01080     0.00000
    -21.995        -0.01363    -0.00023    -0.01339     0.00000
    -21.845        -0.01692    -0.00027    -0.01665     0.00000
    -21.695        -0.01971    -0.00030    -0.01941     0.00000
    -21.545        -0.02314    -0.00035    -0.02280     0.00000
    -21.395        -0.02558    -0.00039    -0.02519     0.00000
    -21.245        -0.02808    -0.00044    -0.02763     0.00000
    -21.095        -0.03170    -0.00050    -0.03120     0.00000
    -20.945        -0.03434    -0.00056    -0.03378     0.00000
    -20.795        -0.03700    -0.00063    -0.03636     0.00000
    -20.645        -0.04026    -0.00072    -0.03954     0.00000
    -20.495        -0.04304    -0.00081    -0.04223     0.00000
    -20.345        -0.04583    -0.00092    -0.04491     0.00000
    -20.195        -0.05126    -0.00104    -0.05022     0.00000
    -20.045        -0.05418    -0.00117    -0.05301     0.00000
    -19.895        -0.05716    -0.00133    -0.05583     0.00000
    -19.745        -0.05934    -0.00151    -0.05784     0.00000
    -19.595        -0.06152    -0.00169    -0.05983     0.00000
    -19.445        -0.06193    -0.00190    -0.06003     0.00000
    -19.295        -0.06563    -0.00212    -0.06351     0.00000
    -19.145        -0.06791    -0.00237    -0.06553     0.00000
    -18.995        -0.07109    -0.00263    -0.06846     0.00000
    -18.845        -0.07157    -0.00290    -0.06867     0.00000
    -18.695        -0.07393    -0.00321    -0.07072     0.00000
    -18.545        -0.07781    -0.00351    -0.07430     0.00000
    -18.395        -0.07837    -0.00384    -0.07453     0.00000
    -18.245        -0.07897    -0.00419    -0.07478     0.00000
    -18.095        -0.08235    -0.00454    -0.07781     0.00000
    -17.945        -0.08478    -0.00492    -0.07986     0.00000
    -17.795        -0.08820    -0.00532    -0.08289     0.00000
    -17.645        -0.09070    -0.00574    -0.08496     0.00000
    -17.495        -0.09320    -0.00616    -0.08704     0.00000
    -17.345        -0.09387    -0.00659    -0.08728     0.00000
    -17.195        -0.09642    -0.00708    -0.08934     0.00000
    -17.045        -0.10003    -0.00760    -0.09244     0.00000
    -16.895        -0.10261    -0.00811    -0.09450     0.00000
    -16.745        -0.10520    -0.00864    -0.09656     0.00000
    -16.595        -0.10605    -0.00921    -0.09684     0.00000
    -16.445        -0.10694    -0.00981    -0.09714     0.00000
    -16.295        -0.10785    -0.01045    -0.09740     0.00000
    -16.145        -0.11060    -0.01111    -0.09950     0.00000
    -15.995        -0.11444    -0.01178    -0.10265     0.00000
    -15.845        -0.11544    -0.01250    -0.10293     0.00000
    -15.695        -0.11645    -0.01323    -0.10323     0.00000
    -15.545        -0.12120    -0.01399    -0.10721     0.00000
    -15.395        -0.12412    -0.01479    -0.10932     0.00000
    -15.245        -0.12531    -0.01566    -0.10965     0.00000
    -15.095        -0.12821    -0.01648    -0.11173     0.00000
    -14.945        -0.12940    -0.01734    -0.11206     0.00000
    -14.795        -0.13061    -0.01822    -0.11239     0.00000
    -14.645        -0.13477    -0.01913    -0.11565     0.00000
    -14.495        -0.13782    -0.02006    -0.11775     0.00000
    -14.345        -0.14090    -0.02102    -0.11987     0.00000
    -14.195        -0.14874    -0.02400    -0.12474     0.00000
    -14.045        -0.15389    -0.02705    -0.12684     0.00000
    -13.895        -0.15834    -0.02815    -0.13019     0.00000
    -13.745        -0.16179    -0.03123    -0.13056     0.00000
    -13.595        -0.16628    -0.03240    -0.13388     0.00000
    -13.445        -0.17181    -0.03359    -0.13822     0.00000
    -13.295        -0.17932    -0.03671    -0.14260     0.00000
    -13.145        -0.18580    -0.03981    -0.14599     0.00000
    -12.995        -0.19145    -0.04105    -0.15040     0.00000
    -12.845        -0.19857    -0.04224    -0.15633     0.00000
    -12.695        -0.20430    -0.04350    -0.16080     0.00000
    -12.545        -0.22098    -0.05296    -0.16802     0.00000
    -12.395        -0.22671    -0.05419    -0.17252     0.00000
    -12.245        -0.24101    -0.06019    -0.18083     0.00000
    -12.095        -0.25300    -0.06479    -0.18821     0.00000
    -11.945        -0.26675    -0.07310    -0.19366     0.00000
    -11.795        -0.28145    -0.08027    -0.20118     0.00000
    -11.645        -0.30035    -0.09055    -0.20980     0.00000
    -11.495        -0.31561    -0.09879    -0.21682     0.00000
    -11.345        -0.33602    -0.10805    -0.22797     0.00000
    -11.195        -0.35352    -0.11386    -0.23965     0.00000
    -11.045        -0.37428    -0.12399    -0.25029     0.00000
    -10.895        -0.39674    -0.13499    -0.26176     0.00000
    -10.745        -0.41813    -0.14407    -0.27406     0.00000
    -10.595        -0.43979    -0.15210    -0.28769     0.00000
    -10.445        -0.46858    -0.16537    -0.30321     0.00000
    -10.295        -0.49893    -0.17928    -0.31965     0.00000
    -10.145        -0.53017    -0.19090    -0.33926     0.00000
    -9.9950        -0.56767    -0.20995    -0.35772     0.00000
    -9.8450        -0.60443    -0.22635    -0.37808     0.00000
    -9.6950        -0.64268    -0.24147    -0.40121     0.00000
    -9.5450        -0.68062    -0.25781    -0.42281     0.00000
    -9.3950        -0.72369    -0.27866    -0.44503     0.00000
    -9.2450        -0.76883    -0.29819    -0.47064     0.00000
    -9.0950        -0.81400    -0.31557    -0.49842     0.00000
    -8.9450        -0.86073    -0.33396    -0.52678     0.00000
    -8.7950        -0.91518    -0.35836    -0.55682     0.00000
    -8.6450        -0.96815    -0.38242    -0.58572     0.00000
    -8.4950        -1.02903    -0.40830    -0.62073     0.00000
    -8.3450        -1.08816    -0.43130    -0.65686     0.00000
    -8.1950        -1.15253    -0.45798    -0.69455     0.00000
    -8.0450        -1.21997    -0.48660    -0.73298    -0.00039
    -7.8950        -1.29129    -0.51747    -0.77327    -0.00055
    -7.7450        -1.36318    -0.54609    -0.81605    -0.00104
    -7.5950        -1.42891    -0.57357    -0.85039    -0.00495
    -7.4450        -1.50590    -0.60293    -0.89107    -0.01190
    -7.2950        -1.59023    -0.63629    -0.93138    -0.02257
    -7.1450        -1.68256    -0.66508    -0.97504    -0.04244
    -6.9950        -1.78724    -0.69960    -1.01793    -0.06971
    -6.8450        -1.90115    -0.73457    -1.05954    -0.10704
    -6.6950        -2.03834    -0.77318    -1.10440    -0.16076
    -6.5450        -2.19034    -0.81305    -1.14777    -0.22953
    -6.3950        -2.35044    -0.84902    -1.19085    -0.31058
    -6.2450        -2.54323    -0.89317    -1.23554    -0.41452
    -6.0950        -2.76885    -0.93963    -1.28016    -0.54906
    -5.9450        -3.02921    -0.98629    -1.32496    -0.71796
    -5.7950        -3.34897    -1.03422    -1.37711    -0.93764
    -5.6450        -3.73878    -1.08508    -1.42979    -1.22391
    -5.4950        -4.20626    -1.14118    -1.48572    -1.57936
    -5.3450        -4.72432    -1.19906    -1.54129    -1.98397
    -5.1950        -5.30509    -1.25778    -1.60273    -2.44458
    -5.0450        -5.91816    -1.32364    -1.66349    -2.93103
    -4.8950        -6.57438    -1.39005    -1.73114    -3.45319
    -4.7450        -7.25888    -1.46479    -1.80352    -3.99057
    -4.5950        -7.95841    -1.53714    -1.87765    -4.54362
    -4.4450        -8.69067    -1.61538    -1.95668    -5.11862
    -4.2950        -9.44617    -1.69672    -2.04381    -5.70564
    -4.1450       -10.22656    -1.78438    -2.14018    -6.30200
    -3.9950       -11.02777    -1.88176    -2.24287    -6.90314
    -3.8450       -11.85350    -1.98310    -2.35251    -7.51789
    -3.6950       -12.69651    -2.09263    -2.46778    -8.13610
    -3.5450       -13.58222    -2.20763    -2.59415    -8.78043
    -3.3950       -14.49507    -2.33003    -2.72711    -9.43793
    -3.2450       -15.44770    -2.45842    -2.86262   -10.12666
    -3.0950       -16.43509    -2.58797    -3.00418   -10.84294
    -2.9450       -17.47170    -2.72033    -3.15038   -11.60099
    -2.7950       -18.55698    -2.86103    -3.30562   -12.39032
    -2.6450       -19.69566    -3.00617    -3.47014   -13.21935
    -2.4950       -20.93352    -3.15883    -3.65302   -14.12167
    -2.3450       -22.25183    -3.31253    -3.84740   -15.09190
    -2.1950       -23.66565    -3.47374    -4.05665   -16.13526
    -2.0450       -25.18832    -3.64358    -4.27784   -17.26690
    -1.8950       -26.81667    -3.82538    -4.51833   -18.47297
    -1.7450       -28.58095    -4.02704    -4.77238   -19.78153
    -1.5950       -30.49356    -4.24536    -5.05232   -21.19589
    -1.4450       -32.58588    -4.48296    -5.36206   -22.74086
    -1.2950       -34.85639    -4.72255    -5.71382   -24.42002
    -1.1450       -37.39787    -4.97730    -6.11156   -26.30900
   -0.99500       -40.24030    -5.24401    -6.56187   -28.43442
   -0.84500       -43.49310    -5.54531    -7.06959   -30.87821
   -0.69500       -47.28583    -5.89085    -7.63126   -33.76373
   -0.54500       -51.76902    -6.27762    -8.21286   -37.27854
   -0.39500       -57.38991    -6.66230    -8.75122   -41.97639
   -0.25300       -62.15210    -6.87064    -9.02664   -46.25482
   -0.21500       -62.50017    -6.88231    -9.04071   -46.57715
   -0.20900       -62.85769    -6.89335    -9.05417   -46.91016
   -0.20300       -63.22516    -6.90440    -9.06754   -47.25322
   -0.19700       -63.60277    -6.91538    -9.08047   -47.60692
   -0.19100       -63.99144    -6.92609    -9.09279   -47.97256
   -0.18500       -64.38978    -6.93655    -9.10485   -48.34838
   -0.17900       -64.80003    -6.94671    -9.11638   -48.73694
   -0.17300       -65.22196    -6.95634    -9.12787   -49.13775
   -0.16700       -65.65601    -6.96592    -9.13881   -49.55129
   -0.16100       -66.10487    -6.97525    -9.14945   -49.98018
   -0.15500       -66.56728    -6.98431    -9.15968   -50.42329
   -0.14900       -67.04699    -6.99303    -9.16945   -50.88450
   -0.14300       -67.54293    -7.00191    -9.17892   -51.36210
   -0.13700       -68.05589    -7.01023    -9.18818   -51.85747
   -0.13100       -68.58737    -7.01824    -9.19698   -52.37214
   -0.12500       -69.13923    -7.02611    -9.20539   -52.90772
   -0.11900       -69.71324    -7.03355    -9.21330   -53.46639
   -0.11300       -70.30715    -7.04048    -9.22081   -54.04586
   -0.10700       -70.92454    -7.04726    -9.22785   -54.64943
   -0.10100       -71.56672    -7.05360    -9.23456   -55.27857
   -0.95000E-01   -72.23586    -7.05951    -9.24057   -55.93577
   -0.89000E-01   -72.93150    -7.06520    -9.24647   -56.61982
   -0.83000E-01   -73.65977    -7.07045    -9.25194   -57.33738
   -0.77000E-01   -74.42056    -7.07541    -9.25680   -58.08835
   -0.71000E-01   -75.21994    -7.07999    -9.26132   -58.87863
   -0.65000E-01   -76.05968    -7.08420    -9.26555   -59.70993
   -0.59000E-01   -76.94724    -7.08805    -9.26940   -60.58979
   -0.53000E-01   -77.88605    -7.09150    -9.27286   -61.52169
   -0.47000E-01   -78.87491    -7.09457    -9.27587   -62.50448
   -0.41000E-01   -79.90078    -7.09736    -9.27856   -63.52487
   -0.35000E-01   -80.94554    -7.09964    -9.28083   -64.56507
   -0.29000E-01   -81.96906    -7.10157    -9.28272   -65.58477
   -0.23000E-01   -82.88774    -7.10311    -9.28422   -66.50040
   -0.19700E-01   -82.97057    -7.10324    -9.28435   -66.58299
   -0.19100E-01   -83.05131    -7.10336    -9.28447   -66.66348
   -0.18500E-01   -83.12994    -7.10350    -9.28459   -66.74186
   -0.17900E-01   -83.20674    -7.10362    -9.28469   -66.81843
   -0.17300E-01   -83.28158    -7.10372    -9.28481   -66.89305
   -0.16700E-01   -83.35431    -7.10383    -9.28492   -66.96555
   -0.16100E-01   -83.42449    -7.10393    -9.28502   -67.03554
   -0.15500E-01   -83.49266    -7.10404    -9.28513   -67.10350
   -0.14900E-01   -83.55869    -7.10414    -9.28523   -67.16932
   -0.14300E-01   -83.62241    -7.10423    -9.28532   -67.23286
   -0.13700E-01   -83.68370    -7.10432    -9.28541   -67.29396
   -0.13100E-01   -83.74265    -7.10440    -9.28550   -67.35274
   -0.12500E-01   -83.79922    -7.10449    -9.28558   -67.40914
   -0.11900E-01   -83.85336    -7.10457    -9.28566   -67.46314
   -0.11300E-01   -83.90484    -7.10465    -9.28572   -67.51446
   -0.10700E-01   -83.95374    -7.10473    -9.28579   -67.56323
   -0.10100E-01   -84.00019    -7.10479    -9.28586   -67.60954
   -0.95000E-02   -84.04399    -7.10486    -9.28592   -67.65322
   -0.89000E-02   -84.08530    -7.10491    -9.28597   -67.69441
   -0.83000E-02   -84.12388    -7.10497    -9.28602   -67.73289
   -0.77000E-02   -84.15980    -7.10502    -9.28608   -67.76871
   -0.71000E-02   -84.19295    -7.10506    -9.28612   -67.80177
   -0.65000E-02   -84.22335    -7.10511    -9.28616   -67.83208
   -0.59000E-02   -84.25107    -7.10515    -9.28620   -67.85972
   -0.53000E-02   -84.27602    -7.10518    -9.28623   -67.88460
   -0.47000E-02   -84.29821    -7.10522    -9.28627   -67.90673
   -0.41000E-02   -84.31761    -7.10524    -9.28629   -67.92607
   -0.35000E-02   -84.33415    -7.10527    -9.28631   -67.94257
   -0.29000E-02   -84.34787    -7.10529    -9.28633   -67.95625
   -0.23000E-02   -84.35873    -7.10530    -9.28635   -67.96708
   -0.17000E-02   -84.36674    -7.10531    -9.28636   -67.97507
   -0.11000E-02   -84.37195    -7.10532    -9.28637   -67.98026
   -0.50000E-03   -84.37431    -7.10532    -9.28637   -67.98262
    0.10000E-03   -84.37384    -7.10532    -9.28637   -67.98215
    0.70000E-03   -84.37052    -7.10532    -9.28637   -67.97883
    0.13000E-02   -84.36436    -7.10531    -9.28636   -67.97269
    0.19000E-02   -84.35537    -7.10529    -9.28635   -67.96373
    0.25000E-02   -84.34355    -7.10528    -9.28633   -67.95194
    0.31000E-02   -84.32896    -7.10526    -9.28631   -67.93739
    0.37000E-02   -84.31152    -7.10523    -9.28629   -67.92001
    0.43000E-02   -84.29128    -7.10520    -9.28626   -67.89982
    0.49000E-02   -84.26831    -7.10517    -9.28623   -67.87691
    0.55000E-02   -84.24249    -7.10514    -9.28619   -67.85117
    0.61000E-02   -84.21396    -7.10509    -9.28615   -67.82271
    0.67000E-02   -84.18264    -7.10505    -9.28611   -67.79148
    0.73000E-02   -84.14878    -7.10500    -9.28607   -67.75771
    0.79000E-02   -84.11221    -7.10494    -9.28602   -67.72125
    0.85000E-02   -84.07305    -7.10488    -9.28597   -67.68220
    0.91000E-02   -84.03113    -7.10482    -9.28591   -67.64040
    0.97000E-02   -83.98663    -7.10476    -9.28585   -67.59602
    0.10300E-01   -83.93963    -7.10468    -9.28578   -67.54917
    0.10900E-01   -83.89024    -7.10461    -9.28571   -67.49991
    0.11500E-01   -83.83819    -7.10454    -9.28564   -67.44801
    0.12100E-01   -83.78363    -7.10445    -9.28557   -67.39361
    0.12700E-01   -83.72668    -7.10436    -9.28549   -67.33683
    0.13300E-01   -83.66732    -7.10427    -9.28540   -67.27765
    0.13900E-01   -83.60555    -7.10418    -9.28531   -67.21607
    0.14500E-01   -83.54175    -7.10408    -9.28522   -67.15246
    0.15100E-01   -83.47536    -7.10398    -9.28512   -67.08626
    0.15700E-01   -83.40682    -7.10388    -9.28502   -67.01792
    0.16300E-01   -83.33626    -7.10376    -9.28492   -66.94758
    0.16900E-01   -83.26329    -7.10365    -9.28480   -66.87484
    0.17500E-01   -83.18836    -7.10352    -9.28470   -66.80014
    0.18100E-01   -83.11166    -7.10340    -9.28458   -66.72368
    0.18700E-01   -83.03250    -7.10328    -9.28446   -66.64475
    0.19300E-01   -82.95159    -7.10315    -9.28434   -66.56410
    0.20200E-01   -82.62011    -7.10259    -9.28384   -66.23368
    0.25000E-01   -81.66455    -7.10089    -9.28219   -65.28147
    0.31000E-01   -80.63454    -7.09877    -9.28017   -64.25560
    0.37000E-01   -79.59954    -7.09629    -9.27778   -63.22547
    0.43000E-01   -78.59078    -7.09337    -9.27505   -62.22236
    0.49000E-01   -77.62251    -7.09006    -9.27193   -61.26052
    0.55000E-01   -76.70546    -7.08622    -9.26834   -60.35090
    0.61000E-01   -75.84040    -7.08212    -9.26436   -59.49392
    0.67000E-01   -75.02319    -7.07751    -9.26006   -58.68563
    0.73000E-01   -74.24507    -7.07257    -9.25534   -57.91716
    0.79000E-01   -73.50304    -7.06724    -9.25030   -57.18551
    0.85000E-01   -72.79354    -7.06149    -9.24484   -56.48720
    0.91000E-01   -72.11460    -7.05540    -9.23914   -55.82006
    0.97000E-01   -71.46354    -7.04878    -9.23290   -55.18185
    0.10300       -70.84142    -7.04162    -9.22629   -54.57351
    0.10900       -70.24280    -7.03407    -9.21951   -53.98921
    0.11500       -69.66760    -7.02626    -9.21259   -53.42875
    0.12100       -69.11524    -7.01798    -9.20514   -52.89212
    0.12700       -68.58528    -7.00945    -9.19739   -52.37844
    0.13300       -68.07558    -7.00049    -9.18910   -51.88600
    0.13900       -67.58429    -6.99115    -9.18069   -51.41246
    0.14500       -67.11390    -6.98153    -9.17190   -50.96047
    0.15100       -66.65930    -6.97152    -9.16275   -50.52503
    0.15700       -66.22362    -6.96095    -9.15362   -50.10905
    0.16300       -65.80474    -6.94986    -9.14413   -49.71075
    0.16900       -65.40097    -6.93885    -9.13441   -49.32771
    0.17500       -65.01092    -6.92724    -9.12427   -48.95941
    0.18100       -64.63459    -6.91532    -9.11428   -48.60499
    0.18700       -64.27157    -6.90326    -9.10386   -48.26445
    0.19300       -63.91955    -6.89070    -9.09288   -47.93597
    0.19900       -63.57932    -6.87772    -9.08172   -47.61988
    0.20500       -63.24961    -6.86435    -9.07042   -47.31484
    0.21100       -62.93111    -6.85080    -9.05869   -47.02162
    0.21700       -62.62255    -6.83685    -9.04681   -46.73889
    0.29500       -56.72315    -6.38484    -8.69310   -41.64520
    0.44500       -52.95624    -5.80526    -8.29145   -38.85953
    0.59500       -50.17593    -5.21768    -7.91405   -37.04420
    0.74500       -47.98633    -4.66921    -7.57174   -35.74538
    0.89500       -46.19549    -4.18036    -7.26931   -34.74582
     1.0450       -44.68788    -3.76423    -6.98922   -33.93444
     1.1950       -43.40009    -3.40428    -6.73254   -33.26327
     1.3450       -42.28200    -3.07937    -6.49010   -32.71253
     1.4950       -41.29656    -2.78146    -6.26716   -32.24794
     1.6450       -40.42119    -2.50704    -6.05845   -31.85570
     1.7950       -39.63403    -2.25458    -5.86226   -31.51719
     1.9450       -38.92050    -2.02139    -5.67726   -31.22184
     2.0950       -38.27368    -1.80689    -5.50526   -30.96152
     2.2450       -37.68403    -1.60883    -5.34300   -30.73220
     2.3950       -37.15291    -1.42562    -5.19174   -30.53555
     2.5450       -36.67014    -1.25649    -5.04954   -30.36411
     2.6950       -36.21802    -1.09969    -4.91576   -30.20257
     2.8450       -35.80485    -0.95567    -4.78873   -30.06044
     2.9950       -35.42457    -0.82210    -4.66913   -29.93334
     3.1450       -35.06681    -0.69728    -4.55415   -29.81538
     3.2950       -34.73111    -0.58001    -4.44942   -29.70168
     3.4450       -34.42126    -0.47050    -4.34777   -29.60298
     3.5950       -34.12583    -0.36748    -4.25075   -29.50760
     3.7450       -33.85485    -0.27068    -4.16603   -29.41814
     3.8950       -33.59911    -0.17920    -4.08520   -29.33471
     4.0450       -33.36021    -0.09759    -4.00688   -29.25574
     4.1950       -33.12906    -0.01784    -3.93007   -29.18116
     4.3450       -32.90870     0.05851    -3.85681   -29.11040
     4.4950       -32.69663     0.12920    -3.78611   -29.03972
     4.6450       -32.50005     0.19590    -3.72354   -28.97241
     4.7950       -32.31003     0.25984    -3.66116   -28.90871
     4.9450       -32.12844     0.31666    -3.59669   -28.84841
     5.0950       -31.95363     0.37312    -3.53707   -28.78969
     5.2450       -31.79298     0.42279    -3.48255   -28.73322
     5.3950       -31.63285     0.47143    -3.42530   -28.67897
     5.5450       -31.48725     0.51556    -3.37673   -28.62608
     5.6950       -31.34245     0.55501    -3.32315   -28.57430
     5.8450       -31.20881     0.59525    -3.27967   -28.52438
     5.9950       -31.08181     0.63114    -3.23736   -28.47558
     6.1450       -30.95121     0.67067    -3.19376   -28.42811
     6.2950       -30.83303     0.70466    -3.15595   -28.38175
     6.4450       -30.71663     0.73815    -3.11817   -28.33661
     6.5950       -30.60238     0.76925    -3.07922   -28.29241
     6.7450       -30.49611     0.79602    -3.04297   -28.24916
     6.8950       -30.38526     0.82672    -3.00499   -28.20698
     7.0450       -30.27679     0.85484    -2.96652   -28.16511
     7.1950       -30.17072     0.88285    -2.92951   -28.12407
     7.3450       -30.06370     0.91187    -2.89116   -28.08441
     7.4950       -29.96290     0.93924    -2.85655   -28.04559
     7.6450       -29.86482     0.96518    -2.82246   -28.00754
     7.7950       -29.77037     0.99084    -2.79098   -27.97023
     7.9450       -29.68510     1.01218    -2.76363   -27.93365
     8.0950       -29.59517     1.03481    -2.73229   -27.89768
     8.2450       -29.50642     1.05756    -2.70157   -27.86240
     8.3950       -29.42146     1.07854    -2.67226   -27.82773
     8.5450       -29.34240     1.09640    -2.64505   -27.79375
     8.6950       -29.25985     1.11406    -2.61359   -27.76032
     8.8450       -29.18158     1.13336    -2.58750   -27.72745
     8.9950       -29.10671     1.14889    -2.56043   -27.69516
     9.1450       -29.03516     1.15713    -2.52889   -27.66340
     9.2950       -28.96833     1.17193    -2.50816   -27.63210
     9.4450       -28.89571     1.18406    -2.47840   -27.60136
     9.5950       -28.83063     1.18978    -2.44926   -27.57114
     9.7450       -28.75879     1.20257    -2.42003   -27.54134
     9.8950       -28.69466     1.21200    -2.39473   -27.51193
     10.045       -28.62986     1.22241    -2.36915   -27.48313
     10.195       -28.56840     1.22961    -2.34340   -27.45462
     10.345       -28.50512     1.23909    -2.31767   -27.42654
     10.495       -28.44848     1.24165    -2.29125   -27.39888
     10.645       -28.39518     1.24597    -2.26953   -27.37162
     10.795       -28.34377     1.24660    -2.24572   -27.34464
     10.945       -28.29619     1.24722    -2.22528   -27.31813
     11.095       -28.24609     1.24781    -2.20190   -27.29200
     11.245       -28.20216     1.24838    -2.18445   -27.26609
     11.395       -28.15651     1.24896    -2.16483   -27.24064
     11.545       -28.11312     1.25154    -2.14921   -27.21545
     11.695       -28.06799     1.25203    -2.12932   -27.19070
     11.845       -28.02574     1.25250    -2.11208   -27.16617
     11.995       -27.98468     1.25296    -2.09568   -27.14195
     12.145       -27.94946     1.25344    -2.08483   -27.11806
     12.295       -27.92398     1.25387    -2.08341   -27.09444
     12.445       -27.88937     1.25427    -2.07254   -27.07110
     12.595       -27.85818     1.25467    -2.06486   -27.04798
     12.745       -27.82285     1.25505    -2.05266   -27.02524
     12.895       -27.79425     1.25541    -2.04691   -27.00276
     13.045       -27.76071     1.25575    -2.03596   -26.98050
     13.195       -27.73056     1.25610    -2.02820   -26.95846
     13.345       -27.69908     1.25644    -2.01874   -26.93678
     13.495       -27.67366     1.25674    -2.01514   -26.91527
     13.645       -27.64630     1.25706    -2.00931   -26.89405
     13.795       -27.61720     1.25733    -2.00147   -26.87306
     13.945       -27.59023     1.25762    -1.99562   -26.85224
     14.095       -27.56841     1.25791    -1.99462   -26.83170
     14.245       -27.54677     1.25819    -1.99364   -26.81132
     14.395       -27.52044     1.25845    -1.98772   -26.79117
     14.545       -27.49928     1.25871    -1.98679   -26.77120
     14.695       -27.47842     1.25892    -1.98589   -26.75145
     14.845       -27.45776     1.25918    -1.98502   -26.73192
     14.995       -27.43460     1.25939    -1.98140   -26.71259
     15.145       -27.41162     1.25958    -1.97780   -26.69340
     15.295       -27.38883     1.25980    -1.97417   -26.67446
     15.445       -27.36905     1.26001    -1.97337   -26.65569
     15.595       -27.34947     1.26020    -1.97259   -26.63708
     15.745       -27.33009     1.26042    -1.97185   -26.61866
     15.895       -27.31083     1.26062    -1.97111   -26.60034
     16.045       -27.29191     1.26080    -1.97040   -26.58230
     16.195       -27.27317     1.26097    -1.96971   -26.56443
     16.345       -27.25462     1.26114    -1.96905   -26.54672
     16.495       -27.23629     1.26130    -1.96841   -26.52918
     16.645       -27.21811     1.26146    -1.96776   -26.51181
     16.795       -27.20010     1.26161    -1.96714   -26.49458
     16.945       -27.18224     1.26176    -1.96654   -26.47747
     17.095       -27.16459     1.26191    -1.96597   -26.46053
     17.245       -27.14703     1.26208    -1.96538   -26.44372
     17.395       -27.12963     1.26223    -1.96482   -26.42703
     17.545       -27.11244     1.26236    -1.96427   -26.41053
     17.695       -27.09543     1.26249    -1.96375   -26.39416
     17.845       -27.07854     1.26263    -1.96323   -26.37794
     17.995       -27.06182     1.26276    -1.96274   -26.36185
     18.145       -27.04527     1.26289    -1.96226   -26.34589
     18.295       -27.02885     1.26303    -1.96178   -26.33010
     18.445       -27.01256     1.26316    -1.96131   -26.31441
     18.595       -26.99639     1.26328    -1.96085   -26.29882
     18.745       -26.98037     1.26340    -1.96041   -26.28336
     18.895       -26.96455     1.26353    -1.95999   -26.26809
     19.045       -26.94890     1.26363    -1.95956   -26.25297
     19.195       -26.93332     1.26374    -1.95915   -26.23791
     19.345       -26.91789     1.26384    -1.95875   -26.22298
     19.495       -26.90256     1.26396    -1.95835   -26.20817
     19.645       -26.88734     1.26408    -1.95796   -26.19346
     19.795       -26.87225     1.26418    -1.95757   -26.17886
     19.945       -26.85729     1.26428    -1.95720   -26.16436
     20.095       -26.84240     1.26437    -1.95684   -26.14993
     20.245       -26.82768     1.26446    -1.95649   -26.13566
     20.395       -26.81313     1.26456    -1.95615   -26.12154
     20.545       -26.79862     1.26465    -1.95580   -26.10747
     20.695       -26.78425     1.26476    -1.95547   -26.09354
     20.845       -26.76998     1.26484    -1.95513   -26.07969
     20.995       -26.75583     1.26494    -1.95481   -26.06595
     21.145       -26.74174     1.26501    -1.95450   -26.05225
     21.295       -26.72777     1.26508    -1.95419   -26.03867
     21.445       -26.71390     1.26517    -1.95388   -26.02519
     21.595       -26.70018     1.26526    -1.95358   -26.01186
     21.745       -26.68657     1.26534    -1.95329   -25.99862
     21.895       -26.67303     1.26542    -1.95300   -25.98545
     22.045       -26.65956     1.26551    -1.95272   -25.97235
     22.195       -26.64625     1.26558    -1.95245   -25.95938
     22.345       -26.63299     1.26566    -1.95217   -25.94647
     22.495       -26.61980     1.26575    -1.95191   -25.93364
     22.645       -26.60676     1.26583    -1.95165   -25.92094
     22.795       -26.59375     1.26590    -1.95139   -25.90825
     22.945       -26.58089     1.26595    -1.95114   -25.89570
     23.095       -26.56810     1.26603    -1.95090   -25.88323
     23.245       -26.55542     1.26609    -1.95066   -25.87086
     23.395       -26.54280     1.26615    -1.95041   -25.85854
     23.545       -26.53031     1.26621    -1.95016   -25.84636
     23.695       -26.51788     1.26626    -1.94993   -25.83421
     23.845       -26.50552     1.26633    -1.94969   -25.82216
     23.995       -26.49324     1.26639    -1.94946   -25.81017
     24.145       -26.48104     1.26646    -1.94925   -25.79825
     24.295       -26.46891     1.26653    -1.94903   -25.78641
     24.445       -26.45687     1.26659    -1.94882   -25.77464
     24.595       -26.44492     1.26666    -1.94860   -25.76298
     24.745       -26.43305     1.26671    -1.94839   -25.75137
     24.895       -26.42124     1.26678    -1.94819   -25.73983
     25.045       -26.40948     1.26685    -1.94799   -25.72833
     25.195       -26.39782     1.26690    -1.94780   -25.71692
     25.345       -26.38619     1.26695    -1.94759   -25.70555
     25.495       -26.37466     1.26702    -1.94739   -25.69429
     25.645       -26.36319     1.26707    -1.94719   -25.68306
     25.795       -26.35179     1.26712    -1.94699   -25.67192
     25.945       -26.34045     1.26717    -1.94681   -25.66081
     26.095       -26.32922     1.26722    -1.94663   -25.64981
     26.245       -26.31803     1.26727    -1.94645   -25.63886
     26.395       -26.30695     1.26732    -1.94627   -25.62800
     26.545       -26.29588     1.26737    -1.94609   -25.61716
     26.695       -26.28487     1.26743    -1.94590   -25.60640
     26.845       -26.27393     1.26748    -1.94574   -25.59567
     26.995       -26.26311     1.26752    -1.94557   -25.58506
     27.145       -26.25237     1.26758    -1.94541   -25.57453
     27.295       -26.24162     1.26764    -1.94524   -25.56402
     27.445       -26.23100     1.26769    -1.94507   -25.55361
     27.595       -26.22040     1.26773    -1.94491   -25.54322
     27.745       -26.20986     1.26778    -1.94474   -25.53289
     27.895       -26.19939     1.26783    -1.94459   -25.52262
     28.045       -26.18896     1.26787    -1.94443   -25.51241
     28.195       -26.17859     1.26790    -1.94427   -25.50222
     28.345       -26.16829     1.26794    -1.94411   -25.49212
     28.495       -26.15807     1.26798    -1.94396   -25.48209
     28.645       -26.14789     1.26802    -1.94382   -25.47209
     28.795       -26.13777     1.26807    -1.94368   -25.46215
     28.945       -26.12767     1.26811    -1.94354   -25.45225
     29.095       -26.11766     1.26815    -1.94340   -25.44242
     29.245       -26.10768     1.26820    -1.94325   -25.43263
     29.395       -26.09779     1.26823    -1.94310   -25.42292
     29.545       -26.08796     1.26826    -1.94296   -25.41325
     29.695       -26.07816     1.26831    -1.94283   -25.40364
     29.845       -26.06839     1.26834    -1.94269   -25.39404
     29.995       -26.05869     1.26838    -1.94256   -25.38452
     30.145       -26.04905     1.26840    -1.94243   -25.37503
     35.794       -25.41277     1.27057    -1.93482   -24.74852
     49.810       -24.78705     1.27219    -1.92886   -24.13039
     69.316       -24.17352     1.27333    -1.92369   -23.52316
     96.460       -23.57284     1.27429    -1.91913   -22.92800
     134.23       -22.98611     1.27499    -1.91486   -22.34624
     186.80       -22.41371     1.27560    -1.91076   -21.77856
     259.95       -21.85661     1.27625    -1.90694   -21.22592
     361.74       -21.31504     1.27682    -1.90324   -20.68862
     503.40       -20.78885     1.27734    -1.89966   -20.16653
     700.53       -20.27851     1.27788    -1.89613   -19.66026
     974.85       -19.78351     1.27853    -1.89272   -19.16931
     1356.6       -19.30372     1.27910    -1.88943   -18.69339
     1887.8       -18.83849     1.27973    -1.88624   -18.23198
     2627.1       -18.38724     1.28042    -1.88316   -17.78450
     3655.9       -17.94958     1.28109    -1.88023   -17.35043
     5087.5       -17.52518     1.28183    -1.87743   -16.92958
     7079.7       -17.11352     1.28259    -1.87470   -16.52141
     9852.1       -16.71467     1.28336    -1.87215   -16.12588
     13710.       -16.32877     1.28423    -1.86967   -15.74334
     19079.       -15.95603     1.28501    -1.86732   -15.37372
     26550.       -15.59602     1.28580    -1.86507   -15.01675
     36947.       -15.24897     1.28655    -1.86294   -14.67258
     51416.       -14.91610     1.28724    -1.86096   -14.34238
     71550.       -14.59776     1.28794    -1.85908   -14.02661
     99568.       -14.29357     1.28852    -1.85734   -13.72475
    0.13856E+06   -14.00228     1.28905    -1.85567   -13.43566
    0.19282E+06   -13.72402     1.28952    -1.85414   -13.15940
    0.26832E+06   -13.45837     1.29001    -1.85271   -12.89567
    0.37340E+06   -13.20506     1.29045    -1.85138   -12.64412
    0.51962E+06   -12.96321     1.29084    -1.85017   -12.40387
    0.72310E+06   -12.73186     1.29121    -1.84905   -12.17401
    0.10063E+07   -12.51094     1.29152    -1.84802   -11.95444
    0.14003E+07   -12.30066     1.29183    -1.84705   -11.74544
    0.19487E+07   -12.10041     1.29207    -1.84618   -11.54629
    0.27118E+07   -11.90969     1.29229    -1.84542   -11.35656
    0.37737E+07   -11.72828     1.29247    -1.84472   -11.17602
    0.52514E+07   -11.55550     1.29265    -1.84406   -11.00409
    0.73079E+07   -11.39093     1.29276    -1.84348   -10.84021
    0.10170E+08   -11.23449     1.29283    -1.84297   -10.68435
    0.14152E+08   -11.08548     1.29292    -1.84247   -10.53594
    0.19694E+08   -10.94399     1.29296    -1.84206   -10.39489
    0.27406E+08   -10.80944     1.29296    -1.84166   -10.26074
    0.38138E+08   -10.68141     1.29298    -1.84127   -10.13313
    0.53073E+08   -10.56005     1.29301    -1.84095   -10.01211
    0.73856E+08   -10.44555     1.29298    -1.84067    -9.89786
    0.10278E+09   -10.33773     1.29295    -1.84042    -9.79025
    0.14302E+09   -10.23716     1.29292    -1.84018    -9.68990
    0.19903E+09   -10.14422     1.29291    -1.83998    -9.59715
    0.27697E+09   -10.05840     1.29290    -1.83979    -9.51152
    0.38543E+09    -9.97900     1.29293    -1.83965    -9.43229
    0.53637E+09    -9.90535     1.29294    -1.83950    -9.35879
    0.74641E+09    -9.83783     1.29296    -1.83937    -9.29142
    0.10387E+10    -9.77623     1.29298    -1.83924    -9.22997
    0.14454E+10    -9.71984     1.29300    -1.83914    -9.17371
    0.20115E+10    -9.66790     1.29304    -1.83905    -9.12188
    0.27992E+10    -9.62005     1.29305    -1.83897    -9.07413
    0.38953E+10    -9.57598     1.29306    -1.83887    -9.03017
    0.54207E+10    -9.53547     1.29306    -1.83880    -8.98973
    0.75434E+10    -9.49817     1.29311    -1.83876    -8.95251
    0.10497E+11    -9.46374     1.29313    -1.83869    -8.91817
    0.14608E+11    -9.43212     1.29316    -1.83863    -8.88665
    0.20329E+11    -9.40297     1.29317    -1.83857    -8.85757
    0.28289E+11    -9.37611     1.29320    -1.83853    -8.83079
    0.39367E+11    -9.35134     1.29321    -1.83848    -8.80607
    0.54783E+11    -9.32858     1.29323    -1.83845    -8.78336
    0.10000E+12    -9.06396     1.29355    -1.83802    -8.51949
