    -44.945         0.00000     0.00000     0.00000     0.00000
    -44.795         0.00000     0.00000     0.00000     0.00000
    -44.645         0.00000     0.00000     0.00000     0.00000
    -44.495         0.00000     0.00000     0.00000     0.00000
    -44.345         0.00000     0.00000     0.00000     0.00000
    -44.195         0.00000     0.00000     0.00000     0.00000
    -44.045         0.00000     0.00000     0.00000     0.00000
    -43.895         0.00000     0.00000     0.00000     0.00000
    -43.745         0.00000     0.00000     0.00000     0.00000
    -43.595         0.00000     0.00000     0.00000     0.00000
    -43.445         0.00000     0.00000     0.00000     0.00000
    -43.295         0.00000     0.00000     0.00000     0.00000
    -43.145         0.00000     0.00000     0.00000     0.00000
    -42.995         0.00000     0.00000     0.00000     0.00000
    -42.845         0.00000     0.00000     0.00000     0.00000
    -42.695         0.00000     0.00000     0.00000     0.00000
    -42.545         0.00000     0.00000     0.00000     0.00000
    -42.395         0.00000     0.00000     0.00000     0.00000
    -42.245         0.00000     0.00000     0.00000     0.00000
    -42.095         0.00000     0.00000     0.00000     0.00000
    -41.945         0.00000     0.00000     0.00000     0.00000
    -41.795         0.00000     0.00000     0.00000     0.00000
    -41.645         0.00000     0.00000     0.00000     0.00000
    -41.495         0.00000     0.00000     0.00000     0.00000
    -41.345         0.00000     0.00000     0.00000     0.00000
    -41.195         0.00000     0.00000     0.00000     0.00000
    -41.045         0.00000     0.00000     0.00000     0.00000
    -40.895         0.00000     0.00000     0.00000     0.00000
    -40.745         0.00000     0.00000     0.00000     0.00000
    -40.595         0.00000     0.00000     0.00000     0.00000
    -40.445         0.00000     0.00000     0.00000     0.00000
    -40.295         0.00000     0.00000     0.00000     0.00000
    -40.145         0.00000     0.00000     0.00000     0.00000
    -39.995         0.00000     0.00000     0.00000     0.00000
    -39.845         0.00000     0.00000     0.00000     0.00000
    -39.695         0.00000     0.00000     0.00000     0.00000
    -39.545         0.00000     0.00000     0.00000     0.00000
    -39.395         0.00000     0.00000     0.00000     0.00000
    -39.245         0.00000     0.00000     0.00000     0.00000
    -39.095         0.00000     0.00000     0.00000     0.00000
    -38.945         0.00000     0.00000     0.00000     0.00000
    -38.795         0.00000     0.00000     0.00000     0.00000
    -38.645         0.00000     0.00000     0.00000     0.00000
    -38.495         0.00000     0.00000     0.00000     0.00000
    -38.345         0.00000     0.00000     0.00000     0.00000
    -38.195         0.00000     0.00000     0.00000     0.00000
    -38.045         0.00000     0.00000     0.00000     0.00000
    -37.895         0.00000     0.00000     0.00000     0.00000
    -37.745         0.00000     0.00000     0.00000     0.00000
    -37.595         0.00000     0.00000     0.00000     0.00000
    -37.445         0.00000     0.00000     0.00000     0.00000
    -37.295         0.00000     0.00000     0.00000     0.00000
    -37.145         0.00000     0.00000     0.00000     0.00000
    -36.995         0.00000     0.00000     0.00000     0.00000
    -36.845         0.00000     0.00000     0.00000     0.00000
    -36.695         0.00000     0.00000     0.00000     0.00000
    -36.545         0.00000     0.00000     0.00000     0.00000
    -36.395         0.00000     0.00000     0.00000     0.00000
    -36.245         0.00000     0.00000     0.00000     0.00000
    -36.095         0.00000     0.00000     0.00000     0.00000
    -35.945         0.00000     0.00000     0.00000     0.00000
    -35.795         0.00000     0.00000     0.00000     0.00000
    -35.645         0.00000     0.00000     0.00000     0.00000
    -35.495         0.00000     0.00000     0.00000     0.00000
    -35.345         0.00000     0.00000     0.00000     0.00000
    -35.195         0.00000     0.00000     0.00000     0.00000
    -35.045         0.00000     0.00000     0.00000     0.00000
    -34.895         0.00000     0.00000     0.00000     0.00000
    -34.745         0.00000     0.00000     0.00000     0.00000
    -34.595         0.00000     0.00000     0.00000     0.00000
    -34.445         0.00000     0.00000     0.00000     0.00000
    -34.295         0.00000     0.00000     0.00000     0.00000
    -34.145         0.00000     0.00000     0.00000     0.00000
    -33.995         0.00000     0.00000     0.00000     0.00000
    -33.845         0.00000     0.00000     0.00000     0.00000
    -33.695         0.00000     0.00000     0.00000     0.00000
    -33.545         0.00000     0.00000     0.00000     0.00000
    -33.395         0.00000     0.00000     0.00000     0.00000
    -33.245         0.00000     0.00000     0.00000     0.00000
    -33.095         0.00000     0.00000     0.00000     0.00000
    -32.945         0.00000     0.00000     0.00000     0.00000
    -32.795         0.00000     0.00000     0.00000     0.00000
    -32.645         0.00000     0.00000     0.00000     0.00000
    -32.495         0.00000     0.00000     0.00000     0.00000
    -32.345         0.00000     0.00000     0.00000     0.00000
    -32.195         0.00000     0.00000     0.00000     0.00000
    -32.045         0.00000     0.00000     0.00000     0.00000
    -31.895         0.00000     0.00000     0.00000     0.00000
    -31.745         0.00000     0.00000     0.00000     0.00000
    -31.595         0.00000     0.00000     0.00000     0.00000
    -31.445         0.00000     0.00000     0.00000     0.00000
    -31.295         0.00000     0.00000     0.00000     0.00000
    -31.145         0.00000     0.00000     0.00000     0.00000
    -30.995         0.00000     0.00000     0.00000     0.00000
    -30.845         0.00000     0.00000     0.00000     0.00000
    -30.695         0.00000     0.00000     0.00000     0.00000
    -30.545         0.00000     0.00000     0.00000     0.00000
    -30.395         0.00000     0.00000     0.00000     0.00000
    -30.245         0.00000     0.00000     0.00000     0.00000
    -30.095         0.00000     0.00000     0.00000     0.00000
    -29.945         0.00000     0.00000     0.00000     0.00000
    -29.795         0.00000     0.00000     0.00000     0.00000
    -29.645         0.00000     0.00000     0.00000     0.00000
    -29.495         0.00000     0.00000     0.00000     0.00000
    -29.345         0.00000     0.00000     0.00000     0.00000
    -29.195         0.00000     0.00000     0.00000     0.00000
    -29.045         0.00000     0.00000     0.00000     0.00000
    -28.895         0.00000     0.00000     0.00000     0.00000
    -28.745         0.00000     0.00000     0.00000     0.00000
    -28.595         0.00000     0.00000     0.00000     0.00000
    -28.445         0.00000     0.00000     0.00000     0.00000
    -28.295         0.00000     0.00000     0.00000     0.00000
    -28.145         0.00000     0.00000     0.00000     0.00000
    -27.995         0.00000     0.00000     0.00000     0.00000
    -27.845         0.00000     0.00000     0.00000     0.00000
    -27.695         0.00000     0.00000     0.00000     0.00000
    -27.545         0.00000     0.00000     0.00000     0.00000
    -27.395         0.00000     0.00000     0.00000     0.00000
    -27.245         0.00000     0.00000     0.00000     0.00000
    -27.095         0.00000     0.00000     0.00000     0.00000
    -26.945         0.00000     0.00000     0.00000     0.00000
    -26.795         0.00000     0.00000     0.00000     0.00000
    -26.645         0.00000     0.00000     0.00000     0.00000
    -26.495         0.00000     0.00000     0.00000     0.00000
    -26.345         0.00000     0.00000     0.00000     0.00000
    -26.195         0.00000     0.00000     0.00000     0.00000
    -26.045         0.00000     0.00000     0.00000     0.00000
    -25.895         0.00000     0.00000     0.00000     0.00000
    -25.745         0.00000     0.00000     0.00000     0.00000
    -25.595         0.00000     0.00000     0.00000     0.00000
    -25.445         0.00000     0.00000     0.00000     0.00000
    -25.295         0.00000     0.00000     0.00000     0.00000
    -25.145         0.00000     0.00000     0.00000     0.00000
    -24.995         0.00000     0.00000     0.00000     0.00000
    -24.845         0.00000     0.00000     0.00000     0.00000
    -24.695        -0.00000     0.00000    -0.00000     0.00000
    -24.545        -0.00000     0.00000    -0.00000     0.00000
    -24.395        -0.00000     0.00000    -0.00000     0.00000
    -24.245        -0.00058     0.00000    -0.00058     0.00000
    -24.095        -0.00118     0.00000    -0.00118     0.00000
    -23.945        -0.00236     0.00000    -0.00236     0.00000
    -23.795        -0.00300     0.00000    -0.00300     0.00000
    -23.645        -0.00700     0.00000    -0.00700     0.00000
    -23.495        -0.01107     0.00000    -0.01107     0.00000
    -23.345        -0.01965     0.00000    -0.01965     0.00000
    -23.195        -0.02831     0.00000    -0.02831     0.00000
    -23.045        -0.04091     0.00000    -0.04091     0.00000
    -22.895        -0.05960     0.00000    -0.05960     0.00000
    -22.745        -0.07897     0.00000    -0.07897     0.00000
    -22.595        -0.09096     0.00000    -0.09096     0.00000
    -22.445        -0.11324     0.00000    -0.11324     0.00000
    -22.295        -0.14462     0.00000    -0.14462     0.00000
    -22.145        -0.17186     0.00000    -0.17186     0.00000
    -21.995        -0.19555     0.00000    -0.19555     0.00000
    -21.845        -0.22245     0.00000    -0.22245     0.00000
    -21.695        -0.25554     0.00000    -0.25554     0.00000
    -21.545        -0.28662     0.00000    -0.28662     0.00000
    -21.395        -0.31666     0.00000    -0.31666     0.00000
    -21.245        -0.34716     0.00000    -0.34716     0.00000
    -21.095        -0.36903     0.00000    -0.36903     0.00000
    -20.945        -0.39836     0.00000    -0.39836     0.00000
    -20.795        -0.42266     0.00000    -0.42266     0.00000
    -20.645        -0.45235     0.00000    -0.45235     0.00000
    -20.495        -0.48101     0.00000    -0.48101     0.00000
    -20.345        -0.50461     0.00000    -0.50461     0.00000
    -20.195        -0.53061     0.00000    -0.53061     0.00000
    -20.045        -0.55316     0.00000    -0.55316     0.00000
    -19.895        -0.57032     0.00000    -0.57032     0.00000
    -19.745        -0.58844     0.00000    -0.58844     0.00000
    -19.595        -0.61320     0.00000    -0.61320     0.00000
    -19.445        -0.63169     0.00000    -0.63169     0.00000
    -19.295        -0.64786     0.00000    -0.64786     0.00000
    -19.145        -0.67192     0.00000    -0.67192     0.00000
    -18.995        -0.68895     0.00000    -0.68895     0.00000
    -18.845        -0.70686     0.00000    -0.70686     0.00000
    -18.695        -0.72284     0.00000    -0.72284     0.00000
    -18.545        -0.74343     0.00000    -0.74343     0.00000
    -18.395        -0.76028     0.00000    -0.76028     0.00000
    -18.245        -0.77488     0.00000    -0.77488     0.00000
    -18.095        -0.78812     0.00000    -0.78812     0.00000
    -17.945        -0.80091     0.00000    -0.80091     0.00000
    -17.795        -0.81461     0.00000    -0.81461     0.00000
    -17.645        -0.82741     0.00000    -0.82741     0.00000
    -17.495        -0.84023     0.00000    -0.84023     0.00000
    -17.345        -0.85346     0.00000    -0.85346     0.00000
    -17.195        -0.86628     0.00000    -0.86628     0.00000
    -17.045        -0.87487     0.00000    -0.87487     0.00000
    -16.895        -0.89026     0.00000    -0.89026     0.00000
    -16.745        -0.90188     0.00000    -0.90188     0.00000
    -16.595        -0.91100     0.00000    -0.91100     0.00000
    -16.445        -0.92101     0.00000    -0.92101     0.00000
    -16.295        -0.93269     0.00000    -0.93269     0.00000
    -16.145        -0.94239     0.00000    -0.94239     0.00000
    -15.995        -0.95332     0.00000    -0.95332     0.00000
    -15.845        -0.96359     0.00000    -0.96359     0.00000
    -15.695        -0.97423     0.00000    -0.97423     0.00000
    -15.545        -0.98332     0.00000    -0.98332     0.00000
    -15.395        -0.99328     0.00000    -0.99328     0.00000
    -15.245        -1.00296     0.00000    -1.00296     0.00000
    -15.095        -1.01266     0.00000    -1.01266     0.00000
    -14.945        -1.02195     0.00000    -1.02195     0.00000
    -14.795        -1.03261     0.00000    -1.03261     0.00000
    -14.645        -1.04415     0.00000    -1.04415     0.00000
    -14.495        -1.05466    -0.00000    -1.05466     0.00000
    -14.345        -1.06641    -0.00035    -1.06606     0.00000
    -14.195        -1.07981    -0.00035    -1.07946     0.00000
    -14.045        -1.08965    -0.00035    -1.08930     0.00000
    -13.895        -1.10009    -0.00035    -1.09974     0.00000
    -13.745        -1.11465    -0.00035    -1.11431     0.00000
    -13.595        -1.12895    -0.00173    -1.12722     0.00000
    -13.445        -1.14659    -0.00481    -1.14179     0.00000
    -13.295        -1.16570    -0.00779    -1.15791     0.00000
    -13.145        -1.18897    -0.01546    -1.17352     0.00000
    -12.995        -1.21541    -0.02509    -1.19032     0.00000
    -12.845        -1.24636    -0.03772    -1.20864     0.00000
    -12.695        -1.28196    -0.05641    -1.22555     0.00000
    -12.545        -1.32397    -0.08003    -1.24394     0.00000
    -12.395        -1.37169    -0.10782    -1.26388     0.00000
    -12.245        -1.42566    -0.14140    -1.28426     0.00000
    -12.095        -1.47865    -0.17503    -1.30362     0.00000
    -11.945        -1.53726    -0.21229    -1.32497     0.00000
    -11.795        -1.59949    -0.25206    -1.34743     0.00000
    -11.645        -1.66593    -0.29435    -1.37158     0.00000
    -11.495        -1.74636    -0.34867    -1.39769     0.00000
    -11.345        -1.82426    -0.40313    -1.42113     0.00000
    -11.195        -1.90814    -0.45830    -1.44984     0.00000
    -11.045        -1.99737    -0.52082    -1.47654     0.00000
    -10.895        -2.08492    -0.57985    -1.50507     0.00000
    -10.745        -2.17574    -0.64347    -1.53227     0.00000
    -10.595        -2.27623    -0.71133    -1.56490     0.00000
    -10.445        -2.37701    -0.78026    -1.59675     0.00000
    -10.295        -2.48557    -0.85625    -1.62932     0.00000
    -10.145        -2.59448    -0.93506    -1.65941     0.00000
    -9.9950        -2.71431    -1.02083    -1.69348     0.00000
    -9.8450        -2.84195    -1.11155    -1.73040     0.00000
    -9.6950        -2.96803    -1.19572    -1.77231     0.00000
    -9.5450        -3.09925    -1.28271    -1.81654     0.00000
    -9.3950        -3.23851    -1.37564    -1.86287     0.00000
    -9.2450        -3.37431    -1.47044    -1.90387     0.00000
    -9.0950        -3.52113    -1.56845    -1.95269     0.00000
    -8.9450        -3.67900    -1.67476    -2.00424     0.00000
    -8.7950        -3.84030    -1.78219    -2.05811     0.00000
    -8.6450        -4.00706    -1.89241    -2.11466     0.00000
    -8.4950        -4.17197    -2.00184    -2.17013     0.00000
    -8.3450        -4.33396    -2.10616    -2.22781     0.00000
    -8.1950        -4.50092    -2.21631    -2.28461    -0.00000
    -8.0450        -4.67849    -2.33403    -2.34431    -0.00015
    -7.8950        -4.85233    -2.44315    -2.40796    -0.00123
    -7.7450        -5.04165    -2.56242    -2.47670    -0.00253
    -7.5950        -5.24151    -2.68358    -2.55228    -0.00564
    -7.4450        -5.43886    -2.80230    -2.62453    -0.01202
    -7.2950        -5.65125    -2.92307    -2.70271    -0.02547
    -7.1450        -5.86786    -3.04539    -2.77534    -0.04713
    -6.9950        -6.08532    -3.16156    -2.84764    -0.07612
    -6.8450        -6.32941    -3.28360    -2.93137    -0.11444
    -6.6950        -6.59358    -3.40812    -3.01552    -0.16993
    -6.5450        -6.87450    -3.53651    -3.09640    -0.24159
    -6.3950        -7.16261    -3.66137    -3.17619    -0.32505
    -6.2450        -7.47657    -3.78844    -3.25981    -0.42832
    -6.0950        -7.82487    -3.92422    -3.35057    -0.55008
    -5.9450        -8.19306    -4.05472    -3.43632    -0.70202
    -5.7950        -8.62698    -4.18612    -3.52946    -0.91139
    -5.6450        -9.12786    -4.31959    -3.62514    -1.18313
    -5.4950        -9.69026    -4.45389    -3.72274    -1.51362
    -5.3450       -10.31209    -4.59488    -3.82563    -1.89159
    -5.1950       -10.97634    -4.73645    -3.93434    -2.30555
    -5.0450       -11.68654    -4.88617    -4.04279    -2.75758
    -4.8950       -12.43605    -5.03589    -4.16198    -3.23817
    -4.7450       -13.21904    -5.18488    -4.28381    -3.75035
    -4.5950       -14.03553    -5.34417    -4.41429    -4.27707
    -4.4450       -14.88970    -5.50479    -4.55965    -4.82526
    -4.2950       -15.77139    -5.67256    -4.71308    -5.38574
    -4.1450       -16.67478    -5.85004    -4.87498    -5.94977
    -3.9950       -17.61086    -6.03580    -5.05342    -6.52164
    -3.8450       -18.58381    -6.22983    -5.24536    -7.10863
    -3.6950       -19.58074    -6.43171    -5.44345    -7.70559
    -3.5450       -20.61896    -6.64498    -5.66093    -8.31305
    -3.3950       -21.70128    -6.85922    -5.89659    -8.94547
    -3.2450       -22.80821    -7.08936    -6.14298    -9.57587
    -3.0950       -23.94865    -7.32799    -6.40106   -10.21960
    -2.9450       -25.14239    -7.57911    -6.67197   -10.89130
    -2.7950       -26.40480    -7.83733    -6.96253   -11.60494
    -2.6450       -27.73018    -8.10738    -7.26989   -12.35291
    -2.4950       -29.13298    -8.39275    -7.60030   -13.13993
    -2.3450       -30.64228    -8.70519    -7.95150   -13.98559
    -2.1950       -32.24644    -9.02858    -8.32898   -14.88888
    -2.0450       -33.96360    -9.36659    -8.73386   -15.86315
    -1.8950       -35.80247    -9.72015    -9.17377   -16.90855
    -1.7450       -37.77456   -10.09600    -9.64412   -18.03443
    -1.5950       -39.89945   -10.49024   -10.15913   -19.25008
    -1.4450       -42.23255   -10.92123   -10.72879   -20.58253
    -1.2950       -44.78286   -11.38585   -11.35204   -22.04496
    -1.1450       -47.62891   -11.89006   -12.04478   -23.69406
   -0.99500       -50.82424   -12.45111   -12.82334   -25.54980
   -0.84500       -54.49261   -13.07127   -13.73237   -27.68896
   -0.69500       -58.79054   -13.77478   -14.80705   -30.20871
   -0.54500       -63.82692   -14.55523   -15.97721   -33.29448
   -0.39500       -69.89309   -15.34332   -17.11368   -37.43609
   -0.25300       -74.67972   -15.78070   -17.69407   -41.20494
   -0.21500       -75.01674   -15.80479   -17.72395   -41.48800
   -0.20900       -75.36521   -15.82903   -17.75414   -41.78204
   -0.20300       -75.71613   -15.85213   -17.78225   -42.08174
   -0.19700       -76.07892   -15.87529   -17.81023   -42.39341
   -0.19100       -76.44872   -15.89778   -17.83724   -42.71371
   -0.18500       -76.82938   -15.91964   -17.86374   -43.04600
   -0.17900       -77.21980   -15.94122   -17.88936   -43.38922
   -0.17300       -77.61930   -15.96180   -17.91419   -43.74331
   -0.16700       -78.03279   -15.98234   -17.93807   -44.11238
   -0.16100       -78.45863   -16.00249   -17.96081   -44.49533
   -0.15500       -78.89611   -16.02176   -17.98266   -44.89169
   -0.14900       -79.34826   -16.04012   -18.00366   -45.30448
   -0.14300       -79.81609   -16.05807   -18.02410   -45.73393
   -0.13700       -80.30036   -16.07553   -18.04332   -46.18151
   -0.13100       -80.80177   -16.09194   -18.06198   -46.64784
   -0.12500       -81.32007   -16.10785   -18.07999   -47.13223
   -0.11900       -81.85937   -16.12294   -18.09684   -47.63958
   -0.11300       -82.41920   -16.13766   -18.11293   -48.16862
   -0.10700       -83.00086   -16.15160   -18.12813   -48.72114
   -0.10100       -83.60520   -16.16474   -18.14220   -49.29827
   -0.95000E-01   -84.23493   -16.17731   -18.15577   -49.90185
   -0.89000E-01   -84.89096   -16.18892   -18.16824   -50.53380
   -0.83000E-01   -85.57675   -16.19998   -18.18003   -51.19674
   -0.77000E-01   -86.29392   -16.21042   -18.19101   -51.89250
   -0.71000E-01   -87.04535   -16.21990   -18.20113   -52.62432
   -0.65000E-01   -87.83424   -16.22853   -18.21014   -53.39557
   -0.59000E-01   -88.66649   -16.23653   -18.21838   -54.21158
   -0.53000E-01   -89.54908   -16.24362   -18.22578   -55.07968
   -0.47000E-01   -90.48847   -16.25002   -18.23245   -56.00601
   -0.41000E-01   -91.47683   -16.25553   -18.23804   -56.98326
   -0.35000E-01   -92.50401   -16.26034   -18.24297   -58.00070
   -0.29000E-01   -93.53734   -16.26430   -18.24702   -59.02602
   -0.23000E-01   -94.50600   -16.26743   -18.25021   -59.98835
   -0.19700E-01   -94.59470   -16.26771   -18.25048   -60.07651
   -0.19100E-01   -94.68133   -16.26797   -18.25073   -60.16263
   -0.18500E-01   -94.76651   -16.26821   -18.25099   -60.24731
   -0.17900E-01   -94.84963   -16.26847   -18.25124   -60.32992
   -0.17300E-01   -94.93065   -16.26870   -18.25148   -60.41047
   -0.16700E-01   -95.00930   -16.26893   -18.25171   -60.48867
   -0.16100E-01   -95.08568   -16.26916   -18.25193   -60.56459
   -0.15500E-01   -95.15982   -16.26938   -18.25213   -60.63831
   -0.14900E-01   -95.23184   -16.26959   -18.25235   -60.70991
   -0.14300E-01   -95.30140   -16.26978   -18.25254   -60.77907
   -0.13700E-01   -95.36850   -16.26997   -18.25274   -60.84579
   -0.13100E-01   -95.43294   -16.27015   -18.25291   -60.90988
   -0.12500E-01   -95.49507   -16.27032   -18.25308   -60.97166
   -0.11900E-01   -95.55447   -16.27049   -18.25325   -61.03073
   -0.11300E-01   -95.61130   -16.27065   -18.25342   -61.08724
   -0.10700E-01   -95.66542   -16.27079   -18.25357   -61.14106
   -0.10100E-01   -95.71662   -16.27092   -18.25371   -61.19199
   -0.95000E-02   -95.76501   -16.27105   -18.25384   -61.24012
   -0.89000E-02   -95.81060   -16.27118   -18.25396   -61.28546
   -0.83000E-02   -95.85315   -16.27129   -18.25407   -61.32779
   -0.77000E-02   -95.89285   -16.27139   -18.25418   -61.36728
   -0.71000E-02   -95.92965   -16.27149   -18.25428   -61.40388
   -0.65000E-02   -95.96344   -16.27158   -18.25437   -61.43749
   -0.59000E-02   -95.99427   -16.27166   -18.25445   -61.46816
   -0.53000E-02   -96.02203   -16.27173   -18.25453   -61.49577
   -0.47000E-02   -96.04668   -16.27180   -18.25460   -61.52029
   -0.41000E-02   -96.06829   -16.27186   -18.25465   -61.54178
   -0.35000E-02   -96.08677   -16.27190   -18.25470   -61.56016
   -0.29000E-02   -96.10211   -16.27194   -18.25474   -61.57542
   -0.23000E-02   -96.11426   -16.27197   -18.25477   -61.58751
   -0.17000E-02   -96.12325   -16.27200   -18.25480   -61.59646
   -0.11000E-02   -96.12907   -16.27201   -18.25481   -61.60225
   -0.50000E-03   -96.13172   -16.27202   -18.25482   -61.60488
    0.10000E-03   -96.13119   -16.27202   -18.25482   -61.60436
    0.70000E-03   -96.12748   -16.27201   -18.25481   -61.60066
    0.13000E-02   -96.12059   -16.27199   -18.25479   -61.59381
    0.19000E-02   -96.11051   -16.27196   -18.25476   -61.58379
    0.25000E-02   -96.09727   -16.27193   -18.25473   -61.57061
    0.31000E-02   -96.08086   -16.27189   -18.25468   -61.55429
    0.37000E-02   -96.06128   -16.27184   -18.25464   -61.53481
    0.43000E-02   -96.03865   -16.27178   -18.25458   -61.51229
    0.49000E-02   -96.01283   -16.27171   -18.25451   -61.48660
    0.55000E-02   -95.98397   -16.27164   -18.25444   -61.45789
    0.61000E-02   -95.95202   -16.27155   -18.25436   -61.42611
    0.67000E-02   -95.91703   -16.27146   -18.25427   -61.39131
    0.73000E-02   -95.87896   -16.27137   -18.25417   -61.35342
    0.79000E-02   -95.83790   -16.27125   -18.25406   -61.31259
    0.85000E-02   -95.79383   -16.27113   -18.25394   -61.26876
    0.91000E-02   -95.74693   -16.27101   -18.25381   -61.22211
    0.97000E-02   -95.69708   -16.27088   -18.25369   -61.17251
    0.10300E-01   -95.64439   -16.27074   -18.25355   -61.12010
    0.10900E-01   -95.58903   -16.27059   -18.25339   -61.06505
    0.11500E-01   -95.53072   -16.27042   -18.25324   -61.00706
    0.12100E-01   -95.46984   -16.27025   -18.25309   -60.94650
    0.12700E-01   -95.40631   -16.27007   -18.25291   -60.88332
    0.13300E-01   -95.34000   -16.26989   -18.25273   -60.81738
    0.13900E-01   -95.27145   -16.26970   -18.25254   -60.74921
    0.14500E-01   -95.20010   -16.26950   -18.25234   -60.67825
    0.15100E-01   -95.12634   -16.26930   -18.25212   -60.60492
    0.15700E-01   -95.05009   -16.26908   -18.25191   -60.52910
    0.16300E-01   -94.97156   -16.26884   -18.25169   -60.45103
    0.16900E-01   -94.89089   -16.26861   -18.25146   -60.37081
    0.17500E-01   -94.80820   -16.26839   -18.25123   -60.28857
    0.18100E-01   -94.72339   -16.26815   -18.25098   -60.20426
    0.18700E-01   -94.63644   -16.26790   -18.25073   -60.11781
    0.19300E-01   -94.54767   -16.26763   -18.25047   -60.02958
    0.20200E-01   -94.18577   -16.26650   -18.24943   -59.66984
    0.25000E-01   -93.16631   -16.26300   -18.24611   -58.65720
    0.31000E-01   -92.11145   -16.25871   -18.24201   -57.61073
    0.37000E-01   -91.07570   -16.25359   -18.23710   -56.58500
    0.43000E-01   -90.08461   -16.24769   -18.23140   -55.60551
    0.49000E-01   -89.15160   -16.24091   -18.22476   -54.68593
    0.55000E-01   -88.27632   -16.23343   -18.21752   -53.82536
    0.61000E-01   -87.45044   -16.22495   -18.20958   -53.01590
    0.67000E-01   -86.66695   -16.21562   -18.20084   -52.25049
    0.73000E-01   -85.92233   -16.20559   -18.19136   -51.52538
    0.79000E-01   -85.21332   -16.19448   -18.18140   -50.83744
    0.85000E-01   -84.53601   -16.18258   -18.17059   -50.18284
    0.91000E-01   -83.88902   -16.16982   -18.15895   -49.56025
    0.97000E-01   -83.26978   -16.15618   -18.14679   -48.96682
    0.10300       -82.67862   -16.14180   -18.13380   -48.40302
    0.10900       -82.11331   -16.12646   -18.12037   -47.86648
    0.11500       -81.57102   -16.10991   -18.10628   -47.35483
    0.12100       -81.05147   -16.09290   -18.09136   -46.86722
    0.12700       -80.55168   -16.07484   -18.07593   -46.40092
    0.13300       -80.07268   -16.05577   -18.05990   -45.95701
    0.13900       -79.60998   -16.03584   -18.04316   -45.53097
    0.14500       -79.16689   -16.01585   -18.02600   -45.12504
    0.15100       -78.74097   -15.99517   -18.00803   -44.73777
    0.15700       -78.32930   -15.97339   -17.98956   -44.36635
    0.16300       -77.93089   -15.95056   -17.97018   -44.01015
    0.16900       -77.54897   -15.92725   -17.95038   -43.67134
    0.17500       -77.17973   -15.90279   -17.92999   -43.34696
    0.18100       -76.82063   -15.87761   -17.90910   -43.03393
    0.18700       -76.47369   -15.85216   -17.88796   -42.73356
    0.19300       -76.13752   -15.82590   -17.86602   -42.44560
    0.19900       -75.80914   -15.79847   -17.84386   -42.16681
    0.20500       -75.49004   -15.77016   -17.82117   -41.89872
    0.21100       -75.17974   -15.74130   -17.79768   -41.64076
    0.21700       -74.87837   -15.71180   -17.77420   -41.39237
    0.29500       -68.67155   -14.76145   -17.05982   -36.85028
    0.44500       -64.16230   -13.59115   -16.26538   -34.30577
    0.59500       -60.60119   -12.45025   -15.51191   -32.63903
    0.74500       -57.72548   -11.44057   -14.84964   -31.43528
    0.89500       -55.34540   -10.58247   -14.26440   -30.49853
     1.0450       -53.31775    -9.84701   -13.73147   -29.73927
     1.1950       -51.54468    -9.19124   -13.24099   -29.11246
     1.3450       -49.98132    -8.60217   -12.78488   -28.59427
     1.4950       -48.59311    -8.07431   -12.35734   -28.16146
     1.6450       -47.33439    -7.59070   -11.95695   -27.78674
     1.7950       -46.19373    -7.14979   -11.58194   -27.46200
     1.9450       -45.15448    -6.74440   -11.23149   -27.17860
     2.0950       -44.19210    -6.36940   -10.89788   -26.92483
     2.2450       -43.30228    -6.02186   -10.58119   -26.69923
     2.3950       -42.48334    -5.70078   -10.28384   -26.49872
     2.5450       -41.72165    -5.40202    -9.99999   -26.31964
     2.6950       -41.00549    -5.12134    -9.73105   -26.15311
     2.8450       -40.34808    -4.85931    -9.47574   -26.01303
     2.9950       -39.74173    -4.61605    -9.23300   -25.89269
     3.1450       -39.16865    -4.38756    -9.00153   -25.77956
     3.2950       -38.63317    -4.17421    -8.78078   -25.67818
     3.4450       -38.13943    -3.97730    -8.57233   -25.58981
     3.5950       -37.66187    -3.79311    -8.37299   -25.49577
     3.7450       -37.21855    -3.62101    -8.18309   -25.41445
     3.8950       -36.79851    -3.45915    -8.00353   -25.33583
     4.0450       -36.40222    -3.30793    -7.83153   -25.26276
     4.1950       -36.02809    -3.16684    -7.66512   -25.19613
     4.3450       -35.67535    -3.03523    -7.50662   -25.13350
     4.4950       -35.34097    -2.91283    -7.35566   -25.07248
     4.6450       -35.02104    -2.79765    -7.21008   -25.01331
     4.7950       -34.71596    -2.68939    -7.06994   -24.95663
     4.9450       -34.42524    -2.58801    -6.93545   -24.90178
     5.0950       -34.14869    -2.49171    -6.80584   -24.85114
     5.2450       -33.88229    -2.40029    -6.68109   -24.80091
     5.3950       -33.62821    -2.31408    -6.56100   -24.75313
     5.5450       -33.38303    -2.23133    -6.44461   -24.70709
     5.6950       -33.14678    -2.15362    -6.33236   -24.66080
     5.8450       -32.91914    -2.07884    -6.22369   -24.61661
     5.9950       -32.70037    -2.00810    -6.11814   -24.57413
     6.1450       -32.48873    -1.94075    -6.01556   -24.53242
     6.2950       -32.28520    -1.87642    -5.91704   -24.49174
     6.4450       -32.08754    -1.81454    -5.82079   -24.45221
     6.5950       -31.89604    -1.75455    -5.72783   -24.41366
     6.7450       -31.71055    -1.69740    -5.63760   -24.37554
     6.8950       -31.53155    -1.64324    -5.54959   -24.33873
     7.0450       -31.35742    -1.59127    -5.46345   -24.30269
     7.1950       -31.18910    -1.54091    -5.38075   -24.26745
     7.3450       -31.02705    -1.49412    -5.30003   -24.23289
     7.4950       -30.86896    -1.44849    -5.22144   -24.19903
     7.6450       -30.71626    -1.40609    -5.14436   -24.16581
     7.7950       -30.56705    -1.36415    -5.06962   -24.13328
     7.9450       -30.42674    -1.32774    -4.99768   -24.10132
     8.0950       -30.28688    -1.28961    -4.92725   -24.07001
     8.2450       -30.15297    -1.25482    -4.85894   -24.03921
     8.3950       -30.03010    -1.22795    -4.79319   -24.00895
     8.5450       -29.90574    -1.19870    -4.72771   -23.97933
     8.6950       -29.78692    -1.17452    -4.66220   -23.95019
     8.8450       -29.66869    -1.14671    -4.60043   -23.92155
     8.9950       -29.55797    -1.12273    -4.54193   -23.89331
     9.1450       -29.44533    -1.09733    -4.48252   -23.86548
     9.2950       -29.34376    -1.07704    -4.42845   -23.83827
     9.4450       -29.24200    -1.05760    -4.37298   -23.81143
     9.5950       -29.14215    -1.03536    -4.32180   -23.78499
     9.7450       -29.04208    -1.01261    -4.27055   -23.75892
     9.8950       -28.94851    -0.99586    -4.21935   -23.73329
     10.045       -28.86163    -0.98237    -4.17114   -23.70812
     10.195       -28.77611    -0.96888    -4.12396   -23.68327
     10.345       -28.70580    -0.96242    -4.08461   -23.65877
     10.495       -28.62892    -0.95145    -4.04286   -23.63461
     10.645       -28.55457    -0.94185    -4.00183   -23.61089
     10.795       -28.48877    -0.93381    -3.96761   -23.58735
     10.945       -28.42237    -0.92747    -3.93071   -23.56419
     11.095       -28.36252    -0.92295    -3.89823   -23.54135
     11.245       -28.30782    -0.91664    -3.87228   -23.51890
     11.395       -28.25715    -0.91404    -3.84639   -23.49671
     11.545       -28.21049    -0.91151    -3.82420   -23.47477
     11.695       -28.15656    -0.90903    -3.79442   -23.45312
     11.845       -28.11135    -0.90464    -3.77489   -23.43182
     11.995       -28.06619    -0.90027    -3.75521   -23.41070
     12.145       -28.02072    -0.89798    -3.73290   -23.38984
     12.295       -27.98122    -0.89572    -3.71628   -23.36922
     12.445       -27.93761    -0.89353    -3.69515   -23.34892
     12.595       -27.89420    -0.89138    -3.67398   -23.32885
     12.745       -27.86083    -0.88928    -3.66256   -23.30898
     12.895       -27.82587    -0.88724    -3.64926   -23.28937
     13.045       -27.79307    -0.88525    -3.63783   -23.26999
     13.195       -27.75851    -0.88329    -3.62440   -23.25081
     13.345       -27.73289    -0.88138    -3.61968   -23.23184
     13.495       -27.70517    -0.87948    -3.61258   -23.21311
     13.645       -27.67538    -0.87763    -3.60316   -23.19459
     13.795       -27.65063    -0.87583    -3.59853   -23.17627
     13.945       -27.62606    -0.87406    -3.59388   -23.15812
     14.095       -27.60435    -0.87231    -3.59187   -23.14017
     14.245       -27.58295    -0.87058    -3.58997   -23.12240
     14.395       -27.56179    -0.86889    -3.58807   -23.10483
     14.545       -27.54089    -0.86723    -3.58625   -23.08742
     14.695       -27.51752    -0.86559    -3.58172   -23.07021
     14.845       -27.49710    -0.86400    -3.57997   -23.05313
     14.995       -27.47421    -0.86243    -3.57547   -23.03631
     15.145       -27.45434    -0.86088    -3.57384   -23.01963
     15.295       -27.43471    -0.85935    -3.57224   -23.00312
     15.445       -27.41532    -0.85786    -3.57068   -22.98678
     15.595       -27.39328    -0.85637    -3.56628   -22.97064
     15.745       -27.37436    -0.85491    -3.56481   -22.95464
     15.895       -27.35562    -0.85347    -3.56340   -22.93876
     16.045       -27.33706    -0.85204    -3.56201   -22.92301
     16.195       -27.31873    -0.85064    -3.56065   -22.90744
     16.345       -27.30057    -0.84927    -3.55932   -22.89198
     16.495       -27.28265    -0.84791    -3.55803   -22.87672
     16.645       -27.26492    -0.84657    -3.55677   -22.86159
     16.795       -27.24735    -0.84525    -3.55556   -22.84654
     16.945       -27.22993    -0.84394    -3.55439   -22.83161
     17.095       -27.21273    -0.84265    -3.55322   -22.81686
     17.245       -27.19570    -0.84138    -3.55210   -22.80222
     17.395       -27.17884    -0.84013    -3.55100   -22.78771
     17.545       -27.16216    -0.83890    -3.54993   -22.77333
     17.695       -27.14560    -0.83768    -3.54890   -22.75902
     17.845       -27.12927    -0.83647    -3.54788   -22.74492
     17.995       -27.11308    -0.83526    -3.54689   -22.73092
     18.145       -27.09699    -0.83407    -3.54594   -22.71698
     18.295       -27.08107    -0.83289    -3.54500   -22.70318
     18.445       -27.06534    -0.83174    -3.54408   -22.68952
     18.595       -27.04972    -0.83060    -3.54318   -22.67594
     18.745       -27.03430    -0.82946    -3.54230   -22.66253
     18.895       -27.01898    -0.82834    -3.54144   -22.64920
     19.045       -27.00385    -0.82723    -3.54062   -22.63600
     19.195       -26.98879    -0.82613    -3.53981   -22.62285
     19.345       -26.97392    -0.82504    -3.53901   -22.60987
     19.495       -26.95917    -0.82397    -3.53822   -22.59698
     19.645       -26.94448    -0.82290    -3.53745   -22.58412
     19.795       -26.93000    -0.82184    -3.53671   -22.57145
     19.945       -26.91567    -0.82081    -3.53599   -22.55887
     20.095       -26.90139    -0.81979    -3.53528   -22.54633
     20.245       -26.88723    -0.81877    -3.53459   -22.53387
     20.395       -26.87320    -0.81776    -3.53390   -22.52154
     20.545       -26.85928    -0.81676    -3.53324   -22.50929
     20.695       -26.84552    -0.81576    -3.53258   -22.49717
     20.845       -26.83179    -0.81478    -3.53194   -22.48508
     20.995       -26.81824    -0.81381    -3.53131   -22.47312
     21.145       -26.80479    -0.81285    -3.53070   -22.46125
     21.295       -26.79139    -0.81188    -3.53008   -22.44943
     21.445       -26.77812    -0.81094    -3.52948   -22.43770
     21.595       -26.76492    -0.81001    -3.52889   -22.42602
     21.745       -26.75186    -0.80907    -3.52833   -22.41446
     21.895       -26.73889    -0.80816    -3.52776   -22.40297
     22.045       -26.72602    -0.80725    -3.52720   -22.39157
     22.195       -26.71328    -0.80635    -3.52666   -22.38027
     22.345       -26.70065    -0.80546    -3.52614   -22.36906
     22.495       -26.68808    -0.80457    -3.52562   -22.35789
     22.645       -26.67559    -0.80368    -3.52510   -22.34680
     22.795       -26.66320    -0.80282    -3.52458   -22.33581
     22.945       -26.65095    -0.80195    -3.52410   -22.32490
     23.095       -26.63875    -0.80109    -3.52360   -22.31407
     23.245       -26.62665    -0.80022    -3.52311   -22.30331
     23.395       -26.61461    -0.79938    -3.52264   -22.29259
     23.545       -26.60267    -0.79855    -3.52218   -22.28194
     23.695       -26.59076    -0.79772    -3.52172   -22.27132
     23.845       -26.57899    -0.79690    -3.52128   -22.26082
     23.995       -26.56729    -0.79609    -3.52083   -22.25037
     24.145       -26.55570    -0.79527    -3.52040   -22.24002
     24.295       -26.54414    -0.79447    -3.51998   -22.22968
     24.445       -26.53265    -0.79367    -3.51956   -22.21941
     24.595       -26.52124    -0.79289    -3.51915   -22.20920
     24.745       -26.50990    -0.79210    -3.51875   -22.19904
     24.895       -26.49865    -0.79133    -3.51835   -22.18897
     25.045       -26.48748    -0.79055    -3.51796   -22.17897
     25.195       -26.47636    -0.78979    -3.51756   -22.16901
     25.345       -26.46535    -0.78903    -3.51718   -22.15913
     25.495       -26.45439    -0.78827    -3.51680   -22.14932
     25.645       -26.44351    -0.78752    -3.51643   -22.13956
     25.795       -26.43268    -0.78677    -3.51605   -22.12985
     25.945       -26.42194    -0.78604    -3.51568   -22.12023
     26.095       -26.41128    -0.78530    -3.51531   -22.11067
     26.245       -26.40062    -0.78457    -3.51494   -22.10111
     26.395       -26.39004    -0.78384    -3.51458   -22.09162
     26.545       -26.37955    -0.78312    -3.51423   -22.08220
     26.695       -26.36913    -0.78240    -3.51390   -22.07283
     26.845       -26.35875    -0.78168    -3.51356   -22.06350
     26.995       -26.34844    -0.78098    -3.51322   -22.05424
     27.145       -26.33825    -0.78029    -3.51287   -22.04508
     27.295       -26.32809    -0.77960    -3.51255   -22.03594
     27.445       -26.31796    -0.77891    -3.51223   -22.02682
     27.595       -26.30787    -0.77821    -3.51191   -22.01775
     27.745       -26.29790    -0.77753    -3.51158   -22.00879
     27.895       -26.28796    -0.77685    -3.51127   -21.99984
     28.045       -26.27811    -0.77617    -3.51097   -21.99097
     28.195       -26.26830    -0.77551    -3.51065   -21.98213
     28.345       -26.25850    -0.77484    -3.51035   -21.97331
     28.495       -26.24880    -0.77418    -3.51006   -21.96456
     28.645       -26.23917    -0.77353    -3.50976   -21.95587
     28.795       -26.22955    -0.77286    -3.50946   -21.94722
     28.945       -26.22000    -0.77221    -3.50918   -21.93861
     29.095       -26.21051    -0.77157    -3.50889   -21.93006
     29.245       -26.20107    -0.77093    -3.50861   -21.92154
     29.395       -26.19169    -0.77030    -3.50833   -21.91306
     29.545       -26.18236    -0.76967    -3.50805   -21.90464
     29.695       -26.17307    -0.76903    -3.50777   -21.89626
     29.845       -26.16378    -0.76841    -3.50750   -21.88787
     29.995       -26.15455    -0.76779    -3.50723   -21.87953
     30.145       -26.14543    -0.76718    -3.50697   -21.87129
     35.794       -25.54462    -0.72724    -3.49170   -21.32569
     49.810       -24.95579    -0.68904    -3.47937   -20.78738
     69.316       -24.37990    -0.65218    -3.46869   -20.25903
     96.460       -23.81664    -0.61658    -3.45901   -19.74105
     134.23       -23.26692    -0.58207    -3.45007   -19.23478
     186.80       -22.73133    -0.54869    -3.44173   -18.74091
     259.95       -22.20992    -0.51634    -3.43371   -18.25987
     361.74       -21.70376    -0.48512    -3.42616   -17.79248
     503.40       -21.21210    -0.45495    -3.41884   -17.33830
     700.53       -20.73519    -0.42587    -3.41175   -16.89758
     974.85       -20.27266    -0.39779    -3.40491   -16.46996
     1356.6       -19.82456    -0.37072    -3.39829   -16.05555
     1887.8       -19.39050    -0.34465    -3.39194   -15.65391
     2627.1       -18.97021    -0.31958    -3.38585   -15.26478
     3655.9       -18.56235    -0.29538    -3.38001   -14.88696
     5087.5       -18.16701    -0.27221    -3.37436   -14.52044
     7079.7       -17.78394    -0.24983    -3.36902   -14.16509
     9852.1       -17.41300    -0.22826    -3.36385   -13.82090
     13710.       -17.05434    -0.20753    -3.35897   -13.48783
     19079.       -16.70785    -0.18755    -3.35434   -13.16596
     26550.       -16.37342    -0.16827    -3.34996   -12.85519
     36947.       -16.05113    -0.14965    -3.34584   -12.55564
     51416.       -15.74174    -0.13168    -3.34200   -12.26807
     71550.       -15.44590    -0.11429    -3.33832   -11.99329
     99568.       -15.16316    -0.09752    -3.33488   -11.73076
    0.13856E+06   -14.89202    -0.08130    -3.33169   -11.47902
    0.19282E+06   -14.63281    -0.06562    -3.32867   -11.23852
    0.26832E+06   -14.38519    -0.05051    -3.32582   -11.00886
    0.37340E+06   -14.14882    -0.03595    -3.32322   -10.78965
    0.51962E+06   -13.92298    -0.02193    -3.32079   -10.58026
    0.72310E+06   -13.70714    -0.00846    -3.31859   -10.38009
    0.10063E+07   -13.50095     0.00443    -3.31650   -10.18888
    0.14003E+07   -13.30475     0.01669    -3.31462   -10.00682
    0.19487E+07   -13.11763     0.02842    -3.31288    -9.83318
    0.27118E+07   -12.93956     0.03962    -3.31128    -9.66790
    0.37737E+07   -12.77012     0.05030    -3.30985    -9.51057
    0.52514E+07   -12.60879     0.06051    -3.30853    -9.36077
    0.73079E+07   -12.45516     0.07027    -3.30733    -9.21810
    0.10170E+08   -12.30914     0.07957    -3.30625    -9.08245
    0.14152E+08   -12.17011     0.08846    -3.30523    -8.95334
    0.19694E+08   -12.03784     0.09694    -3.30430    -8.83049
    0.27406E+08   -11.91211     0.10503    -3.30351    -8.71364
    0.38138E+08   -11.79256     0.11271    -3.30279    -8.60247
    0.53073E+08   -11.67923     0.12001    -3.30211    -8.49713
    0.73856E+08   -11.57212     0.12694    -3.30148    -8.39758
    0.10278E+09   -11.47130     0.13356    -3.30093    -8.30394
    0.14302E+09   -11.37712     0.13987    -3.30044    -8.21654
    0.19903E+09   -11.28989     0.14587    -3.29999    -8.13577
    0.27697E+09   -11.20923     0.15158    -3.29960    -8.06121
    0.38543E+09   -11.13444     0.15701    -3.29924    -7.99221
    0.53637E+09   -11.06486     0.16216    -3.29891    -7.92811
    0.74641E+09   -11.00090     0.16704    -3.29858    -7.86937
    0.10387E+10   -10.94254     0.17167    -3.29833    -7.81587
    0.14454E+10   -10.88875     0.17605    -3.29809    -7.76671
    0.20115E+10   -10.83930     0.18014    -3.29788    -7.72157
    0.27992E+10   -10.79377     0.18393    -3.29767    -7.68002
    0.38953E+10   -10.75183     0.18741    -3.29746    -7.64179
    0.54207E+10   -10.71318     0.19065    -3.29728    -7.60655
    0.75434E+10   -10.67759     0.19366    -3.29713    -7.57412
    0.10497E+11   -10.64477     0.19645    -3.29697    -7.54425
    0.14608E+11   -10.61468     0.19894    -3.29684    -7.51678
    0.20329E+11   -10.58690     0.20124    -3.29674    -7.49139
    0.28289E+11   -10.56138     0.20335    -3.29665    -7.46807
    0.39367E+11   -10.53785     0.20529    -3.29656    -7.44658
    0.54783E+11   -10.51618     0.20708    -3.29648    -7.42678
    0.10000E+12   -10.26428     0.22798    -3.29546    -7.19680
