    -44.945         0.00000
    -44.795         0.00000
    -44.645         0.00000
    -44.495         0.00000
    -44.345         0.00000
    -44.195         0.00000
    -44.045         0.00000
    -43.895         0.00000
    -43.745         0.00000
    -43.595         0.00000
    -43.445         0.00000
    -43.295         0.00000
    -43.145         0.00000
    -42.995         0.00000
    -42.845         0.00000
    -42.695         0.00000
    -42.545         0.00000
    -42.395         0.00000
    -42.245         0.00000
    -42.095         0.00000
    -41.945         0.00000
    -41.795         0.00000
    -41.645         0.00000
    -41.495         0.00000
    -41.345         0.00000
    -41.195         0.00000
    -41.045         0.00000
    -40.895         0.00000
    -40.745         0.00000
    -40.595         0.00000
    -40.445         0.00000
    -40.295         0.00000
    -40.145         0.00000
    -39.995         0.00000
    -39.845         0.00000
    -39.695         0.00000
    -39.545         0.00000
    -39.395         0.00000
    -39.245         0.00000
    -39.095         0.00000
    -38.945         0.00000
    -38.795         0.00000
    -38.645         0.00000
    -38.495         0.00000
    -38.345         0.00000
    -38.195         0.00000
    -38.045         0.00000
    -37.895         0.00000
    -37.745         0.00000
    -37.595         0.00000
    -37.445         0.00000
    -37.295         0.00000
    -37.145         0.00000
    -36.995         0.00000
    -36.845         0.00000
    -36.695         0.00000
    -36.545         0.00000
    -36.395         0.00000
    -36.245         0.00000
    -36.095         0.00000
    -35.945         0.00000
    -35.795         0.00000
    -35.645         0.00000
    -35.495         0.00000
    -35.345         0.00000
    -35.195         0.00000
    -35.045         0.00000
    -34.895         0.00000
    -34.745         0.00000
    -34.595         0.00000
    -34.445         0.00000
    -34.295         0.00000
    -34.145         0.00000
    -33.995         0.00000
    -33.845         0.00000
    -33.695         0.00000
    -33.545         0.00000
    -33.395         0.00000
    -33.245         0.00000
    -33.095         0.00000
    -32.945         0.00000
    -32.795         0.00000
    -32.645         0.00000
    -32.495         0.00000
    -32.345         0.00000
    -32.195         0.00000
    -32.045         0.00000
    -31.895         0.00000
    -31.745         0.00000
    -31.595         0.00000
    -31.445         0.00000
    -31.295         0.00000
    -31.145         0.00000
    -30.995         0.00000
    -30.845         0.00000
    -30.695         0.00000
    -30.545         0.00000
    -30.395         0.00000
    -30.245         0.00000
    -30.095         0.00000
    -29.945         0.00000
    -29.795         0.00000
    -29.645         0.00000
    -29.495         0.00000
    -29.345         0.00000
    -29.195         0.00000
    -29.045         0.00000
    -28.895         0.00000
    -28.745         0.00000
    -28.595         0.00000
    -28.445         0.00000
    -28.295         0.00000
    -28.145         0.00000
    -27.995         0.00000
    -27.845         0.00000
    -27.695         0.00000
    -27.545         0.00000
    -27.395         0.00000
    -27.245         0.00000
    -27.095         0.00000
    -26.945         0.00000
    -26.795         0.00000
    -26.645         0.00000
    -26.495         0.00000
    -26.345         0.00000
    -26.195         0.00000
    -26.045         0.00000
    -25.895         0.00000
    -25.745         0.00000
    -25.595         0.00000
    -25.445         0.00000
    -25.295         0.00000
    -25.145         0.00000
    -24.995         0.00000
    -24.845         0.00000
    -24.695         0.00000
    -24.545         0.00000
    -24.395         0.00000
    -24.245         0.00000
    -24.095         0.00000
    -23.945         0.00000
    -23.795         0.00000
    -23.645         0.00000
    -23.495         0.00000
    -23.345         0.00000
    -23.195         0.00000
    -23.045         0.00000
    -22.895         0.00000
    -22.745         0.00000
    -22.595         0.00000
    -22.445         0.00000
    -22.295         0.00000
    -22.145         0.00000
    -21.995         0.00000
    -21.845         0.00000
    -21.695         0.00000
    -21.545         0.00000
    -21.395         0.00000
    -21.245         0.00000
    -21.095         0.00000
    -20.945         0.00000
    -20.795         0.00000
    -20.645         0.00000
    -20.495         0.00000
    -20.345         0.00000
    -20.195         0.00000
    -20.045         0.00000
    -19.895         0.00000
    -19.745         0.00000
    -19.595         0.00000
    -19.445         0.00000
    -19.295         0.00000
    -19.145         0.00000
    -18.995         0.00000
    -18.845         0.00000
    -18.695         0.00000
    -18.545         0.00000
    -18.395         0.00000
    -18.245         0.00000
    -18.095         0.00000
    -17.945         0.00000
    -17.795         0.00000
    -17.645         0.00000
    -17.495         0.00000
    -17.345         0.00000
    -17.195         0.00000
    -17.045         0.00000
    -16.895         0.00000
    -16.745         0.00000
    -16.595         0.00000
    -16.445         0.00000
    -16.295         0.00000
    -16.145         0.00000
    -15.995         0.00000
    -15.845         0.00000
    -15.695         0.00000
    -15.545         0.00000
    -15.395         0.00000
    -15.245         0.00000
    -15.095         0.00000
    -14.945         0.00000
    -14.795         0.00000
    -14.645         0.00000
    -14.495         0.00000
    -14.345         0.00000
    -14.195         0.00000
    -14.045         0.00000
    -13.895         0.00000
    -13.745         0.00000
    -13.595         0.00000
    -13.445         0.00000
    -13.295         0.00000
    -13.145         0.00000
    -12.995         0.00000
    -12.845         0.00000
    -12.695         0.00000
    -12.545         0.00000
    -12.395         0.00000
    -12.245         0.00000
    -12.095         0.00000
    -11.945         0.00000
    -11.795         0.00000
    -11.645         0.00000
    -11.495         0.00000
    -11.345         0.00000
    -11.195         0.00000
    -11.045         0.00000
    -10.895         0.00000
    -10.745         0.00000
    -10.595         0.00000
    -10.445         0.00000
    -10.295         0.00000
    -10.145         0.00000
    -9.9950         0.00000
    -9.8450         0.00000
    -9.6950         0.00000
    -9.5450         0.00000
    -9.3950         0.00000
    -9.2450         0.00000
    -9.0950         0.00000
    -8.9450         0.00000
    -8.7950         0.00000
    -8.6450         0.00000
    -8.4950         0.00000
    -8.3450        -0.00000
    -8.1950         0.00000
    -8.0450         0.00000
    -7.8950        -0.00030
    -7.7450        -0.00148
    -7.5950        -0.00547
    -7.4450        -0.01283
    -7.2950        -0.02459
    -7.1450        -0.04267
    -6.9950        -0.07452
    -6.8450        -0.11502
    -6.6950        -0.17500
    -6.5450        -0.24979
    -6.3950        -0.33868
    -6.2450        -0.44527
    -6.0950        -0.57922
    -5.9450        -0.75076
    -5.7950        -0.98667
    -5.6450        -1.28124
    -5.4950        -1.65177
    -5.3450        -2.06462
    -5.1950        -2.53160
    -5.0450        -3.03503
    -4.8950        -3.56588
    -4.7450        -4.11524
    -4.5950        -4.67969
    -4.4450        -5.26135
    -4.2950        -5.86115
    -4.1450        -6.45367
    -3.9950        -7.05560
    -3.8450        -7.67487
    -3.6950        -8.29604
    -3.5450        -8.94071
    -3.3950        -9.59959
    -3.2450       -10.30696
    -3.0950       -11.01692
    -2.9450       -11.76104
    -2.7950       -12.55058
    -2.6450       -13.38290
    -2.4950       -14.27745
    -2.3450       -15.25160
    -2.1950       -16.29580
    -2.0450       -17.41515
    -1.8950       -18.62439
    -1.7450       -19.92046
    -1.5950       -21.32254
    -1.4450       -22.84826
    -1.2950       -24.52952
    -1.1450       -26.40858
   -0.99500       -28.52934
   -0.84500       -30.96049
   -0.69500       -33.82690
   -0.54500       -37.31961
   -0.39500       -41.99755
   -0.25300       -46.23675
   -0.21500       -46.55676
   -0.20900       -46.88445
   -0.20300       -47.22301
   -0.19700       -47.57169
   -0.19100       -47.93229
   -0.18500       -48.30450
   -0.17900       -48.68812
   -0.17300       -49.08550
   -0.16700       -49.49695
   -0.16100       -49.92276
   -0.15500       -50.36126
   -0.14900       -50.81716
   -0.14300       -51.28985
   -0.13700       -51.78170
   -0.13100       -52.29194
   -0.12500       -52.82221
   -0.11900       -53.37364
   -0.11300       -53.94858
   -0.10700       -54.54692
   -0.10100       -55.17043
   -0.95000E-01   -55.82216
   -0.89000E-01   -56.50209
   -0.83000E-01   -57.21501
   -0.77000E-01   -57.96099
   -0.71000E-01   -58.74602
   -0.65000E-01   -59.57172
   -0.59000E-01   -60.44398
   -0.53000E-01   -61.36915
   -0.47000E-01   -62.34377
   -0.41000E-01   -63.36042
   -0.35000E-01   -64.39888
   -0.29000E-01   -65.42081
   -0.23000E-01   -66.34294
   -0.19700E-01   -66.42619
   -0.19100E-01   -66.50759
   -0.18500E-01   -66.58675
   -0.17900E-01   -66.66412
   -0.17300E-01   -66.73960
   -0.16700E-01   -66.81294
   -0.16100E-01   -66.88407
   -0.15500E-01   -66.95261
   -0.14900E-01   -67.01919
   -0.14300E-01   -67.08343
   -0.13700E-01   -67.14525
   -0.13100E-01   -67.20461
   -0.12500E-01   -67.26180
   -0.11900E-01   -67.31633
   -0.11300E-01   -67.36838
   -0.10700E-01   -67.41781
   -0.10100E-01   -67.46469
   -0.95000E-02   -67.50903
   -0.89000E-02   -67.55064
   -0.83000E-02   -67.58960
   -0.77000E-02   -67.62568
   -0.71000E-02   -67.65913
   -0.65000E-02   -67.68974
   -0.59000E-02   -67.71766
   -0.53000E-02   -67.74288
   -0.47000E-02   -67.76531
   -0.41000E-02   -67.78483
   -0.35000E-02   -67.80150
   -0.29000E-02   -67.81537
   -0.23000E-02   -67.82635
   -0.17000E-02   -67.83451
   -0.11000E-02   -67.83978
   -0.50000E-03   -67.84217
    0.10000E-03   -67.84169
    0.70000E-03   -67.83834
    0.13000E-02   -67.83211
    0.19000E-02   -67.82301
    0.25000E-02   -67.81105
    0.31000E-02   -67.79622
    0.37000E-02   -67.77855
    0.43000E-02   -67.75802
    0.49000E-02   -67.73474
    0.55000E-02   -67.70863
    0.61000E-02   -67.67974
    0.67000E-02   -67.64806
    0.73000E-02   -67.61370
    0.79000E-02   -67.57656
    0.85000E-02   -67.53681
    0.91000E-02   -67.49431
    0.97000E-02   -67.44917
    0.10300E-01   -67.40161
    0.10900E-01   -67.35134
    0.11500E-01   -67.29844
    0.12100E-01   -67.24320
    0.12700E-01   -67.18540
    0.13300E-01   -67.12520
    0.13900E-01   -67.06234
    0.14500E-01   -66.99732
    0.15100E-01   -66.93010
    0.15700E-01   -66.86064
    0.16300E-01   -66.78902
    0.16900E-01   -66.71507
    0.17500E-01   -66.63890
    0.18100E-01   -66.56092
    0.18700E-01   -66.48114
    0.19300E-01   -66.39951
    0.20200E-01   -66.06522
    0.25000E-01   -65.10271
    0.31000E-01   -64.07246
    0.37000E-01   -63.04258
    0.43000E-01   -62.04024
    0.49000E-01   -61.08616
    0.55000E-01   -60.18458
    0.61000E-01   -59.33477
    0.67000E-01   -58.53280
    0.73000E-01   -57.77194
    0.79000E-01   -57.04652
    0.85000E-01   -56.35394
    0.91000E-01   -55.69412
    0.97000E-01   -55.06530
    0.10300       -54.46351
    0.10900       -53.88964
    0.11500       -53.34127
    0.12100       -52.81554
    0.12700       -52.31476
    0.13300       -51.83271
    0.13900       -51.37194
    0.14500       -50.93101
    0.15100       -50.50879
    0.15700       -50.10342
    0.16300       -49.71556
    0.16900       -49.34354
    0.17500       -48.98525
    0.18100       -48.64177
    0.18700       -48.31073
    0.19300       -47.99389
    0.19900       -47.68798
    0.20500       -47.39388
    0.21100       -47.11051
    0.21700       -46.83854
    0.29500       -41.90766
    0.44500       -39.19302
    0.59500       -37.41935
    0.74500       -36.15590
    0.89500       -35.17944
     1.0450       -34.39417
     1.1950       -33.74815
     1.3450       -33.21238
     1.4950       -32.76923
     1.6450       -32.40589
     1.7950       -32.08904
     1.9450       -31.81343
     2.0950       -31.58073
     2.2450       -31.36805
     2.3950       -31.18122
     2.5450       -31.02217
     2.6950       -30.87548
     2.8450       -30.74763
     2.9950       -30.62781
     3.1450       -30.51661
     3.2950       -30.41842
     3.4450       -30.32569
     3.5950       -30.23541
     3.7450       -30.15119
     3.8950       -30.07165
     4.0450       -29.99646
     4.1950       -29.92520
     4.3450       -29.85784
     4.4950       -29.79350
     4.6450       -29.73167
     4.7950       -29.67085
     4.9450       -29.61303
     5.0950       -29.55711
     5.2450       -29.50363
     5.3950       -29.45126
     5.5450       -29.39949
     5.6950       -29.35028
     5.8450       -29.30247
     5.9950       -29.25599
     6.1450       -29.21043
     6.2950       -29.16539
     6.4450       -29.12232
     6.5950       -29.08018
     6.7450       -29.03895
     6.8950       -28.99863
     7.0450       -28.95925
     7.1950       -28.92058
     7.3450       -28.88281
     7.4950       -28.84582
     7.6450       -28.80952
     7.7950       -28.77381
     7.9450       -28.73889
     8.0950       -28.70472
     8.2450       -28.67110
     8.3950       -28.63813
     8.5450       -28.60569
     8.6950       -28.57385
     8.8450       -28.54251
     8.9950       -28.51171
     9.1450       -28.48144
     9.2950       -28.45160
     9.4450       -28.42228
     9.5950       -28.39340
     9.7450       -28.36497
     9.8950       -28.33705
     10.045       -28.30954
     10.195       -28.28242
     10.345       -28.25563
     10.495       -28.22929
     10.645       -28.20329
     10.795       -28.17766
     10.945       -28.15230
     11.095       -28.12735
     11.245       -28.10275
     11.395       -28.07844
     11.545       -28.05449
     11.695       -28.03085
     11.845       -28.00750
     11.995       -27.98441
     12.145       -27.96162
     12.295       -27.93913
     12.445       -27.91688
     12.595       -27.89500
     12.745       -27.87334
     12.895       -27.85188
     13.045       -27.83070
     13.195       -27.80975
     13.345       -27.78907
     13.495       -27.76856
     13.645       -27.74832
     13.795       -27.72831
     13.945       -27.70851
     14.095       -27.68893
     14.245       -27.66950
     14.395       -27.65031
     14.545       -27.63132
     14.695       -27.61255
     14.845       -27.59393
     14.995       -27.57551
     15.145       -27.55724
     15.295       -27.53924
     15.445       -27.52138
     15.595       -27.50369
     15.745       -27.48612
     15.895       -27.46877
     16.045       -27.45158
     16.195       -27.43458
     16.345       -27.41772
     16.495       -27.40100
     16.645       -27.38440
     16.795       -27.36797
     16.945       -27.35166
     17.095       -27.33559
     17.245       -27.31966
     17.395       -27.30385
     17.545       -27.28816
     17.695       -27.27261
     17.845       -27.25718
     17.995       -27.24188
     18.145       -27.22668
     18.295       -27.21164
     18.445       -27.19674
     18.595       -27.18192
     18.745       -27.16721
     18.895       -27.15266
     19.045       -27.13819
     19.195       -27.12383
     19.345       -27.10962
     19.495       -27.09553
     19.645       -27.08156
     19.795       -27.06765
     19.945       -27.05386
     20.095       -27.04018
     20.245       -27.02659
     20.395       -27.01306
     20.545       -26.99966
     20.695       -26.98642
     20.845       -26.97323
     20.995       -26.96012
     21.145       -26.94712
     21.295       -26.93422
     21.445       -26.92140
     21.595       -26.90869
     21.745       -26.89605
     21.895       -26.88351
     22.045       -26.87107
     22.195       -26.85875
     22.345       -26.84647
     22.495       -26.83426
     22.645       -26.82219
     22.795       -26.81014
     22.945       -26.79818
     23.095       -26.78630
     23.245       -26.77451
     23.395       -26.76276
     23.545       -26.75109
     23.695       -26.73953
     23.845       -26.72803
     23.995       -26.71660
     24.145       -26.70526
     24.295       -26.69399
     24.445       -26.68281
     24.595       -26.67170
     24.745       -26.66066
     24.895       -26.64966
     25.045       -26.63875
     25.195       -26.62786
     25.345       -26.61707
     25.495       -26.60632
     25.645       -26.59565
     25.795       -26.58507
     25.945       -26.57452
     26.095       -26.56403
     26.245       -26.55360
     26.395       -26.54323
     26.545       -26.53296
     26.695       -26.52274
     26.845       -26.51257
     26.995       -26.50251
     27.145       -26.49248
     27.295       -26.48244
     27.445       -26.47251
     27.595       -26.46264
     27.745       -26.45280
     27.895       -26.44298
     28.045       -26.43327
     28.195       -26.42361
     28.345       -26.41400
     28.495       -26.40444
     28.645       -26.39492
     28.795       -26.38544
     28.945       -26.37604
     29.095       -26.36670
     29.245       -26.35739
     29.395       -26.34809
     29.545       -26.33889
     29.695       -26.32976
     29.845       -26.32061
     29.995       -26.31157
     30.145       -26.30250
     35.794       -25.70640
     49.810       -25.11871
     69.316       -24.54077
     96.460       -23.97448
     134.23       -23.42065
     186.80       -22.88044
     259.95       -22.35411
     361.74       -21.84226
     503.40       -21.34522
     700.53       -20.86252
     974.85       -20.39432
     1356.6       -19.94003
     1887.8       -19.49981
     2627.1       -19.07266
     3655.9       -18.65841
     5087.5       -18.25647
     7079.7       -17.86669
     9852.1       -17.48891
     13710.       -17.12333
     19079.       -16.77009
     26550.       -16.42881
     36947.       -16.09988
     51416.       -15.78414
     71550.       -15.48217
     99568.       -15.19380
    0.13856E+06   -14.91741
    0.19282E+06   -14.65337
    0.26832E+06   -14.40106
    0.37340E+06   -14.16041
    0.51962E+06   -13.93054
    0.72310E+06   -13.71073
    0.10063E+07   -13.50093
    0.14003E+07   -13.30090
    0.19487E+07   -13.11040
    0.27118E+07   -12.92907
    0.37737E+07   -12.75630
    0.52514E+07   -12.59178
    0.73079E+07   -12.43523
    0.10170E+08   -12.28625
    0.14152E+08   -12.14445
    0.19694E+08   -12.00964
    0.27406E+08   -11.88144
    0.38138E+08   -11.75943
    0.53073E+08   -11.64374
    0.73856E+08   -11.53454
    0.10278E+09   -11.43176
    0.14302E+09   -11.33585
    0.19903E+09   -11.24727
    0.27697E+09   -11.16551
    0.38543E+09   -11.08988
    0.53637E+09   -11.01961
    0.74641E+09   -10.95528
    0.10387E+10   -10.89666
    0.14454E+10   -10.84285
    0.20115E+10   -10.79334
    0.27992E+10   -10.74782
    0.38953E+10   -10.70579
    0.54207E+10   -10.66720
    0.75434E+10   -10.63168
    0.10497E+11   -10.59892
    0.14608E+11   -10.56877
    0.20329E+11   -10.54103
    0.28289E+11   -10.51547
    0.39367E+11   -10.49192
    0.54783E+11   -10.47026
    0.10000E+12   -10.21843
