#"Time (ps)"	"Potential Energy (kJ/mole)"	"Kinetic Energy (kJ/mole)"	"Temperature (K)"	"Box Volume (nm^3)"	"Density (g/mL)"	"Speed (ns/day)"	"Time Remaining"
100.99999999994601	-56972.010273957916	7646.126872622761	301.2670551763517	32.50114405080601	1.159371997910486	0	--
101.99999999994368	-56894.6555189247	7535.0973716056	296.8923526156465	32.111040111627915	1.1734567358008006	137	4:10
102.99999999994135	-56729.216267508426	7354.377410655241	289.77175792056727	32.18480647437211	1.1707672172136179	138	4:08
103.99999999993902	-57000.444085346215	7465.989021502712	294.16939634374097	32.31003819858465	1.166229395365125	138	4:08
104.99999999993669	-56980.69190714334	7611.813340213455	299.91505866440997	32.16949568314535	1.1713244336715458	138	4:07
105.99999999993436	-56845.33774853125	7588.216061226725	298.98529607101625	32.44001293052524	1.1615567599574743	138	4:07
106.99999999993203	-56512.782557831786	7392.455880163485	291.27209770899617	32.751974406322205	1.1504929701363535	138	4:06
107.9999999999297	-56759.58805248674	7806.2266450800325	307.57518840329374	32.26526831203001	1.167847604679929	138	4:05
108.99999999992737	-56618.57486815637	7633.187962098011	300.7572457609549	32.635611855616226	1.1545950625734935	138	4:05
109.99999999992504	-56757.0090437856	7581.27210537143	298.7116954407037	32.597692339474726	1.1559381541536031	138	4:04
110.99999999992271	-56762.527675654856	7699.105936433813	303.3544971984693	32.102596325407	1.173765384288797	138	4:03
111.99999999992038	-56442.10915741735	7669.797768543304	302.1997183699094	32.357294220671065	1.16452618242991	138	4:03
112.99999999991805	-56243.73719537273	7582.465174184199	298.7587038586692	32.09389874921346	1.1740834794489696	138	4:02
113.99999999991572	-56199.657465525146	7593.133610147354	299.1790537089268	32.1472183711273	1.1721361356229254	138	4:02
114.99999999991338	-56558.42307072162	7623.533716822183	300.3768563046129	32.11498517026765	1.1733125864073202	138	4:01
115.99999999991105	-56473.302960395784	7628.9226755497275	300.5891880842656	32.460754470831056	1.1608145567417172	138	4:00
116.99999999990872	-56543.80177717793	7427.581622427608	292.65609631496824	32.2588411439056	1.1680802836179445	138	4:00
117.9999999999064	-56921.51209391645	7410.3425686333485	291.97685582404483	32.18263752973173	1.1708461209168513	138	3:59
118.99999999990406	-56823.03549752111	7501.61029878354	295.572919655189	31.970572106468527	1.1786125123777682	138	3:58
119.99999999990173	-56653.8639704613	7255.0891723548575	285.8596759390995	32.31789471393578	1.1659458837308205	138	3:58
120.9999999998994	-56968.88296924252	7439.718959875667	293.1343227388262	32.178912936822236	1.170981642125061	138	3:57
121.99999999989707	-56888.81655655528	7461.201383381442	293.98075735539123	32.12065176440078	1.1731055953952065	138	3:57
122.99999999989474	-56767.17037057545	7483.711865645722	294.8676987853904	32.27229593478788	1.1675932939106877	138	3:56
123.99999999989241	-56775.55160913261	7636.2233275459985	300.87684299300884	32.53274737815947	1.1582457477248345	138	3:55
124.99999999989008	-56959.46958162563	7416.074806692185	292.20271324288245	32.46413853986179	1.160693553173824	138	3:55
125.99999999988775	-56736.0438069583	7282.788945228064	286.95108197271423	31.938597018520547	1.1797924714948833	138	3:54
126.99999999988542	-56834.11394881722	7566.976323022473	298.1484235618217	31.81393336803143	1.184415516203461	138	3:53
127.99999999988309	-56826.500838917185	7801.1093925184505	307.37356218972127	31.992121196436514	1.1778186285677301	138	3:53
128.99999999988785	-56861.27766006149	7736.8501628521335	304.84166738703516	31.745095065216024	1.1869838863342224	138	3:52
129.99999999989262	-56639.01780218232	7612.040462500043	299.9240075693373	32.00535810030731	1.1773315016337111	138	3:52
130.9999999998974	-56643.18052992507	7618.181470453172	300.1659710382509	32.23153108497145	1.1690700082854237	138	3:51
131.99999999990217	-56610.9746523551	7646.540366455195	301.28334735555643	32.48348144341356	1.1600023962394508	138	3:50
132.99999999990695	-56402.655725576595	7673.324982251627	302.33869504458227	32.399846381875264	1.1629967583314986	138	3:50
133.99999999991172	-56409.604917424906	7575.127260242905	298.46958078223344	32.35010825846675	1.164784859806382	138	3:49
134.9999999999165	-56685.53182324645	7647.404542588674	301.317396986595	32.54751698095063	1.1577201521889764	138	3:49
135.99999999992127	-56440.39610198594	7502.535546688148	295.60937559113836	32.642930927211665	1.1543361837385766	138	3:48
136.99999999992605	-56506.09071481103	7700.920201437279	303.4259815308652	32.6301327189088	1.1547889381008798	138	3:47
137.99999999993082	-56741.4065499166	7810.209701976373	307.73212587526496	32.591845883868615	1.1561455109607552	138	3:47
138.9999999999356	-56575.838015267334	7735.340536237876	304.78218619190596	32.44783750174147	1.161276658592029	138	3:46
139.99999999994037	-56327.44377689628	7442.625375983791	293.2488392040377	32.61977165288179	1.1551557354090354	138	3:45
140.99999999994515	-56535.74954164692	7565.717982675402	298.0988433629724	32.56703849134671	1.1570261853122308	138	3:45
141.99999999994992	-56417.49175755566	7592.320437356368	299.1470136739952	32.589902506218635	1.1562144533991592	138	3:44
142.9999999999547	-56433.15654171439	7655.5496485697	301.6383244488098	32.26888278506928	1.167716792785721	138	3:43
143.99999999995947	-56504.73301171436	7619.266246156214	300.2087125709284	32.1066946187118	1.1736155577534602	138	3:43
144.99999999996425	-56649.44056247329	7531.94063544886	296.76797322438694	32.23645134920547	1.1688915725982412	138	3:42
145.99999999996902	-56684.07135007263	7381.398855772142	290.83643698391455	32.246125011105974	1.1685409114918979	138	3:42
146.9999999999738	-56651.502716752875	7347.630512556283	289.5059216147213	32.5949214800685	1.1560364192195096	138	3:41
147.99999999997857	-56846.82214093697	7318.750582144054	288.3680158836324	32.25520734696056	1.1682118768370024	138	3:40
148.99999999998334	-56956.53392165899	7144.174422180918	281.4894947065375	32.25540728521236	1.1682046355630569	138	3:40
149.99999999998812	-56868.429536171694	7451.042336492127	293.5804780779572	32.08194192409283	1.1745210561665513	138	3:39
150.9999999999929	-56541.92589866163	7408.071475451923	291.887371884503	32.02114401438556	1.176751095951826	138	3:39
151.99999999999767	-56492.95116616873	7453.710321583276	293.6856000599822	31.88952072363643	1.1816081100469618	138	3:38
153.00000000000244	-56150.60106069653	7777.879611265468	306.45827947115504	32.290010882552984	1.1669527288056538	138	3:37
154.00000000000722	-56282.08305012336	7575.38686616325	298.4798095833547	31.870860942884995	1.182299919041614	138	3:37
155.000000000012	-56072.14140588851	7986.657529207746	314.6843931064817	32.029153046099296	1.1764568441234033	138	3:36
156.00000000001677	-56296.750885078014	7338.890932251271	289.16157111337196	32.19622596713161	1.1703519645758187	138	3:35
157.00000000002154	-56657.88490253492	7737.010916663816	304.8480012902336	31.915413936175987	1.180649462604911	138	3:35
158.00000000002632	-56684.03281580575	7740.745720059604	304.9951572607603	32.168924808874436	1.1713452201599366	138	3:34
159.0000000000311	-56531.115963297896	7620.120126313358	300.24235652749644	32.14824829030935	1.172098584417051	138	3:33
160.00000000003587	-56612.55228284828	7584.292174877943	298.83068999334614	32.28223266585518	1.1672338992963907	138	3:33
161.00000000004064	-56696.1422060185	7597.867226300328	299.3655641635006	31.97208702244055	1.178556666823533	138	3:32
162.00000000004542	-56691.630609986896	7375.342233136855	290.59779840309517	32.420523188849614	1.1622550349686849	138	3:32
163.0000000000502	-56635.115313570976	7598.237752854871	299.3801633776925	32.30089171229913	1.166559630866531	138	3:31
164.00000000005497	-56585.86648985231	7572.660615822369	298.3723918769064	32.581449111101335	1.1565144381414458	138	3:30
165.00000000005974	-56283.47124082377	7491.655048632139	295.18067022660637	32.76574008406305	1.1500096202889407	138	3:30
166.00000000006452	-56764.755839744525	7596.692027690035	299.3192598540811	32.41106456987973	1.1625942193696754	138	3:29
167.0000000000693	-56741.330480795325	7444.971215125296	293.34126822880444	32.18290421537886	1.1708364186272953	138	3:28
168.00000000007407	-56485.80702744666	7260.040266902395	286.05475531707543	32.179266913028044	1.1709687611716237	138	3:28
169.00000000007884	-56465.336489710724	7275.13631885476	286.6495588290028	32.28948660559591	1.166971676348338	138	3:27
170.00000000008362	-56718.11589476158	7419.0203214358535	292.3187702437126	32.24968638225689	1.168411868131863	138	3:27
171.0000000000884	-56673.70535368187	7597.798511270283	299.36285670453566	32.19846321404907	1.1702706449703555	138	3:26
172.00000000009317	-56829.99645887615	7257.584620768415	285.95799975812855	32.09094017534197	1.1741917222329536	138	3:25
173.00000000009794	-56963.554713081336	7495.165399662618	295.3189824904761	31.951893870240617	1.179301498233091	138	3:25
174.00000000010272	-56852.03859848983	7437.603608313733	293.0509752157805	32.006327567164234	1.1772958404392786	138	3:24
175.0000000001075	-56628.4866801929	7587.338849675663	298.95073282806237	31.945880570793918	1.1795234828182737	138	3:23
176.00000000011227	-57068.53557312235	7552.091524353327	297.56194369604776	32.001852639435135	1.1774604657146053	138	3:23
177.00000000011704	-56848.48450357403	7627.563711831199	300.5356431975022	32.12002875510102	1.1731283492881468	138	3:22
178.00000000012182	-56865.91833531091	7517.235184684699	296.1885598925702	31.985872472386163	1.1780487258895287	138	3:22
179.0000000001266	-56785.15467512517	7558.75047107384	297.82431460650804	31.69002131003161	1.1890467331630166	138	3:21
180.00000000013137	-56634.898635687336	7421.359532027571	292.4109380952463	32.6101565500804	1.1554963330118257	138	3:20
181.00000000013614	-56790.678577761864	7693.661657618506	303.1399857374943	32.370288580932964	1.1640587082919804	138	3:20
182.00000000014091	-56808.68428477924	7694.314864245904	303.1657229035571	32.25376765348913	1.1682640216602183	138	3:19
183.0000000001457	-56750.341063631844	7340.470863430018	289.22382239713056	32.3465271770507	1.164913813044308	138	3:18
184.00000000015046	-56669.793915830785	7496.423783401523	295.36856439901845	32.36023600230125	1.1644203185007627	138	3:18
185.00000000015524	-56707.402582165756	7640.218730478584	301.03426691440006	31.889854404915763	1.1815957462242606	138	3:17
186.00000000016001	-56765.44524196486	7411.367049104002	292.01722164841857	32.217069514074566	1.1695947794413122	138	3:17
187.0000000001648	-56674.72710960932	7537.791548524673	296.9985065887697	32.52729725780013	1.1584398179139672	138	3:16
188.00000000016956	-56825.422135548084	7533.507493818816	296.8297094229695	32.146553023272894	1.1721603957127193	138	3:15
189.00000000017434	-56649.260491404886	7249.543538732905	285.64117097074035	32.55109076426632	1.157593046126876	138	3:15
190.0000000001791	-56776.195471636165	7454.9915246133605	293.73608107741586	32.39439861888619	1.1631923393876864	138	3:14
191.0000000001839	-56869.91462808446	7613.173976649103	299.9686694583403	32.34176956191798	1.1650851769387494	138	3:13
192.00000000018866	-56700.61513020549	7370.796815649649	290.41870321363126	32.11018461479408	1.1734879996672083	138	3:13
193.00000000019344	-56792.08179294111	7643.205738588693	301.1519588062705	32.534238604393714	1.1581926588400535	138	3:12
194.0000000001982	-56610.53799993679	7559.585893611115	297.8572313095429	32.334237596377655	1.165356572897231	138	3:11
195.000000000203	-56613.275091582414	7608.677999803583	299.791522292598	32.63655285797614	1.1545617723947375	138	3:11
196.00000000020776	-56624.22359107807	7663.53945722428	301.95313300023554	32.35035017964316	1.1647761493558926	138	3:10
197.00000000021254	-56478.68445934294	7393.071547437745	291.2963557771364	32.432275077850605	1.1618338899170655	138	3:10
198.0000000002173	-56780.697059007274	7458.093572834014	293.85830569492737	32.269474901120155	1.1676953662252332	138	3:09
199.0000000002221	-56982.8345094992	7582.927261821597	298.77691069515936	31.908780691898826	1.18089489775227	138	3:08
200.00000000022686	-56676.116319347726	7685.243780497229	302.8083107478674	32.29625626941	1.166727065769838	138	3:08
201.00000000023164	-56494.469475103135	7642.049672056237	301.10640832487996	32.58062151074855	1.1565438154741245	138	3:07
202.0000000002364	-56724.04464304264	7527.024177103016	296.5742585565003	32.04012937742769	1.1760538126636193	138	3:06
203.0000000002412	-56696.10215722947	7361.6900206126065	290.0598839880796	32.37778769421725	1.1637890972794713	138	3:06
204.00000000024596	-56620.49716668995	7495.522815981986	295.333065144845	31.94677133791307	1.1794905943387575	138	3:05
205.00000000025074	-56936.179137087776	7598.965644490658	299.40884322740646	32.38418094415529	1.1635593432959783	138	3:05
206.0000000002555	-56628.65256832371	7340.401246053114	289.2210793845599	32.28903305614697	1.1669880682718687	138	3:04
207.0000000002603	-57035.555056342244	7461.825904729609	294.0053642852253	32.52678551720621	1.1584580435292875	138	3:03
208.00000000026506	-57123.545253463904	7618.35452359557	300.1727895506125	32.21237882111121	1.1697650931592891	138	3:03
209.00000000026984	-56825.39642094952	7194.733892573658	283.481601692237	32.34574288515275	1.164942058877728	138	3:02
210.0000000002746	-56841.9232774617	7451.1148432954815	293.58333493757914	32.50645987004512	1.1591824044574794	138	3:01
211.00000000027939	-56738.48240622552	7484.758322500385	294.90893050704835	32.50194342177487	1.1593434836673464	138	3:01
212.00000000028416	-56993.57724750717	7595.008502688095	299.2529268428586	32.58795176820888	1.1562836652200712	138	3:00
213.00000000028894	-56520.73004125155	7555.385092581279	297.69171444372006	32.53452316085632	1.1581825289480496	138	3:00
214.0000000002937	-56595.731544549024	7576.060088492948	298.5063353933663	32.43673775586525	1.1616740436774027	138	2:59
215.00000000029848	-56337.05649219992	7502.160698199879	295.5946060872995	32.702894549374825	1.1522196072176065	138	2:58
216.00000000030326	-56572.93521726478	7507.3460891514205	295.7989170394892	32.442556336756965	1.161465697136434	138	2:58
217.00000000030803	-56679.23686692602	7737.265548625783	304.8580341111131	32.293978033796186	1.1668093745876014	138	2:57
218.0000000003128	-56480.42937963939	7449.295405372293	293.51164678561327	32.16874557415587	1.171351746548427	138	2:56
219.00000000031758	-56538.516639737965	7324.2638096796	288.585244011261	32.512441767605026	1.1589691288614394	138	2:56
220.00000000032236	-56820.23835319618	7442.3029360595565	293.2361346638092	32.41364606070833	1.162501627925039	138	2:55
221.00000000032713	-56670.4143607477	7176.20147992679	282.7514012291208	32.311787605111405	1.1661662540329003	138	2:55
222.0000000003319	-56978.357253291964	7406.493059280635	291.8251802939515	32.24049523221674	1.1687449600620998	138	2:54
223.00000000033668	-56428.70105910979	7466.317771047406	294.18234949098405	32.83903796985463	1.1474427584373683	138	2:53
224.00000000034146	-56855.70403415561	7501.138581733013	295.55433340766047	32.13483872303552	1.172587690180262	138	2:53
225.00000000034623	-56470.56861120413	7426.397186470672	292.6094280424251	32.20464941633325	1.170045847275978	138	2:52
226.000000000351	-56640.565193236165	7575.1752662513045	298.47147227959175	32.19907979783877	1.1702482353265464	138	2:51
227.00000000035578	-56497.52722592649	7768.432998392627	306.08607099371244	31.87598703855647	1.182109789007678	138	2:51
228.00000000036056	-56530.93622347724	7595.387830312668	299.2678728303246	32.65341091471541	1.153965703949733	138	2:50
229.00000000036533	-56083.23877077908	7288.698307714161	287.1839183176787	32.708151408110595	1.1520344223188286	138	2:50
230.0000000003701	-56665.65320891657	7750.879696920965	305.39444874743174	32.28319152270567	1.1671992307841503	138	2:49
231.00000000037488	-56678.72161669034	7703.286937622772	303.51923392555614	32.157332845891766	1.1717674625920775	138	2:48
232.00000000037966	-56513.447198830254	7584.904476510921	298.85481545096934	32.31924359335748	1.1658972216881947	138	2:48
233.00000000038443	-56494.01644968687	7593.731311761907	299.2026039073855	32.18821702296518	1.1706431668978567	138	2:47
234.0000000003892	-56540.33439171524	7603.323040298714	299.58053012525676	32.221113415651445	1.1694479897847327	138	2:46
235.00000000039398	-56690.95468057299	7510.160759072451	295.90981858906173	32.28945641880549	1.1669727673276646	138	2:46
236.00000000039876	-56708.5378818406	7638.930104449415	300.9834934214279	32.30672438891728	1.1663490194470407	138	2:45
237.00000000040353	-56651.5870986965	7413.351667541811	292.0954181212692	32.255006351741564	1.168219156482198	138	2:44
238.0000000004083	-56521.63677772693	7541.739082912661	297.1540444290499	32.281753337541275	1.1672512307049745	138	2:44
239.00000000041308	-56590.76340567958	7502.298051992007	295.6000180001752	32.08981969866928	1.1742327213549923	138	2:43
240.00000000041786	-56704.76673248221	7348.1277186462385	289.52551216259366	32.304411104527006	1.1664325404551028	138	2:43
241.00000000042263	-56806.32707758073	7610.307878119771	299.85574155665074	32.05544626110168	1.175491865115106	138	2:42
242.0000000004274	-56512.860908131464	7435.929748259976	292.9850230157224	32.28128951210929	1.1672680020550195	138	2:41
243.00000000043218	-56613.28019373215	7617.471822969161	300.13801003115765	32.43391119120408	1.1617752817544358	138	2:41
244.00000000043696	-56716.43865813399	7553.153590015273	297.6037904244252	32.05607099733653	1.1754689561203644	138	2:40
245.00000000044173	-56875.014589372935	7538.872235916742	297.04108703683164	31.763389625799046	1.1863002266595015	138	2:39
246.0000000004465	-56807.73089735201	7634.272189414432	300.79996568650694	32.054537736161954	1.1755251821975325	138	2:39
247.00000000045128	-56332.79489272466	7373.939043190627	290.5425109471066	32.28809320918519	1.167022037146503	138	2:38
248.00000000045605	-56652.82592580968	7538.585403217006	297.0297854662172	32.01066643530823	1.17713626452328	138	2:38
249.00000000046083	-56697.337762550625	7662.162458117835	301.89887749641116	31.996363196655423	1.177662476230994	138	2:37
250.0000000004656	-56608.52705505898	7487.158187530565	295.0034882200588	31.81243771994783	1.1844712009897889	138	2:36
251.00000000047038	-56396.12930388682	7455.333140968982	293.7495411932591	32.10790608885039	1.1735712758187096	138	2:36
252.00000000047515	-56326.467663910094	7511.169252895605	295.94955451933424	32.182260886024835	1.1708598238640973	138	2:35
253.00000000047993	-56550.186450109235	7764.9088215646225	305.94721397595936	32.466176556586795	1.1606206923344873	138	2:34
254.0000000004847	-56478.21730101912	7537.562996397487	296.989501346317	32.21513365011201	1.1696650624458438	138	2:34
255.00000000048948	-56897.01933059114	7524.8359600799195	296.48804004226196	32.33497453600797	1.165330013499726	138	2:33
256.00000000049425	-56670.74390615377	7581.755093249672	298.73072577307823	32.365204796447784	1.1642415535308184	138	2:33
257.000000000499	-56217.54863152522	7627.703139975514	300.5411368424739	33.064800098614185	1.1396081694181708	138	2:32
258.0000000005038	-56130.38095754813	7606.289990430394	299.6974317074457	32.32760039647495	1.1655958329857434	138	2:31
259.0000000005086	-56188.35707911843	7549.346709277407	297.45379451559313	32.3552461286654	1.1645998971145437	138	2:31
260.00000000051335	-56671.50633436226	7608.450648237391	299.7825643537647	32.07587712421378	1.174743130691023	138	2:30
261.0000000005181	-56266.262451871415	7405.2952629069405	291.77798560411503	32.36461853036918	1.1642626430835812	138	2:29
262.0000000005229	-56591.635705881665	7598.628813401402	299.3955716571013	32.28943651311957	1.1669734867392088	138	2:29
263.0000000005277	-56844.71076518996	7617.8320401601795	300.15220304340687	32.163265623596395	1.1715513204888959	138	2:28
264.00000000053245	-56828.30934720163	7451.826911909457	293.6113913402507	32.38047319006171	1.1636925776651277	138	2:28
265.0000000005372	-56604.96381646994	7315.570437896082	288.24271418401594	32.240553710490566	1.168742840179531	138	2:27
266.000000000542	-56781.60799272609	7327.584027932833	288.7160648035861	32.17096530636793	1.1712709256225176	138	2:26
267.0000000005468	-56902.83360119598	7524.806049734332	296.4868615368717	32.23989918102714	1.168766567816512	138	2:26
268.00000000055155	-56562.05204467295	7639.949932674401	301.0236759414469	32.381207852826826	1.1636661758826266	138	2:25
269.0000000005563	-56446.890901968494	7508.969116013635	295.8628663476026	32.38472461704043	1.163539809528973	138	2:24
270.0000000005611	-56267.75942719719	7450.94447914428	293.5766223748667	32.830242412270856	1.1477501700832884	138	2:24
271.0000000005659	-56265.72231725804	7313.0819780148295	288.14466572198563	32.41707758107721	1.1623785709343186	138	2:23
272.00000000057065	-56631.037669687474	7512.676677333438	296.0089489459312	32.036565033355956	1.176184658789939	138	2:23
273.0000000005754	-56301.785031495354	7214.696741399842	284.26816314733514	32.46751875217789	1.1605727126909526	138	2:22
274.0000000005802	-56490.4649582663	7174.612532436729	282.68879469130957	32.7294819020474	1.1512836171782581	138	2:21
275.000000000585	-56591.89949898832	7391.487864101762	291.23395665364393	32.563293357674745	1.1571592559349826	138	2:21
276.00000000058975	-56459.674097896466	7571.861395881295	298.3409016018826	32.428612948129256	1.161965094616642	138	2:20
277.0000000005945	-56861.065798693686	7698.0269953482875	303.3119855570906	32.161556485703166	1.1716135793772864	138	2:19
278.0000000005993	-56710.3067950753	7556.2344970135755	297.7251820510766	32.321557824921065	1.1658137431577058	138	2:19
279.0000000006041	-56679.58602525183	7783.664568680096	306.6862140991908	32.498886437740246	1.1594525364660322	138	2:18
280.00000000060885	-56495.53931997946	7555.209465081327	297.68479449841965	32.45724353594323	1.1609401232988725	138	2:18
281.0000000006136	-56698.15275522348	7521.22200226434	296.3456455402129	32.27720521882092	1.16741570582411	138	2:17
282.0000000006184	-56766.24769832118	7436.582740504085	293.01075173481286	32.05674935274014	1.1754440819289929	138	2:16
283.0000000006232	-56868.71217487022	7542.060435482047	297.16670612612415	32.351433361083465	1.164737150653949	138	2:16
284.00000000062795	-56961.829137438326	7483.06284972543	294.8421267384801	32.51489728101137	1.1588816039275953	138	2:15
285.0000000006327	-56806.828587562486	7428.73217200356	292.7014294213051	32.52632818642599	1.1584743318271198	138	2:14
286.0000000006375	-56550.063580472895	7422.561181663437	292.4582846084787	32.462797906994865	1.160741486932654	138	2:14
287.0000000006423	-56511.07834346505	7248.143776801224	285.58601858285414	32.14310341506129	1.172286192343933	138	2:13
288.00000000064705	-56487.37574490227	7353.069188654619	289.72021232157186	32.21155661747007	1.1697949515461499	138	2:12
289.0000000006518	-56338.25764566084	7350.720225836878	289.6276602200166	31.971180234199075	1.1785900938449803	138	2:12
290.0000000006566	-56318.03164797946	7659.6757410061455	301.8008977017026	32.3325332172386	1.1654180035750892	138	2:11
291.0000000006614	-56216.08757115499	7512.205867458777	295.99039844227747	32.87928657032058	1.146038136562647	138	2:11
292.00000000066615	-56433.61748171222	7728.900900455152	304.5284564093652	32.12890364333788	1.172804298922065	138	2:10
293.0000000006709	-56364.413232059655	7306.535459670282	287.8867246315256	32.18481315548194	1.1707669741789815	138	2:09
294.0000000006757	-56673.98798624406	7621.319733820018	300.28962257825907	32.173515736535364	1.1711780776811422	138	2:09
295.0000000006805	-56342.348859542486	7422.893816101683	292.47139082543407	32.36514503521662	1.164243703266546	138	2:08
296.00000000068525	-56428.77070259684	7492.317347518447	295.20676563915293	32.34846342337195	1.1648440860821472	138	2:07
297.00000000069	-56205.79917122304	7192.048293624344	283.3757857019555	32.11576295246952	1.1732841710261168	138	2:07
298.0000000006948	-56467.65622898776	7362.4348089858395	290.08922959058805	32.25402788417694	1.1682545959180752	138	2:06
299.0000000006996	-56655.11535351811	7499.5977172389885	295.49362140061777	31.946876976395195	1.1794866941266597	138	2:06
300.00000000070435	-56670.185840184364	7495.1348350424105	295.31777820583943	32.412408473360166	1.162546015163591	138	2:05
301.0000000007091	-56487.094363834854	7430.751765445064	292.78100395347167	32.296127040420814	1.1667317342850188	138	2:04
302.0000000007139	-56611.444578464696	7740.709208236227	304.99371864880806	32.23137946440655	1.169075507741482	138	2:04
303.00000000071867	-56769.95654242422	7545.574380294758	297.3051599895525	32.082180573535865	1.174512319266787	138	2:03
304.00000000072345	-56385.1989649708	7542.565185813042	297.1865939266213	32.023079500471404	1.17667997270546	138	2:02
305.0000000007282	-56565.50068276501	7440.968869294538	293.18357074845693	32.229285849980045	1.1691514508871068	138	2:02
306.000000000733	-56985.23631909548	7635.2569283024495	300.8387656423346	32.02427063567093	1.1766362063711688	138	2:01
307.00000000073777	-56752.07294050479	7600.84024578105	299.4827048857067	31.874940752544802	1.1821485914307506	138	2:01
308.00000000074255	-56275.80021557791	7428.682328582352	292.6994655275616	32.536699281799756	1.1581050673335282	138	2:00
309.0000000007473	-56453.35583270062	7333.352836408245	288.94336314302205	32.643211910247764	1.1543262475568528	138	1:59
310.0000000007521	-56580.28985745297	7652.223470215954	301.50726882099747	32.597624118663305	1.1559405733188326	138	1:59
311.00000000075687	-56709.962503812596	7539.148363569807	297.05196681508767	32.415932712048985	1.1624196239324465	138	1:58
312.00000000076164	-56999.99104088452	7637.475768331657	300.92619074168783	32.21968915528043	1.1694996848342967	138	1:57
313.0000000007664	-56956.14752141724	7480.926996312391	294.75797141660877	31.91709665996756	1.180587216750866	138	1:57
314.0000000007712	-56657.85815727798	7296.551690595538	287.49335152134637	32.32595076533436	1.1656553147067108	138	1:56
315.00000000077597	-56568.20854357598	7614.9783818062315	300.03976530033833	32.10052206369528	1.1738412303012182	138	1:56
316.00000000078074	-56670.43628269466	7557.7502285952405	297.78490378963176	32.15553622714104	1.1718329324813033	138	1:55
317.0000000007855	-56642.40911744561	7562.411839153653	297.968577132843	32.137169258689546	1.1725026560132066	138	1:54
318.0000000007903	-56631.05622265104	7445.721016832722	293.37081136301146	31.951904174552453	1.1793011179148998	138	1:54
319.00000000079507	-56555.33408399281	7566.582824298373	298.1329192151374	32.46763263785459	1.1605686417871628	138	1:53
320.00000000079984	-56789.60881278486	7428.489374920372	292.69186290959584	32.457646607836686	1.160925706285238	138	1:52
321.0000000008046	-56663.83847946001	7343.994824053196	289.3626708961404	32.48804336961102	1.1598395103044528	138	1:52
322.0000000008094	-56666.43316180873	7371.571828622736	290.44923970354506	32.62676198488897	1.154908241584357	138	1:51
323.00000000081417	-56404.889938993205	7425.597236400799	292.57790899940454	32.775342439236155	1.1496726962477355	138	1:51
324.00000000081894	-56337.51203430863	7631.477235998013	300.6898409921163	32.65807085943436	1.153801045834711	138	1:50
325.0000000008237	-56343.4562714973	7182.795198376849	283.0112020633476	32.789428772781626	1.1491787970346787	138	1:49
326.0000000008285	-56491.20449309138	7340.43612165185	289.22245352719494	32.42339803566667	1.1621519826857558	138	1:49
327.00000000083327	-56565.95197199681	7614.673496847299	300.02775244791314	32.108878871774294	1.1735357208526933	138	1:48
328.00000000083804	-56570.86705152763	7670.973563748011	302.2460461859022	32.52643959997688	1.1584703636787301	138	1:47
329.0000000008428	-56584.261912348855	7546.165977690558	297.3284696740832	32.315564636824085	1.1660299529354805	138	1:47
330.0000000008476	-56302.246407224244	7553.815060760628	297.62985320717235	32.58445708139396	1.1564076767777616	138	1:46
331.00000000085237	-56228.29734662996	7587.644803862125	298.9627878094025	32.57910837820896	1.1565975310043455	138	1:46
332.00000000085714	-55976.37687093514	7578.41852349906	298.59926071110596	32.30956295457587	1.1662465495288563	138	1:45
333.0000000008619	-56660.514738219616	7718.358110913138	304.1130571867812	32.11527589280048	1.173301965031746	138	1:44
334.0000000008667	-56327.19813053531	7510.391983532974	295.91892912482285	32.18721122485466	1.1706797475968536	138	1:44
335.00000000087147	-56370.89476266908	7356.802191291148	289.8672973399096	32.4253811177753	1.162080907413086	138	1:43
336.00000000087624	-56627.58347907002	7642.732652922879	301.1333186335713	32.081901464200364	1.1745225374065482	138	1:42
337.000000000881	-56494.78644788763	7538.006533435925	297.0069772657803	31.84973375576349	1.183084185303143	138	1:42
338.0000000008858	-56601.00235428239	7593.492111943193	299.19317913243947	32.07649246521847	1.1747205949471577	138	1:41
339.00000000089057	-56597.152800579905	7566.620298225413	298.13439573518906	32.092014942495986	1.1741523983482478	138	1:41
340.00000000089534	-56557.99162233868	7592.819938772303	299.16669466061006	32.226661135362704	1.1692466729422286	138	1:40
341.0000000009001	-56477.582241048396	7564.3993600931735	298.0468879679267	31.98685612635747	1.1780124987497609	138	1:39
342.0000000009049	-56580.2725444551	7448.9704867092005	293.49884457994335	32.665879984105956	1.1535252174713693	138	1:39
343.00000000090967	-56429.58072247784	7322.407883310192	288.5121181684324	32.31511319426766	1.166046242389262	138	1:38
344.00000000091444	-57138.538998316886	7689.70898953397	302.9842456230867	32.20904765918886	1.1698860739774013	138	1:37
345.0000000009192	-57149.13772971	7641.895664634759	301.10034023797573	32.222808256316014	1.169386479689386	138	1:37
346.000000000924	-57127.71742045833	7546.979317246341	297.3605162797584	32.11302328800598	1.1733842676417534	138	1:36
347.00000000092876	-57197.63377534092	7548.116023103906	297.4053039261073	32.152663804435086	1.1719376205265402	138	1:35
348.00000000093354	-56795.31325984208	7453.6770857466145	293.6842905260438	32.19006256166915	1.170576050927861	138	1:35
349.0000000009383	-56831.902087844035	7668.137413831884	302.1342982973955	32.55712080313823	1.1573786435355593	138	1:34
350.0000000009431	-56658.29958543528	7253.374042769576	285.79209766737944	32.10793363002144	1.173570269166347	138	1:34
351.00000000094786	-56690.767827447766	7535.70860966061	296.91643616695444	31.896941485611222	1.1813332111969859	138	1:33
352.00000000095264	-56426.93977307569	7458.7152545134395	293.8828007382268	32.30174263379621	1.1665289003056822	138	1:32
353.0000000009574	-56661.14089145724	7512.494086419616	296.0017546333301	32.39056374221599	1.1633300553966073	138	1:32
354.0000000009622	-56322.56632351718	7415.559697422417	292.18241728711524	31.78908913113705	1.1853411765627295	138	1:31
355.00000000096696	-56297.041026955994	7698.885057438674	303.34579428710987	32.26582480264572	1.1678274627422425	138	1:30
356.00000000097174	-56294.396904120076	7440.674436736661	293.17196973383375	32.36520871558193	1.1642414125516927	138	1:30
357.0000000009765	-56630.38299451696	7732.8487795911515	304.68400783315246	32.339692036795384	1.1651600228501544	138	1:29
358.0000000009813	-56384.829917040595	7571.827840992251	298.3395794968774	32.88867369210403	1.1457110330844984	138	1:29
359.00000000098606	-56385.491526787286	7360.862931758002	290.0272956426667	32.602801790310565	1.1557569976626396	138	1:28
360.00000000099084	-56619.86934872283	7586.1297381778	298.9030923080436	32.354386394999246	1.164630843327738	138	1:27
361.0000000009956	-56609.4340937486	7474.884882988831	294.51990452099545	32.25085751478077	1.1683694393332045	138	1:27
362.0000000010004	-57066.62502520418	7480.0510862315095	294.7234594532236	32.036279006518136	1.1761951600213267	138	1:26
363.00000000100516	-56801.081662274606	7384.384414988496	290.9540717875412	32.260214397277466	1.1680305607559593	138	1:25
364.00000000100994	-57076.008284576295	7385.717902727894	291.00661288855287	32.0958237736589	1.174013060960419	138	1:25
365.0000000010147	-56996.9283294123	7475.5040110533855	294.5442989486439	32.3328253232399	1.1654074747830807	138	1:24
366.0000000010195	-56616.35724635466	7391.417437619686	291.23118176130765	32.20025522529296	1.170205516972471	138	1:24
367.00000000102426	-56890.49751425951	7718.784744531697	304.1298670901536	32.366765579427636	1.1641854117332475	138	1:23
368.00000000102904	-56615.227623875166	7377.983335590146	290.70186117523815	32.36387980298534	1.164289218163629	138	1:22
369.0000000010338	-56474.09810624443	7499.9854304893215	295.50889779232904	32.471707487577916	1.1604230029164415	138	1:22
370.0000000010386	-56443.87065099325	7359.907425105548	289.9896474738379	32.65218237512991	1.154009121952589	138	1:21
371.00000000104336	-56882.20997985301	7442.990201834964	293.26321380331734	32.52598404734756	1.1584865889901426	138	1:20
372.00000000104814	-56794.82307669116	7471.727292176617	294.3954914552309	32.19868589902703	1.1702625514197798	138	1:20
373.0000000010529	-56782.82443257357	7484.363481235959	294.8933732625797	32.206627704797256	1.169973977342148	138	1:19
374.0000000010577	-56893.068905307155	7410.513159121068	291.983577304702	32.41949708973122	1.162291821130525	138	1:19
375.00000000106246	-57027.27557134113	7302.18696535716	287.71538846381753	31.914831049704684	1.180671025764623	138	1:18
376.00000000106724	-57029.51079692508	7541.929183537122	297.1615346337343	32.05887386121648	1.1753661864630967	138	1:17
377.000000001072	-56652.7494708407	7447.498076959993	293.44082977629876	32.60987634888706	1.155506261643506	138	1:17
378.0000000010768	-56705.259083442215	7514.239984477875	296.0705452217433	32.60141520048809	1.1558061538382336	138	1:16
379.00000000108156	-56583.84645942206	7487.8420189069275	295.0304320399072	32.34604264856608	1.1649312629045792	138	1:15
380.00000000108633	-56239.72884062232	7338.048751485393	289.1283881275951	32.24505101363077	1.168579832503004	138	1:15
381.0000000010911	-56289.20065587625	7409.407529069404	291.9400140843515	32.398486403176065	1.1630455769953982	138	1:14
382.0000000010959	-56808.605525580584	7546.08454848566	297.3252612605722	32.076654258214774	1.1747146697168223	138	1:14
383.00000000110066	-56882.542527150275	7692.356071633714	303.0885440008517	32.29697871174993	1.166700967569168	138	1:13
384.00000000110543	-56674.908768192865	7598.460043573288	299.388921912732	32.27624595304422	1.1674504019884473	138	1:12
385.0000000011102	-56969.58776868708	7653.546064663965	301.5593807125711	32.05684385097161	1.1754406169157976	138	1:12
386.000000001115	-56560.80887797373	7395.107593824298	291.3765785761166	32.40448053060416	1.1628304387404702	138	1:11
387.00000000111976	-56882.709009271726	7334.046884697455	288.9707095221397	32.448249277931446	1.1612619217082643	138	1:10
388.00000000112453	-56885.17642583698	7444.832123337508	293.3357878367047	32.42601935355189	1.1620580343739284	138	1:10
389.0000000011293	-56554.082101412	7193.964421207801	283.4512835486467	32.585941121402186	1.156355011266222	138	1:09
390.0000000011341	-56582.73023016183	7492.9901794041225	295.2332760651769	32.24971573759011	1.1684108045838921	138	1:09
391.00000000113886	-56788.39869338344	7543.275097447205	297.214565341564	32.01461547150026	1.176991063537946	138	1:08
392.00000000114363	-56553.18727713503	7528.89245500336	296.6478710652467	32.491599177758836	1.1597125800552415	138	1:07
393.0000000011484	-56743.625090303074	7499.78720786284	295.5010875705077	32.59085102738777	1.1561808030386886	138	1:07
394.0000000011532	-56754.87902794074	7299.140037310064	287.59533565075606	32.2862216513819	1.1670896867223441	138	1:06
395.00000000115796	-56801.9262531609	7588.320480935084	298.98941033939866	32.07050671350505	1.1749398489139506	138	1:05
396.00000000116273	-56646.97605770512	7553.109550951392	297.60205522969073	31.96924202695075	1.1786615485219718	138	1:05
397.0000000011675	-56682.127240482165	7531.101537980401	296.7349117244224	32.065959013154284	1.1751064827689008	138	1:04
398.0000000011723	-56623.897995741805	7692.476571977262	303.0932918665689	32.10033773667928	1.1738479707490295	138	1:03
399.00000000117706	-56812.89064271946	7538.325449523236	297.0195429623837	32.00436361418111	1.1773680853901773	138	1:03
400.00000000118183	-56645.83816830226	7316.61879620495	288.28402082537093	31.99841523036236	1.17758695364404	138	1:02
401.0000000011866	-56783.29635034231	7206.94058166557	283.9625606584479	32.51677338950467	1.1588147403555609	138	1:02
402.0000000011914	-57084.54423682738	7573.249707070128	298.39560281603923	32.03095436310577	1.1763906840053913	138	1:01
403.00000000119616	-57261.708579225495	7516.030387871403	296.14108937657255	31.86650196675283	1.1824616442643427	138	1:00
404.00000000120093	-57014.57958873204	7492.237311194194	295.20361210689845	31.36509439509158	1.2013646711184862	138	1:00
405.0000000012057	-56940.36705370751	7739.238714804166	304.93577935047915	31.55713981162723	1.1940535972995858	138	0:59
406.0000000012105	-56633.28804400301	7598.590561708829	299.3940644921054	31.512035303662017	1.1957626966792767	138	0:58
407.00000000121526	-56678.14310569069	7714.945802881419	303.97860794088234	32.14024667305265	1.1723903894039582	138	0:58
408.00000000122003	-56443.057617656945	7548.691603360519	297.42798251512585	32.3527422477972	1.1646900291775126	138	0:57
409.0000000012248	-56506.55320419726	7506.609733003838	295.7699036773205	32.288039899552444	1.1670239639750253	138	0:57
410.0000000012296	-56413.27654546374	7495.624183906475	295.3370591690888	32.46668821347503	1.1606024016000596	138	0:56
411.00000000123435	-56391.527052624675	7640.194642969166	301.03331783610855	32.76058967350045	1.150190417452681	138	0:55
412.00000000123913	-56502.00319253231	7566.877808836596	298.1445419784833	32.45122545149459	1.161155419812475	138	0:55
413.0000000012439	-56864.88216968675	7645.086605317454	301.2260673307552	32.56549029274555	1.1570811915874473	138	0:54
414.0000000012487	-56624.639542692574	7548.982448673904	297.4394421877856	32.57914710876603	1.156596156024622	138	0:53
415.00000000125345	-56427.06521561692	7597.939597158218	299.36841566669955	32.68022293666048	1.1530189492767886	138	0:53
416.00000000125823	-56735.877033558325	7491.815079573498	295.18697564780115	32.45202712381621	1.1611267354360688	138	0:52
417.000000001263	-56605.931475079735	7445.417702061937	293.3588603779823	32.528842825827056	1.158384776068388	138	0:52
418.0000000012678	-56348.972854707536	7491.852318909207	295.1884429246581	32.4751656009841	1.1602994354374476	138	0:51
419.00000000127255	-56387.28039443941	7647.823152178158	301.33389073308825	32.074837902310314	1.174781192264275	138	0:50
420.00000000127733	-56475.051148362545	7429.527269470437	292.7327572656392	31.949134054415353	1.1794033681282823	138	0:50
421.0000000012821	-56295.771961596096	7258.989898361937	286.01336947005694	32.533607508108936	1.15821512579469	138	0:49
422.0000000012869	-56420.228224560065	7559.950925309628	297.87161401946764	32.195094057957995	1.1703931115941402	138	0:48
423.00000000129165	-56579.912776365876	7466.433711820246	294.1869177038571	32.120824330334266	1.1730992930020903	138	0:48
424.0000000012964	-56502.161796880886	7305.736142715097	287.85523053402335	32.103494575324305	1.1737325425476306	138	0:47
425.0000000013012	-56632.41414924493	7384.516489600122	290.95927569403807	32.206701121618366	1.169971310326676	138	0:47
426.000000001306	-56519.97197694739	7538.782031029583	297.0375328503566	31.966208236660435	1.178773410771476	138	0:46
427.00000000131075	-56707.944769300055	7520.582851781941	296.3204622040147	32.113862982665296	1.1733535866706288	138	0:45
428.0000000013155	-56856.04925786235	7691.1506486831095	303.0410488142532	32.06950833065142	1.1749764269552199	138	0:45
429.0000000013203	-56769.198463927634	7571.940812862962	298.344030731257	31.91638801182069	1.180613429646356	138	0:44
430.0000000013251	-56588.970353324345	7439.818029973767	293.1382262258083	32.34047950743798	1.16513165192536	138	0:43
431.00000000132985	-56685.38959985963	7475.206545920775	294.53257844674647	32.4657060455641	1.160637512693427	138	0:43
432.0000000013346	-56645.103265887126	7506.687172515007	295.7729548918599	32.222657552194896	1.1693919488646514	138	0:42
433.0000000013394	-56506.39738071934	7491.594674789138	295.1782914209452	32.04020918694928	1.176050883210456	138	0:42
434.0000000013442	-56406.61655847353	7509.176798567976	295.87104930252866	32.57372118086044	1.1567888146196788	138	0:41
435.00000000134895	-56207.256929605006	7548.864703601626	297.43480288323605	32.686639193885284	1.1527926162445135	138	0:40
436.0000000013537	-56034.419753825554	7620.50155144247	300.2573851592903	32.54632035237001	1.1577627180153889	138	0:40
437.0000000013585	-56182.09597508499	7502.797193132119	295.6196847914676	32.50470338004472	1.1592450443861775	138	0:39
438.0000000013633	-56328.18279755916	7388.721531722887	291.12495966427844	32.17595371619064	1.1710893372400266	138	0:38
439.00000000136805	-56462.772729147546	7403.705586302784	291.7153503382876	32.23946739992121	1.1687822210317145	138	0:38
440.0000000013728	-56554.35848856947	7250.168336512085	285.6657887923054	31.738815778739035	1.187218722186884	138	0:37
441.0000000013776	-56786.859018969	7464.041775178224	294.09267237935296	32.09992192355927	1.1738631764367036	138	0:37
442.0000000013824	-56441.49524776172	7222.366290319076	284.57035306072805	31.921459393584087	1.180425864869229	138	0:36
443.00000000138715	-56681.0764602751	7608.473365421334	299.78345943950194	31.826245431349005	1.1839573220736739	138	0:35
444.0000000013919	-56561.19915947449	7409.447324797256	291.94158208628744	32.2237594626366	1.169351960817931	138	0:35
445.0000000013967	-56483.37574087962	7502.063472980284	295.59077529086045	32.14340453073331	1.172275210503342	138	0:34
446.0000000014015	-56757.760096375336	7522.624841407285	296.40091917410905	31.965379517561004	1.178803971085608	138	0:33
447.00000000140625	-56842.95254396301	7548.192818091971	297.4083297456225	32.08399230672846	1.1744459963811067	138	0:33
448.000000001411	-56836.59331807791	7509.075628578409	295.8670630771708	31.94232117017368	1.1796549196225672	138	0:32
449.0000000014158	-56649.004731173016	7602.87866554573	299.5630211987825	32.08050650170459	1.1745736093835457	138	0:31
450.0000000014206	-56678.26668596757	7635.209328782689	300.836890161142	32.2008880645177	1.1701825190989137	138	0:31
451.00000000142535	-56510.83561917915	7536.897746838518	296.9632896735412	32.33261709682074	1.1654149801645541	138	0:30
452.0000000014301	-56684.934079126804	7539.789608053638	297.0772326575868	32.424006844888176	1.1621301615441793	138	0:30
453.0000000014349	-56521.43350378261	7264.693255274166	286.23808893524387	32.263699651570604	1.1679043854081113	138	0:29
454.0000000014397	-56850.0372559533	7472.862793550255	294.440231643392	32.121113892507374	1.1730887178650733	138	0:28
455.00000000144445	-56781.96338083877	7403.096786294756	291.6913628491097	32.34146194759321	1.1650962585927136	138	0:28
456.0000000014492	-56791.148067162256	7325.993926671443	288.6534128057273	32.10262008844798	1.1737645154427385	138	0:27
457.000000001454	-56976.616780747514	7586.703824455014	298.92571203238697	32.27859714101523	1.1673653643602653	138	0:26
458.0000000014588	-56841.298934406106	7496.963732803917	295.38983908738203	32.417055313539876	1.162379369381555	138	0:26
459.00000000146355	-56873.960236026294	7583.000822306295	298.77980907115693	32.207471938782405	1.169943309558123	138	0:25
460.0000000014683	-56733.768784828484	7601.234420827546	299.4982358803476	32.613264242142215	1.155386226683465	138	0:25
461.0000000014731	-56459.987743222504	7393.623661353739	291.3181097626985	32.33724411582073	1.1652482251610423	138	0:24
462.0000000014779	-56309.02178891923	7741.455853856673	305.0231374292022	32.01001010288642	1.1771604004948968	138	0:23
463.00000000148265	-56318.93263861633	7581.530111936616	298.72186122521197	32.04172515476703	1.175995241534411	138	0:23
464.0000000014874	-56395.86308457347	7339.7471226659745	289.1953060970055	32.05404446512905	1.1755432720370678	138	0:22
465.0000000014922	-56788.90062221253	7479.8122628489	294.71404951033554	32.20644077153366	1.1699807681283596	138	0:21
466.00000000149697	-56665.86824855971	7642.831620462415	301.13721807961645	32.25021939536022	1.1683925572915808	138	0:21
467.00000000150175	-56605.61472567494	7445.489855409397	293.36170331099567	32.56682066003272	1.157033924370854	138	0:20
468.0000000015065	-56838.27128547424	7629.393273066969	300.6077302207687	32.12867181152685	1.1728127615608632	138	0:20
469.0000000015113	-56562.31921267041	7323.433962935065	288.5525470015019	32.60322808443691	1.1557418858946173	138	0:19
470.00000000151607	-56609.36498486964	7377.309916020487	290.6753275937231	32.34887115734925	1.1648294040702203	138	0:18
471.00000000152085	-56703.40551390051	7407.832106088719	291.87794042929	32.76424778629716	1.1500619992355992	138	0:18
472.0000000015256	-56563.41008061348	7336.0270795654105	289.04873170075155	32.572700917949085	1.1568250482966709	138	0:17
473.0000000015304	-56533.99902667123	7338.837178572437	289.15945315053966	32.539916582212925	1.1579905626788463	138	0:16
474.00000000153517	-56403.30372091624	7484.546749600356	294.900594267589	32.06633919683766	1.1750925505171326	138	0:16
475.00000000153995	-56402.61487649652	7326.903072678231	288.68923430656736	32.31342720834586	1.1661070820376276	138	0:15
476.0000000015447	-56769.00506004147	7539.520281403781	297.06662084744625	31.99297946885041	1.1777870313468943	138	0:15
477.0000000015495	-56894.909969276574	7486.38798464349	294.9731412536086	32.269655623499645	1.1676888266858103	138	0:14
478.00000000155427	-57251.70245005202	7373.6387635540905	290.5306795501999	31.981509692835463	1.1782094302133832	138	0:13
479.00000000155904	-56802.82232243515	7200.008437439489	283.6894254212434	32.415488556709725	1.1624355513457114	138	0:13
480.0000000015638	-57004.36797262519	7520.358004712697	296.31160294552416	32.48937972387268	1.1597918037466295	138	0:12
481.0000000015686	-56732.18812693542	7247.588095639283	285.56412404329654	32.34338582976421	1.1650269551520904	138	0:11
482.00000000157337	-56901.34119146614	7610.782778136897	299.87445321708304	31.901278798553353	1.1811725965752886	138	0:11
483.00000000157814	-56753.982563997124	7406.411417692109	291.82196351225735	32.24437472814804	1.1686043420052907	138	0:10
484.0000000015829	-56803.130589466105	7632.611867033143	300.73454688784096	32.601250764273004	1.1558119835651568	138	0:10
485.0000000015877	-56672.51365184967	7563.026084013818	297.9927791560715	31.869097910377842	1.1823653251348876	138	0:09
486.00000000159247	-56873.28684141397	7694.154230171166	303.15939371814557	32.23338913907218	1.1690026186816325	138	0:08
487.00000000159724	-56802.983374468546	7719.210102526435	304.1466267323366	32.250111199766046	1.1683964771207616	138	0:08
488.000000001602	-56752.26580078117	7531.775926410199	296.76148348025043	32.18285989220963	1.170838031137212	138	0:07
489.0000000016068	-56612.47692818893	7694.022578860313	303.1542064902337	32.1296056734347	1.1727786732133685	138	0:06
490.00000000161157	-56398.42495211528	7454.753085209245	293.72668626376543	31.889839144668898	1.1815963116533525	138	0:06
491.00000000161634	-56567.20613777754	7639.273336097789	300.99701718184565	31.973777345225855	1.1784943613547045	138	0:05
492.0000000016211	-56569.49000896886	7932.254753371245	312.5408550325366	32.165883864688425	1.1714559584642852	138	0:05
493.0000000016259	-56458.31995877225	7418.9820470320865	292.31726218386694	31.899486951680753	1.18123894499106	138	0:04
494.00000000163067	-56537.46248032854	7670.846552097209	302.2410417664559	32.328273991524085	1.165571546518034	138	0:03
495.00000000163544	-56182.18786210683	7429.734805518495	292.7409344480327	32.251404361928934	1.1683496287386412	138	0:03
496.0000000016402	-56594.20481109401	7410.879743986815	291.99802121137725	32.160427265522195	1.1716547171920053	138	0:02
497.000000001645	-56763.12608464627	7654.445163392631	301.59480633796426	31.978733759217505	1.1783117054063583	138	0:01
498.00000000164977	-56481.536739987234	7368.197949604733	290.31630460931916	32.010460539210996	1.1771438360407993	138	0:01
499.00000000165454	-56469.77542665496	7711.142802387414	303.8287649185588	32.00657048384876	1.1772869052488493	138	0:00
500.0000000016593	-56480.783701586595	7579.642108026728	298.6474714867772	32.05856853207918	1.1753773807727668	138	0:00
