    -44.945         0.00000     0.00000     0.00000     0.00000
    -44.795         0.00000     0.00000     0.00000     0.00000
    -44.645         0.00000     0.00000     0.00000     0.00000
    -44.495         0.00000     0.00000     0.00000     0.00000
    -44.345         0.00000     0.00000     0.00000     0.00000
    -44.195         0.00000     0.00000     0.00000     0.00000
    -44.045         0.00000     0.00000     0.00000     0.00000
    -43.895         0.00000     0.00000     0.00000     0.00000
    -43.745         0.00000     0.00000     0.00000     0.00000
    -43.595         0.00000     0.00000     0.00000     0.00000
    -43.445         0.00000     0.00000     0.00000     0.00000
    -43.295         0.00000     0.00000     0.00000     0.00000
    -43.145         0.00000     0.00000     0.00000     0.00000
    -42.995         0.00000     0.00000     0.00000     0.00000
    -42.845         0.00000     0.00000     0.00000     0.00000
    -42.695         0.00000     0.00000     0.00000     0.00000
    -42.545         0.00000     0.00000     0.00000     0.00000
    -42.395         0.00000     0.00000     0.00000     0.00000
    -42.245         0.00000     0.00000     0.00000     0.00000
    -42.095         0.00000     0.00000     0.00000     0.00000
    -41.945         0.00000     0.00000     0.00000     0.00000
    -41.795         0.00000     0.00000     0.00000     0.00000
    -41.645         0.00000     0.00000     0.00000     0.00000
    -41.495         0.00000     0.00000     0.00000     0.00000
    -41.345         0.00000     0.00000     0.00000     0.00000
    -41.195         0.00000     0.00000     0.00000     0.00000
    -41.045         0.00000     0.00000     0.00000     0.00000
    -40.895         0.00000     0.00000     0.00000     0.00000
    -40.745         0.00000     0.00000     0.00000     0.00000
    -40.595         0.00000     0.00000     0.00000     0.00000
    -40.445         0.00000     0.00000     0.00000     0.00000
    -40.295         0.00000     0.00000     0.00000     0.00000
    -40.145         0.00000     0.00000     0.00000     0.00000
    -39.995         0.00000     0.00000     0.00000     0.00000
    -39.845         0.00000     0.00000     0.00000     0.00000
    -39.695         0.00000     0.00000     0.00000     0.00000
    -39.545         0.00000     0.00000     0.00000     0.00000
    -39.395         0.00000     0.00000     0.00000     0.00000
    -39.245         0.00000     0.00000     0.00000     0.00000
    -39.095         0.00000     0.00000     0.00000     0.00000
    -38.945         0.00000     0.00000     0.00000     0.00000
    -38.795         0.00000     0.00000     0.00000     0.00000
    -38.645         0.00000     0.00000     0.00000     0.00000
    -38.495         0.00000     0.00000     0.00000     0.00000
    -38.345         0.00000     0.00000     0.00000     0.00000
    -38.195         0.00000     0.00000     0.00000     0.00000
    -38.045         0.00000     0.00000     0.00000     0.00000
    -37.895         0.00000     0.00000     0.00000     0.00000
    -37.745         0.00000     0.00000     0.00000     0.00000
    -37.595         0.00000     0.00000     0.00000     0.00000
    -37.445         0.00000     0.00000     0.00000     0.00000
    -37.295         0.00000     0.00000     0.00000     0.00000
    -37.145         0.00000     0.00000     0.00000     0.00000
    -36.995         0.00000     0.00000     0.00000     0.00000
    -36.845         0.00000     0.00000     0.00000     0.00000
    -36.695         0.00000     0.00000     0.00000     0.00000
    -36.545         0.00000     0.00000     0.00000     0.00000
    -36.395         0.00000     0.00000     0.00000     0.00000
    -36.245         0.00000     0.00000     0.00000     0.00000
    -36.095         0.00000     0.00000     0.00000     0.00000
    -35.945         0.00000     0.00000     0.00000     0.00000
    -35.795         0.00000     0.00000     0.00000     0.00000
    -35.645         0.00000     0.00000     0.00000     0.00000
    -35.495         0.00000     0.00000     0.00000     0.00000
    -35.345         0.00000     0.00000     0.00000     0.00000
    -35.195         0.00000     0.00000     0.00000     0.00000
    -35.045         0.00000     0.00000     0.00000     0.00000
    -34.895         0.00000     0.00000     0.00000     0.00000
    -34.745         0.00000     0.00000     0.00000     0.00000
    -34.595         0.00000     0.00000     0.00000     0.00000
    -34.445         0.00000     0.00000     0.00000     0.00000
    -34.295         0.00000     0.00000     0.00000     0.00000
    -34.145         0.00000     0.00000     0.00000     0.00000
    -33.995         0.00000     0.00000     0.00000     0.00000
    -33.845         0.00000     0.00000     0.00000     0.00000
    -33.695         0.00000     0.00000     0.00000     0.00000
    -33.545         0.00000     0.00000     0.00000     0.00000
    -33.395         0.00000     0.00000     0.00000     0.00000
    -33.245         0.00000     0.00000     0.00000     0.00000
    -33.095         0.00000     0.00000     0.00000     0.00000
    -32.945         0.00000     0.00000     0.00000     0.00000
    -32.795         0.00000     0.00000     0.00000     0.00000
    -32.645         0.00000     0.00000     0.00000     0.00000
    -32.495         0.00000     0.00000     0.00000     0.00000
    -32.345         0.00000     0.00000     0.00000     0.00000
    -32.195         0.00000     0.00000     0.00000     0.00000
    -32.045         0.00000     0.00000     0.00000     0.00000
    -31.895         0.00000     0.00000     0.00000     0.00000
    -31.745         0.00000     0.00000     0.00000     0.00000
    -31.595         0.00000     0.00000     0.00000     0.00000
    -31.445         0.00000     0.00000     0.00000     0.00000
    -31.295         0.00000     0.00000     0.00000     0.00000
    -31.145         0.00000     0.00000     0.00000     0.00000
    -30.995         0.00000     0.00000     0.00000     0.00000
    -30.845         0.00000     0.00000     0.00000     0.00000
    -30.695         0.00000     0.00000     0.00000     0.00000
    -30.545         0.00000     0.00000     0.00000     0.00000
    -30.395         0.00000     0.00000     0.00000     0.00000
    -30.245         0.00000     0.00000     0.00000     0.00000
    -30.095         0.00000     0.00000     0.00000     0.00000
    -29.945         0.00000     0.00000     0.00000     0.00000
    -29.795         0.00000     0.00000     0.00000     0.00000
    -29.645         0.00000     0.00000     0.00000     0.00000
    -29.495         0.00000     0.00000     0.00000     0.00000
    -29.345         0.00000     0.00000     0.00000     0.00000
    -29.195         0.00000     0.00000     0.00000     0.00000
    -29.045         0.00000     0.00000     0.00000     0.00000
    -28.895         0.00000     0.00000     0.00000     0.00000
    -28.745         0.00000     0.00000     0.00000     0.00000
    -28.595         0.00000     0.00000     0.00000     0.00000
    -28.445         0.00000     0.00000     0.00000     0.00000
    -28.295         0.00000     0.00000     0.00000     0.00000
    -28.145         0.00000     0.00000     0.00000     0.00000
    -27.995         0.00000     0.00000     0.00000     0.00000
    -27.845         0.00000     0.00000     0.00000     0.00000
    -27.695         0.00000     0.00000     0.00000     0.00000
    -27.545         0.00000     0.00000     0.00000     0.00000
    -27.395         0.00000     0.00000     0.00000     0.00000
    -27.245         0.00000     0.00000     0.00000     0.00000
    -27.095         0.00000     0.00000     0.00000     0.00000
    -26.945         0.00000     0.00000     0.00000     0.00000
    -26.795         0.00000     0.00000     0.00000     0.00000
    -26.645         0.00000     0.00000     0.00000     0.00000
    -26.495         0.00000     0.00000     0.00000     0.00000
    -26.345         0.00000     0.00000     0.00000     0.00000
    -26.195         0.00000     0.00000     0.00000     0.00000
    -26.045         0.00000     0.00000     0.00000     0.00000
    -25.895         0.00000     0.00000     0.00000     0.00000
    -25.745         0.00000     0.00000     0.00000     0.00000
    -25.595         0.00000     0.00000     0.00000     0.00000
    -25.445         0.00000     0.00000     0.00000     0.00000
    -25.295         0.00000     0.00000     0.00000     0.00000
    -25.145         0.00000     0.00000     0.00000     0.00000
    -24.995         0.00000     0.00000     0.00000     0.00000
    -24.845         0.00000     0.00000     0.00000     0.00000
    -24.695         0.00000     0.00000     0.00000     0.00000
    -24.545         0.00000     0.00000     0.00000     0.00000
    -24.395         0.00000     0.00000     0.00000     0.00000
    -24.245        -0.00000     0.00000    -0.00000     0.00000
    -24.095        -0.00000     0.00000    -0.00000     0.00000
    -23.945        -0.00000     0.00000    -0.00000     0.00000
    -23.795        -0.00000     0.00000    -0.00000     0.00000
    -23.645        -0.00000     0.00000    -0.00000     0.00000
    -23.495        -0.00000     0.00000    -0.00000     0.00000
    -23.345        -0.00000     0.00000    -0.00000     0.00000
    -23.195        -0.00000     0.00000    -0.00000     0.00000
    -23.045        -0.00000     0.00000    -0.00000     0.00000
    -22.895        -0.00000     0.00000    -0.00000     0.00000
    -22.745        -0.00000     0.00000    -0.00000     0.00000
    -22.595        -0.00049     0.00000    -0.00049     0.00000
    -22.445        -0.00049     0.00000    -0.00049     0.00000
    -22.295        -0.00098     0.00000    -0.00098     0.00000
    -22.145        -0.00098     0.00000    -0.00098     0.00000
    -21.995        -0.00144    -0.00046    -0.00098     0.00000
    -21.845        -0.00189    -0.00091    -0.00098     0.00000
    -21.695        -0.00240    -0.00091    -0.00148     0.00000
    -21.545        -0.00240    -0.00091    -0.00148     0.00000
    -21.395        -0.00240    -0.00091    -0.00148     0.00000
    -21.245        -0.00337    -0.00137    -0.00200     0.00000
    -21.095        -0.00534    -0.00137    -0.00397     0.00000
    -20.945        -0.00637    -0.00137    -0.00500     0.00000
    -20.795        -0.00790    -0.00137    -0.00653     0.00000
    -20.645        -0.01036    -0.00180    -0.00856     0.00000
    -20.495        -0.01144    -0.00180    -0.00964     0.00000
    -20.345        -0.01430    -0.00307    -0.01123     0.00000
    -20.195        -0.01739    -0.00307    -0.01433     0.00000
    -20.045        -0.02048    -0.00349    -0.01699     0.00000
    -19.895        -0.02176    -0.00349    -0.01826     0.00000
    -19.745        -0.02779    -0.00433    -0.02345     0.00000
    -19.595        -0.03296    -0.00516    -0.02780     0.00000
    -19.445        -0.03725    -0.00642    -0.03083     0.00000
    -19.295        -0.04311    -0.00768    -0.03543     0.00000
    -19.145        -0.05134    -0.00932    -0.04203     0.00000
    -18.995        -0.05941    -0.01015    -0.04925     0.00000
    -18.845        -0.06805    -0.01139    -0.05665     0.00000
    -18.695        -0.08005    -0.01221    -0.06784     0.00000
    -18.545        -0.08931    -0.01419    -0.07512     0.00000
    -18.395        -0.10163    -0.01502    -0.08661     0.00000
    -18.245        -0.11576    -0.01704    -0.09872     0.00000
    -18.095        -0.12767    -0.01941    -0.10826     0.00000
    -17.945        -0.14205    -0.02102    -0.12103     0.00000
    -17.795        -0.15587    -0.02453    -0.13134     0.00000
    -17.645        -0.16826    -0.02652    -0.14174     0.00000
    -17.495        -0.18276    -0.03004    -0.15272     0.00000
    -17.345        -0.19876    -0.03277    -0.16600     0.00000
    -17.195        -0.22087    -0.03733    -0.18354     0.00000
    -17.045        -0.23403    -0.03969    -0.19434     0.00000
    -16.895        -0.25131    -0.04352    -0.20779     0.00000
    -16.745        -0.26920    -0.04624    -0.22296     0.00000
    -16.595        -0.28686    -0.05075    -0.23611     0.00000
    -16.445        -0.30551    -0.05739    -0.24813     0.00000
    -16.295        -0.32818    -0.06400    -0.26418     0.00000
    -16.145        -0.34849    -0.06779    -0.28070     0.00000
    -15.995        -0.36745    -0.07226    -0.29519     0.00000
    -15.845        -0.38888    -0.07914    -0.30974     0.00000
    -15.695        -0.40684    -0.08567    -0.32116     0.00000
    -15.545        -0.42705    -0.09285    -0.33421     0.00000
    -15.395        -0.44415    -0.09727    -0.34689     0.00000
    -15.245        -0.46211    -0.10404    -0.35807     0.00000
    -15.095        -0.48130    -0.11049    -0.37082     0.00000
    -14.945        -0.50136    -0.11591    -0.38545     0.00000
    -14.795        -0.51926    -0.12065    -0.39861     0.00000
    -14.645        -0.53884    -0.12704    -0.41180     0.00000
    -14.495        -0.56105    -0.13630    -0.42475     0.00000
    -14.345        -0.58126    -0.14363    -0.43763     0.00000
    -14.195        -0.60272    -0.15219    -0.45054     0.00000
    -14.045        -0.62104    -0.16041    -0.46063     0.00000
    -13.895        -0.64427    -0.16859    -0.47568     0.00000
    -13.745        -0.66446    -0.17677    -0.48769     0.00000
    -13.595        -0.69065    -0.18893    -0.50172     0.00000
    -13.445        -0.71334    -0.19951    -0.51383     0.00000
    -13.295        -0.73257    -0.20729    -0.52527     0.00000
    -13.145        -0.75677    -0.21897    -0.53780     0.00000
    -12.995        -0.77915    -0.22885    -0.55031     0.00000
    -12.845        -0.79536    -0.23542    -0.55994     0.00000
    -12.695        -0.81652    -0.24495    -0.57157     0.00000
    -12.545        -0.84121    -0.25762    -0.58359     0.00000
    -12.395        -0.86341    -0.26882    -0.59459     0.00000
    -12.245        -0.88475    -0.27770    -0.60705     0.00000
    -12.095        -0.90693    -0.28740    -0.61953     0.00000
    -11.945        -0.92696    -0.29485    -0.63211     0.00000
    -11.795        -0.95159    -0.30833    -0.64326     0.00000
    -11.645        -0.97650    -0.32125    -0.65525     0.00000
    -11.495        -0.99687    -0.33225    -0.66463     0.00000
    -11.345        -1.02057    -0.34507    -0.67551     0.00000
    -11.195        -1.04396    -0.35631    -0.68765     0.00000
    -11.045        -1.06517    -0.36755    -0.69763     0.00000
    -10.895        -1.08813    -0.37951    -0.70861     0.00000
    -10.745        -1.11054    -0.39043    -0.72010     0.00000
    -10.595        -1.13438    -0.40485    -0.72953     0.00000
    -10.445        -1.15611    -0.41654    -0.73957     0.00000
    -10.295        -1.17783    -0.42820    -0.74963     0.00000
    -10.145        -1.20639    -0.44230    -0.76391    -0.00018
    -9.9950        -1.23102    -0.45544    -0.77454    -0.00104
    -9.8450        -1.25824    -0.47090    -0.78459    -0.00275
    -9.6950        -1.28661    -0.48427    -0.79756    -0.00478
    -9.5450        -1.31912    -0.49788    -0.81175    -0.00950
    -9.3950        -1.36165    -0.51599    -0.82436    -0.02131
    -9.2450        -1.40764    -0.53076    -0.84000    -0.03688
    -9.0950        -1.46341    -0.54732    -0.85632    -0.05977
    -8.9450        -1.53835    -0.56629    -0.87068    -0.10138
    -8.7950        -1.63010    -0.58163    -0.88808    -0.16039
    -8.6450        -1.74600    -0.59852    -0.90523    -0.24224
    -8.4950        -1.89533    -0.61716    -0.92310    -0.35507
    -8.3450        -2.07207    -0.63476    -0.94347    -0.49384
    -8.1950        -2.30447    -0.65913    -0.96468    -0.68066
    -8.0450        -2.57046    -0.68256    -0.98577    -0.90213
    -7.8950        -2.88089    -0.70549    -1.00830    -1.16709
    -7.7450        -3.23502    -0.73274    -1.03147    -1.47081
    -7.5950        -3.62437    -0.75961    -1.05517    -1.80959
    -7.4450        -4.08958    -0.79586    -1.08134    -2.21238
    -7.2950        -4.58603    -0.82706    -1.10863    -2.65033
    -7.1450        -5.15096    -0.86649    -1.13668    -3.14779
    -6.9950        -5.75596    -0.90704    -1.16919    -3.67974
    -6.8450        -6.38084    -0.94927    -1.20113    -4.23044
    -6.6950        -7.03175    -1.00096    -1.23211    -4.79867
    -6.5450        -7.68438    -1.04994    -1.26493    -5.36951
    -6.3950        -8.34598    -1.10232    -1.30151    -5.94215
    -6.2450        -9.00681    -1.15383    -1.33860    -6.51438
    -6.0950        -9.67939    -1.21206    -1.37779    -7.08953
    -5.9450       -10.33376    -1.26996    -1.41889    -7.64490
    -5.7950       -10.98427    -1.32985    -1.46313    -8.19128
    -5.6450       -11.61040    -1.39041    -1.50801    -8.71198
    -5.4950       -12.23069    -1.45126    -1.55494    -9.22449
    -5.3450       -12.82457    -1.51633    -1.60791    -9.70033
    -5.1950       -13.39717    -1.58169    -1.65789   -10.15760
    -5.0450       -13.96243    -1.64660    -1.71044   -10.60538
    -4.8950       -14.51203    -1.71217    -1.76835   -11.03151
    -4.7450       -15.04646    -1.77698    -1.83342   -11.43605
    -4.5950       -15.56891    -1.84263    -1.89665   -11.82963
    -4.4450       -16.09610    -1.91155    -1.95951   -12.22504
    -4.2950       -16.63147    -1.98375    -2.02688   -12.62084
    -4.1450       -17.16575    -2.05581    -2.10031   -13.00963
    -3.9950       -17.70847    -2.12884    -2.17524   -13.40439
    -3.8450       -18.26798    -2.20358    -2.25522   -13.80918
    -3.6950       -18.86165    -2.28341    -2.34455   -14.23369
    -3.5450       -19.46296    -2.37051    -2.43624   -14.65621
    -3.3950       -20.09198    -2.46055    -2.54087   -15.09056
    -3.2450       -20.74172    -2.55413    -2.64779   -15.53980
    -3.0950       -21.40948    -2.65545    -2.76261   -15.99142
    -2.9450       -22.11560    -2.76407    -2.88613   -16.46540
    -2.7950       -22.85797    -2.88314    -3.02290   -16.95194
    -2.6450       -23.64187    -3.01064    -3.16575   -17.46548
    -2.4950       -24.50396    -3.15242    -3.32647   -18.02507
    -2.3450       -25.43006    -3.29811    -3.49697   -18.63498
    -2.1950       -26.45270    -3.45757    -3.68481   -19.31032
    -2.0450       -27.58131    -3.63267    -3.88651   -20.06213
    -1.8950       -28.86831    -3.82289    -4.10708   -20.93833
    -1.7450       -30.31436    -4.03026    -4.34723   -21.93687
    -1.5950       -31.93929    -4.25500    -4.61202   -23.07228
    -1.4450       -33.76596    -4.50370    -4.89612   -24.36613
    -1.2950       -35.81689    -4.77572    -5.21765   -25.82353
    -1.1450       -38.10217    -5.08332    -5.58262   -27.43623
   -0.99500       -40.61800    -5.42398    -6.00224   -29.19179
   -0.84500       -43.39698    -5.81210    -6.48803   -31.09685
   -0.69500       -46.54186    -6.25293    -7.08904   -33.19988
   -0.54500       -50.24732    -6.77265    -7.82759   -35.64707
   -0.39500       -54.81386    -7.36905    -8.66657   -38.77825
   -0.25300       -58.42563    -7.74648    -9.19758   -41.48157
   -0.21500       -58.67596    -7.76833    -9.22785   -41.67978
   -0.20900       -58.92773    -7.79034    -9.25727   -41.88013
   -0.20300       -59.18460    -7.81155    -9.28580   -42.08725
   -0.19700       -59.44685    -7.83272    -9.31340   -42.30073
   -0.19100       -59.71381    -7.85345    -9.34046   -42.51990
   -0.18500       -59.98564    -7.87434    -9.36682   -42.74448
   -0.17900       -60.26436    -7.89449    -9.39241   -42.97746
   -0.17300       -60.55022    -7.91426    -9.41754   -43.21841
   -0.16700       -60.84202    -7.93340    -9.44159   -43.46703
   -0.16100       -61.14143    -7.95215    -9.46491   -43.72436
   -0.15500       -61.45038    -7.97062    -9.48772   -43.99204
   -0.14900       -61.76829    -7.98856    -9.50917   -44.27055
   -0.14300       -62.09676    -8.00617    -9.53037   -44.56022
   -0.13700       -62.43650    -8.02312    -9.55044   -44.86295
   -0.13100       -62.79047    -8.03930    -9.56991   -45.18126
   -0.12500       -63.15869    -8.05512    -9.58850   -45.51506
   -0.11900       -63.54360    -8.07012    -9.60625   -45.86723
   -0.11300       -63.94574    -8.08474    -9.62297   -46.23802
   -0.10700       -64.36914    -8.09892    -9.63894   -46.63129
   -0.10100       -64.81317    -8.11231    -9.65415   -47.04671
   -0.95000E-01   -65.28309    -8.12512    -9.66858   -47.48939
   -0.89000E-01   -65.78149    -8.13714    -9.68209   -47.96227
   -0.83000E-01   -66.30921    -8.14856    -9.69448   -48.46617
   -0.77000E-01   -66.87109    -8.15933    -9.70604   -49.00572
   -0.71000E-01   -67.46757    -8.16931    -9.71678   -49.58149
   -0.65000E-01   -68.10401    -8.17848    -9.72673   -50.19880
   -0.59000E-01   -68.78178    -8.18692    -9.73564   -50.85921
   -0.53000E-01   -69.50785    -8.19451    -9.74367   -51.56967
   -0.47000E-01   -70.28474    -8.20130    -9.75077   -52.33267
   -0.41000E-01   -71.12245    -8.20725    -9.75693   -53.15827
   -0.35000E-01   -72.03075    -8.21236    -9.76217   -54.05622
   -0.29000E-01   -73.01404    -8.21663    -9.76660   -55.03081
   -0.23000E-01   -74.04173    -8.22004    -9.77010   -56.05159
   -0.19700E-01   -74.14361    -8.22033    -9.77040   -56.15287
   -0.19100E-01   -74.24485    -8.22060    -9.77068   -56.25356
   -0.18500E-01   -74.34556    -8.22087    -9.77098   -56.35371
   -0.17900E-01   -74.44550    -8.22114    -9.77124   -56.45312
   -0.17300E-01   -74.54411    -8.22138    -9.77150   -56.55123
   -0.16700E-01   -74.64159    -8.22162    -9.77175   -56.64821
   -0.16100E-01   -74.73756    -8.22187    -9.77199   -56.74371
   -0.15500E-01   -74.83225    -8.22209    -9.77222   -56.83794
   -0.14900E-01   -74.92493    -8.22232    -9.77244   -56.93017
   -0.14300E-01   -75.01537    -8.22253    -9.77265   -57.02020
   -0.13700E-01   -75.10362    -8.22273    -9.77285   -57.10803
   -0.13100E-01   -75.18942    -8.22293    -9.77305   -57.19344
   -0.12500E-01   -75.27255    -8.22311    -9.77324   -57.27620
   -0.11900E-01   -75.35273    -8.22329    -9.77342   -57.35603
   -0.11300E-01   -75.42968    -8.22345    -9.77359   -57.43264
   -0.10700E-01   -75.50341    -8.22361    -9.77375   -57.50605
   -0.10100E-01   -75.57398    -8.22376    -9.77390   -57.57631
   -0.95000E-02   -75.64099    -8.22390    -9.77405   -57.64304
   -0.89000E-02   -75.70459    -8.22403    -9.77418   -57.70637
   -0.83000E-02   -75.76431    -8.22416    -9.77431   -57.76584
   -0.77000E-02   -75.82022    -8.22427    -9.77442   -57.82152
   -0.71000E-02   -75.87208    -8.22439    -9.77453   -57.87317
   -0.65000E-02   -75.91996    -8.22449    -9.77463   -57.92085
   -0.59000E-02   -75.96369    -8.22457    -9.77472   -57.96440
   -0.53000E-02   -76.00315    -8.22465    -9.77480   -58.00371
   -0.47000E-02   -76.03839    -8.22472    -9.77487   -58.03881
   -0.41000E-02   -76.06929    -8.22478    -9.77493   -58.06958
   -0.35000E-02   -76.09574    -8.22483    -9.77498   -58.09593
   -0.29000E-02   -76.11776    -8.22488    -9.77502   -58.11786
   -0.23000E-02   -76.13526    -8.22491    -9.77506   -58.13529
   -0.17000E-02   -76.14825    -8.22494    -9.77508   -58.14823
   -0.11000E-02   -76.15669    -8.22495    -9.77510   -58.15663
   -0.50000E-03   -76.16056    -8.22496    -9.77511   -58.16048
    0.10000E-03   -76.15985    -8.22496    -9.77511   -58.15978
    0.70000E-03   -76.15457    -8.22495    -9.77510   -58.15452
    0.13000E-02   -76.14470    -8.22493    -9.77508   -58.14469
    0.19000E-02   -76.13028    -8.22490    -9.77505   -58.13032
    0.25000E-02   -76.11135    -8.22486    -9.77501   -58.11148
    0.31000E-02   -76.08802    -8.22482    -9.77497   -58.08823
    0.37000E-02   -76.06018    -8.22476    -9.77491   -58.06051
    0.43000E-02   -76.02789    -8.22470    -9.77485   -58.02835
    0.49000E-02   -75.99139    -8.22463    -9.77477   -57.99199
    0.55000E-02   -75.95057    -8.22454    -9.77469   -57.95133
    0.61000E-02   -75.90547    -8.22445    -9.77460   -57.90641
    0.67000E-02   -75.85638    -8.22435    -9.77451   -57.85751
    0.73000E-02   -75.80337    -8.22425    -9.77441   -57.80472
    0.79000E-02   -75.74629    -8.22412    -9.77429   -57.74788
    0.85000E-02   -75.68548    -8.22399    -9.77417   -57.68732
    0.91000E-02   -75.62084    -8.22385    -9.77405   -57.62294
    0.97000E-02   -75.55277    -8.22371    -9.77390   -57.55516
    0.10300E-01   -75.48113    -8.22355    -9.77374   -57.48383
    0.10900E-01   -75.40624    -8.22339    -9.77358   -57.40927
    0.11500E-01   -75.32821    -8.22321    -9.77341   -57.33159
    0.12100E-01   -75.24731    -8.22303    -9.77322   -57.25106
    0.12700E-01   -75.16382    -8.22285    -9.77303   -57.16794
    0.13300E-01   -75.07740    -8.22266    -9.77284   -57.08191
    0.13900E-01   -74.98852    -8.22245    -9.77263   -56.99344
    0.14500E-01   -74.89762    -8.22222    -9.77242   -56.90298
    0.15100E-01   -74.80451    -8.22199    -9.77219   -56.81033
    0.15700E-01   -74.70960    -8.22174    -9.77195   -56.71591
    0.16300E-01   -74.61345    -8.22150    -9.77170   -56.62025
    0.16900E-01   -74.51590    -8.22124    -9.77146   -56.52320
    0.17500E-01   -74.41711    -8.22098    -9.77119   -56.42493
    0.18100E-01   -74.31714    -8.22071    -9.77093   -56.32550
    0.18700E-01   -74.21628    -8.22045    -9.77065   -56.22518
    0.19300E-01   -74.11471    -8.22016    -9.77036   -56.12419
    0.20200E-01   -73.71757    -8.21892    -9.76916   -55.72948
    0.25000E-01   -72.70018    -8.21511    -9.76554   -54.71954
    0.31000E-01   -71.74160    -8.21046    -9.76095   -53.77019
    0.37000E-01   -70.85902    -8.20495    -9.75559   -52.89849
    0.43000E-01   -70.04507    -8.19862    -9.74933   -52.09713
    0.49000E-01   -69.29072    -8.19124    -9.74227   -51.35722
    0.55000E-01   -68.58819    -8.18289    -9.73428   -50.67102
    0.61000E-01   -67.93398    -8.17363    -9.72551   -50.03484
    0.67000E-01   -67.32236    -8.16362    -9.71586   -49.44289
    0.73000E-01   -66.75176    -8.15259    -9.70530   -48.89387
    0.79000E-01   -66.21782    -8.14063    -9.69409   -48.38309
    0.85000E-01   -65.71830    -8.12779    -9.68218   -47.90833
    0.91000E-01   -65.24853    -8.11415    -9.66948   -47.46490
    0.97000E-01   -64.80712    -8.09962    -9.65614   -47.05136
    0.10300       -64.39076    -8.08380    -9.64231   -46.66465
    0.10900       -63.99934    -8.06735    -9.62762   -46.30437
    0.11500       -63.62838    -8.05032    -9.61219   -45.96587
    0.12100       -63.27744    -8.03202    -9.59625   -45.64917
    0.12700       -62.94264    -8.01299    -9.57975   -45.34990
    0.13300       -62.62405    -7.99297    -9.56258   -45.06850
    0.13900       -62.31758    -7.97192    -9.54462   -44.80105
    0.14500       -62.02580    -7.95015    -9.52626   -44.54939
    0.15100       -61.74536    -7.92759    -9.50758   -44.31020
    0.15700       -61.47415    -7.90407    -9.48849   -44.08158
    0.16300       -61.21277    -7.88004    -9.46861   -43.86411
    0.16900       -60.96073    -7.85560    -9.44842   -43.65672
    0.17500       -60.71565    -7.83010    -9.42750   -43.45805
    0.18100       -60.47636    -7.80380    -9.40658   -43.26598
    0.18700       -60.24412    -7.77671    -9.38527   -43.08214
    0.19300       -60.01745    -7.74904    -9.36401   -42.90439
    0.19900       -59.79615    -7.72085    -9.34172   -42.73357
    0.20500       -59.57926    -7.69184    -9.31948   -42.56794
    0.21100       -59.36700    -7.66251    -9.29699   -42.40750
    0.21700       -59.16019    -7.63248    -9.27392   -42.25379
    0.29500       -54.77899    -6.77180    -8.65308   -39.35411
    0.44500       -51.71837    -5.95861    -8.07242   -37.68734
    0.59500       -49.42661    -5.28161    -7.58800   -36.55700
    0.74500       -47.60009    -4.72751    -7.17439   -35.69819
    0.89500       -46.08062    -4.27300    -6.80580   -35.00182
     1.0450       -44.77792    -3.88133    -6.48633   -34.41027
     1.1950       -43.63846    -3.53580    -6.20192   -33.90074
     1.3450       -42.64304    -3.23149    -5.94926   -33.46230
     1.4950       -41.75754    -2.95586    -5.72204   -33.07964
     1.6450       -40.97569    -2.70695    -5.51697   -32.75177
     1.7950       -40.28039    -2.48179    -5.33232   -32.46628
     1.9450       -39.65533    -2.27880    -5.16393   -32.21260
     2.0950       -39.09839    -2.09664    -5.01026   -31.99148
     2.2450       -38.59820    -1.93212    -4.86584   -31.80024
     2.3950       -38.14376    -1.78433    -4.73453   -31.62490
     2.5450       -37.73086    -1.65057    -4.61277   -31.46751
     2.6950       -37.35510    -1.52552    -4.50057   -31.32901
     2.8450       -37.01439    -1.41341    -4.39696   -31.20402
     2.9950       -36.70081    -1.31097    -4.29974   -31.09009
     3.1450       -36.40526    -1.21447    -4.20929   -30.98149
     3.2950       -36.13644    -1.12459    -4.12312   -30.88873
     3.4450       -35.88214    -1.04233    -4.04136   -30.79845
     3.5950       -35.65084    -0.96652    -3.96626   -30.71807
     3.7450       -35.42929    -0.89337    -3.89697   -30.63895
     3.8950       -35.21832    -0.82496    -3.82877   -30.56459
     4.0450       -35.02644    -0.76194    -3.76608   -30.49842
     4.1950       -34.84051    -0.70202    -3.70375   -30.43475
     4.3450       -34.66269    -0.64485    -3.64511   -30.37274
     4.4950       -34.49533    -0.59030    -3.59190   -30.31313
     4.6450       -34.33209    -0.53802    -3.53975   -30.25431
     4.7950       -34.18135    -0.48991    -3.49125   -30.20020
     4.9450       -34.03568    -0.44242    -3.44391   -30.14935
     5.0950       -33.89913    -0.39810    -3.40141   -30.09962
     5.2450       -33.76592    -0.35511    -3.35874   -30.05207
     5.3950       -33.63652    -0.31406    -3.31722   -30.00524
     5.5450       -33.51866    -0.27469    -3.28423   -29.95974
     5.6950       -33.40397    -0.23698    -3.25055   -29.91644
     5.8450       -33.29264    -0.20031    -3.21802   -29.87430
     5.9950       -33.18679    -0.16650    -3.18738   -29.83291
     6.1450       -33.08454    -0.13271    -3.15860   -29.79323
     6.2950       -32.99107    -0.10205    -3.13443   -29.75458
     6.4450       -32.89767    -0.07151    -3.10950   -29.71666
     6.5950       -32.81034    -0.04403    -3.08650   -29.67981
     6.7450       -32.72483    -0.01852    -3.06238   -29.64392
     6.8950       -32.64332     0.00640    -3.04101   -29.60870
     7.0450       -32.56833     0.03191    -3.02641   -29.57382
     7.1950       -32.49466     0.05283    -3.00734   -29.54014
     7.3450       -32.42620     0.07457    -2.99356   -29.50721
     7.4950       -32.35815     0.09440    -2.97763   -29.47493
     7.6450       -32.28998     0.11520    -2.96178   -29.44341
     7.7950       -32.23537     0.12984    -2.95349   -29.41172
     7.9450       -32.18788     0.13864    -2.94516   -29.38137
     8.0950       -32.13362     0.15508    -2.93796   -29.35074
     8.2450       -32.08390     0.17089    -2.93321   -29.32158
     8.3950       -32.03266     0.18413    -2.92384   -29.29294
     8.5450       -31.98688     0.19580    -2.91790   -29.26478
     8.6950       -31.94931     0.20105    -2.91324   -29.23712
     8.8450       -31.90978     0.20877    -2.90862   -29.20993
     8.9950       -31.87229     0.21126    -2.90031   -29.18324
     9.1450       -31.83350     0.21776    -2.89434   -29.15692
     9.2950       -31.79783     0.22292    -2.88974   -29.13102
     9.4450       -31.75620     0.23184    -2.88252   -29.10551
     9.5950       -31.71515     0.24074    -2.87529   -29.08060
     9.7450       -31.67937     0.24731    -2.87068   -29.05600
     9.8950       -31.64848     0.25091    -2.86767   -29.03172
     10.045       -31.61793     0.25451    -2.86468   -29.00776
     10.195       -31.58791     0.25967    -2.86339   -28.98419
     10.345       -31.56169     0.26155    -2.86214   -28.96110
     10.495       -31.53406     0.26339    -2.85918   -28.93827
     10.645       -31.50685     0.26690    -2.85802   -28.91573
     10.795       -31.48180     0.26864    -2.85689   -28.89355
     10.945       -31.45354     0.27214    -2.85398   -28.87171
     11.095       -31.42562     0.27379    -2.84929   -28.85012
     11.245       -31.39789     0.27728    -2.84633   -28.82884
     11.395       -31.37239     0.28078    -2.84534   -28.80783
     11.545       -31.34714     0.28231    -2.84238   -28.78708
     11.695       -31.32224     0.28382    -2.83941   -28.76664
     11.845       -31.29765     0.28529    -2.83643   -28.74651
     11.995       -31.27539     0.28674    -2.83553   -28.72659
     12.145       -31.25344     0.28816    -2.83465   -28.70696
     12.295       -31.23183     0.28954    -2.83382   -28.68756
     12.445       -31.21051     0.29089    -2.83299   -28.66842
     12.595       -31.18943     0.29222    -2.83217   -28.64948
     12.745       -31.16644     0.29570    -2.83137   -28.63077
     12.895       -31.14597     0.29697    -2.83059   -28.61235
     13.045       -31.12575     0.29821    -2.82983   -28.59412
     13.195       -31.10575     0.29943    -2.82909   -28.57609
     13.345       -31.08596     0.30063    -2.82835   -28.55824
     13.495       -31.06649     0.30181    -2.82765   -28.54065
     13.645       -31.04722     0.30297    -2.82696   -28.52323
     13.795       -31.02810     0.30411    -2.82628   -28.50593
     13.945       -31.00927     0.30524    -2.82561   -28.48890
     14.095       -30.99070     0.30633    -2.82496   -28.47207
     14.245       -30.97218     0.30741    -2.82433   -28.45527
     14.395       -30.95398     0.30848    -2.82370   -28.43876
     14.545       -30.93597     0.30954    -2.82308   -28.42242
     14.695       -30.91814     0.31057    -2.82248   -28.40623
     14.845       -30.90050     0.31159    -2.82190   -28.39019
     14.995       -30.88306     0.31258    -2.82134   -28.37430
     15.145       -30.86586     0.31356    -2.82078   -28.35864
     15.295       -30.84881     0.31453    -2.82022   -28.34312
     15.445       -30.83188     0.31548    -2.81967   -28.32770
     15.595       -30.81515     0.31644    -2.81914   -28.31246
     15.745       -30.79861     0.31738    -2.81862   -28.29736
     15.895       -30.78220     0.31830    -2.81809   -28.28241
     16.045       -30.76593     0.31921    -2.81757   -28.26757
     16.195       -30.74985     0.32009    -2.81706   -28.25289
     16.345       -30.73391     0.32098    -2.81655   -28.23834
     16.495       -30.71814     0.32185    -2.81605   -28.22394
     16.645       -30.70252     0.32270    -2.81556   -28.20966
     16.795       -30.68714     0.32355    -2.81509   -28.19560
     16.945       -30.67180     0.32438    -2.81461   -28.18157
     17.095       -30.65672     0.32520    -2.81415   -28.16778
     17.245       -30.64175     0.32601    -2.81370   -28.15406
     17.395       -30.62691     0.32682    -2.81325   -28.14048
     17.545       -30.61215     0.32762    -2.81281   -28.12695
     17.695       -30.59754     0.32840    -2.81238   -28.11356
     17.845       -30.58304     0.32918    -2.81194   -28.10028
     17.995       -30.56872     0.32995    -2.81152   -28.08714
     18.145       -30.55443     0.33072    -2.81110   -28.07405
     18.295       -30.54024     0.33147    -2.81069   -28.06102
     18.445       -30.52628     0.33221    -2.81028   -28.04821
     18.595       -30.51245     0.33294    -2.80989   -28.03550
     18.745       -30.49870     0.33368    -2.80948   -28.02290
     18.895       -30.48508     0.33441    -2.80908   -28.01041
     19.045       -30.47158     0.33512    -2.80871   -27.99799
     19.195       -30.45821     0.33582    -2.80833   -27.98570
     19.345       -30.44493     0.33652    -2.80795   -27.97350
     19.495       -30.43174     0.33722    -2.80757   -27.96139
     19.645       -30.41862     0.33790    -2.80719   -27.94934
     19.795       -30.40561     0.33858    -2.80683   -27.93736
     19.945       -30.39272     0.33925    -2.80646   -27.92551
     20.095       -30.37993     0.33992    -2.80610   -27.91375
     20.245       -30.36724     0.34058    -2.80576   -27.90207
     20.395       -30.35467     0.34123    -2.80540   -27.89050
     20.545       -30.34218     0.34188    -2.80506   -27.87901
     20.695       -30.32978     0.34252    -2.80471   -27.86760
     20.845       -30.31751     0.34315    -2.80436   -27.85630
     20.995       -30.30534     0.34378    -2.80403   -27.84509
     21.145       -30.29325     0.34441    -2.80369   -27.83397
     21.295       -30.28124     0.34503    -2.80336   -27.82291
     21.445       -30.26934     0.34564    -2.80303   -27.81195
     21.595       -30.25752     0.34624    -2.80271   -27.80105
     21.745       -30.24574     0.34684    -2.80238   -27.79020
     21.895       -30.23403     0.34744    -2.80207   -27.77939
     22.045       -30.22245     0.34803    -2.80175   -27.76872
     22.195       -30.21090     0.34863    -2.80144   -27.75809
     22.345       -30.19948     0.34921    -2.80115   -27.74754
     22.495       -30.18813     0.34979    -2.80084   -27.73707
     22.645       -30.17681     0.35036    -2.80053   -27.72664
     22.795       -30.16556     0.35094    -2.80023   -27.71627
     22.945       -30.15446     0.35149    -2.79993   -27.70602
     23.095       -30.14346     0.35205    -2.79964   -27.69586
     23.245       -30.13249     0.35260    -2.79936   -27.68573
     23.395       -30.12160     0.35315    -2.79907   -27.67569
     23.545       -30.11076     0.35371    -2.79879   -27.66568
     23.695       -30.10004     0.35425    -2.79851   -27.65578
     23.845       -30.08940     0.35478    -2.79823   -27.64594
     23.995       -30.07879     0.35531    -2.79795   -27.63615
     24.145       -30.06826     0.35583    -2.79768   -27.62641
     24.295       -30.05781     0.35636    -2.79740   -27.61677
     24.445       -30.04741     0.35689    -2.79713   -27.60717
     24.595       -30.03708     0.35741    -2.79687   -27.59762
     24.745       -30.02684     0.35792    -2.79660   -27.58817
     24.895       -30.01664     0.35844    -2.79634   -27.57874
     25.045       -30.00653     0.35895    -2.79608   -27.56939
     25.195       -29.99642     0.35945    -2.79582   -27.56006
     25.345       -29.98638     0.35995    -2.79555   -27.55078
     25.495       -29.97642     0.36045    -2.79530   -27.54157
     25.645       -29.96655     0.36094    -2.79505   -27.53244
     25.795       -29.95671     0.36143    -2.79479   -27.52336
     25.945       -29.94691     0.36192    -2.79454   -27.51429
     26.095       -29.93721     0.36240    -2.79430   -27.50531
     26.245       -29.92751     0.36288    -2.79405   -27.49633
     26.395       -29.91791     0.36336    -2.79381   -27.48746
     26.545       -29.90839     0.36383    -2.79356   -27.47866
     26.695       -29.89894     0.36430    -2.79332   -27.46993
     26.845       -29.88951     0.36476    -2.79308   -27.46119
     26.995       -29.88015     0.36522    -2.79285   -27.45253
     27.145       -29.87082     0.36569    -2.79261   -27.44389
     27.295       -29.86150     0.36615    -2.79239   -27.43526
     27.445       -29.85228     0.36661    -2.79215   -27.42674
     27.595       -29.84310     0.36705    -2.79193   -27.41823
     27.745       -29.83396     0.36751    -2.79169   -27.40977
     27.895       -29.82490     0.36795    -2.79146   -27.40139
     28.045       -29.81590     0.36839    -2.79123   -27.39306
     28.195       -29.80694     0.36883    -2.79102   -27.38475
     28.345       -29.79802     0.36927    -2.79080   -27.37649
     28.495       -29.78919     0.36970    -2.79058   -27.36832
     28.645       -29.78037     0.37013    -2.79035   -27.36015
     28.795       -29.77160     0.37056    -2.79014   -27.35202
     28.945       -29.76288     0.37099    -2.78993   -27.34395
     29.095       -29.75420     0.37141    -2.78972   -27.33589
     29.245       -29.74562     0.37183    -2.78951   -27.32794
     29.395       -29.73705     0.37225    -2.78931   -27.32000
     29.545       -29.72854     0.37266    -2.78910   -27.31210
     29.695       -29.72002     0.37308    -2.78889   -27.30420
     29.845       -29.71159     0.37349    -2.78868   -27.29640
     29.995       -29.70319     0.37390    -2.78847   -27.28862
     30.145       -29.69484     0.37431    -2.78828   -27.28087
     35.794       -29.14439     0.40076    -2.77525   -26.76990
     49.810       -28.60298     0.42615    -2.76311   -26.26603
     69.316       -28.07145     0.45083    -2.75157   -25.77070
     96.460       -27.55062     0.47474    -2.74045   -25.28491
     134.23       -27.04100     0.49799    -2.72966   -24.80933
     186.80       -26.54374     0.52054    -2.71908   -24.34520
     259.95       -26.05913     0.54241    -2.70889   -23.89265
     361.74       -25.58709     0.56364    -2.69892   -23.45181
     503.40       -25.12798     0.58416    -2.68921   -23.02294
     700.53       -24.68222     0.60405    -2.67979   -22.60647
     974.85       -24.24888     0.62325    -2.67062   -22.20151
     1356.6       -23.82777     0.64178    -2.66166   -21.80789
     1887.8       -23.41923     0.65968    -2.65293   -21.42598
     2627.1       -23.02256     0.67693    -2.64449   -21.05501
     3655.9       -22.63708     0.69364    -2.63626   -20.69446
     5087.5       -22.26331     0.70972    -2.62827   -20.34476
     7079.7       -21.90105     0.72524    -2.62052   -20.00576
     9852.1       -21.55009     0.74020    -2.61300   -19.67730
     13710.       -21.21052     0.75465    -2.60571   -19.35946
     19079.       -20.88216     0.76863    -2.59861   -19.05218
     26550.       -20.56520     0.78213    -2.59178   -18.75556
     36947.       -20.25962     0.79521    -2.58517   -18.46966
     51416.       -19.96615     0.80784    -2.57884   -18.19516
     71550.       -19.68454     0.82004    -2.57272   -17.93186
     99568.       -19.41414     0.83184    -2.56687   -17.67911
    0.13856E+06   -19.15531     0.84321    -2.56126   -17.43726
    0.19282E+06   -18.90811     0.85417    -2.55588   -17.20639
    0.26832E+06   -18.67172     0.86476    -2.55075   -16.98573
    0.37340E+06   -18.44585     0.87496    -2.54582   -16.77499
    0.51962E+06   -18.22971     0.88482    -2.54114   -16.57339
    0.72310E+06   -18.02308     0.89427    -2.53665   -16.38069
    0.10063E+07   -17.82587     0.90329    -2.53235   -16.19682
    0.14003E+07   -17.63790     0.91194    -2.52826   -16.02157
    0.19487E+07   -17.45885     0.92020    -2.52436   -15.85469
    0.27118E+07   -17.28814     0.92807    -2.52063   -15.69558
    0.37737E+07   -17.12563     0.93553    -2.51709   -15.54408
    0.52514E+07   -16.97084     0.94268    -2.51372   -15.39980
    0.73079E+07   -16.82347     0.94953    -2.51049   -15.26251
    0.10170E+08   -16.68318     0.95607    -2.50745   -15.13180
    0.14152E+08   -16.54963     0.96233    -2.50453   -15.00743
    0.19694E+08   -16.42252     0.96826    -2.50175   -14.88902
    0.27406E+08   -16.30176     0.97391    -2.49911   -14.77655
    0.38138E+08   -16.18725     0.97927    -2.49663   -14.66989
    0.53073E+08   -16.07925     0.98436    -2.49428   -14.56933
    0.73856E+08   -15.97722     0.98925    -2.49205   -14.47443
    0.10278E+09   -15.88113     0.99389    -2.48998   -14.38504
    0.14302E+09   -15.79118     0.99828    -2.48802   -14.30145
    0.19903E+09   -15.70778     1.00247    -2.48621   -14.22405
    0.27697E+09   -15.63067     1.00646    -2.48452   -14.15261
    0.38543E+09   -15.56036     1.01024    -2.48298   -14.08762
    0.53637E+09   -15.49589     1.01386    -2.48159   -14.02816
    0.74641E+09   -15.43666     1.01725    -2.48030   -13.97361
    0.10387E+10   -15.38221     1.02045    -2.47913   -13.92353
    0.14454E+10   -15.33201     1.02345    -2.47805   -13.87742
    0.20115E+10   -15.28578     1.02626    -2.47706   -13.83499
    0.27992E+10   -15.24313     1.02888    -2.47614   -13.79586
    0.38953E+10   -15.20393     1.03128    -2.47530   -13.75991
    0.54207E+10   -15.16774     1.03347    -2.47452   -13.72669
    0.75434E+10   -15.13444     1.03548    -2.47380   -13.69612
    0.10497E+11   -15.10376     1.03731    -2.47315   -13.66792
    0.14608E+11   -15.07558     1.03900    -2.47254   -13.64204
    0.20329E+11   -15.04961     1.04056    -2.47198   -13.61819
    0.28289E+11   -15.02570     1.04198    -2.47146   -13.59622
    0.39367E+11   -15.00366     1.04330    -2.47100   -13.57596
    0.54783E+11   -14.98337     1.04452    -2.47056   -13.55733
    0.10000E+12   -14.74640     1.05857    -2.46553   -13.33945
