    -44.945         0.00000     0.00000     0.00000     0.00000
    -44.795         0.00000     0.00000     0.00000     0.00000
    -44.645         0.00000     0.00000     0.00000     0.00000
    -44.495         0.00000     0.00000     0.00000     0.00000
    -44.345         0.00000     0.00000     0.00000     0.00000
    -44.195         0.00000     0.00000     0.00000     0.00000
    -44.045         0.00000     0.00000     0.00000     0.00000
    -43.895         0.00000     0.00000     0.00000     0.00000
    -43.745         0.00000     0.00000     0.00000     0.00000
    -43.595         0.00000     0.00000     0.00000     0.00000
    -43.445         0.00000     0.00000     0.00000     0.00000
    -43.295         0.00000     0.00000     0.00000     0.00000
    -43.145         0.00000     0.00000     0.00000     0.00000
    -42.995         0.00000     0.00000     0.00000     0.00000
    -42.845         0.00000     0.00000     0.00000     0.00000
    -42.695         0.00000     0.00000     0.00000     0.00000
    -42.545         0.00000     0.00000     0.00000     0.00000
    -42.395         0.00000     0.00000     0.00000     0.00000
    -42.245         0.00000     0.00000     0.00000     0.00000
    -42.095         0.00000     0.00000     0.00000     0.00000
    -41.945         0.00000     0.00000     0.00000     0.00000
    -41.795         0.00000     0.00000     0.00000     0.00000
    -41.645         0.00000     0.00000     0.00000     0.00000
    -41.495         0.00000     0.00000     0.00000     0.00000
    -41.345         0.00000     0.00000     0.00000     0.00000
    -41.195         0.00000     0.00000     0.00000     0.00000
    -41.045         0.00000     0.00000     0.00000     0.00000
    -40.895         0.00000     0.00000     0.00000     0.00000
    -40.745         0.00000     0.00000     0.00000     0.00000
    -40.595         0.00000     0.00000     0.00000     0.00000
    -40.445         0.00000     0.00000     0.00000     0.00000
    -40.295         0.00000     0.00000     0.00000     0.00000
    -40.145         0.00000     0.00000     0.00000     0.00000
    -39.995         0.00000     0.00000     0.00000     0.00000
    -39.845         0.00000     0.00000     0.00000     0.00000
    -39.695         0.00000     0.00000     0.00000     0.00000
    -39.545         0.00000     0.00000     0.00000     0.00000
    -39.395         0.00000     0.00000     0.00000     0.00000
    -39.245         0.00000     0.00000     0.00000     0.00000
    -39.095         0.00000     0.00000     0.00000     0.00000
    -38.945         0.00000     0.00000     0.00000     0.00000
    -38.795         0.00000     0.00000     0.00000     0.00000
    -38.645         0.00000     0.00000     0.00000     0.00000
    -38.495         0.00000     0.00000     0.00000     0.00000
    -38.345         0.00000     0.00000     0.00000     0.00000
    -38.195         0.00000     0.00000     0.00000     0.00000
    -38.045         0.00000     0.00000     0.00000     0.00000
    -37.895         0.00000     0.00000     0.00000     0.00000
    -37.745         0.00000     0.00000     0.00000     0.00000
    -37.595         0.00000     0.00000     0.00000     0.00000
    -37.445         0.00000     0.00000     0.00000     0.00000
    -37.295         0.00000     0.00000     0.00000     0.00000
    -37.145         0.00000     0.00000     0.00000     0.00000
    -36.995         0.00000     0.00000     0.00000     0.00000
    -36.845         0.00000     0.00000     0.00000     0.00000
    -36.695         0.00000     0.00000     0.00000     0.00000
    -36.545         0.00000     0.00000     0.00000     0.00000
    -36.395         0.00000     0.00000     0.00000     0.00000
    -36.245         0.00000     0.00000     0.00000     0.00000
    -36.095         0.00000     0.00000     0.00000     0.00000
    -35.945         0.00000     0.00000     0.00000     0.00000
    -35.795         0.00000     0.00000     0.00000     0.00000
    -35.645         0.00000     0.00000     0.00000     0.00000
    -35.495         0.00000     0.00000     0.00000     0.00000
    -35.345         0.00000     0.00000     0.00000     0.00000
    -35.195         0.00000     0.00000     0.00000     0.00000
    -35.045         0.00000     0.00000     0.00000     0.00000
    -34.895         0.00000     0.00000     0.00000     0.00000
    -34.745         0.00000     0.00000     0.00000     0.00000
    -34.595         0.00000     0.00000     0.00000     0.00000
    -34.445         0.00000     0.00000     0.00000     0.00000
    -34.295         0.00000     0.00000     0.00000     0.00000
    -34.145         0.00000     0.00000     0.00000     0.00000
    -33.995         0.00000     0.00000     0.00000     0.00000
    -33.845         0.00000     0.00000     0.00000     0.00000
    -33.695         0.00000     0.00000     0.00000     0.00000
    -33.545         0.00000     0.00000     0.00000     0.00000
    -33.395         0.00000     0.00000     0.00000     0.00000
    -33.245         0.00000     0.00000     0.00000     0.00000
    -33.095         0.00000     0.00000     0.00000     0.00000
    -32.945         0.00000     0.00000     0.00000     0.00000
    -32.795         0.00000     0.00000     0.00000     0.00000
    -32.645         0.00000     0.00000     0.00000     0.00000
    -32.495         0.00000     0.00000     0.00000     0.00000
    -32.345         0.00000     0.00000     0.00000     0.00000
    -32.195         0.00000     0.00000     0.00000     0.00000
    -32.045         0.00000     0.00000     0.00000     0.00000
    -31.895         0.00000     0.00000     0.00000     0.00000
    -31.745         0.00000     0.00000     0.00000     0.00000
    -31.595         0.00000     0.00000     0.00000     0.00000
    -31.445         0.00000     0.00000     0.00000     0.00000
    -31.295         0.00000     0.00000     0.00000     0.00000
    -31.145         0.00000     0.00000     0.00000     0.00000
    -30.995         0.00000     0.00000     0.00000     0.00000
    -30.845         0.00000     0.00000     0.00000     0.00000
    -30.695         0.00000     0.00000     0.00000     0.00000
    -30.545         0.00000     0.00000     0.00000     0.00000
    -30.395         0.00000     0.00000     0.00000     0.00000
    -30.245         0.00000     0.00000     0.00000     0.00000
    -30.095         0.00000     0.00000     0.00000     0.00000
    -29.945         0.00000     0.00000     0.00000     0.00000
    -29.795         0.00000     0.00000     0.00000     0.00000
    -29.645         0.00000     0.00000     0.00000     0.00000
    -29.495         0.00000     0.00000     0.00000     0.00000
    -29.345         0.00000     0.00000     0.00000     0.00000
    -29.195         0.00000     0.00000     0.00000     0.00000
    -29.045         0.00000     0.00000     0.00000     0.00000
    -28.895         0.00000     0.00000     0.00000     0.00000
    -28.745         0.00000     0.00000     0.00000     0.00000
    -28.595         0.00000     0.00000     0.00000     0.00000
    -28.445         0.00000     0.00000     0.00000     0.00000
    -28.295         0.00000     0.00000     0.00000     0.00000
    -28.145         0.00000     0.00000     0.00000     0.00000
    -27.995         0.00000     0.00000     0.00000     0.00000
    -27.845         0.00000     0.00000     0.00000     0.00000
    -27.695         0.00000     0.00000     0.00000     0.00000
    -27.545         0.00000     0.00000     0.00000     0.00000
    -27.395         0.00000     0.00000     0.00000     0.00000
    -27.245         0.00000     0.00000     0.00000     0.00000
    -27.095         0.00000     0.00000     0.00000     0.00000
    -26.945         0.00000     0.00000     0.00000     0.00000
    -26.795         0.00000     0.00000     0.00000     0.00000
    -26.645         0.00000     0.00000     0.00000     0.00000
    -26.495         0.00000     0.00000     0.00000     0.00000
    -26.345         0.00000     0.00000     0.00000     0.00000
    -26.195         0.00000     0.00000     0.00000     0.00000
    -26.045         0.00000     0.00000     0.00000     0.00000
    -25.895         0.00000     0.00000     0.00000     0.00000
    -25.745         0.00000     0.00000     0.00000     0.00000
    -25.595         0.00000     0.00000     0.00000     0.00000
    -25.445         0.00000     0.00000     0.00000     0.00000
    -25.295         0.00000     0.00000     0.00000     0.00000
    -25.145         0.00000     0.00000     0.00000     0.00000
    -24.995         0.00000     0.00000     0.00000     0.00000
    -24.845         0.00000     0.00000     0.00000     0.00000
    -24.695         0.00000     0.00000     0.00000     0.00000
    -24.545         0.00000     0.00000     0.00000     0.00000
    -24.395         0.00000     0.00000     0.00000     0.00000
    -24.245         0.00000     0.00000     0.00000     0.00000
    -24.095         0.00000     0.00000     0.00000     0.00000
    -23.945         0.00000     0.00000     0.00000     0.00000
    -23.795         0.00000     0.00000     0.00000     0.00000
    -23.645         0.00000     0.00000     0.00000     0.00000
    -23.495         0.00000     0.00000     0.00000     0.00000
    -23.345        -0.00000    -0.00000     0.00000     0.00000
    -23.195        -0.00000    -0.00000     0.00000     0.00000
    -23.045        -0.00000    -0.00000    -0.00000     0.00000
    -22.895        -0.00000    -0.00000    -0.00000     0.00000
    -22.745        -0.00000    -0.00000    -0.00000     0.00000
    -22.595        -0.00000    -0.00000    -0.00000     0.00000
    -22.445        -0.00000    -0.00000    -0.00000     0.00000
    -22.295        -0.00047    -0.00000    -0.00047     0.00000
    -22.145        -0.00047    -0.00000    -0.00047     0.00000
    -21.995        -0.00047    -0.00000    -0.00047     0.00000
    -21.845        -0.00047     0.00000    -0.00047     0.00000
    -21.695        -0.00047     0.00000    -0.00047     0.00000
    -21.545        -0.00047     0.00000    -0.00047     0.00000
    -21.395        -0.00047     0.00000    -0.00047     0.00000
    -21.245        -0.00097     0.00000    -0.00097     0.00000
    -21.095        -0.00097     0.00000    -0.00097     0.00000
    -20.945        -0.00097     0.00000    -0.00097     0.00000
    -20.795        -0.00195     0.00000    -0.00195     0.00000
    -20.645        -0.00296     0.00000    -0.00296     0.00000
    -20.495        -0.00348     0.00000    -0.00348     0.00000
    -20.345        -0.00450     0.00000    -0.00450     0.00000
    -20.195        -0.00601     0.00000    -0.00601     0.00000
    -20.045        -0.00706     0.00000    -0.00706     0.00000
    -19.895        -0.00860    -0.00000    -0.00860     0.00000
    -19.745        -0.00969     0.00000    -0.00969     0.00000
    -19.595        -0.01270     0.00000    -0.01271     0.00000
    -19.445        -0.01389     0.00000    -0.01389     0.00000
    -19.295        -0.01790     0.00000    -0.01790     0.00000
    -19.145        -0.02152     0.00000    -0.02152     0.00000
    -18.995        -0.02518     0.00000    -0.02518     0.00000
    -18.845        -0.02980     0.00000    -0.02980     0.00000
    -18.695        -0.03446     0.00000    -0.03447     0.00000
    -18.545        -0.04005     0.00001    -0.04006     0.00000
    -18.395        -0.04571     0.00001    -0.04572     0.00000
    -18.245        -0.04963     0.00001    -0.04964     0.00000
    -18.095        -0.05497     0.00001    -0.05498     0.00000
    -17.945        -0.06119     0.00001    -0.06119     0.00000
    -17.795        -0.06571     0.00001    -0.06572     0.00000
    -17.645        -0.06897     0.00001    -0.06898     0.00000
    -17.495        -0.07273     0.00002    -0.07274     0.00000
    -17.345        -0.07648     0.00002    -0.07649     0.00000
    -17.195        -0.08285     0.00002    -0.08287     0.00000
    -17.045        -0.08753     0.00002    -0.08755     0.00000
    -16.895        -0.09099     0.00002    -0.09102     0.00000
    -16.745        -0.09697     0.00003    -0.09699     0.00000
    -16.595        -0.10377     0.00003    -0.10380     0.00000
    -16.445        -0.10938     0.00003    -0.10941     0.00000
    -16.295        -0.11459     0.00003    -0.11462     0.00000
    -16.145        -0.11939     0.00003    -0.11942     0.00000
    -15.995        -0.12476    -0.00052    -0.12423     0.00000
    -15.845        -0.12918    -0.00052    -0.12865     0.00000
    -15.695        -0.13285    -0.00053    -0.13233     0.00000
    -15.545        -0.13693    -0.00053    -0.13640     0.00000
    -15.395        -0.14061    -0.00052    -0.14009     0.00000
    -15.245        -0.14720    -0.00111    -0.14608     0.00000
    -15.095        -0.15279    -0.00111    -0.15168     0.00000
    -14.945        -0.15728    -0.00110    -0.15618     0.00000
    -14.795        -0.16215    -0.00110    -0.16105     0.00000
    -14.645        -0.16629    -0.00109    -0.16520     0.00000
    -14.495        -0.17086    -0.00108    -0.16977     0.00000
    -14.345        -0.17504    -0.00108    -0.17396     0.00000
    -14.195        -0.18061    -0.00176    -0.17885     0.00000
    -14.045        -0.18554    -0.00245    -0.18309     0.00000
    -13.895        -0.18941    -0.00244    -0.18697     0.00000
    -13.745        -0.19471    -0.00351    -0.19121     0.00000
    -13.595        -0.19932    -0.00350    -0.19583     0.00000
    -13.445        -0.20361    -0.00423    -0.19938     0.00000
    -13.295        -0.20854    -0.00422    -0.20432     0.00000
    -13.145        -0.21284    -0.00422    -0.20862     0.00000
    -12.995        -0.21862    -0.00535    -0.21328     0.00000
    -12.845        -0.22226    -0.00533    -0.21693     0.00000
    -12.695        -0.22480    -0.00532    -0.21948     0.00000
    -12.545        -0.22948    -0.00529    -0.22419     0.00000
    -12.395        -0.23265    -0.00528    -0.22737     0.00000
    -12.245        -0.23765    -0.00525    -0.23241     0.00000
    -12.095        -0.24326    -0.00679    -0.23647     0.00000
    -11.945        -0.24896    -0.00771    -0.24125     0.00000
    -11.795        -0.25403    -0.00769    -0.24634     0.00000
    -11.645        -0.25908    -0.00898    -0.25010     0.00000
    -11.495        -0.26383    -0.01118    -0.25265     0.00000
    -11.345        -0.26922    -0.01283    -0.25639     0.00000
    -11.195        -0.27437    -0.01380    -0.26057     0.00000
    -11.045        -0.28035    -0.01522    -0.26513     0.00000
    -10.895        -0.28492    -0.01519    -0.26973     0.00000
    -10.745        -0.29154    -0.01721    -0.27433     0.00000
    -10.595        -0.29966    -0.01951    -0.28015     0.00000
    -10.445        -0.30705    -0.02159    -0.28545     0.00000
    -10.295        -0.31519    -0.02369    -0.29133    -0.00017
    -10.145        -0.31947    -0.02473    -0.29457    -0.00017
    -9.9950        -0.32567    -0.02691    -0.29839    -0.00036
    -9.8450        -0.33628    -0.03059    -0.30272    -0.00297
    -9.6950        -0.34625    -0.03335    -0.30704    -0.00586
    -9.5450        -0.35973    -0.03593    -0.31218    -0.01163
    -9.3950        -0.38173    -0.03903    -0.31876    -0.02394
    -9.2450        -0.41147    -0.04073    -0.32632    -0.04442
    -9.0950        -0.45119    -0.04352    -0.33323    -0.07444
    -8.9450        -0.50292    -0.04689    -0.33805    -0.11798
    -8.7950        -0.57462    -0.05105    -0.34396    -0.17961
    -8.6450        -0.67386    -0.05599    -0.35071    -0.26716
    -8.4950        -0.81461    -0.06066    -0.35824    -0.39571
    -8.3450        -0.97835    -0.06593    -0.36423    -0.54819
    -8.1950        -1.19264    -0.07205    -0.37113    -0.74947
    -8.0450        -1.43703    -0.07718    -0.37964    -0.98022
    -7.8950        -1.72709    -0.08480    -0.38802    -1.25428
    -7.7450        -2.07192    -0.09088    -0.39684    -1.58420
    -7.5950        -2.47190    -0.09838    -0.40552    -1.96800
    -7.4450        -2.92321    -0.10694    -0.41505    -2.40123
    -7.2950        -3.39492    -0.11604    -0.42504    -2.85384
    -7.1450        -3.92483    -0.12563    -0.43545    -3.36376
    -6.9950        -4.48323    -0.13675    -0.44804    -3.89844
    -6.8450        -5.06815    -0.14954    -0.46134    -4.45727
    -6.6950        -5.68741    -0.16323    -0.47599    -5.04819
    -6.5450        -6.31267    -0.17710    -0.48809    -5.64748
    -6.3950        -6.94018    -0.19259    -0.50188    -6.24571
    -6.2450        -7.56007    -0.20802    -0.51585    -6.83620
    -6.0950        -8.18308    -0.22373    -0.53128    -7.42807
    -5.9450        -8.78950    -0.24045    -0.54779    -8.00126
    -5.7950        -9.38336    -0.25705    -0.56378    -8.56253
    -5.6450        -9.95700    -0.27324    -0.57886    -9.10490
    -5.4950       -10.49396    -0.28981    -0.59488    -9.60926
    -5.3450       -11.02639    -0.30741    -0.61416   -10.10482
    -5.1950       -11.54090    -0.32634    -0.63346   -10.58110
    -5.0450       -12.03529    -0.34599    -0.65400   -11.03530
    -4.8950       -12.51518    -0.36410    -0.67488   -11.47620
    -4.7450       -12.97223    -0.38480    -0.69421   -11.89323
    -4.5950       -13.42189    -0.40681    -0.71654   -12.29853
    -4.4450       -13.87162    -0.43099    -0.73769   -12.70293
    -4.2950       -14.32232    -0.45271    -0.76193   -13.10768
    -4.1450       -14.76991    -0.47748    -0.78949   -13.50295
    -3.9950       -15.22721    -0.50185    -0.81668   -13.90867
    -3.8450       -15.70658    -0.52906    -0.84826   -14.32925
    -3.6950       -16.20193    -0.55877    -0.87896   -14.76419
    -3.5450       -16.70777    -0.58973    -0.91382   -15.20421
    -3.3950       -17.22890    -0.62299    -0.94930   -15.65661
    -3.2450       -17.76760    -0.65797    -0.98918   -16.12045
    -3.0950       -18.32989    -0.69539    -1.02938   -16.60511
    -2.9450       -18.91503    -0.73625    -1.07561   -17.10316
    -2.7950       -19.52205    -0.78191    -1.12120   -17.61894
    -2.6450       -20.17342    -0.83063    -1.17477   -18.16802
    -2.4950       -20.87109    -0.88288    -1.23032   -18.75790
    -2.3450       -21.63479    -0.93807    -1.29290   -19.40381
    -2.1950       -22.47852    -1.00163    -1.35559   -20.12130
    -2.0450       -23.43171    -1.06924    -1.42476   -20.93770
    -1.8950       -24.50916    -1.14375    -1.50249   -21.86292
    -1.7450       -25.74513    -1.22474    -1.58695   -22.93343
    -1.5950       -27.15369    -1.31782    -1.67862   -24.15724
    -1.4450       -28.73207    -1.41795    -1.77571   -25.53842
    -1.2950       -30.50915    -1.52423    -1.88570   -27.09922
    -1.1450       -32.45156    -1.64078    -2.00813   -28.80265
   -0.99500       -34.59090    -1.76286    -2.14821   -30.67984
   -0.84500       -36.92843    -1.89805    -2.31396   -32.71642
   -0.69500       -39.52510    -2.04355    -2.51920   -34.96234
   -0.54500       -42.56029    -2.20935    -2.76981   -37.58113
   -0.39500       -46.41657    -2.39899    -3.06908   -40.94851
   -0.25300       -49.63497    -2.52187    -3.24607   -43.86703
   -0.21500       -49.86602    -2.52897    -3.25583   -44.08122
   -0.20900       -50.10132    -2.53600    -3.26524   -44.30009
   -0.20300       -50.34120    -2.54291    -3.27424   -44.52405
   -0.19700       -50.58856    -2.55024    -3.28300   -44.75532
   -0.19100       -50.84202    -2.55716    -3.29174   -44.99312
   -0.18500       -51.10184    -2.56398    -3.30023   -45.23764
   -0.17900       -51.36712    -2.57077    -3.30850   -45.48784
   -0.17300       -51.63995    -2.57742    -3.31651   -45.74602
   -0.16700       -51.92327    -2.58384    -3.32429   -46.01515
   -0.16100       -52.21569    -2.59040    -3.33160   -46.29369
   -0.15500       -52.51774    -2.59659    -3.33874   -46.58241
   -0.14900       -52.83090    -2.60284    -3.34563   -46.88244
   -0.14300       -53.15856    -2.60884    -3.35232   -47.19740
   -0.13700       -53.49879    -2.61454    -3.35902   -47.52523
   -0.13100       -53.85510    -2.62019    -3.36520   -47.86971
   -0.12500       -54.22761    -2.62566    -3.37112   -48.23082
   -0.11900       -54.61740    -2.63101    -3.37681   -48.60958
   -0.11300       -55.02793    -2.63611    -3.38230   -49.00952
   -0.10700       -55.46040    -2.64099    -3.38751   -49.43190
   -0.10100       -55.91753    -2.64564    -3.39243   -49.87946
   -0.95000E-01   -56.39877    -2.65000    -3.39702   -50.35175
   -0.89000E-01   -56.90882    -2.65409    -3.40123   -50.85350
   -0.83000E-01   -57.45076    -2.65813    -3.40518   -51.38745
   -0.77000E-01   -58.02598    -2.66180    -3.40885   -51.95533
   -0.71000E-01   -58.63786    -2.66521    -3.41219   -52.56045
   -0.65000E-01   -59.28931    -2.66830    -3.41531   -53.20570
   -0.59000E-01   -59.98504    -2.67127    -3.41808   -53.89569
   -0.53000E-01   -60.72964    -2.67390    -3.42067   -54.63508
   -0.47000E-01   -61.52701    -2.67619    -3.42290   -55.42792
   -0.41000E-01   -62.38659    -2.67826    -3.42490   -56.28343
   -0.35000E-01   -63.31545    -2.68001    -3.42659   -57.20885
   -0.29000E-01   -64.30789    -2.68146    -3.42794   -58.19849
   -0.23000E-01   -65.32919    -2.68263    -3.42903   -59.21753
   -0.19700E-01   -65.42940    -2.68273    -3.42912   -59.31755
   -0.19100E-01   -65.52870    -2.68282    -3.42921   -59.41667
   -0.18500E-01   -65.62727    -2.68292    -3.42930   -59.51505
   -0.17900E-01   -65.72464    -2.68301    -3.42938   -59.61226
   -0.17300E-01   -65.82039    -2.68310    -3.42946   -59.70784
   -0.16700E-01   -65.91490    -2.68318    -3.42954   -59.80219
   -0.16100E-01   -66.00761    -2.68326    -3.42962   -59.89473
   -0.15500E-01   -66.09836    -2.68334    -3.42969   -59.98533
   -0.14900E-01   -66.18715    -2.68342    -3.42976   -60.07397
   -0.14300E-01   -66.27376    -2.68349    -3.42983   -60.16044
   -0.13700E-01   -66.35780    -2.68355    -3.42990   -60.24435
   -0.13100E-01   -66.43934    -2.68362    -3.42996   -60.32577
   -0.12500E-01   -66.51807    -2.68368    -3.43002   -60.40437
   -0.11900E-01   -66.59414    -2.68375    -3.43008   -60.48032
   -0.11300E-01   -66.66699    -2.68380    -3.43013   -60.55306
   -0.10700E-01   -66.73689    -2.68386    -3.43018   -60.62285
   -0.10100E-01   -66.80346    -2.68391    -3.43023   -60.68932
   -0.95000E-02   -66.86669    -2.68396    -3.43027   -60.75246
   -0.89000E-02   -66.92646    -2.68400    -3.43032   -60.81214
   -0.83000E-02   -66.98270    -2.68405    -3.43036   -60.86829
   -0.77000E-02   -67.03516    -2.68409    -3.43040   -60.92067
   -0.71000E-02   -67.08389    -2.68413    -3.43043   -60.96933
   -0.65000E-02   -67.12878    -2.68416    -3.43046   -61.01416
   -0.59000E-02   -67.16971    -2.68419    -3.43049   -61.05503
   -0.53000E-02   -67.20668    -2.68422    -3.43051   -61.09195
   -0.47000E-02   -67.23956    -2.68424    -3.43054   -61.12479
   -0.41000E-02   -67.26842    -2.68426    -3.43055   -61.15361
   -0.35000E-02   -67.29318    -2.68428    -3.43057   -61.17833
   -0.29000E-02   -67.31378    -2.68429    -3.43059   -61.19890
   -0.23000E-02   -67.33015    -2.68430    -3.43060   -61.21525
   -0.17000E-02   -67.34227    -2.68431    -3.43060   -61.22735
   -0.11000E-02   -67.35015    -2.68432    -3.43061   -61.23522
   -0.50000E-03   -67.35376    -2.68432    -3.43061   -61.23883
    0.10000E-03   -67.35308    -2.68432    -3.43061   -61.23815
    0.70000E-03   -67.34816    -2.68432    -3.43061   -61.23323
    0.13000E-02   -67.33897    -2.68431    -3.43060   -61.22406
    0.19000E-02   -67.32552    -2.68430    -3.43059   -61.21063
    0.25000E-02   -67.30783    -2.68429    -3.43058   -61.19296
    0.31000E-02   -67.28588    -2.68427    -3.43057   -61.17104
    0.37000E-02   -67.25981    -2.68425    -3.43055   -61.14500
    0.43000E-02   -67.22967    -2.68423    -3.43053   -61.11491
    0.49000E-02   -67.19541    -2.68421    -3.43051   -61.08069
    0.55000E-02   -67.15716    -2.68418    -3.43048   -61.04250
    0.61000E-02   -67.11482    -2.68415    -3.43046   -61.00022
    0.67000E-02   -67.06868    -2.68411    -3.43042   -60.95414
    0.73000E-02   -67.01864    -2.68407    -3.43039   -60.90417
    0.79000E-02   -66.96490    -2.68403    -3.43035   -60.85051
    0.85000E-02   -66.90744    -2.68399    -3.43031   -60.79314
    0.91000E-02   -66.84636    -2.68394    -3.43027   -60.73215
    0.97000E-02   -66.78194    -2.68390    -3.43022   -60.66782
    0.10300E-01   -66.71426    -2.68384    -3.43017   -60.60025
    0.10900E-01   -66.64320    -2.68379    -3.43012   -60.52929
    0.11500E-01   -66.56911    -2.68373    -3.43007   -60.45531
    0.12100E-01   -66.49208    -2.68367    -3.43001   -60.37840
    0.12700E-01   -66.41218    -2.68360    -3.42995   -60.29862
    0.13300E-01   -66.32959    -2.68353    -3.42989   -60.21617
    0.13900E-01   -66.24453    -2.68346    -3.42983   -60.13123
    0.14500E-01   -66.15704    -2.68340    -3.42976   -60.04389
    0.15100E-01   -66.06754    -2.68332    -3.42969   -59.95453
    0.15700E-01   -65.97585    -2.68323    -3.42962   -59.86300
    0.16300E-01   -65.88247    -2.68315    -3.42955   -59.76977
    0.16900E-01   -65.78720    -2.68307    -3.42947   -59.67466
    0.17500E-01   -65.69099    -2.68298    -3.42939   -59.57862
    0.18100E-01   -65.59315    -2.68289    -3.42931   -59.48096
    0.18700E-01   -65.49414    -2.68278    -3.42922   -59.38215
    0.19300E-01   -65.39415    -2.68268    -3.42913   -59.28235
    0.20200E-01   -64.99955    -2.68228    -3.42875   -58.88852
    0.25000E-01   -63.97731    -2.68100    -3.42759   -57.86871
    0.31000E-01   -62.99953    -2.67937    -3.42618   -56.89397
    0.37000E-01   -62.09139    -2.67743    -3.42448   -55.98947
    0.43000E-01   -61.25243    -2.67528    -3.42255   -55.15461
    0.49000E-01   -60.47606    -2.67283    -3.42030   -54.38293
    0.55000E-01   -59.75158    -2.67008    -3.41772   -53.66378
    0.61000E-01   -59.07593    -2.66694    -3.41490   -52.99409
    0.67000E-01   -58.44691    -2.66350    -3.41192   -52.37150
    0.73000E-01   -57.85902    -2.65982    -3.40856   -51.79064
    0.79000E-01   -57.31025    -2.65570    -3.40516   -51.24940
    0.85000E-01   -56.79739    -2.65129    -3.40135   -50.74475
    0.91000E-01   -56.31757    -2.64669    -3.39738   -50.27350
    0.97000E-01   -55.87024    -2.64169    -3.39311   -49.83544
    0.10300       -55.45076    -2.63636    -3.38864   -49.42576
    0.10900       -55.05718    -2.63085    -3.38395   -49.04238
    0.11500       -54.68733    -2.62500    -3.37908   -48.68325
    0.12100       -54.33918    -2.61913    -3.37403   -48.34603
    0.12700       -54.01136    -2.61296    -3.36887   -48.02953
    0.13300       -53.69916    -2.60621    -3.36340   -47.72955
    0.13900       -53.40487    -2.59904    -3.35777   -47.44806
    0.14500       -53.12620    -2.59189    -3.35200   -47.18232
    0.15100       -52.86039    -2.58444    -3.34582   -46.93013
    0.15700       -52.60633    -2.57661    -3.33985   -46.68988
    0.16300       -52.36279    -2.56867    -3.33362   -46.46050
    0.16900       -52.13003    -2.56078    -3.32711   -46.24214
    0.17500       -51.90550    -2.55230    -3.32065   -46.03255
    0.18100       -51.68945    -2.54377    -3.31379   -45.83189
    0.18700       -51.48028    -2.53480    -3.30696   -45.63852
    0.19300       -51.27886    -2.52558    -3.29997   -45.45331
    0.19900       -51.08313    -2.51611    -3.29295   -45.27408
    0.20500       -50.89285    -2.50645    -3.28574   -45.10066
    0.21100       -50.70915    -2.49656    -3.27853   -44.93406
    0.21700       -50.53071    -2.48659    -3.27125   -44.77288
    0.29500       -47.00604    -2.19759    -3.07334   -41.73511
    0.44500       -44.78749    -1.91830    -2.88184   -39.98736
    0.59500       -43.21110    -1.68761    -2.71528   -38.80821
    0.74500       -41.98124    -1.50493    -2.57354   -37.90277
    0.89500       -40.97093    -1.35605    -2.45138   -37.16350
     1.0450       -40.11076    -1.23208    -2.34104   -36.53763
     1.1950       -39.36697    -1.12731    -2.24073   -35.99893
     1.3450       -38.71360    -1.03377    -2.15069   -35.52914
     1.4950       -38.13980    -0.95003    -2.06907   -35.12070
     1.6450       -37.63463    -0.87759    -1.99308   -34.76396
     1.7950       -37.20061    -0.81438    -1.92391   -34.46231
     1.9450       -36.81753    -0.75912    -1.86101   -34.19740
     2.0950       -36.46974    -0.70943    -1.80264   -33.95766
     2.2450       -36.16504    -0.66480    -1.74952   -33.75072
     2.3950       -35.89656    -0.62611    -1.69909   -33.57135
     2.5450       -35.64148    -0.58850    -1.65270   -33.40027
     2.6950       -35.41060    -0.55306    -1.60927   -33.24827
     2.8450       -35.21013    -0.52197    -1.57030   -33.11786
     2.9950       -35.02426    -0.49186    -1.53346   -32.99894
     3.1450       -34.85179    -0.46307    -1.49881   -32.88991
     3.2950       -34.68508    -0.43594    -1.46626   -32.78288
     3.4450       -34.53531    -0.41088    -1.43545   -32.68898
     3.5950       -34.39667    -0.38746    -1.40596   -32.60325
     3.7450       -34.26961    -0.36625    -1.37861   -32.52475
     3.8950       -34.14751    -0.34611    -1.35334   -32.44807
     4.0450       -34.03053    -0.32756    -1.32977   -32.37320
     4.1950       -33.92453    -0.31036    -1.30828   -32.30589
     4.3450       -33.81952    -0.29202    -1.28698   -32.24052
     4.4950       -33.71901    -0.27632    -1.26633   -32.17635
     4.6450       -33.62678    -0.26215    -1.24729   -32.11734
     4.7950       -33.53631    -0.24554    -1.23039   -32.06038
     4.9450       -33.44743    -0.23164    -1.21284   -32.00295
     5.0950       -33.36791    -0.21745    -1.19957   -31.95088
     5.2450       -33.28988    -0.20551    -1.18439   -31.89999
     5.3950       -33.21262    -0.19289    -1.16921   -31.85052
     5.5450       -33.13955    -0.18067    -1.15581   -31.80307
     5.6950       -33.06976    -0.16954    -1.14322   -31.75701
     5.8450       -33.00066    -0.15802    -1.13037   -31.71227
     5.9950       -32.93299    -0.14716    -1.11836   -31.66748
     6.1450       -32.87035    -0.13753    -1.10812   -31.62470
     6.2950       -32.80955    -0.12861    -1.09798   -31.58296
     6.4450       -32.75228    -0.12012    -1.09040   -31.54176
     6.5950       -32.69662    -0.11131    -1.08341   -31.50191
     6.7450       -32.64324    -0.10382    -1.07646   -31.46297
     6.8950       -32.59281    -0.09740    -1.07008   -31.42533
     7.0450       -32.54862    -0.09400    -1.06596   -31.38867
     7.1950       -32.50517    -0.08974    -1.06279   -31.35264
     7.3450       -32.46188    -0.08635    -1.05868   -31.31685
     7.4950       -32.42022    -0.08400    -1.05375   -31.28247
     7.6450       -32.37924    -0.08167    -1.04883   -31.24874
     7.7950       -32.34187    -0.08049    -1.04564   -31.21575
     7.9450       -32.30419    -0.07937    -1.04151   -31.18331
     8.0950       -32.26689    -0.07598    -1.03950   -31.15141
     8.2450       -32.22800    -0.07370    -1.03401   -31.12029
     8.3950       -32.19307    -0.07147    -1.03195   -31.08965
     8.5450       -32.15533    -0.06711    -1.02875   -31.05947
     8.6950       -32.12278    -0.06618    -1.02674   -31.02985
     8.8450       -32.08826    -0.06276    -1.02474   -31.00076
     8.9950       -32.05688    -0.06192    -1.02273   -30.97224
     9.1450       -32.02480    -0.05848    -1.02215   -30.94417
     9.2950       -31.99444    -0.05625    -1.02157   -30.91663
     9.4450       -31.96596    -0.05547    -1.02101   -30.88948
     9.5950       -31.93795    -0.05472    -1.02048   -30.86275
     9.7450       -31.90889    -0.05400    -1.01848   -30.83641
     9.8950       -31.88185    -0.05329    -1.01798   -30.81058
     10.045       -31.85520    -0.05261    -1.01752   -30.78507
     10.195       -31.82898    -0.05195    -1.01707   -30.75996
     10.345       -31.80312    -0.05129    -1.01663   -30.73521
     10.495       -31.77774    -0.05067    -1.01621   -30.71086
     10.645       -31.75269    -0.05006    -1.01582   -30.68681
     10.795       -31.72631    -0.04947    -1.01375   -30.66308
     10.945       -31.70036    -0.04891    -1.01166   -30.63979
     11.095       -31.67634    -0.04837    -1.01129   -30.61668
     11.245       -31.65266    -0.04783    -1.01092   -30.59390
     11.395       -31.62931    -0.04733    -1.01056   -30.57142
     11.545       -31.60633    -0.04681    -1.01024   -30.54929
     11.695       -31.58357    -0.04631    -1.00991   -30.52735
     11.845       -31.56116    -0.04584    -1.00958   -30.50575
     11.995       -31.53907    -0.04537    -1.00928   -30.48442
     12.145       -31.51725    -0.04493    -1.00898   -30.46334
     12.295       -31.49580    -0.04447    -1.00869   -30.44264
     12.445       -31.47463    -0.04402    -1.00841   -30.42220
     12.595       -31.45365    -0.04359    -1.00812   -30.40194
     12.745       -31.43293    -0.04317    -1.00786   -30.38190
     12.895       -31.41249    -0.04276    -1.00759   -30.36214
     13.045       -31.39231    -0.04237    -1.00733   -30.34261
     13.195       -31.37238    -0.04197    -1.00707   -30.32334
     13.345       -31.35274    -0.04159    -1.00681   -30.30433
     13.495       -31.33323    -0.04122    -1.00657   -30.28544
     13.645       -31.31395    -0.04084    -1.00633   -30.26677
     13.795       -31.29487    -0.04048    -1.00611   -30.24828
     13.945       -31.27606    -0.04013    -1.00588   -30.23005
     14.095       -31.25740    -0.03980    -1.00566   -30.21195
     14.245       -31.23898    -0.03946    -1.00543   -30.19410
     14.395       -31.22073    -0.03912    -1.00523   -30.17638
     14.545       -31.20272    -0.03880    -1.00501   -30.15891
     14.695       -31.18489    -0.03847    -1.00481   -30.14161
     14.845       -31.16721    -0.03816    -1.00461   -30.12444
     14.995       -31.14971    -0.03786    -1.00442   -30.10744
     15.145       -31.13241    -0.03755    -1.00421   -30.09064
     15.295       -31.11528    -0.03726    -1.00402   -30.07401
     15.445       -31.09830    -0.03696    -1.00383   -30.05752
     15.595       -31.08157    -0.03666    -1.00363   -30.04127
     15.745       -31.06498    -0.03639    -1.00344   -30.02516
     15.895       -31.04853    -0.03611    -1.00326   -30.00916
     16.045       -31.03227    -0.03583    -1.00309   -29.99335
     16.195       -31.01619    -0.03556    -1.00291   -29.97772
     16.345       -31.00013    -0.03530    -1.00274   -29.96209
     16.495       -30.98425    -0.03503    -1.00256   -29.94665
     16.645       -30.96858    -0.03477    -1.00241   -29.93140
     16.795       -30.95310    -0.03452    -1.00224   -29.91634
     16.945       -30.93770    -0.03427    -1.00208   -29.90135
     17.095       -30.92245    -0.03402    -1.00192   -29.88651
     17.245       -30.90738    -0.03377    -1.00177   -29.87184
     17.395       -30.89239    -0.03353    -1.00160   -29.85726
     17.545       -30.87753    -0.03329    -1.00145   -29.84279
     17.695       -30.86286    -0.03306    -1.00130   -29.82850
     17.845       -30.84830    -0.03282    -1.00115   -29.81432
     17.995       -30.83380    -0.03259    -1.00101   -29.80020
     18.145       -30.81949    -0.03236    -1.00086   -29.78628
     18.295       -30.80527    -0.03213    -1.00072   -29.77242
     18.445       -30.79115    -0.03190    -1.00057   -29.75867
     18.595       -30.77716    -0.03169    -1.00043   -29.74504
     18.745       -30.76330    -0.03147    -1.00030   -29.73153
     18.895       -30.74952    -0.03127    -1.00016   -29.71809
     19.045       -30.73589    -0.03106    -1.00003   -29.70480
     19.195       -30.72238    -0.03085    -0.99990   -29.69164
     19.345       -30.70894    -0.03064    -0.99977   -29.67853
     19.495       -30.69562    -0.03044    -0.99963   -29.66555
     19.645       -30.68240    -0.03024    -0.99951   -29.65265
     19.795       -30.66931    -0.03004    -0.99938   -29.63989
     19.945       -30.65630    -0.02984    -0.99926   -29.62720
     20.095       -30.64335    -0.02964    -0.99914   -29.61457
     20.245       -30.63052    -0.02945    -0.99902   -29.60205
     20.395       -30.61785    -0.02926    -0.99890   -29.58969
     20.545       -30.60524    -0.02907    -0.99878   -29.57738
     20.695       -30.59272    -0.02888    -0.99866   -29.56517
     20.845       -30.58023    -0.02871    -0.99855   -29.55297
     20.995       -30.56792    -0.02852    -0.99843   -29.54097
     21.145       -30.55574    -0.02834    -0.99831   -29.52909
     21.295       -30.54358    -0.02816    -0.99820   -29.51722
     21.445       -30.53148    -0.02798    -0.99809   -29.50541
     21.595       -30.51952    -0.02781    -0.99798   -29.49373
     21.745       -30.50767    -0.02763    -0.99788   -29.48216
     21.895       -30.49583    -0.02745    -0.99777   -29.47061
     22.045       -30.48411    -0.02729    -0.99766   -29.45916
     22.195       -30.47246    -0.02712    -0.99755   -29.44780
     22.345       -30.46089    -0.02694    -0.99744   -29.43651
     22.495       -30.44943    -0.02677    -0.99734   -29.42531
     22.645       -30.43802    -0.02661    -0.99724   -29.41417
     22.795       -30.42668    -0.02644    -0.99713   -29.40311
     22.945       -30.41541    -0.02628    -0.99703   -29.39211
     23.095       -30.40418    -0.02612    -0.99692   -29.38113
     23.245       -30.39308    -0.02596    -0.99683   -29.37029
     23.395       -30.38206    -0.02581    -0.99673   -29.35951
     23.545       -30.37109    -0.02565    -0.99664   -29.34880
     23.695       -30.36019    -0.02549    -0.99654   -29.33816
     23.845       -30.34942    -0.02535    -0.99644   -29.32763
     23.995       -30.33869    -0.02520    -0.99635   -29.31714
     24.145       -30.32804    -0.02505    -0.99626   -29.30673
     24.295       -30.31742    -0.02490    -0.99617   -29.29636
     24.445       -30.30685    -0.02475    -0.99607   -29.28603
     24.595       -30.29640    -0.02460    -0.99597   -29.27582
     24.745       -30.28604    -0.02446    -0.99588   -29.26570
     24.895       -30.27568    -0.02432    -0.99579   -29.25557
     25.045       -30.26534    -0.02417    -0.99570   -29.24546
     25.195       -30.25510    -0.02403    -0.99561   -29.23546
     25.345       -30.24495    -0.02389    -0.99552   -29.22555
     25.495       -30.23487    -0.02375    -0.99543   -29.21569
     25.645       -30.22489    -0.02360    -0.99534   -29.20595
     25.795       -30.21495    -0.02346    -0.99526   -29.19623
     25.945       -30.20499    -0.02332    -0.99518   -29.18649
     26.095       -30.19512    -0.02319    -0.99509   -29.17684
     26.245       -30.18538    -0.02305    -0.99501   -29.16732
     26.395       -30.17560    -0.02292    -0.99493   -29.15776
     26.545       -30.16593    -0.02278    -0.99484   -29.14831
     26.695       -30.15631    -0.02265    -0.99475   -29.13891
     26.845       -30.14681    -0.02252    -0.99467   -29.12962
     26.995       -30.13734    -0.02240    -0.99459   -29.12035
     27.145       -30.12788    -0.02226    -0.99452   -29.11111
     27.295       -30.11845    -0.02213    -0.99443   -29.10189
     27.445       -30.10912    -0.02201    -0.99436   -29.09275
     27.595       -30.09979    -0.02189    -0.99428   -29.08363
     27.745       -30.09059    -0.02176    -0.99420   -29.07463
     27.895       -30.08141    -0.02164    -0.99412   -29.06565
     28.045       -30.07231    -0.02151    -0.99405   -29.05676
     28.195       -30.06327    -0.02138    -0.99397   -29.04791
     28.345       -30.05426    -0.02126    -0.99390   -29.03910
     28.495       -30.04526    -0.02114    -0.99382   -29.03030
     28.645       -30.03635    -0.02102    -0.99375   -29.02158
     28.795       -30.02746    -0.02090    -0.99367   -29.01288
     28.945       -30.01862    -0.02078    -0.99360   -29.00424
     29.095       -30.00984    -0.02066    -0.99352   -28.99566
     29.245       -30.00108    -0.02054    -0.99345   -28.98709
     29.395       -29.99241    -0.02042    -0.99337   -28.97861
     29.545       -29.98375    -0.02031    -0.99330   -28.97014
     29.695       -29.97515    -0.02019    -0.99322   -28.96174
     29.845       -29.96658    -0.02008    -0.99316   -28.95335
     29.995       -29.95806    -0.01997    -0.99308   -28.94501
     30.145       -29.94962    -0.01985    -0.99301   -28.93676
     35.794       -29.39098    -0.01250    -0.98856   -28.38992
     49.810       -28.84070    -0.00553    -0.98434   -27.85082
     69.316       -28.29968     0.00117    -0.98030   -27.32055
     96.460       -27.76957     0.00773    -0.97644   -26.80086
     134.23       -27.25073     0.01404    -0.97267   -26.29210
     186.80       -26.74451     0.02021    -0.96902   -25.79570
     259.95       -26.25089     0.02618    -0.96544   -25.31163
     361.74       -25.77008     0.03198    -0.96198   -24.84009
     503.40       -25.30211     0.03760    -0.95858   -24.38113
     700.53       -24.84746     0.04303    -0.95531   -23.93517
     974.85       -24.40557     0.04832    -0.95212   -23.50177
     1356.6       -23.97636     0.05342    -0.94900   -23.08077
     1887.8       -23.55957     0.05839    -0.94595   -22.67201
     2627.1       -23.15478     0.06318    -0.94301   -22.27495
     3655.9       -22.76154     0.06781    -0.94012   -21.88922
     5087.5       -22.38000     0.07233    -0.93729   -21.51503
     7079.7       -22.01015     0.07667    -0.93459   -21.15223
     9852.1       -21.65192     0.08089    -0.93194   -20.80086
     13710.       -21.30524     0.08498    -0.92940   -20.46081
     19079.       -20.96991     0.08894    -0.92690   -20.13195
     26550.       -20.64600     0.09280    -0.92448   -19.81432
     36947.       -20.33400     0.09652    -0.92218   -19.50834
     51416.       -20.03427     0.10012    -0.91993   -19.21446
     71550.       -19.74684     0.10360    -0.91780   -18.93264
     99568.       -19.47069     0.10695    -0.91573   -18.66190
    0.13856E+06   -19.20654     0.11019    -0.91375   -18.40298
    0.19282E+06   -18.95435     0.11330    -0.91186   -18.15579
    0.26832E+06   -18.71328     0.11630    -0.91006   -17.91952
    0.37340E+06   -18.48314     0.11919    -0.90833   -17.69400
    0.51962E+06   -18.26327     0.12193    -0.90667   -17.47853
    0.72310E+06   -18.05269     0.12457    -0.90507   -17.27219
    0.10063E+07   -17.85179     0.12710    -0.90356   -17.07533
    0.14003E+07   -17.66039     0.12950    -0.90213   -16.88776
    0.19487E+07   -17.47807     0.13180    -0.90075   -16.70911
    0.27118E+07   -17.30438     0.13399    -0.89945   -16.53892
    0.37737E+07   -17.13899     0.13607    -0.89819   -16.37687
    0.52514E+07   -16.98147     0.13809    -0.89701   -16.22255
    0.73079E+07   -16.83151     0.13999    -0.89588   -16.07562
    0.10170E+08   -16.68870     0.14180    -0.89480   -15.93569
    0.14152E+08   -16.55287     0.14352    -0.89378   -15.80260
    0.19694E+08   -16.42361     0.14516    -0.89281   -15.67597
    0.27406E+08   -16.30066     0.14673    -0.89188   -15.55552
    0.38138E+08   -16.18420     0.14823    -0.89099   -15.44144
    0.53073E+08   -16.07433     0.14965    -0.89015   -15.33384
    0.73856E+08   -15.97054     0.15100    -0.88936   -15.23218
    0.10278E+09   -15.87291     0.15229    -0.88863   -15.13657
    0.14302E+09   -15.78162     0.15351    -0.88794   -15.04719
    0.19903E+09   -15.69695     0.15467    -0.88730   -14.96432
    0.27697E+09   -15.61869     0.15577    -0.88670   -14.88776
    0.38543E+09   -15.54749     0.15679    -0.88616   -14.81813
    0.53637E+09   -15.48243     0.15776    -0.88566   -14.75453
    0.74641E+09   -15.42263     0.15868    -0.88521   -14.69610
    0.10387E+10   -15.36778     0.15951    -0.88479   -14.64249
    0.14454E+10   -15.31729     0.16029    -0.88441   -14.59317
    0.20115E+10   -15.27078     0.16102    -0.88405   -14.54775
    0.27992E+10   -15.22809     0.16168    -0.88374   -14.50603
    0.38953E+10   -15.18861     0.16227    -0.88344   -14.46745
    0.54207E+10   -15.15232     0.16282    -0.88317   -14.43198
    0.75434E+10   -15.11887     0.16332    -0.88291   -14.39929
    0.10497E+11   -15.08803     0.16379    -0.88268   -14.36913
    0.14608E+11   -15.05966     0.16422    -0.88246   -14.34142
    0.20329E+11   -15.03347     0.16462    -0.88227   -14.31582
    0.28289E+11   -15.00939     0.16498    -0.88209   -14.29229
    0.39367E+11   -14.98721     0.16531    -0.88192   -14.27060
    0.54783E+11   -14.96685     0.16562    -0.88177   -14.25069
    0.10000E+12   -14.72839     0.16916    -0.87998   -14.01757
