    -44.945         0.00000     0.00000     0.00000     0.00000
    -44.795         0.00000     0.00000     0.00000     0.00000
    -44.645         0.00000     0.00000     0.00000     0.00000
    -44.495         0.00000     0.00000     0.00000     0.00000
    -44.345         0.00000     0.00000     0.00000     0.00000
    -44.195         0.00000     0.00000     0.00000     0.00000
    -44.045         0.00000     0.00000     0.00000     0.00000
    -43.895         0.00000     0.00000     0.00000     0.00000
    -43.745         0.00000     0.00000     0.00000     0.00000
    -43.595         0.00000     0.00000     0.00000     0.00000
    -43.445         0.00000     0.00000     0.00000     0.00000
    -43.295         0.00000     0.00000     0.00000     0.00000
    -43.145         0.00000     0.00000     0.00000     0.00000
    -42.995         0.00000     0.00000     0.00000     0.00000
    -42.845         0.00000     0.00000     0.00000     0.00000
    -42.695         0.00000     0.00000     0.00000     0.00000
    -42.545         0.00000     0.00000     0.00000     0.00000
    -42.395         0.00000     0.00000     0.00000     0.00000
    -42.245         0.00000     0.00000     0.00000     0.00000
    -42.095         0.00000     0.00000     0.00000     0.00000
    -41.945         0.00000     0.00000     0.00000     0.00000
    -41.795         0.00000     0.00000     0.00000     0.00000
    -41.645         0.00000     0.00000     0.00000     0.00000
    -41.495         0.00000     0.00000     0.00000     0.00000
    -41.345         0.00000     0.00000     0.00000     0.00000
    -41.195         0.00000     0.00000     0.00000     0.00000
    -41.045         0.00000     0.00000     0.00000     0.00000
    -40.895         0.00000     0.00000     0.00000     0.00000
    -40.745         0.00000     0.00000     0.00000     0.00000
    -40.595         0.00000     0.00000     0.00000     0.00000
    -40.445         0.00000     0.00000     0.00000     0.00000
    -40.295         0.00000     0.00000     0.00000     0.00000
    -40.145         0.00000     0.00000     0.00000     0.00000
    -39.995         0.00000     0.00000     0.00000     0.00000
    -39.845         0.00000     0.00000     0.00000     0.00000
    -39.695         0.00000     0.00000     0.00000     0.00000
    -39.545         0.00000     0.00000     0.00000     0.00000
    -39.395         0.00000     0.00000     0.00000     0.00000
    -39.245         0.00000     0.00000     0.00000     0.00000
    -39.095         0.00000     0.00000     0.00000     0.00000
    -38.945         0.00000     0.00000     0.00000     0.00000
    -38.795         0.00000     0.00000     0.00000     0.00000
    -38.645         0.00000     0.00000     0.00000     0.00000
    -38.495         0.00000     0.00000     0.00000     0.00000
    -38.345         0.00000     0.00000     0.00000     0.00000
    -38.195         0.00000     0.00000     0.00000     0.00000
    -38.045         0.00000     0.00000     0.00000     0.00000
    -37.895         0.00000     0.00000     0.00000     0.00000
    -37.745         0.00000     0.00000     0.00000     0.00000
    -37.595         0.00000     0.00000     0.00000     0.00000
    -37.445         0.00000     0.00000     0.00000     0.00000
    -37.295         0.00000     0.00000     0.00000     0.00000
    -37.145         0.00000     0.00000     0.00000     0.00000
    -36.995         0.00000     0.00000     0.00000     0.00000
    -36.845         0.00000     0.00000     0.00000     0.00000
    -36.695         0.00000     0.00000     0.00000     0.00000
    -36.545         0.00000     0.00000     0.00000     0.00000
    -36.395         0.00000     0.00000     0.00000     0.00000
    -36.245         0.00000     0.00000     0.00000     0.00000
    -36.095         0.00000     0.00000     0.00000     0.00000
    -35.945         0.00000     0.00000     0.00000     0.00000
    -35.795         0.00000     0.00000     0.00000     0.00000
    -35.645         0.00000     0.00000     0.00000     0.00000
    -35.495         0.00000     0.00000     0.00000     0.00000
    -35.345         0.00000     0.00000     0.00000     0.00000
    -35.195         0.00000     0.00000     0.00000     0.00000
    -35.045         0.00000     0.00000     0.00000     0.00000
    -34.895         0.00000     0.00000     0.00000     0.00000
    -34.745         0.00000     0.00000     0.00000     0.00000
    -34.595         0.00000     0.00000     0.00000     0.00000
    -34.445         0.00000     0.00000     0.00000     0.00000
    -34.295         0.00000     0.00000     0.00000     0.00000
    -34.145         0.00000     0.00000     0.00000     0.00000
    -33.995         0.00000     0.00000     0.00000     0.00000
    -33.845         0.00000     0.00000     0.00000     0.00000
    -33.695         0.00000     0.00000     0.00000     0.00000
    -33.545         0.00000     0.00000     0.00000     0.00000
    -33.395         0.00000     0.00000     0.00000     0.00000
    -33.245         0.00000     0.00000     0.00000     0.00000
    -33.095         0.00000     0.00000     0.00000     0.00000
    -32.945         0.00000     0.00000     0.00000     0.00000
    -32.795         0.00000     0.00000     0.00000     0.00000
    -32.645         0.00000     0.00000     0.00000     0.00000
    -32.495         0.00000     0.00000     0.00000     0.00000
    -32.345         0.00000     0.00000     0.00000     0.00000
    -32.195         0.00000     0.00000     0.00000     0.00000
    -32.045         0.00000     0.00000     0.00000     0.00000
    -31.895         0.00000     0.00000     0.00000     0.00000
    -31.745         0.00000     0.00000     0.00000     0.00000
    -31.595         0.00000     0.00000     0.00000     0.00000
    -31.445         0.00000     0.00000     0.00000     0.00000
    -31.295         0.00000     0.00000     0.00000     0.00000
    -31.145         0.00000     0.00000     0.00000     0.00000
    -30.995         0.00000     0.00000     0.00000     0.00000
    -30.845         0.00000     0.00000     0.00000     0.00000
    -30.695         0.00000     0.00000     0.00000     0.00000
    -30.545         0.00000     0.00000     0.00000     0.00000
    -30.395         0.00000     0.00000     0.00000     0.00000
    -30.245         0.00000     0.00000     0.00000     0.00000
    -30.095         0.00000     0.00000     0.00000     0.00000
    -29.945         0.00000     0.00000     0.00000     0.00000
    -29.795         0.00000     0.00000     0.00000     0.00000
    -29.645         0.00000     0.00000     0.00000     0.00000
    -29.495         0.00000     0.00000     0.00000     0.00000
    -29.345         0.00000     0.00000     0.00000     0.00000
    -29.195         0.00000     0.00000     0.00000     0.00000
    -29.045         0.00000     0.00000     0.00000     0.00000
    -28.895         0.00000     0.00000     0.00000     0.00000
    -28.745         0.00000     0.00000     0.00000     0.00000
    -28.595         0.00000     0.00000     0.00000     0.00000
    -28.445         0.00000     0.00000     0.00000     0.00000
    -28.295         0.00000     0.00000     0.00000     0.00000
    -28.145         0.00000     0.00000     0.00000     0.00000
    -27.995         0.00000     0.00000     0.00000     0.00000
    -27.845         0.00000     0.00000     0.00000     0.00000
    -27.695         0.00000     0.00000     0.00000     0.00000
    -27.545         0.00000     0.00000     0.00000     0.00000
    -27.395         0.00000     0.00000     0.00000     0.00000
    -27.245         0.00000     0.00000     0.00000     0.00000
    -27.095         0.00000     0.00000     0.00000     0.00000
    -26.945         0.00000     0.00000     0.00000     0.00000
    -26.795         0.00000     0.00000     0.00000     0.00000
    -26.645         0.00000     0.00000     0.00000     0.00000
    -26.495         0.00000     0.00000     0.00000     0.00000
    -26.345         0.00000     0.00000     0.00000     0.00000
    -26.195         0.00000     0.00000     0.00000     0.00000
    -26.045         0.00000     0.00000     0.00000     0.00000
    -25.895         0.00000     0.00000     0.00000     0.00000
    -25.745         0.00000     0.00000     0.00000     0.00000
    -25.595         0.00000     0.00000     0.00000     0.00000
    -25.445         0.00000     0.00000     0.00000     0.00000
    -25.295        -0.00060     0.00000    -0.00060     0.00000
    -25.145        -0.00060     0.00000    -0.00060     0.00000
    -24.995        -0.00060     0.00000    -0.00060     0.00000
    -24.845        -0.00060     0.00000    -0.00060     0.00000
    -24.695        -0.00060     0.00000    -0.00060     0.00000
    -24.545        -0.00060     0.00000    -0.00060     0.00000
    -24.395        -0.00060     0.00000    -0.00060     0.00000
    -24.245        -0.00174     0.00000    -0.00174     0.00000
    -24.095        -0.00174     0.00000    -0.00174     0.00000
    -23.945        -0.00234     0.00000    -0.00234     0.00000
    -23.795        -0.00409     0.00000    -0.00409     0.00000
    -23.645        -0.00642     0.00000    -0.00642     0.00000
    -23.495        -0.01211     0.00000    -0.01211     0.00000
    -23.345        -0.01895     0.00000    -0.01895     0.00000
    -23.195        -0.02589     0.00000    -0.02589     0.00000
    -23.045        -0.03835     0.00000    -0.03835     0.00000
    -22.895        -0.04607     0.00000    -0.04607     0.00000
    -22.745        -0.06737     0.00000    -0.06737     0.00000
    -22.595        -0.08766     0.00000    -0.08766     0.00000
    -22.445        -0.10909     0.00000    -0.10909     0.00000
    -22.295        -0.13487     0.00000    -0.13487     0.00000
    -22.145        -0.16495     0.00000    -0.16495     0.00000
    -21.995        -0.18771     0.00000    -0.18771     0.00000
    -21.845        -0.21309     0.00000    -0.21309     0.00000
    -21.695        -0.23953     0.00000    -0.23953     0.00000
    -21.545        -0.26543     0.00000    -0.26543     0.00000
    -21.395        -0.28929     0.00000    -0.28929     0.00000
    -21.245        -0.31254     0.00000    -0.31254     0.00000
    -21.095        -0.33932     0.00000    -0.33932     0.00000
    -20.945        -0.36157     0.00000    -0.36157     0.00000
    -20.795        -0.38521     0.00000    -0.38521     0.00000
    -20.645        -0.41027     0.00000    -0.41027     0.00000
    -20.495        -0.43829     0.00000    -0.43829     0.00000
    -20.345        -0.46018     0.00000    -0.46018     0.00000
    -20.195        -0.48307     0.00000    -0.48307     0.00000
    -20.045        -0.49708     0.00000    -0.49708     0.00000
    -19.895        -0.51738     0.00000    -0.51738     0.00000
    -19.745        -0.53614     0.00000    -0.53614     0.00000
    -19.595        -0.54962     0.00000    -0.54962     0.00000
    -19.445        -0.56498     0.00000    -0.56498     0.00000
    -19.295        -0.58171     0.00000    -0.58171     0.00000
    -19.145        -0.59700     0.00000    -0.59700     0.00000
    -18.995        -0.61136     0.00000    -0.61136     0.00000
    -18.845        -0.62291     0.00000    -0.62291     0.00000
    -18.695        -0.63114     0.00000    -0.63114     0.00000
    -18.545        -0.64402     0.00000    -0.64402     0.00000
    -18.395        -0.65690     0.00000    -0.65690     0.00000
    -18.245        -0.66836     0.00000    -0.66836     0.00000
    -18.095        -0.67757     0.00000    -0.67757     0.00000
    -17.945        -0.68546     0.00000    -0.68546     0.00000
    -17.795        -0.69818     0.00000    -0.69818     0.00000
    -17.645        -0.70750     0.00000    -0.70750     0.00000
    -17.495        -0.71808     0.00000    -0.71808     0.00000
    -17.345        -0.72691     0.00000    -0.72691     0.00000
    -17.195        -0.73707     0.00000    -0.73707     0.00000
    -17.045        -0.74897    -0.00000    -0.74897     0.00000
    -16.895        -0.75580    -0.00000    -0.75580     0.00000
    -16.745        -0.76385     0.00000    -0.76385     0.00000
    -16.595        -0.77114    -0.00000    -0.77114     0.00000
    -16.445        -0.77975     0.00000    -0.77975     0.00000
    -16.295        -0.78792     0.00000    -0.78792     0.00000
    -16.145        -0.79392    -0.00000    -0.79392     0.00000
    -15.995        -0.80293    -0.00038    -0.80254     0.00000
    -15.845        -0.81042    -0.00038    -0.81003     0.00000
    -15.695        -0.81650    -0.00038    -0.81612     0.00000
    -15.545        -0.82317    -0.00037    -0.82280     0.00000
    -15.395        -0.82638    -0.00130    -0.82508     0.00000
    -15.245        -0.83595    -0.00197    -0.83399     0.00000
    -15.095        -0.84344    -0.00318    -0.84026     0.00000
    -14.945        -0.85225    -0.00421    -0.84804     0.00000
    -14.795        -0.86455    -0.00699    -0.85755     0.00000
    -14.645        -0.87782    -0.01192    -0.86590     0.00000
    -14.495        -0.89051    -0.01760    -0.87291     0.00000
    -14.345        -0.90227    -0.02179    -0.88048     0.00000
    -14.195        -0.91465    -0.02602    -0.88863     0.00000
    -14.045        -0.92992    -0.03177    -0.89816     0.00000
    -13.895        -0.94569    -0.03822    -0.90747     0.00000
    -13.745        -0.96366    -0.04645    -0.91722     0.00000
    -13.595        -0.98173    -0.05504    -0.92669     0.00000
    -13.445        -1.00573    -0.06639    -0.93933     0.00000
    -13.295        -1.02830    -0.07881    -0.94949     0.00000
    -13.145        -1.04887    -0.08907    -0.95980     0.00000
    -12.995        -1.07330    -0.10147    -0.97183     0.00000
    -12.845        -1.09768    -0.11299    -0.98469     0.00000
    -12.695        -1.12269    -0.12737    -0.99532     0.00000
    -12.545        -1.15137    -0.14328    -1.00809     0.00000
    -12.395        -1.17798    -0.15587    -1.02211     0.00000
    -12.245        -1.21055    -0.17363    -1.03692     0.00000
    -12.095        -1.24356    -0.19417    -1.04939     0.00000
    -11.945        -1.27884    -0.21609    -1.06276     0.00000
    -11.795        -1.31231    -0.23491    -1.07741     0.00000
    -11.645        -1.35022    -0.25639    -1.09382     0.00000
    -11.495        -1.39496    -0.28386    -1.11110     0.00000
    -11.345        -1.43498    -0.30879    -1.12620     0.00000
    -11.195        -1.48057    -0.33840    -1.14218     0.00000
    -11.045        -1.52916    -0.37241    -1.15675     0.00000
    -10.895        -1.57818    -0.40354    -1.17465     0.00000
    -10.745        -1.63321    -0.44070    -1.19250     0.00000
    -10.595        -1.68943    -0.47804    -1.21139     0.00000
    -10.445        -1.75042    -0.51964    -1.23078     0.00000
    -10.295        -1.80541    -0.55501    -1.25041     0.00000
    -10.145        -1.86931    -0.59548    -1.27383     0.00000
    -9.9950        -1.93937    -0.64060    -1.29876     0.00000
    -9.8450        -2.01314    -0.68895    -1.32419     0.00000
    -9.6950        -2.08345    -0.73161    -1.35184     0.00000
    -9.5450        -2.16058    -0.78039    -1.38019     0.00000
    -9.3950        -2.24422    -0.83383    -1.41039     0.00000
    -9.2450        -2.32645    -0.88254    -1.44391     0.00000
    -9.0950        -2.40912    -0.93303    -1.47609     0.00000
    -8.9450        -2.50035    -0.98847    -1.51188     0.00000
    -8.7950        -2.58659    -1.03846    -1.54813     0.00000
    -8.6450        -2.68283    -1.09775    -1.58509     0.00000
    -8.4950        -2.77635    -1.15347    -1.62287     0.00000
    -8.3450        -2.87291    -1.20907    -1.66385     0.00000
    -8.1950        -2.96921    -1.26434    -1.70487     0.00000
    -8.0450        -3.07053    -1.32306    -1.74747     0.00000
    -7.8950        -3.17640    -1.38087    -1.79496    -0.00058
    -7.7450        -3.28486    -1.44061    -1.84250    -0.00174
    -7.5950        -3.39114    -1.49450    -1.89036    -0.00628
    -7.4450        -3.50321    -1.55219    -1.93929    -0.01173
    -7.2950        -3.62171    -1.60981    -1.98793    -0.02397
    -7.1450        -3.75207    -1.66801    -2.04039    -0.04367
    -6.9950        -3.88498    -1.72798    -2.08868    -0.06832
    -6.8450        -4.03477    -1.79081    -2.13564    -0.10831
    -6.6950        -4.20644    -1.85503    -2.18998    -0.16143
    -6.5450        -4.40362    -1.92153    -2.24612    -0.23598
    -6.3950        -4.60821    -1.98983    -2.30223    -0.31615
    -6.2450        -4.84137    -2.06366    -2.35868    -0.41903
    -6.0950        -5.10174    -2.14079    -2.41877    -0.54218
    -5.9450        -5.40541    -2.21612    -2.48690    -0.70239
    -5.7950        -5.76606    -2.29714    -2.55392    -0.91500
    -5.6450        -6.19643    -2.38037    -2.62113    -1.19492
    -5.4950        -6.69764    -2.47086    -2.69363    -1.53316
    -5.3450        -7.27068    -2.56163    -2.77224    -1.93681
    -5.1950        -7.88378    -2.65498    -2.84962    -2.37918
    -5.0450        -8.54499    -2.75437    -2.93953    -2.85108
    -4.8950        -9.24191    -2.85771    -3.03238    -3.35183
    -4.7450        -9.99189    -2.96605    -3.13120    -3.89465
    -4.5950       -10.76048    -3.08231    -3.23594    -4.44223
    -4.4450       -11.55438    -3.20490    -3.33809    -5.01139
    -4.2950       -12.36933    -3.33235    -3.45614    -5.58084
    -4.1450       -13.21040    -3.46437    -3.57694    -6.16909
    -3.9950       -14.06126    -3.60299    -3.70241    -6.75586
    -3.8450       -14.94624    -3.75231    -3.83867    -7.35526
    -3.6950       -15.85442    -3.90546    -3.97545    -7.97352
    -3.5450       -16.80822    -4.06615    -4.12301    -8.61905
    -3.3950       -17.78764    -4.23363    -4.28199    -9.27202
    -3.2450       -18.81468    -4.41136    -4.45619    -9.94712
    -3.0950       -19.88099    -4.60067    -4.64475   -10.63557
    -2.9450       -21.00942    -4.79872    -4.84667   -11.36403
    -2.7950       -22.19231    -5.00156    -5.06258   -12.12817
    -2.6450       -23.44056    -5.21088    -5.29889   -12.93079
    -2.4950       -24.78518    -5.43566    -5.55355   -13.79597
    -2.3450       -26.24136    -5.66663    -5.83114   -14.74358
    -2.1950       -27.79438    -5.92069    -6.12959   -15.74410
    -2.0450       -29.45666    -6.19172    -6.44346   -16.82147
    -1.8950       -31.24546    -6.48483    -6.78808   -17.97254
    -1.7450       -33.17940    -6.79821    -7.16379   -19.21740
    -1.5950       -35.25799    -7.13242    -7.57133   -20.55425
    -1.4450       -37.52278    -7.48985    -8.01480   -22.01814
    -1.2950       -40.00818    -7.87001    -8.50837   -23.62979
    -1.1450       -42.76069    -8.27712    -9.05910   -25.42447
   -0.99500       -45.84575    -8.72424    -9.68344   -27.43807
   -0.84500       -49.37851    -9.20725   -10.41543   -29.75583
   -0.69500       -53.45811    -9.75616   -11.24423   -32.45772
   -0.54500       -58.23854   -10.33097   -12.12985   -35.77772
   -0.39500       -64.07796   -10.90025   -12.96097   -40.21674
   -0.25300       -68.87397   -11.22023   -13.37802   -44.27572
   -0.21500       -69.21896   -11.23769   -13.39907   -44.58220
   -0.20900       -69.57148   -11.25449   -13.42006   -44.89693
   -0.20300       -69.93251   -11.27129   -13.44059   -45.22062
   -0.19700       -70.30314   -11.28761   -13.46050   -45.55504
   -0.19100       -70.68488   -11.30366   -13.47961   -45.90161
   -0.18500       -71.07537   -11.31899   -13.49793   -46.25844
   -0.17900       -71.47834   -11.33410   -13.51593   -46.62832
   -0.17300       -71.89136   -11.34870   -13.53338   -47.00928
   -0.16700       -72.31781   -11.36288   -13.55017   -47.40476
   -0.16100       -72.75732   -11.37667   -13.56625   -47.81439
   -0.15500       -73.21119   -11.38972   -13.58176   -48.23970
   -0.14900       -73.67813   -11.40294   -13.59658   -48.67862
   -0.14300       -74.16384   -11.41526   -13.61065   -49.13793
   -0.13700       -74.66612   -11.42734   -13.62432   -49.61447
   -0.13100       -75.18428   -11.43873   -13.63737   -50.10817
   -0.12500       -75.72294   -11.44972   -13.64983   -50.62339
   -0.11900       -76.28204   -11.46029   -13.66151   -51.16025
   -0.11300       -76.86153   -11.47058   -13.67286   -51.71809
   -0.10700       -77.46531   -11.48028   -13.68356   -52.30147
   -0.10100       -78.09487   -11.48941   -13.69367   -52.91179
   -0.95000E-01   -78.75088   -11.49782   -13.70321   -53.54985
   -0.89000E-01   -79.43663   -11.50603   -13.71222   -54.21838
   -0.83000E-01   -80.14991   -11.51366   -13.72051   -54.91574
   -0.77000E-01   -80.89624   -11.52080   -13.72807   -55.64737
   -0.71000E-01   -81.67933   -11.52731   -13.73511   -56.41691
   -0.65000E-01   -82.50264   -11.53343   -13.74155   -57.22766
   -0.59000E-01   -83.37187   -11.53908   -13.74740   -58.08538
   -0.53000E-01   -84.29478   -11.54404   -13.75274   -58.99800
   -0.47000E-01   -85.27318   -11.54851   -13.75746   -59.96721
   -0.41000E-01   -86.29835   -11.55239   -13.76158   -60.98437
   -0.35000E-01   -87.34932   -11.55569   -13.76507   -62.02856
   -0.29000E-01   -88.39180   -11.55845   -13.76796   -63.06538
   -0.23000E-01   -89.34124   -11.56060   -13.77024   -64.01040
   -0.19700E-01   -89.42707   -11.56080   -13.77042   -64.09584
   -0.19100E-01   -89.51107   -11.56098   -13.77062   -64.17948
   -0.18500E-01   -89.59311   -11.56116   -13.77080   -64.26115
   -0.17900E-01   -89.67317   -11.56134   -13.77097   -64.34086
   -0.17300E-01   -89.75125   -11.56150   -13.77116   -64.41859
   -0.16700E-01   -89.82704   -11.56165   -13.77132   -64.49407
   -0.16100E-01   -89.90080   -11.56181   -13.77149   -64.56751
   -0.15500E-01   -89.97194   -11.56196   -13.77164   -64.63833
   -0.14900E-01   -90.04104   -11.56211   -13.77179   -64.70714
   -0.14300E-01   -90.10777   -11.56225   -13.77193   -64.77359
   -0.13700E-01   -90.17183   -11.56237   -13.77207   -64.83739
   -0.13100E-01   -90.23357   -11.56250   -13.77219   -64.89888
   -0.12500E-01   -90.29272   -11.56262   -13.77231   -64.95779
   -0.11900E-01   -90.34924   -11.56274   -13.77243   -65.01408
   -0.11300E-01   -90.40323   -11.56284   -13.77254   -65.06785
   -0.10700E-01   -90.45432   -11.56295   -13.77265   -65.11872
   -0.10100E-01   -90.50289   -11.56304   -13.77276   -65.16709
   -0.95000E-02   -90.54873   -11.56314   -13.77286   -65.21274
   -0.89000E-02   -90.59196   -11.56322   -13.77294   -65.25580
   -0.83000E-02   -90.63217   -11.56330   -13.77303   -65.29584
   -0.77000E-02   -90.66968   -11.56337   -13.77310   -65.33320
   -0.71000E-02   -90.70437   -11.56344   -13.77317   -65.36776
   -0.65000E-02   -90.73629   -11.56350   -13.77323   -65.39955
   -0.59000E-02   -90.76527   -11.56356   -13.77329   -65.42842
   -0.53000E-02   -90.79128   -11.56361   -13.77334   -65.45432
   -0.47000E-02   -90.81448   -11.56366   -13.77339   -65.47744
   -0.41000E-02   -90.83470   -11.56370   -13.77343   -65.49758
   -0.35000E-02   -90.85197   -11.56373   -13.77346   -65.51477
   -0.29000E-02   -90.86627   -11.56376   -13.77349   -65.52902
   -0.23000E-02   -90.87766   -11.56378   -13.77351   -65.54036
   -0.17000E-02   -90.88609   -11.56380   -13.77353   -65.54876
   -0.11000E-02   -90.89155   -11.56381   -13.77354   -65.55420
   -0.50000E-03   -90.89403   -11.56382   -13.77355   -65.55666
    0.10000E-03   -90.89353   -11.56382   -13.77355   -65.55617
    0.70000E-03   -90.89006   -11.56381   -13.77354   -65.55271
    0.13000E-02   -90.88360   -11.56380   -13.77353   -65.54628
    0.19000E-02   -90.87421   -11.56378   -13.77351   -65.53692
    0.25000E-02   -90.86189   -11.56376   -13.77349   -65.52465
    0.31000E-02   -90.84659   -11.56372   -13.77346   -65.50941
    0.37000E-02   -90.82832   -11.56369   -13.77342   -65.49121
    0.43000E-02   -90.80709   -11.56365   -13.77338   -65.47007
    0.49000E-02   -90.78309   -11.56360   -13.77333   -65.44616
    0.55000E-02   -90.75611   -11.56355   -13.77327   -65.41929
    0.61000E-02   -90.72623   -11.56349   -13.77321   -65.38952
    0.67000E-02   -90.69352   -11.56343   -13.77315   -65.35695
    0.73000E-02   -90.65808   -11.56336   -13.77308   -65.32164
    0.79000E-02   -90.61973   -11.56328   -13.77301   -65.28345
    0.85000E-02   -90.57862   -11.56319   -13.77293   -65.24250
    0.91000E-02   -90.53469   -11.56311   -13.77283   -65.19875
    0.97000E-02   -90.48812   -11.56302   -13.77274   -65.15237
    0.10300E-01   -90.43876   -11.56291   -13.77264   -65.10322
    0.10900E-01   -90.38678   -11.56281   -13.77253   -65.05144
    0.11500E-01   -90.33231   -11.56270   -13.77242   -64.99720
    0.12100E-01   -90.27518   -11.56258   -13.77230   -64.94031
    0.12700E-01   -90.21552   -11.56246   -13.77218   -64.88088
    0.13300E-01   -90.15351   -11.56232   -13.77204   -64.81914
    0.13900E-01   -90.08911   -11.56219   -13.77190   -64.75501
    0.14500E-01   -90.02241   -11.56205   -13.77176   -64.68859
    0.15100E-01   -89.95328   -11.56191   -13.77161   -64.61977
    0.15700E-01   -89.88185   -11.56175   -13.77146   -64.54864
    0.16300E-01   -89.80813   -11.56160   -13.77130   -64.47522
    0.16900E-01   -89.73229   -11.56144   -13.77115   -64.39970
    0.17500E-01   -89.65441   -11.56126   -13.77099   -64.32216
    0.18100E-01   -89.57464   -11.56109   -13.77081   -64.24275
    0.18700E-01   -89.49281   -11.56092   -13.77062   -64.16127
    0.19300E-01   -89.40893   -11.56072   -13.77043   -64.07778
    0.20200E-01   -89.06599   -11.55993   -13.76965   -63.73640
    0.25000E-01   -88.08658   -11.55749   -13.76718   -62.76192
    0.31000E-01   -87.05067   -11.55440   -13.76416   -61.73210
    0.37000E-01   -86.02065   -11.55079   -13.76057   -60.70928
    0.43000E-01   -85.02444   -11.54657   -13.75640   -59.72147
    0.49000E-01   -84.07494   -11.54174   -13.75161   -58.78159
    0.55000E-01   -83.18102   -11.53639   -13.74631   -57.89832
    0.61000E-01   -82.33750   -11.53028   -13.74045   -57.06677
    0.67000E-01   -81.53822   -11.52368   -13.73400   -56.28054
    0.73000E-01   -80.77634   -11.51649   -13.72699   -55.53286
    0.79000E-01   -80.04978   -11.50869   -13.71963   -54.82146
    0.85000E-01   -79.35667   -11.50018   -13.71151   -54.14498
    0.91000E-01   -78.69244   -11.49106   -13.70298   -53.49840
    0.97000E-01   -78.05863   -11.48149   -13.69393   -52.88320
    0.10300       -77.45206   -11.47131   -13.68448   -52.29627
    0.10900       -76.87029   -11.46040   -13.67421   -51.73568
    0.11500       -76.31295   -11.44901   -13.66362   -51.20033
    0.12100       -75.77868   -11.43695   -13.65261   -50.68912
    0.12700       -75.26706   -11.42404   -13.64090   -50.20212
    0.13300       -74.77565   -11.41068   -13.62891   -49.73606
    0.13900       -74.30335   -11.39682   -13.61651   -49.29002
    0.14500       -73.84742   -11.38241   -13.60355   -48.86145
    0.15100       -73.40920   -11.36713   -13.59002   -48.45205
    0.15700       -72.98746   -11.35161   -13.57619   -48.05966
    0.16300       -72.58163   -11.33529   -13.56191   -47.68443
    0.16900       -72.19111   -11.31859   -13.54723   -47.32529
    0.17500       -71.81307   -11.30114   -13.53179   -46.98014
    0.18100       -71.44777   -11.28318   -13.51621   -46.64838
    0.18700       -71.09478   -11.26462   -13.50033   -46.32983
    0.19300       -70.75237   -11.24521   -13.48371   -46.02345
    0.19900       -70.42200   -11.22615   -13.46677   -45.72909
    0.20500       -70.09900   -11.20594   -13.44970   -45.44337
    0.21100       -69.78808   -11.18546   -13.43226   -45.17036
    0.21700       -69.48505   -11.16415   -13.41460   -44.90630
    0.29500       -63.48014   -10.45897   -12.88389   -40.13729
    0.44500       -59.34010    -9.59070   -12.27974   -37.46965
    0.59500       -56.13241    -8.72080   -11.69363   -35.71797
    0.74500       -53.55230    -7.92042   -11.16372   -34.46816
    0.89500       -51.42174    -7.22598   -10.69522   -33.50054
     1.0450       -49.61937    -6.63060   -10.27135   -32.71742
     1.1950       -48.05116    -6.10280    -9.87944   -32.06892
     1.3450       -46.68441    -5.62913    -9.52207   -31.53321
     1.4950       -45.47462    -5.20113    -9.19182   -31.08167
     1.6450       -44.38794    -4.80888    -8.88410   -30.69496
     1.7950       -43.40384    -4.44685    -8.59856   -30.35842
     1.9450       -42.49925    -4.11225    -8.32869   -30.05831
     2.0950       -41.68223    -3.80393    -8.07613   -29.80217
     2.2450       -40.93025    -3.51903    -7.83600   -29.57522
     2.3950       -40.23724    -3.25532    -7.61124   -29.37068
     2.5450       -39.59730    -3.00952    -7.39918   -29.18860
     2.6950       -39.00197    -2.78111    -7.19492   -29.02595
     2.8450       -38.45662    -2.56730    -7.00226   -28.88706
     2.9950       -37.94400    -2.36840    -6.81803   -28.75757
     3.1450       -37.45804    -2.18259    -6.64420   -28.63125
     3.2950       -37.00975    -2.01077    -6.47831   -28.52067
     3.4450       -36.58731    -1.84904    -6.31916   -28.41911
     3.5950       -36.19307    -1.69949    -6.16798   -28.32560
     3.7450       -35.82133    -1.55896    -6.02274   -28.23962
     3.8950       -35.47387    -1.42891    -5.88457   -28.16039
     4.0450       -35.14852    -1.30806    -5.75450   -28.08597
     4.1950       -34.83965    -1.19490    -5.62996   -28.01479
     4.3450       -34.54337    -1.08863    -5.50960   -27.94514
     4.4950       -34.26573    -0.98929    -5.39570   -27.88075
     4.6450       -33.99917    -0.89598    -5.28616   -27.81704
     4.7950       -33.74535    -0.80668    -5.18002   -27.75864
     4.9450       -33.50367    -0.72434    -5.07906   -27.70028
     5.0950       -33.27269    -0.64631    -4.98124   -27.64514
     5.2450       -33.05188    -0.57236    -4.88827   -27.59125
     5.3950       -32.83667    -0.50189    -4.79575   -27.53903
     5.5450       -32.63191    -0.43540    -4.70797   -27.48854
     5.6950       -32.43473    -0.37127    -4.62354   -27.43992
     5.8450       -32.24767    -0.30999    -4.54562   -27.39205
     5.9950       -32.06721    -0.25152    -4.46980   -27.34589
     6.1450       -31.89210    -0.19548    -4.39568   -27.30095
     6.2950       -31.72164    -0.14295    -4.32157   -27.25711
     6.4450       -31.55798    -0.09203    -4.25177   -27.21419
     6.5950       -31.40161    -0.04350    -4.18584   -27.17227
     6.7450       -31.24669     0.00277    -4.11815   -27.13131
     6.8950       -31.09599     0.04778    -4.05297   -27.09080
     7.0450       -30.95545     0.08898    -3.99279   -27.05164
     7.1950       -30.81686     0.12954    -3.93308   -27.01332
     7.3450       -30.68103     0.16740    -3.87261   -26.97582
     7.4950       -30.54889     0.20509    -3.81495   -26.93904
     7.6450       -30.42497     0.23925    -3.76126   -26.90296
     7.7950       -30.29949     0.27316    -3.70500   -26.86765
     7.9450       -30.18303     0.30691    -3.65701   -26.83293
     8.0950       -30.06737     0.33822    -3.60668   -26.79891
     8.2450       -29.95728     0.36853    -3.56031   -26.76550
     8.3950       -29.84706     0.39845    -3.51279   -26.73273
     8.5450       -29.74013     0.42616    -3.46579   -26.70049
     8.6950       -29.63693     0.45273    -3.42081   -26.66885
     8.8450       -29.53964     0.47578    -3.37774   -26.63768
     8.9950       -29.44310     0.49723    -3.33326   -26.60708
     9.1450       -29.35661     0.51689    -3.29656   -26.57693
     9.2950       -29.26302     0.54074    -3.25644   -26.54732
     9.4450       -29.17377     0.55957    -3.21515   -26.51820
     9.5950       -29.08676     0.57982    -3.17705   -26.48953
     9.7450       -29.01065     0.59304    -3.14241   -26.46129
     9.8950       -28.93319     0.60722    -3.10701   -26.43341
     10.045       -28.86014     0.62139    -3.07555   -26.40597
     10.195       -28.78538     0.63364    -3.04010   -26.37892
     10.345       -28.71671     0.64775    -3.01218   -26.35228
     10.495       -28.65667     0.65158    -2.98221   -26.32604
     10.645       -28.59790     0.66019    -2.95783   -26.30026
     10.795       -28.53363     0.67134    -2.93018   -26.27479
     10.945       -28.47751     0.67993    -2.90773   -26.24971
     11.095       -28.42044     0.68542    -2.88093   -26.22493
     11.245       -28.36822     0.68723    -2.85496   -26.20049
     11.395       -28.31446     0.69093    -2.82903   -26.17637
     11.545       -28.26655     0.69462    -2.80864   -26.15253
     11.695       -28.21879     0.69630    -2.78616   -26.12893
     11.845       -28.16797     0.70351    -2.76577   -26.10571
     11.995       -28.12343     0.70712    -2.74773   -26.08281
     12.145       -28.08392     0.70865    -2.73236   -26.06020
     12.295       -28.04401     0.71227    -2.71846   -26.03782
     12.445       -28.00994     0.71373    -2.70797   -26.01570
     12.595       -27.97615     0.71515    -2.69741   -25.99389
     12.745       -27.94258     0.71653    -2.68679   -25.97233
     12.895       -27.91560     0.71789    -2.68251   -25.95098
     13.045       -27.88078     0.71922    -2.67011   -25.92989
     13.195       -27.84629     0.72050    -2.65768   -25.90910
     13.345       -27.81787     0.72176    -2.65112   -25.88851
     13.495       -27.79204     0.72300    -2.64689   -25.86815
     13.645       -27.76907     0.72420    -2.64521   -25.84806
     13.795       -27.74381     0.72538    -2.64103   -25.82816
     13.945       -27.72139     0.72655    -2.63943   -25.80851
     14.095       -27.69665     0.72768    -2.63526   -25.78906
     14.245       -27.67216     0.72879    -2.63114   -25.76980
     14.395       -27.65048     0.72988    -2.62964   -25.75072
     14.545       -27.62655     0.73349    -2.62820   -25.73184
     14.695       -27.60546     0.73454    -2.62681   -25.71318
     14.845       -27.58197     0.73818    -2.62545   -25.69470
     14.995       -27.56133     0.73919    -2.62413   -25.67638
     15.145       -27.54091     0.74019    -2.62284   -25.65825
     15.295       -27.52071     0.74116    -2.62159   -25.64028
     15.445       -27.50077     0.74212    -2.62037   -25.62252
     15.595       -27.48110     0.74306    -2.61921   -25.60495
     15.745       -27.46160     0.74399    -2.61807   -25.58752
     15.895       -27.44229     0.74490    -2.61693   -25.57026
     16.045       -27.42319     0.74580    -2.61584   -25.55316
     16.195       -27.40432     0.74667    -2.61475   -25.53624
     16.345       -27.38559     0.74754    -2.61373   -25.51940
     16.495       -27.36710     0.74841    -2.61273   -25.50278
     16.645       -27.34885     0.74926    -2.61174   -25.48636
     16.795       -27.33074     0.75009    -2.61078   -25.47005
     16.945       -27.31288     0.75090    -2.60984   -25.45395
     17.095       -27.29509     0.75172    -2.60893   -25.43788
     17.245       -27.27755     0.75250    -2.60805   -25.42201
     17.395       -27.26015     0.75328    -2.60717   -25.40626
     17.545       -27.24292     0.75406    -2.60632   -25.39065
     17.695       -27.22587     0.75482    -2.60550   -25.37519
     17.845       -27.20902     0.75557    -2.60470   -25.35989
     17.995       -27.19226     0.75632    -2.60393   -25.34466
     18.145       -27.17569     0.75706    -2.60315   -25.32960
     18.295       -27.15923     0.75779    -2.60239   -25.31464
     18.445       -27.14292     0.75852    -2.60166   -25.29979
     18.595       -27.12678     0.75923    -2.60093   -25.28508
     18.745       -27.11078     0.75992    -2.60024   -25.27046
     18.895       -27.09493     0.76062    -2.59954   -25.25601
     19.045       -27.07919     0.76130    -2.59888   -25.24162
     19.195       -27.06362     0.76197    -2.59822   -25.22737
     19.345       -27.04824     0.76263    -2.59758   -25.21329
     19.495       -27.03293     0.76329    -2.59696   -25.19926
     19.645       -27.01773     0.76393    -2.59635   -25.18531
     19.795       -27.00269     0.76458    -2.59575   -25.17151
     19.945       -26.98777     0.76522    -2.59517   -25.15783
     20.095       -26.97298     0.76585    -2.59459   -25.14424
     20.245       -26.95830     0.76648    -2.59403   -25.13075
     20.395       -26.94369     0.76710    -2.59348   -25.11730
     20.545       -26.92922     0.76770    -2.59295   -25.10398
     20.695       -26.91492     0.76830    -2.59242   -25.09080
     20.845       -26.90066     0.76891    -2.59190   -25.07767
     20.995       -26.88655     0.76950    -2.59138   -25.06466
     21.145       -26.87255     0.77008    -2.59087   -25.05175
     21.295       -26.85868     0.77066    -2.59038   -25.03896
     21.445       -26.84490     0.77123    -2.58992   -25.02621
     21.595       -26.83121     0.77181    -2.58944   -25.01358
     21.745       -26.81768     0.77237    -2.58900   -25.00105
     21.895       -26.80423     0.77293    -2.58854   -24.98862
     22.045       -26.79082     0.77348    -2.58810   -24.97620
     22.195       -26.77754     0.77404    -2.58767   -24.96391
     22.345       -26.76434     0.77458    -2.58722   -24.95169
     22.495       -26.75131     0.77511    -2.58681   -24.93962
     22.645       -26.73830     0.77564    -2.58639   -24.92756
     22.795       -26.72538     0.77617    -2.58597   -24.91558
     22.945       -26.71253     0.77670    -2.58556   -24.90367
     23.095       -26.69986     0.77723    -2.58517   -24.89192
     23.245       -26.68721     0.77774    -2.58477   -24.88018
     23.395       -26.67473     0.77825    -2.58440   -24.86858
     23.545       -26.66226     0.77875    -2.58402   -24.85699
     23.695       -26.64991     0.77925    -2.58365   -24.84551
     23.845       -26.63763     0.77975    -2.58329   -24.83409
     23.995       -26.62544     0.78024    -2.58291   -24.82277
     24.145       -26.61332     0.78073    -2.58256   -24.81149
     24.295       -26.60129     0.78121    -2.58221   -24.80030
     24.445       -26.58937     0.78170    -2.58186   -24.78921
     24.595       -26.57750     0.78217    -2.58153   -24.77815
     24.745       -26.56571     0.78266    -2.58120   -24.76717
     24.895       -26.55401     0.78312    -2.58087   -24.75627
     25.045       -26.54234     0.78359    -2.58053   -24.74541
     25.195       -26.53078     0.78406    -2.58021   -24.73463
     25.345       -26.51927     0.78452    -2.57991   -24.72388
     25.495       -26.50787     0.78497    -2.57959   -24.71325
     25.645       -26.49650     0.78543    -2.57929   -24.70264
     25.795       -26.48520     0.78588    -2.57899   -24.69209
     25.945       -26.47395     0.78633    -2.57869   -24.68159
     26.095       -26.46279     0.78677    -2.57840   -24.67117
     26.245       -26.45174     0.78721    -2.57811   -24.66085
     26.395       -26.44075     0.78765    -2.57782   -24.65057
     26.545       -26.42980     0.78808    -2.57753   -24.64035
     26.695       -26.41893     0.78851    -2.57726   -24.63018
     26.845       -26.40806     0.78894    -2.57698   -24.62002
     26.995       -26.39731     0.78936    -2.57670   -24.60996
     27.145       -26.38659     0.78979    -2.57644   -24.59994
     27.295       -26.37598     0.79021    -2.57617   -24.59001
     27.445       -26.36542     0.79062    -2.57591   -24.58013
     27.595       -26.35489     0.79104    -2.57565   -24.57028
     27.745       -26.34442     0.79145    -2.57540   -24.56048
     27.895       -26.33401     0.79186    -2.57514   -24.55072
     28.045       -26.32373     0.79226    -2.57489   -24.54110
     28.195       -26.31347     0.79266    -2.57464   -24.53150
     28.345       -26.30323     0.79306    -2.57438   -24.52191
     28.495       -26.29311     0.79346    -2.57414   -24.51243
     28.645       -26.28303     0.79385    -2.57390   -24.50298
     28.795       -26.27300     0.79424    -2.57366   -24.49359
     28.945       -26.26301     0.79463    -2.57343   -24.48421
     29.095       -26.25309     0.79501    -2.57319   -24.47491
     29.245       -26.24323     0.79540    -2.57296   -24.46567
     29.395       -26.23340     0.79579    -2.57274   -24.45646
     29.545       -26.22364     0.79617    -2.57250   -24.44730
     29.695       -26.21391     0.79655    -2.57229   -24.43817
     29.845       -26.20425     0.79693    -2.57207   -24.42911
     29.995       -26.19460     0.79731    -2.57185   -24.42006
     30.145       -26.18505     0.79768    -2.57164   -24.41109
     35.794       -25.55646     0.82150    -2.55905   -23.81892
     49.810       -24.93947     0.84420    -2.54883   -23.23484
     69.316       -24.33433     0.86615    -2.53982   -22.66065
     96.460       -23.74203     0.88739    -2.53157   -22.09785
     134.23       -23.16396     0.90805    -2.52392   -21.54810
     186.80       -22.60006     0.92815    -2.51667   -21.01154
     259.95       -22.05166     0.94764    -2.50972   -20.48957
     361.74       -21.51837     0.96659    -2.50310   -19.98185
     503.40       -21.00056     0.98494    -2.49672   -19.48879
     700.53       -20.49834     1.00271    -2.49053   -19.01052
     974.85       -20.01124     1.01990    -2.48451   -18.54664
     1356.6       -19.53903     1.03654    -2.47864   -18.09693
     1887.8       -19.08138     1.05264    -2.47301   -17.66102
     2627.1       -18.63784     1.06816    -2.46762   -17.23838
     3655.9       -18.20775     1.08318    -2.46242   -16.82851
     5087.5       -17.79086     1.09767    -2.45746   -16.43107
     7079.7       -17.38626     1.11172    -2.45262   -16.04536
     9852.1       -16.99451     1.12530    -2.44803   -15.67178
     13710.       -16.61567     1.13843    -2.44370   -15.31040
     19079.       -16.24959     1.15113    -2.43955   -14.96117
     26550.       -15.89594     1.16342    -2.43557   -14.62379
     36947.       -15.55518     1.17533    -2.43183   -14.29868
     51416.       -15.22832     1.18685    -2.42831   -13.98686
     71550.       -14.91570     1.19804    -2.42500   -13.68874
     99568.       -14.61682     1.20882    -2.42181   -13.40383
    0.13856E+06   -14.33037     1.21927    -2.41882   -13.13081
    0.19282E+06   -14.05649     1.22928    -2.41598   -12.86980
    0.26832E+06   -13.79519     1.23895    -2.41331   -12.62083
    0.37340E+06   -13.54557     1.24818    -2.41083   -12.38292
    0.51962E+06   -13.30728     1.25705    -2.40848   -12.15585
    0.72310E+06   -13.07925     1.26553    -2.40629   -11.93850
    0.10063E+07   -12.86194     1.27363    -2.40425   -11.73132
    0.14003E+07   -12.65484     1.28137    -2.40235   -11.53386
    0.19487E+07   -12.45749     1.28870    -2.40057   -11.34562
    0.27118E+07   -12.26947     1.29573    -2.39892   -11.16627
    0.37737E+07   -12.09051     1.30241    -2.39737   -10.99555
    0.52514E+07   -11.92011     1.30882    -2.39593   -10.83300
    0.73079E+07   -11.75792     1.31493    -2.39459   -10.67826
    0.10170E+08   -11.60360     1.32076    -2.39335   -10.53102
    0.14152E+08   -11.45692     1.32627    -2.39217   -10.39101
    0.19694E+08   -11.31721     1.33154    -2.39109   -10.25766
    0.27406E+08   -11.18444     1.33657    -2.39014   -10.13087
    0.38138E+08   -11.05803     1.34137    -2.38925   -10.01014
    0.53073E+08   -10.93821     1.34594    -2.38846    -9.89568
    0.73856E+08   -10.82528     1.35027    -2.38774    -9.78782
    0.10278E+09   -10.71903     1.35437    -2.38712    -9.68628
    0.14302E+09   -10.61987     1.35829    -2.38653    -9.59163
    0.19903E+09   -10.52795     1.36203    -2.38596    -9.50402
    0.27697E+09   -10.44302     1.36555    -2.38545    -9.42312
    0.38543E+09   -10.36437     1.36889    -2.38498    -9.34828
    0.53637E+09   -10.29136     1.37205    -2.38456    -9.27885
    0.74641E+09   -10.22439     1.37502    -2.38418    -9.21523
    0.10387E+10   -10.16318     1.37779    -2.38383    -9.15714
    0.14454E+10   -10.10701     1.38035    -2.38351    -9.10384
    0.20115E+10   -10.05534     1.38270    -2.38321    -9.05483
    0.27992E+10   -10.00790     1.38490    -2.38297    -9.00983
    0.38953E+10    -9.96416     1.38692    -2.38272    -8.96836
    0.54207E+10    -9.92395     1.38876    -2.38250    -8.93021
    0.75434E+10    -9.88690     1.39044    -2.38232    -8.89503
    0.10497E+11    -9.85280     1.39200    -2.38215    -8.86265
    0.14608E+11    -9.82141     1.39342    -2.38198    -8.83285
    0.20329E+11    -9.79252     1.39472    -2.38184    -8.80540
    0.28289E+11    -9.76588     1.39593    -2.38171    -8.78010
    0.39367E+11    -9.74133     1.39704    -2.38159    -8.75678
    0.54783E+11    -9.71869     1.39807    -2.38146    -8.73530
    0.10000E+12    -9.45595     1.40996    -2.38012    -8.48579
