    -44.945         0.00000     0.00000     0.00000     0.00000
    -44.795         0.00000     0.00000     0.00000     0.00000
    -44.645         0.00000     0.00000     0.00000     0.00000
    -44.495         0.00000     0.00000     0.00000     0.00000
    -44.345         0.00000     0.00000     0.00000     0.00000
    -44.195         0.00000     0.00000     0.00000     0.00000
    -44.045         0.00000     0.00000     0.00000     0.00000
    -43.895         0.00000     0.00000     0.00000     0.00000
    -43.745         0.00000     0.00000     0.00000     0.00000
    -43.595         0.00000     0.00000     0.00000     0.00000
    -43.445         0.00000     0.00000     0.00000     0.00000
    -43.295         0.00000     0.00000     0.00000     0.00000
    -43.145         0.00000     0.00000     0.00000     0.00000
    -42.995         0.00000     0.00000     0.00000     0.00000
    -42.845         0.00000     0.00000     0.00000     0.00000
    -42.695         0.00000     0.00000     0.00000     0.00000
    -42.545         0.00000     0.00000     0.00000     0.00000
    -42.395         0.00000     0.00000     0.00000     0.00000
    -42.245         0.00000     0.00000     0.00000     0.00000
    -42.095         0.00000     0.00000     0.00000     0.00000
    -41.945         0.00000     0.00000     0.00000     0.00000
    -41.795         0.00000     0.00000     0.00000     0.00000
    -41.645         0.00000     0.00000     0.00000     0.00000
    -41.495         0.00000     0.00000     0.00000     0.00000
    -41.345         0.00000     0.00000     0.00000     0.00000
    -41.195         0.00000     0.00000     0.00000     0.00000
    -41.045         0.00000     0.00000     0.00000     0.00000
    -40.895         0.00000     0.00000     0.00000     0.00000
    -40.745         0.00000     0.00000     0.00000     0.00000
    -40.595         0.00000     0.00000     0.00000     0.00000
    -40.445         0.00000     0.00000     0.00000     0.00000
    -40.295         0.00000     0.00000     0.00000     0.00000
    -40.145         0.00000     0.00000     0.00000     0.00000
    -39.995         0.00000     0.00000     0.00000     0.00000
    -39.845         0.00000     0.00000     0.00000     0.00000
    -39.695         0.00000     0.00000     0.00000     0.00000
    -39.545         0.00000     0.00000     0.00000     0.00000
    -39.395         0.00000     0.00000     0.00000     0.00000
    -39.245         0.00000     0.00000     0.00000     0.00000
    -39.095         0.00000     0.00000     0.00000     0.00000
    -38.945         0.00000     0.00000     0.00000     0.00000
    -38.795         0.00000     0.00000     0.00000     0.00000
    -38.645         0.00000     0.00000     0.00000     0.00000
    -38.495         0.00000     0.00000     0.00000     0.00000
    -38.345         0.00000     0.00000     0.00000     0.00000
    -38.195         0.00000     0.00000     0.00000     0.00000
    -38.045         0.00000     0.00000     0.00000     0.00000
    -37.895         0.00000     0.00000     0.00000     0.00000
    -37.745         0.00000     0.00000     0.00000     0.00000
    -37.595         0.00000     0.00000     0.00000     0.00000
    -37.445         0.00000     0.00000     0.00000     0.00000
    -37.295         0.00000     0.00000     0.00000     0.00000
    -37.145         0.00000     0.00000     0.00000     0.00000
    -36.995         0.00000     0.00000     0.00000     0.00000
    -36.845         0.00000     0.00000     0.00000     0.00000
    -36.695         0.00000     0.00000     0.00000     0.00000
    -36.545         0.00000     0.00000     0.00000     0.00000
    -36.395         0.00000     0.00000     0.00000     0.00000
    -36.245         0.00000     0.00000     0.00000     0.00000
    -36.095         0.00000     0.00000     0.00000     0.00000
    -35.945         0.00000     0.00000     0.00000     0.00000
    -35.795         0.00000     0.00000     0.00000     0.00000
    -35.645         0.00000     0.00000     0.00000     0.00000
    -35.495         0.00000     0.00000     0.00000     0.00000
    -35.345         0.00000     0.00000     0.00000     0.00000
    -35.195         0.00000     0.00000     0.00000     0.00000
    -35.045         0.00000     0.00000     0.00000     0.00000
    -34.895         0.00000     0.00000     0.00000     0.00000
    -34.745         0.00000     0.00000     0.00000     0.00000
    -34.595         0.00000     0.00000     0.00000     0.00000
    -34.445         0.00000     0.00000     0.00000     0.00000
    -34.295         0.00000     0.00000     0.00000     0.00000
    -34.145         0.00000     0.00000     0.00000     0.00000
    -33.995         0.00000     0.00000     0.00000     0.00000
    -33.845         0.00000     0.00000     0.00000     0.00000
    -33.695         0.00000     0.00000     0.00000     0.00000
    -33.545         0.00000     0.00000     0.00000     0.00000
    -33.395         0.00000     0.00000     0.00000     0.00000
    -33.245         0.00000     0.00000     0.00000     0.00000
    -33.095         0.00000     0.00000     0.00000     0.00000
    -32.945         0.00000     0.00000     0.00000     0.00000
    -32.795         0.00000     0.00000     0.00000     0.00000
    -32.645         0.00000     0.00000     0.00000     0.00000
    -32.495         0.00000     0.00000     0.00000     0.00000
    -32.345         0.00000     0.00000     0.00000     0.00000
    -32.195         0.00000     0.00000     0.00000     0.00000
    -32.045         0.00000     0.00000     0.00000     0.00000
    -31.895         0.00000     0.00000     0.00000     0.00000
    -31.745         0.00000     0.00000     0.00000     0.00000
    -31.595         0.00000     0.00000     0.00000     0.00000
    -31.445         0.00000     0.00000     0.00000     0.00000
    -31.295         0.00000     0.00000     0.00000     0.00000
    -31.145         0.00000     0.00000     0.00000     0.00000
    -30.995         0.00000     0.00000     0.00000     0.00000
    -30.845         0.00000     0.00000     0.00000     0.00000
    -30.695         0.00000     0.00000     0.00000     0.00000
    -30.545         0.00000     0.00000     0.00000     0.00000
    -30.395         0.00000     0.00000     0.00000     0.00000
    -30.245         0.00000     0.00000     0.00000     0.00000
    -30.095         0.00000     0.00000     0.00000     0.00000
    -29.945         0.00000     0.00000     0.00000     0.00000
    -29.795         0.00000     0.00000     0.00000     0.00000
    -29.645         0.00000     0.00000     0.00000     0.00000
    -29.495         0.00000     0.00000     0.00000     0.00000
    -29.345         0.00000     0.00000     0.00000     0.00000
    -29.195         0.00000     0.00000     0.00000     0.00000
    -29.045         0.00000     0.00000     0.00000     0.00000
    -28.895         0.00000     0.00000     0.00000     0.00000
    -28.745         0.00000     0.00000     0.00000     0.00000
    -28.595         0.00000     0.00000     0.00000     0.00000
    -28.445         0.00000     0.00000     0.00000     0.00000
    -28.295         0.00000     0.00000     0.00000     0.00000
    -28.145         0.00000     0.00000     0.00000     0.00000
    -27.995         0.00000     0.00000     0.00000     0.00000
    -27.845         0.00000     0.00000     0.00000     0.00000
    -27.695         0.00000     0.00000     0.00000     0.00000
    -27.545         0.00000     0.00000     0.00000     0.00000
    -27.395         0.00000     0.00000     0.00000     0.00000
    -27.245         0.00000     0.00000     0.00000     0.00000
    -27.095         0.00000     0.00000     0.00000     0.00000
    -26.945         0.00000     0.00000     0.00000     0.00000
    -26.795         0.00000     0.00000     0.00000     0.00000
    -26.645         0.00000     0.00000     0.00000     0.00000
    -26.495         0.00000     0.00000     0.00000     0.00000
    -26.345         0.00000     0.00000     0.00000     0.00000
    -26.195         0.00000     0.00000     0.00000     0.00000
    -26.045         0.00000     0.00000     0.00000     0.00000
    -25.895         0.00000     0.00000     0.00000     0.00000
    -25.745         0.00000     0.00000     0.00000     0.00000
    -25.595         0.00000     0.00000     0.00000     0.00000
    -25.445         0.00000     0.00000     0.00000     0.00000
    -25.295         0.00000     0.00000     0.00000     0.00000
    -25.145         0.00000     0.00000     0.00000     0.00000
    -24.995        -0.00002     0.00000    -0.00002     0.00000
    -24.845        -0.00002     0.00000    -0.00002     0.00000
    -24.695        -0.00011     0.00000    -0.00011     0.00000
    -24.545        -0.00022     0.00000    -0.00022     0.00000
    -24.395        -0.00038     0.00000    -0.00038     0.00000
    -24.245        -0.00074     0.00000    -0.00074     0.00000
    -24.095        -0.00143     0.00000    -0.00143     0.00000
    -23.945        -0.00259     0.00000    -0.00259     0.00000
    -23.795        -0.00452     0.00000    -0.00452     0.00000
    -23.645        -0.00759     0.00000    -0.00759     0.00000
    -23.495        -0.01160     0.00000    -0.01160     0.00000
    -23.345        -0.01727     0.00000    -0.01727     0.00000
    -23.195        -0.02458     0.00000    -0.02458     0.00000
    -23.045        -0.03538     0.00000    -0.03538     0.00000
    -22.895        -0.04707     0.00000    -0.04707     0.00000
    -22.745        -0.06172     0.00000    -0.06172     0.00000
    -22.595        -0.07719     0.00000    -0.07719     0.00000
    -22.445        -0.09608     0.00000    -0.09608     0.00000
    -22.295        -0.11606     0.00000    -0.11606     0.00000
    -22.145        -0.13637     0.00000    -0.13637     0.00000
    -21.995        -0.15897     0.00000    -0.15897     0.00000
    -21.845        -0.18155     0.00000    -0.18155     0.00000
    -21.695        -0.20423     0.00000    -0.20423     0.00000
    -21.545        -0.22646     0.00000    -0.22646     0.00000
    -21.395        -0.24833     0.00000    -0.24833     0.00000
    -21.245        -0.27037     0.00000    -0.27037     0.00000
    -21.095        -0.29200     0.00000    -0.29200     0.00000
    -20.945        -0.31247     0.00000    -0.31247     0.00000
    -20.795        -0.33209     0.00000    -0.33209     0.00000
    -20.645        -0.35115     0.00000    -0.35115     0.00000
    -20.495        -0.36914     0.00000    -0.36914     0.00000
    -20.345        -0.38751     0.00000    -0.38751     0.00000
    -20.195        -0.40396     0.00000    -0.40396     0.00000
    -20.045        -0.42103     0.00000    -0.42103     0.00000
    -19.895        -0.43691     0.00000    -0.43691     0.00000
    -19.745        -0.45151     0.00000    -0.45151     0.00000
    -19.595        -0.46570     0.00000    -0.46570     0.00000
    -19.445        -0.47974     0.00000    -0.47974     0.00000
    -19.295        -0.49294     0.00000    -0.49294     0.00000
    -19.145        -0.50584     0.00000    -0.50584     0.00000
    -18.995        -0.51684     0.00000    -0.51684     0.00000
    -18.845        -0.52828     0.00000    -0.52828     0.00000
    -18.695        -0.53921     0.00000    -0.53921     0.00000
    -18.545        -0.54938     0.00000    -0.54938     0.00000
    -18.395        -0.55985     0.00000    -0.55985     0.00000
    -18.245        -0.56949     0.00000    -0.56949     0.00000
    -18.095        -0.57866     0.00000    -0.57866     0.00000
    -17.945        -0.58732     0.00000    -0.58732     0.00000
    -17.795        -0.59661     0.00000    -0.59661     0.00000
    -17.645        -0.60523     0.00000    -0.60523     0.00000
    -17.495        -0.61313     0.00000    -0.61313     0.00000
    -17.345        -0.62123     0.00000    -0.62123     0.00000
    -17.195        -0.62933     0.00000    -0.62933     0.00000
    -17.045        -0.63623     0.00000    -0.63623     0.00000
    -16.895        -0.64346     0.00000    -0.64346     0.00000
    -16.745        -0.65021     0.00000    -0.65021     0.00000
    -16.595        -0.65707     0.00000    -0.65707     0.00000
    -16.445        -0.66388     0.00000    -0.66388     0.00000
    -16.295        -0.67011     0.00000    -0.67011     0.00000
    -16.145        -0.67630     0.00000    -0.67630     0.00000
    -15.995        -0.68232     0.00000    -0.68232     0.00000
    -15.845        -0.68876     0.00000    -0.68876     0.00000
    -15.695        -0.69461     0.00000    -0.69461     0.00000
    -15.545        -0.69984     0.00000    -0.69984     0.00000
    -15.395        -0.70595     0.00000    -0.70595     0.00000
    -15.245        -0.71145     0.00000    -0.71145     0.00000
    -15.095        -0.71737     0.00000    -0.71737     0.00000
    -14.945        -0.72373     0.00000    -0.72373     0.00000
    -14.795        -0.73003     0.00000    -0.73003     0.00000
    -14.645        -0.73664     0.00000    -0.73664     0.00000
    -14.495        -0.74283     0.00000    -0.74283     0.00000
    -14.345        -0.74971     0.00000    -0.74971     0.00000
    -14.195        -0.75680    -0.00006    -0.75674     0.00000
    -14.045        -0.76444    -0.00010    -0.76435     0.00000
    -13.895        -0.77270    -0.00024    -0.77246     0.00000
    -13.745        -0.78202    -0.00059    -0.78143     0.00000
    -13.595        -0.79207    -0.00124    -0.79083     0.00000
    -13.445        -0.80275    -0.00250    -0.80025     0.00000
    -13.295        -0.81447    -0.00461    -0.80986     0.00000
    -13.145        -0.82882    -0.00827    -0.82055     0.00000
    -12.995        -0.84600    -0.01380    -0.83219     0.00000
    -12.845        -0.86722    -0.02240    -0.84482     0.00000
    -12.695        -0.89215    -0.03384    -0.85831     0.00000
    -12.545        -0.92015    -0.04779    -0.87236     0.00000
    -12.395        -0.95247    -0.06553    -0.88694     0.00000
    -12.245        -0.98693    -0.08540    -0.90154     0.00000
    -12.095        -1.02508    -0.10782    -0.91726     0.00000
    -11.945        -1.06569    -0.13266    -0.93303     0.00000
    -11.795        -1.11015    -0.16064    -0.94952     0.00000
    -11.645        -1.15656    -0.19019    -0.96637     0.00000
    -11.495        -1.20550    -0.22160    -0.98390     0.00000
    -11.345        -1.25781    -0.25623    -1.00157     0.00000
    -11.195        -1.31150    -0.29196    -1.01955     0.00000
    -11.045        -1.36915    -0.33050    -1.03866     0.00000
    -10.895        -1.43092    -0.37234    -1.05858     0.00000
    -10.745        -1.49543    -0.41711    -1.07832     0.00000
    -10.595        -1.56444    -0.46494    -1.09950     0.00000
    -10.445        -1.63583    -0.51482    -1.12101     0.00000
    -10.295        -1.71283    -0.56940    -1.14343     0.00000
    -10.145        -1.79344    -0.62643    -1.16701     0.00000
    -9.9950        -1.87750    -0.68570    -1.19180     0.00000
    -9.8450        -1.96670    -0.74960    -1.21710     0.00000
    -9.6950        -2.05842    -0.81493    -1.24348     0.00000
    -9.5450        -2.15621    -0.88483    -1.27137     0.00000
    -9.3950        -2.25612    -0.95596    -1.30016     0.00000
    -9.2450        -2.36058    -1.03046    -1.33012     0.00000
    -9.0950        -2.46720    -1.10510    -1.36209     0.00000
    -8.9450        -2.57648    -1.18103    -1.39545     0.00000
    -8.7950        -2.68989    -1.26017    -1.42971     0.00000
    -8.6450        -2.80434    -1.33885    -1.46549    -0.00001
    -8.4950        -2.92307    -1.41962    -1.50344    -0.00001
    -8.3450        -3.04309    -1.50047    -1.54259    -0.00002
    -8.1950        -3.16705    -1.58342    -1.58355    -0.00008
    -8.0450        -3.29342    -1.66725    -1.62596    -0.00021
    -7.8950        -3.42043    -1.74978    -1.67002    -0.00064
    -7.7450        -3.55064    -1.83305    -1.71553    -0.00206
    -7.5950        -3.68484    -1.91682    -1.76300    -0.00503
    -7.4450        -3.82372    -2.00121    -1.81133    -0.01118
    -7.2950        -3.97003    -2.08622    -1.86165    -0.02216
    -7.1450        -4.12537    -2.17263    -1.91287    -0.03987
    -6.9950        -4.29049    -2.25832    -1.96616    -0.06601
    -6.8450        -4.46819    -2.34413    -2.02114    -0.10292
    -6.6950        -4.65990    -2.43013    -2.07738    -0.15239
    -6.5450        -4.86886    -2.51643    -2.13559    -0.21683
    -6.3950        -5.09498    -2.60368    -2.19514    -0.29615
    -6.2450        -5.34279    -2.69149    -2.25720    -0.39409
    -6.0950        -5.61688    -2.78132    -2.32061    -0.51495
    -5.9450        -5.92870    -2.87029    -2.38634    -0.67207
    -5.7950        -6.29752    -2.96116    -2.45483    -0.88153
    -5.6450        -6.73506    -3.05440    -2.52667    -1.15399
    -5.4950        -7.23983    -3.14938    -2.60094    -1.48951
    -5.3450        -7.80500    -3.24639    -2.67899    -1.87962
    -5.1950        -8.42043    -3.34507    -2.76119    -2.31416
    -5.0450        -9.08241    -3.44640    -2.84844    -2.78757
    -4.8950        -9.78089    -3.55161    -2.93909    -3.29019
    -4.7450       -10.51129    -3.66104    -3.03685    -3.81340
    -4.5950       -11.27107    -3.77445    -3.14099    -4.35563
    -4.4450       -12.05495    -3.89269    -3.25234    -4.90992
    -4.2950       -12.85947    -4.01538    -3.37090    -5.47319
    -4.1450       -13.68501    -4.14415    -3.49714    -6.04372
    -3.9950       -14.53114    -4.27842    -3.63128    -6.62144
    -3.8450       -15.39837    -4.41697    -3.77447    -7.20693
    -3.6950       -16.29116    -4.56284    -3.92614    -7.80219
    -3.5450       -17.21452    -4.71413    -4.08703    -8.41336
    -3.3950       -18.17295    -4.87326    -4.25729    -9.04240
    -3.2450       -19.16811    -5.04021    -4.43647    -9.69143
    -3.0950       -20.20741    -5.21534    -4.62849   -10.36358
    -2.9450       -21.29184    -5.39849    -4.83209   -11.06125
    -2.7950       -22.43416    -5.59134    -5.04861   -11.79421
    -2.6450       -23.64453    -5.79551    -5.28044   -12.56858
    -2.4950       -24.93410    -6.01016    -5.52874   -13.39520
    -2.3450       -26.31808    -6.23818    -5.79488   -14.28502
    -2.1950       -27.79850    -6.47908    -6.07907   -15.24036
    -2.0450       -29.38433    -6.73333    -6.38575   -16.26525
    -1.8950       -31.08628    -7.00454    -6.71575   -17.36599
    -1.7450       -32.91894    -7.29531    -7.07328   -18.55035
    -1.5950       -34.90063    -7.60761    -7.46369   -19.82934
    -1.4450       -37.05797    -7.94322    -7.89130   -21.22344
    -1.2950       -39.42738    -8.30540    -8.36324   -22.75873
    -1.1450       -42.05551    -8.69705    -8.88826   -24.47020
   -0.99500       -45.01061    -9.12477    -9.48096   -26.40488
   -0.84500       -48.40187    -9.59710   -10.17591   -28.62886
   -0.69500       -52.35087   -10.13440   -10.97550   -31.24097
   -0.54500       -57.00737   -10.72313   -11.84644   -34.43779
   -0.39500       -62.70165   -11.31449   -12.68405   -38.70312
   -0.25300       -67.33602   -11.64227   -13.10983   -42.58391
   -0.21500       -67.66815   -11.66024   -13.13183   -42.87609
   -0.20900       -68.00825   -11.67796   -13.15322   -43.17707
   -0.20300       -68.35678   -11.69543   -13.17402   -43.48733
   -0.19700       -68.71391   -11.71259   -13.19428   -43.80703
   -0.19100       -69.08055   -11.72936   -13.21395   -44.13725
   -0.18500       -69.45713   -11.74579   -13.23297   -44.47837
   -0.17900       -69.84462   -11.76191   -13.25142   -44.83129
   -0.17300       -70.24337   -11.77744   -13.26935   -45.19658
   -0.16700       -70.65407   -11.79272   -13.28657   -45.57478
   -0.16100       -71.07773   -11.80753   -13.30326   -45.96694
   -0.15500       -71.51484   -11.82189   -13.31937   -46.37358
   -0.14900       -71.96646   -11.83581   -13.33477   -46.79588
   -0.14300       -72.43373   -11.84925   -13.34959   -47.23488
   -0.13700       -72.91765   -11.86218   -13.36387   -47.69160
   -0.13100       -73.41888   -11.87461   -13.37750   -48.16677
   -0.12500       -73.93913   -11.88654   -13.39054   -48.66205
   -0.11900       -74.47931   -11.89792   -13.40292   -49.17846
   -0.11300       -75.04108   -11.90884   -13.41469   -49.71756
   -0.10700       -75.62586   -11.91923   -13.42582   -50.28080
   -0.10100       -76.23472   -11.92906   -13.43633   -50.86932
   -0.95000E-01   -76.86952   -11.93840   -13.44620   -51.48492
   -0.89000E-01   -77.53209   -11.94717   -13.45548   -52.12944
   -0.83000E-01   -78.22492   -11.95538   -13.46412   -52.80542
   -0.77000E-01   -78.94960   -11.96301   -13.47209   -53.51449
   -0.71000E-01   -79.70978   -11.97009   -13.47949   -54.26020
   -0.65000E-01   -80.50915   -11.97659   -13.48625   -55.04631
   -0.59000E-01   -81.35391   -11.98251   -13.49238   -55.87902
   -0.53000E-01   -82.25128   -11.98784   -13.49786   -56.76557
   -0.47000E-01   -83.20499   -11.99259   -13.50274   -57.70967
   -0.41000E-01   -84.20865   -11.99674   -13.50697   -58.70493
   -0.35000E-01   -85.24538   -12.00030   -13.51057   -59.73451
   -0.29000E-01   -86.28419   -12.00325   -13.51357   -60.76737
   -0.23000E-01   -87.24696   -12.00560   -13.51593   -61.72543
   -0.19700E-01   -87.33475   -12.00580   -13.51614   -61.81281
   -0.19100E-01   -87.42067   -12.00599   -13.51633   -61.89834
   -0.18500E-01   -87.50471   -12.00618   -13.51653   -61.98200
   -0.17900E-01   -87.58667   -12.00636   -13.51671   -62.06360
   -0.17300E-01   -87.66657   -12.00654   -13.51688   -62.14314
   -0.16700E-01   -87.74434   -12.00671   -13.51706   -62.22057
   -0.16100E-01   -87.81986   -12.00688   -13.51722   -62.29576
   -0.15500E-01   -87.89312   -12.00704   -13.51738   -62.36870
   -0.14900E-01   -87.96401   -12.00719   -13.51753   -62.43929
   -0.14300E-01   -88.03251   -12.00733   -13.51768   -62.50750
   -0.13700E-01   -88.09857   -12.00747   -13.51782   -62.57328
   -0.13100E-01   -88.16209   -12.00761   -13.51796   -62.63653
   -0.12500E-01   -88.22310   -12.00773   -13.51809   -62.69728
   -0.11900E-01   -88.28145   -12.00785   -13.51821   -62.75538
   -0.11300E-01   -88.33720   -12.00797   -13.51833   -62.81090
   -0.10700E-01   -88.39024   -12.00808   -13.51844   -62.86372
   -0.10100E-01   -88.44053   -12.00818   -13.51854   -62.91381
   -0.95000E-02   -88.48802   -12.00828   -13.51864   -62.96110
   -0.89000E-02   -88.53267   -12.00837   -13.51873   -63.00557
   -0.83000E-02   -88.57451   -12.00846   -13.51881   -63.04723
   -0.77000E-02   -88.61345   -12.00854   -13.51889   -63.08601
   -0.71000E-02   -88.64947   -12.00861   -13.51897   -63.12189
   -0.65000E-02   -88.68254   -12.00868   -13.51903   -63.15482
   -0.59000E-02   -88.71261   -12.00874   -13.51909   -63.18478
   -0.53000E-02   -88.73971   -12.00880   -13.51915   -63.21177
   -0.47000E-02   -88.76380   -12.00884   -13.51920   -63.23576
   -0.41000E-02   -88.78484   -12.00889   -13.51924   -63.25672
   -0.35000E-02   -88.80284   -12.00892   -13.51928   -63.27465
   -0.29000E-02   -88.81778   -12.00895   -13.51931   -63.28952
   -0.23000E-02   -88.82963   -12.00898   -13.51933   -63.30133
   -0.17000E-02   -88.83840   -12.00899   -13.51935   -63.31006
   -0.11000E-02   -88.84408   -12.00901   -13.51936   -63.31572
   -0.50000E-03   -88.84666   -12.00901   -13.51936   -63.31829
    0.10000E-03   -88.84615   -12.00901   -13.51936   -63.31778
    0.70000E-03   -88.84253   -12.00900   -13.51936   -63.31418
    0.13000E-02   -88.83583   -12.00899   -13.51934   -63.30749
    0.19000E-02   -88.82602   -12.00897   -13.51932   -63.29773
    0.25000E-02   -88.81314   -12.00894   -13.51930   -63.28489
    0.31000E-02   -88.79719   -12.00891   -13.51927   -63.26901
    0.37000E-02   -88.77818   -12.00887   -13.51923   -63.25008
    0.43000E-02   -88.75611   -12.00883   -13.51919   -63.22810
    0.49000E-02   -88.73103   -12.00878   -13.51914   -63.20312
    0.55000E-02   -88.70294   -12.00872   -13.51908   -63.17514
    0.61000E-02   -88.67186   -12.00866   -13.51902   -63.14418
    0.67000E-02   -88.63780   -12.00859   -13.51895   -63.11026
    0.73000E-02   -88.60082   -12.00852   -13.51888   -63.07342
    0.79000E-02   -88.56095   -12.00844   -13.51880   -63.03372
    0.85000E-02   -88.51820   -12.00835   -13.51871   -62.99114
    0.91000E-02   -88.47257   -12.00825   -13.51862   -62.94570
    0.97000E-02   -88.42418   -12.00815   -13.51852   -62.89751
    0.10300E-01   -88.37302   -12.00805   -13.51841   -62.84656
    0.10900E-01   -88.31911   -12.00794   -13.51830   -62.79287
    0.11500E-01   -88.26250   -12.00782   -13.51819   -62.73650
    0.12100E-01   -88.20326   -12.00770   -13.51806   -62.67750
    0.12700E-01   -88.14140   -12.00757   -13.51793   -62.61590
    0.13300E-01   -88.07701   -12.00743   -13.51780   -62.55178
    0.13900E-01   -88.01016   -12.00729   -13.51766   -62.48522
    0.14500E-01   -87.94087   -12.00714   -13.51751   -62.41623
    0.15100E-01   -87.86922   -12.00698   -13.51735   -62.34488
    0.15700E-01   -87.79519   -12.00682   -13.51719   -62.27118
    0.16300E-01   -87.71891   -12.00665   -13.51702   -62.19523
    0.16900E-01   -87.64043   -12.00648   -13.51685   -62.11710
    0.17500E-01   -87.55983   -12.00630   -13.51668   -62.03686
    0.18100E-01   -87.47723   -12.00611   -13.51650   -61.95463
    0.18700E-01   -87.39260   -12.00592   -13.51631   -61.87038
    0.19300E-01   -87.30610   -12.00572   -13.51611   -61.78427
    0.20200E-01   -86.95291   -12.00488   -13.51530   -61.43273
    0.25000E-01   -85.95265   -12.00230   -13.51276   -60.43758
    0.31000E-01   -84.90915   -11.99910   -13.50962   -59.40043
    0.37000E-01   -83.87976   -11.99526   -13.50589   -58.37861
    0.43000E-01   -82.88988   -11.99081   -13.50157   -57.39750
    0.49000E-01   -81.95376   -11.98572   -13.49665   -56.47139
    0.55000E-01   -81.07379   -11.97999   -13.49112   -55.60267
    0.61000E-01   -80.24438   -11.97366   -13.48503   -54.78569
    0.67000E-01   -79.45830   -11.96672   -13.47837   -54.01322
    0.73000E-01   -78.71065   -11.95914   -13.47114   -53.28037
    0.79000E-01   -77.99770   -11.95091   -13.46336   -52.58343
    0.85000E-01   -77.31764   -11.94209   -13.45502   -51.92054
    0.91000E-01   -76.66802   -11.93264   -13.44610   -51.28929
    0.97000E-01   -76.04687   -11.92255   -13.43665   -50.68768
    0.10300       -75.45219   -11.91187   -13.42666   -50.11366
    0.10900       -74.88297   -11.90056   -13.41613   -49.56628
    0.11500       -74.33778   -11.88864   -13.40506   -49.04408
    0.12100       -73.81538   -11.87614   -13.39346   -48.54578
    0.12700       -73.31425   -11.86296   -13.38138   -48.06992
    0.13300       -72.83298   -11.84919   -13.36877   -47.61502
    0.13900       -72.37069   -11.83482   -13.35570   -47.18017
    0.14500       -71.92625   -11.81980   -13.34218   -46.76427
    0.15100       -71.49860   -11.80414   -13.32816   -46.36630
    0.15700       -71.08695   -11.78789   -13.31367   -45.98539
    0.16300       -70.68989   -11.77104   -13.29873   -45.62012
    0.16900       -70.30744   -11.75365   -13.28333   -45.27045
    0.17500       -69.93820   -11.73570   -13.26757   -44.93493
    0.18100       -69.58181   -11.71710   -13.25141   -44.61330
    0.18700       -69.23727   -11.69800   -13.23491   -44.30437
    0.19300       -68.90376   -11.67826   -13.21799   -44.00750
    0.19900       -68.58087   -11.65796   -13.20072   -43.72219
    0.20500       -68.26764   -11.63703   -13.18311   -43.44750
    0.21100       -67.96387   -11.61549   -13.16518   -43.18320
    0.21700       -67.66881   -11.59345   -13.14698   -42.92838
    0.29500       -61.77905   -10.88185   -12.60708   -38.29012
    0.44500       -57.73414   -10.01807   -12.00685   -35.70921
    0.59500       -54.62025    -9.16601   -11.43504   -34.01920
    0.74500       -52.13655    -8.40341   -10.92659   -32.80655
    0.89500       -50.08890    -7.75220   -10.47321   -31.86349
     1.0450       -48.35261    -7.19560   -10.05861   -31.09839
     1.1950       -46.84898    -6.70227    -9.67669   -30.47002
     1.3450       -45.53155    -6.25982    -9.32250   -29.94923
     1.4950       -44.36521    -5.85840    -8.99426   -29.51255
     1.6450       -43.32139    -5.49142    -8.68904   -29.14093
     1.7950       -42.37946    -5.15434    -8.40417   -28.82095
     1.9450       -41.52207    -4.84350    -8.13805   -28.54051
     2.0950       -40.73764    -4.55634    -7.88814   -28.29316
     2.2450       -40.01683    -4.28955    -7.65316   -28.07412
     2.3950       -39.35384    -4.04223    -7.43183   -27.87979
     2.5450       -38.74177    -3.81273    -7.22288   -27.70616
     2.6950       -38.17646    -3.59931    -7.02556   -27.55159
     2.8450       -37.65036    -3.40053    -6.83804   -27.41180
     2.9950       -37.16188    -3.21514    -6.66042   -27.28632
     3.1450       -36.70599    -3.04275    -6.49122   -27.17203
     3.2950       -36.28069    -2.88238    -6.33074   -27.06757
     3.4450       -35.88324    -2.73351    -6.17769   -26.97204
     3.5950       -35.51003    -2.59462    -6.03264   -26.88277
     3.7450       -35.15908    -2.46529    -5.89362   -26.80018
     3.8950       -34.82881    -2.34475    -5.76110   -26.72296
     4.0450       -34.51797    -2.23266    -5.63459   -26.65073
     4.1950       -34.22388    -2.12771    -5.51363   -26.58254
     4.3450       -33.94460    -2.02960    -5.39773   -26.51727
     4.4950       -33.67998    -1.93734    -5.28673   -26.45591
     4.6450       -33.42780    -1.85090    -5.18005   -26.39685
     4.7950       -33.18696    -1.76922    -5.07789   -26.33985
     4.9450       -32.95662    -1.69248    -4.97912   -26.28502
     5.0950       -32.73631    -1.61949    -4.88427   -26.23255
     5.2450       -32.52529    -1.55065    -4.79281   -26.18183
     5.3950       -32.32184    -1.48497    -4.70429   -26.13258
     5.5450       -32.12576    -1.42226    -4.61867   -26.08483
     5.6950       -31.93734    -1.36272    -4.53604   -26.03859
     5.8450       -31.75578    -1.30605    -4.45605   -25.99369
     5.9950       -31.58077    -1.25217    -4.37880   -25.94980
     6.1450       -31.41135    -1.20051    -4.30370   -25.90714
     6.2950       -31.24787    -1.15118    -4.23106   -25.86564
     6.4450       -31.08987    -1.10405    -4.16068   -25.82514
     6.5950       -30.93776    -1.05910    -4.09312   -25.78554
     6.7450       -30.79007    -1.01600    -4.02709   -25.74698
     6.8950       -30.64672    -0.97478    -3.96282   -25.70913
     7.0450       -30.50780    -0.93527    -3.90032   -25.67221
     7.1950       -30.37322    -0.89759    -3.83956   -25.63607
     7.3450       -30.24319    -0.86145    -3.78105   -25.60069
     7.4950       -30.11697    -0.82676    -3.72418   -25.56603
     7.6450       -29.99482    -0.79417    -3.66863   -25.53202
     7.7950       -29.87581    -0.76269    -3.61443   -25.49869
     7.9450       -29.75965    -0.73227    -3.56136   -25.46602
     8.0950       -29.64787    -0.70373    -3.51018   -25.43396
     8.2450       -29.53918    -0.67626    -3.46031   -25.40262
     8.3950       -29.43362    -0.65049    -3.41142   -25.37171
     8.5450       -29.33152    -0.62628    -3.36386   -25.34138
     8.6950       -29.23258    -0.60318    -3.31785   -25.31154
     8.8450       -29.13627    -0.58071    -3.27332   -25.28224
     8.9950       -29.04361    -0.55987    -3.23029   -25.25344
     9.1450       -28.95312    -0.54010    -3.18793   -25.22509
     9.2950       -28.86602    -0.52178    -3.14699   -25.19726
     9.4450       -28.78169    -0.50353    -3.10833   -25.16983
     9.5950       -28.69985    -0.48690    -3.07012   -25.14283
     9.7450       -28.62063    -0.47084    -3.03360   -25.11619
     9.8950       -28.54542    -0.45668    -2.99876   -25.08998
     10.045       -28.47220    -0.44333    -2.96458   -25.06429
     10.195       -28.40174    -0.43032    -2.93249   -25.03893
     10.345       -28.33352    -0.41782    -2.90184   -25.01386
     10.495       -28.26798    -0.40635    -2.87245   -24.98918
     10.645       -28.20448    -0.39583    -2.84375   -24.96490
     10.795       -28.14568    -0.38640    -2.81828   -24.94099
     10.945       -28.08804    -0.37712    -2.79356   -24.91736
     11.095       -28.03307    -0.36909    -2.76995   -24.89403
     11.245       -27.98113    -0.36166    -2.74844   -24.87103
     11.395       -27.92887    -0.35383    -2.72674   -24.84831
     11.545       -27.87988    -0.34674    -2.70718   -24.82596
     11.695       -27.83357    -0.34103    -2.68866   -24.80389
     11.845       -27.78910    -0.33505    -2.67195   -24.78211
     11.995       -27.74672    -0.32937    -2.65690   -24.76045
     12.145       -27.70618    -0.32459    -2.64244   -24.73915
     12.295       -27.66890    -0.32077    -2.63004   -24.71809
     12.445       -27.63102    -0.31621    -2.61748   -24.69734
     12.595       -27.59713    -0.31283    -2.60750   -24.67680
     12.745       -27.56484    -0.30944    -2.59886   -24.65655
     12.895       -27.53241    -0.30642    -2.58954   -24.63645
     13.045       -27.50212    -0.30371    -2.58180   -24.61661
     13.195       -27.47248    -0.30114    -2.57434   -24.59699
     13.345       -27.44423    -0.29906    -2.56759   -24.57758
     13.495       -27.41769    -0.29690    -2.56239   -24.55839
     13.645       -27.39130    -0.29494    -2.55695   -24.53941
     13.795       -27.36621    -0.29308    -2.55246   -24.52066
     13.945       -27.34090    -0.29117    -2.54764   -24.50210
     14.095       -27.31805    -0.28951    -2.54477   -24.48377
     14.245       -27.29479    -0.28770    -2.54143   -24.46566
     14.395       -27.27214    -0.28603    -2.53840   -24.44770
     14.545       -27.25036    -0.28456    -2.53589   -24.42992
     14.695       -27.22887    -0.28322    -2.53330   -24.41235
     14.845       -27.20837    -0.28179    -2.53160   -24.39497
     14.995       -27.18787    -0.28037    -2.52973   -24.37777
     15.145       -27.16808    -0.27907    -2.52833   -24.36069
     15.295       -27.14826    -0.27790    -2.52651   -24.34385
     15.445       -27.12829    -0.27676    -2.52438   -24.32715
     15.595       -27.10901    -0.27561    -2.52283   -24.31057
     15.745       -27.09024    -0.27450    -2.52157   -24.29416
     15.895       -27.07129    -0.27329    -2.52008   -24.27792
     16.045       -27.05274    -0.27221    -2.51873   -24.26180
     16.195       -27.03464    -0.27113    -2.51756   -24.24595
     16.345       -27.01676    -0.27007    -2.51653   -24.23015
     16.495       -26.99915    -0.26904    -2.51554   -24.21457
     16.645       -26.98153    -0.26801    -2.51444   -24.19908
     16.795       -26.96385    -0.26676    -2.51335   -24.18374
     16.945       -26.94676    -0.26576    -2.51243   -24.16857
     17.095       -26.92973    -0.26478    -2.51150   -24.15345
     17.245       -26.91297    -0.26381    -2.51063   -24.13853
     17.395       -26.89629    -0.26286    -2.50976   -24.12367
     17.545       -26.87979    -0.26191    -2.50894   -24.10893
     17.695       -26.86347    -0.26097    -2.50812   -24.09439
     17.845       -26.84716    -0.26004    -2.50718   -24.07994
     17.995       -26.83111    -0.25912    -2.50641   -24.06558
     18.145       -26.81524    -0.25822    -2.50565   -24.05137
     18.295       -26.79951    -0.25733    -2.50490   -24.03728
     18.445       -26.78388    -0.25643    -2.50417   -24.02328
     18.595       -26.76852    -0.25557    -2.50348   -24.00948
     18.745       -26.75325    -0.25470    -2.50279   -23.99576
     18.895       -26.73810    -0.25385    -2.50212   -23.98213
     19.045       -26.72303    -0.25299    -2.50145   -23.96859
     19.195       -26.70812    -0.25215    -2.50080   -23.95517
     19.345       -26.69332    -0.25132    -2.50016   -23.94183
     19.495       -26.67871    -0.25049    -2.49956   -23.92866
     19.645       -26.66417    -0.24968    -2.49896   -23.91553
     19.795       -26.64977    -0.24887    -2.49837   -23.90254
     19.945       -26.63551    -0.24808    -2.49779   -23.88965
     20.095       -26.62140    -0.24730    -2.49722   -23.87688
     20.245       -26.60735    -0.24652    -2.49667   -23.86416
     20.395       -26.59340    -0.24574    -2.49613   -23.85153
     20.545       -26.57961    -0.24498    -2.49561   -23.83903
     20.695       -26.56592    -0.24423    -2.49509   -23.82661
     20.845       -26.55237    -0.24348    -2.49458   -23.81431
     20.995       -26.53891    -0.24273    -2.49409   -23.80209
     21.145       -26.52559    -0.24200    -2.49361   -23.78999
     21.295       -26.51235    -0.24126    -2.49313   -23.77796
     21.445       -26.49917    -0.24055    -2.49266   -23.76596
     21.595       -26.48610    -0.23983    -2.49220   -23.75406
     21.745       -26.47309    -0.23912    -2.49174   -23.74223
     21.895       -26.46018    -0.23841    -2.49128   -23.73049
     22.045       -26.44740    -0.23771    -2.49086   -23.71883
     22.195       -26.43476    -0.23702    -2.49042   -23.70733
     22.345       -26.42217    -0.23633    -2.48999   -23.69585
     22.495       -26.40973    -0.23565    -2.48958   -23.68450
     22.645       -26.39731    -0.23497    -2.48917   -23.67316
     22.795       -26.38502    -0.23430    -2.48878   -23.66194
     22.945       -26.37281    -0.23365    -2.48839   -23.65078
     23.095       -26.36068    -0.23299    -2.48800   -23.63969
     23.245       -26.34865    -0.23233    -2.48761   -23.62870
     23.395       -26.33669    -0.23169    -2.48724   -23.61775
     23.545       -26.32481    -0.23106    -2.48687   -23.60688
     23.695       -26.31301    -0.23043    -2.48651   -23.59607
     23.845       -26.30127    -0.22979    -2.48616   -23.58532
     23.995       -26.28964    -0.22917    -2.48581   -23.57466
     24.145       -26.27807    -0.22856    -2.48547   -23.56404
     24.295       -26.26661    -0.22794    -2.48512   -23.55354
     24.445       -26.25518    -0.22733    -2.48479   -23.54307
     24.595       -26.24386    -0.22672    -2.48445   -23.53268
     24.745       -26.23256    -0.22611    -2.48413   -23.52232
     24.895       -26.22140    -0.22551    -2.48382   -23.51207
     25.045       -26.21031    -0.22493    -2.48351   -23.50188
     25.195       -26.19924    -0.22434    -2.48320   -23.49171
     25.345       -26.18824    -0.22375    -2.48289   -23.48160
     25.495       -26.17732    -0.22317    -2.48259   -23.47157
     25.645       -26.16646    -0.22259    -2.48228   -23.46159
     25.795       -26.15568    -0.22202    -2.48199   -23.45167
     25.945       -26.14498    -0.22146    -2.48170   -23.44183
     26.095       -26.13437    -0.22089    -2.48142   -23.43205
     26.245       -26.12377    -0.22033    -2.48114   -23.42230
     26.395       -26.11328    -0.21978    -2.48088   -23.41262
     26.545       -26.10279    -0.21922    -2.48062   -23.40295
     26.695       -26.09238    -0.21867    -2.48034   -23.39336
     26.845       -26.08205    -0.21812    -2.48007   -23.38386
     26.995       -26.07177    -0.21759    -2.47979   -23.37439
     27.145       -26.06158    -0.21706    -2.47953   -23.36500
     27.295       -26.05144    -0.21653    -2.47927   -23.35565
     27.445       -26.04139    -0.21600    -2.47901   -23.34638
     27.595       -26.03139    -0.21547    -2.47877   -23.33715
     27.745       -26.02142    -0.21495    -2.47852   -23.32795
     27.895       -26.01151    -0.21443    -2.47827   -23.31881
     28.045       -26.00167    -0.21390    -2.47804   -23.30973
     28.195       -25.99185    -0.21339    -2.47780   -23.30066
     28.345       -25.98209    -0.21289    -2.47756   -23.29165
     28.495       -25.97242    -0.21238    -2.47732   -23.28272
     28.645       -25.96276    -0.21188    -2.47709   -23.27379
     28.795       -25.95315    -0.21139    -2.47686   -23.26490
     28.945       -25.94362    -0.21088    -2.47663   -23.25610
     29.095       -25.93415    -0.21039    -2.47640   -23.24736
     29.245       -25.92473    -0.20989    -2.47618   -23.23866
     29.395       -25.91538    -0.20940    -2.47596   -23.23002
     29.545       -25.90605    -0.20892    -2.47574   -23.22139
     29.695       -25.89677    -0.20843    -2.47552   -23.21281
     29.845       -25.88758    -0.20796    -2.47531   -23.20431
     29.995       -25.87842    -0.20749    -2.47511   -23.19583
     30.145       -25.86930    -0.20701    -2.47490   -23.18739
     35.794       -25.26938    -0.17634    -2.46302   -22.63002
     49.810       -24.68078    -0.14705    -2.45345   -22.08028
     69.316       -24.10425    -0.11886    -2.44519   -21.54020
     96.460       -23.53985    -0.09151    -2.43772   -21.01062
     134.23       -22.98877    -0.06509    -2.43079   -20.49289
     186.80       -22.45185    -0.03949    -2.42427   -19.98808
     259.95       -21.92912    -0.01469    -2.41809   -19.49634
     361.74       -21.42133     0.00924    -2.41215   -19.01842
     503.40       -20.92815     0.03238    -2.40656   -18.55398
     700.53       -20.44960     0.05473    -2.40108   -18.10325
     974.85       -19.98583     0.07627    -2.39583   -17.66626
     1356.6       -19.53649     0.09700    -2.39077   -17.24272
     1887.8       -19.10053     0.11699    -2.38596   -16.83156
     2627.1       -18.67826     0.13620    -2.38128   -16.43317
     3655.9       -18.26897     0.15470    -2.37680   -16.04687
     5087.5       -17.87222     0.17255    -2.37255   -15.67222
     7079.7       -17.48734     0.18967    -2.36845   -15.30856
     9852.1       -17.11464     0.20613    -2.36453   -14.95624
     13710.       -16.75432     0.22204    -2.36084   -14.61551
     19079.       -16.40635     0.23736    -2.35734   -14.28637
     26550.       -16.07001     0.25216    -2.35398   -13.96819
     36947.       -15.74593     0.26639    -2.35080   -13.66152
     51416.       -15.43511     0.28014    -2.34782   -13.36743
     71550.       -15.13794     0.29347    -2.34499   -13.08641
     99568.       -14.85364     0.30633    -2.34237   -12.81759
    0.13856E+06   -14.58110     0.31875    -2.33990   -12.55995
    0.19282E+06   -14.32076     0.33075    -2.33759   -12.31392
    0.26832E+06   -14.07217     0.34234    -2.33545   -12.07906
    0.37340E+06   -13.83489     0.35353    -2.33351   -11.85491
    0.51962E+06   -13.60807     0.36430    -2.33164   -11.64073
    0.72310E+06   -13.39109     0.37463    -2.32994   -11.43578
    0.10063E+07   -13.18398     0.38451    -2.32839   -11.24010
    0.14003E+07   -12.98678     0.39390    -2.32690   -11.05378
    0.19487E+07   -12.79910     0.40293    -2.32560   -10.87643
    0.27118E+07   -12.62013     0.41153    -2.32440   -10.70726
    0.37737E+07   -12.44990     0.41975    -2.32324   -10.54641
    0.52514E+07   -12.28759     0.42761    -2.32220   -10.39300
    0.73079E+07   -12.13321     0.43510    -2.32125   -10.24705
    0.10170E+08   -11.98644     0.44224    -2.32039   -10.10829
    0.14152E+08   -11.84677     0.44907    -2.31963    -9.97621
    0.19694E+08   -11.71392     0.45557    -2.31892    -9.85058
    0.27406E+08   -11.58762     0.46174    -2.31832    -9.73104
    0.38138E+08   -11.46753     0.46763    -2.31774    -9.61741
    0.53073E+08   -11.35352     0.47325    -2.31722    -9.50954
    0.73856E+08   -11.24591     0.47858    -2.31673    -9.40776
    0.10278E+09   -11.14462     0.48365    -2.31630    -9.31197
    0.14302E+09   -11.05010     0.48847    -2.31591    -9.22265
    0.19903E+09   -10.96251     0.49308    -2.31557    -9.14001
    0.27697E+09   -10.88157     0.49745    -2.31526    -9.06376
    0.38543E+09   -10.80656     0.50161    -2.31496    -8.99321
    0.53637E+09   -10.73684     0.50556    -2.31472    -8.92769
    0.74641E+09   -10.67278     0.50931    -2.31448    -8.86761
    0.10387E+10   -10.61424     0.51286    -2.31428    -8.81281
    0.14454E+10   -10.56044     0.51621    -2.31409    -8.76255
    0.20115E+10   -10.51090     0.51933    -2.31391    -8.71632
    0.27992E+10   -10.46527     0.52225    -2.31375    -8.67376
    0.38953E+10   -10.42329     0.52495    -2.31362    -8.63462
    0.54207E+10   -10.38465     0.52744    -2.31349    -8.59860
    0.75434E+10   -10.34902     0.52974    -2.31337    -8.56539
    0.10497E+11   -10.31622     0.53186    -2.31327    -8.53480
    0.14608E+11   -10.28609     0.53377    -2.31317    -8.50669
    0.20329E+11   -10.25831     0.53555    -2.31307    -8.48079
    0.28289E+11   -10.23273     0.53719    -2.31299    -8.45693
    0.39367E+11   -10.20916     0.53868    -2.31292    -8.43492
    0.54783E+11   -10.18750     0.54007    -2.31285    -8.41472
    0.10000E+12    -9.93551     0.55603    -2.31211    -8.17944
