    -44.945         0.00000     0.00000     0.00000     0.00000
    -44.795         0.00000     0.00000     0.00000     0.00000
    -44.645         0.00000     0.00000     0.00000     0.00000
    -44.495         0.00000     0.00000     0.00000     0.00000
    -44.345         0.00000     0.00000     0.00000     0.00000
    -44.195         0.00000     0.00000     0.00000     0.00000
    -44.045         0.00000     0.00000     0.00000     0.00000
    -43.895         0.00000     0.00000     0.00000     0.00000
    -43.745         0.00000     0.00000     0.00000     0.00000
    -43.595         0.00000     0.00000     0.00000     0.00000
    -43.445         0.00000     0.00000     0.00000     0.00000
    -43.295         0.00000     0.00000     0.00000     0.00000
    -43.145         0.00000     0.00000     0.00000     0.00000
    -42.995         0.00000     0.00000     0.00000     0.00000
    -42.845         0.00000     0.00000     0.00000     0.00000
    -42.695         0.00000     0.00000     0.00000     0.00000
    -42.545         0.00000     0.00000     0.00000     0.00000
    -42.395         0.00000     0.00000     0.00000     0.00000
    -42.245         0.00000     0.00000     0.00000     0.00000
    -42.095         0.00000     0.00000     0.00000     0.00000
    -41.945         0.00000     0.00000     0.00000     0.00000
    -41.795         0.00000     0.00000     0.00000     0.00000
    -41.645         0.00000     0.00000     0.00000     0.00000
    -41.495         0.00000     0.00000     0.00000     0.00000
    -41.345         0.00000     0.00000     0.00000     0.00000
    -41.195         0.00000     0.00000     0.00000     0.00000
    -41.045         0.00000     0.00000     0.00000     0.00000
    -40.895         0.00000     0.00000     0.00000     0.00000
    -40.745         0.00000     0.00000     0.00000     0.00000
    -40.595         0.00000     0.00000     0.00000     0.00000
    -40.445         0.00000     0.00000     0.00000     0.00000
    -40.295         0.00000     0.00000     0.00000     0.00000
    -40.145         0.00000     0.00000     0.00000     0.00000
    -39.995         0.00000     0.00000     0.00000     0.00000
    -39.845         0.00000     0.00000     0.00000     0.00000
    -39.695         0.00000     0.00000     0.00000     0.00000
    -39.545         0.00000     0.00000     0.00000     0.00000
    -39.395         0.00000     0.00000     0.00000     0.00000
    -39.245         0.00000     0.00000     0.00000     0.00000
    -39.095         0.00000     0.00000     0.00000     0.00000
    -38.945         0.00000     0.00000     0.00000     0.00000
    -38.795         0.00000     0.00000     0.00000     0.00000
    -38.645         0.00000     0.00000     0.00000     0.00000
    -38.495         0.00000     0.00000     0.00000     0.00000
    -38.345         0.00000     0.00000     0.00000     0.00000
    -38.195         0.00000     0.00000     0.00000     0.00000
    -38.045         0.00000     0.00000     0.00000     0.00000
    -37.895         0.00000     0.00000     0.00000     0.00000
    -37.745         0.00000     0.00000     0.00000     0.00000
    -37.595         0.00000     0.00000     0.00000     0.00000
    -37.445         0.00000     0.00000     0.00000     0.00000
    -37.295         0.00000     0.00000     0.00000     0.00000
    -37.145         0.00000     0.00000     0.00000     0.00000
    -36.995         0.00000     0.00000     0.00000     0.00000
    -36.845         0.00000     0.00000     0.00000     0.00000
    -36.695         0.00000     0.00000     0.00000     0.00000
    -36.545         0.00000     0.00000     0.00000     0.00000
    -36.395         0.00000     0.00000     0.00000     0.00000
    -36.245         0.00000     0.00000     0.00000     0.00000
    -36.095         0.00000     0.00000     0.00000     0.00000
    -35.945         0.00000     0.00000     0.00000     0.00000
    -35.795         0.00000     0.00000     0.00000     0.00000
    -35.645         0.00000     0.00000     0.00000     0.00000
    -35.495         0.00000     0.00000     0.00000     0.00000
    -35.345         0.00000     0.00000     0.00000     0.00000
    -35.195         0.00000     0.00000     0.00000     0.00000
    -35.045         0.00000     0.00000     0.00000     0.00000
    -34.895         0.00000     0.00000     0.00000     0.00000
    -34.745         0.00000     0.00000     0.00000     0.00000
    -34.595         0.00000     0.00000     0.00000     0.00000
    -34.445         0.00000     0.00000     0.00000     0.00000
    -34.295         0.00000     0.00000     0.00000     0.00000
    -34.145         0.00000     0.00000     0.00000     0.00000
    -33.995         0.00000     0.00000     0.00000     0.00000
    -33.845         0.00000     0.00000     0.00000     0.00000
    -33.695         0.00000     0.00000     0.00000     0.00000
    -33.545         0.00000     0.00000     0.00000     0.00000
    -33.395         0.00000     0.00000     0.00000     0.00000
    -33.245         0.00000     0.00000     0.00000     0.00000
    -33.095         0.00000     0.00000     0.00000     0.00000
    -32.945         0.00000     0.00000     0.00000     0.00000
    -32.795         0.00000     0.00000     0.00000     0.00000
    -32.645         0.00000     0.00000     0.00000     0.00000
    -32.495         0.00000     0.00000     0.00000     0.00000
    -32.345         0.00000     0.00000     0.00000     0.00000
    -32.195         0.00000     0.00000     0.00000     0.00000
    -32.045         0.00000     0.00000     0.00000     0.00000
    -31.895         0.00000     0.00000     0.00000     0.00000
    -31.745         0.00000     0.00000     0.00000     0.00000
    -31.595         0.00000     0.00000     0.00000     0.00000
    -31.445         0.00000     0.00000     0.00000     0.00000
    -31.295         0.00000     0.00000     0.00000     0.00000
    -31.145         0.00000     0.00000     0.00000     0.00000
    -30.995         0.00000     0.00000     0.00000     0.00000
    -30.845         0.00000     0.00000     0.00000     0.00000
    -30.695         0.00000     0.00000     0.00000     0.00000
    -30.545         0.00000     0.00000     0.00000     0.00000
    -30.395         0.00000     0.00000     0.00000     0.00000
    -30.245         0.00000     0.00000     0.00000     0.00000
    -30.095         0.00000     0.00000     0.00000     0.00000
    -29.945         0.00000     0.00000     0.00000     0.00000
    -29.795         0.00000     0.00000     0.00000     0.00000
    -29.645         0.00000     0.00000     0.00000     0.00000
    -29.495         0.00000     0.00000     0.00000     0.00000
    -29.345         0.00000     0.00000     0.00000     0.00000
    -29.195         0.00000     0.00000     0.00000     0.00000
    -29.045         0.00000     0.00000     0.00000     0.00000
    -28.895         0.00000     0.00000     0.00000     0.00000
    -28.745         0.00000     0.00000     0.00000     0.00000
    -28.595         0.00000     0.00000     0.00000     0.00000
    -28.445         0.00000     0.00000     0.00000     0.00000
    -28.295         0.00000     0.00000     0.00000     0.00000
    -28.145         0.00000     0.00000     0.00000     0.00000
    -27.995         0.00000     0.00000     0.00000     0.00000
    -27.845         0.00000     0.00000     0.00000     0.00000
    -27.695         0.00000     0.00000     0.00000     0.00000
    -27.545         0.00000     0.00000     0.00000     0.00000
    -27.395         0.00000     0.00000     0.00000     0.00000
    -27.245         0.00000     0.00000     0.00000     0.00000
    -27.095         0.00000     0.00000     0.00000     0.00000
    -26.945         0.00000     0.00000     0.00000     0.00000
    -26.795         0.00000     0.00000     0.00000     0.00000
    -26.645         0.00000     0.00000     0.00000     0.00000
    -26.495         0.00000     0.00000     0.00000     0.00000
    -26.345         0.00000     0.00000     0.00000     0.00000
    -26.195         0.00000     0.00000     0.00000     0.00000
    -26.045         0.00000     0.00000     0.00000     0.00000
    -25.895         0.00000     0.00000     0.00000     0.00000
    -25.745         0.00000     0.00000     0.00000     0.00000
    -25.595         0.00000     0.00000     0.00000     0.00000
    -25.445         0.00000     0.00000     0.00000     0.00000
    -25.295         0.00000     0.00000     0.00000     0.00000
    -25.145         0.00000     0.00000     0.00000     0.00000
    -24.995         0.00000     0.00000     0.00000     0.00000
    -24.845        -0.00000     0.00000    -0.00000     0.00000
    -24.695        -0.00000     0.00000    -0.00000     0.00000
    -24.545        -0.00110     0.00000    -0.00110     0.00000
    -24.395        -0.00110     0.00000    -0.00110     0.00000
    -24.245        -0.00167     0.00000    -0.00167     0.00000
    -24.095        -0.00226     0.00000    -0.00226     0.00000
    -23.945        -0.00398     0.00000    -0.00398     0.00000
    -23.795        -0.00628     0.00000    -0.00628     0.00000
    -23.645        -0.01080     0.00000    -0.01080     0.00000
    -23.495        -0.01651     0.00000    -0.01651     0.00000
    -23.345        -0.02339     0.00000    -0.02339     0.00000
    -23.195        -0.03519     0.00000    -0.03519     0.00000
    -23.045        -0.04923     0.00000    -0.04923     0.00000
    -22.895        -0.06396     0.00000    -0.06396     0.00000
    -22.745        -0.07774     0.00000    -0.07774     0.00000
    -22.595        -0.09483     0.00000    -0.09483     0.00000
    -22.445        -0.11308     0.00000    -0.11308     0.00000
    -22.295        -0.13516     0.00000    -0.13516     0.00000
    -22.145        -0.16199     0.00000    -0.16199     0.00000
    -21.995        -0.18942     0.00000    -0.18942     0.00000
    -21.845        -0.21939     0.00000    -0.21939     0.00000
    -21.695        -0.24632     0.00000    -0.24632     0.00000
    -21.545        -0.27781     0.00000    -0.27781     0.00000
    -21.395        -0.30662     0.00000    -0.30662     0.00000
    -21.245        -0.33747     0.00000    -0.33747     0.00000
    -21.095        -0.36662     0.00000    -0.36662     0.00000
    -20.945        -0.39224     0.00000    -0.39224     0.00000
    -20.795        -0.41883     0.00000    -0.41883     0.00000
    -20.645        -0.44538     0.00000    -0.44538     0.00000
    -20.495        -0.47607     0.00000    -0.47607     0.00000
    -20.345        -0.50674     0.00000    -0.50674     0.00000
    -20.195        -0.52754     0.00000    -0.52754     0.00000
    -20.045        -0.54781     0.00000    -0.54781     0.00000
    -19.895        -0.56999     0.00000    -0.56999     0.00000
    -19.745        -0.59257     0.00000    -0.59257     0.00000
    -19.595        -0.61119     0.00000    -0.61119     0.00000
    -19.445        -0.63490     0.00000    -0.63490     0.00000
    -19.295        -0.64971     0.00000    -0.64971     0.00000
    -19.145        -0.66959     0.00000    -0.66959     0.00000
    -18.995        -0.68757     0.00000    -0.68757     0.00000
    -18.845        -0.70226     0.00000    -0.70226     0.00000
    -18.695        -0.71647     0.00000    -0.71647     0.00000
    -18.545        -0.73023     0.00000    -0.73023     0.00000
    -18.395        -0.74522     0.00000    -0.74522     0.00000
    -18.245        -0.75797     0.00000    -0.75797     0.00000
    -18.095        -0.76889     0.00000    -0.76889     0.00000
    -17.945        -0.77932     0.00000    -0.77932     0.00000
    -17.795        -0.79066     0.00000    -0.79066     0.00000
    -17.645        -0.80375     0.00000    -0.80375     0.00000
    -17.495        -0.81465     0.00000    -0.81465     0.00000
    -17.345        -0.82726     0.00000    -0.82726     0.00000
    -17.195        -0.83768     0.00000    -0.83768     0.00000
    -17.045        -0.84814     0.00000    -0.84814     0.00000
    -16.895        -0.85528     0.00000    -0.85528     0.00000
    -16.745        -0.86197     0.00000    -0.86197     0.00000
    -16.595        -0.86998     0.00000    -0.86998     0.00000
    -16.445        -0.87755     0.00000    -0.87755     0.00000
    -16.295        -0.88568     0.00000    -0.88568     0.00000
    -16.145        -0.89533     0.00000    -0.89533     0.00000
    -15.995        -0.90123     0.00000    -0.90123     0.00000
    -15.845        -0.91101     0.00000    -0.91101     0.00000
    -15.695        -0.91634     0.00000    -0.91634     0.00000
    -15.545        -0.92376     0.00000    -0.92376     0.00000
    -15.395        -0.92981     0.00000    -0.92981     0.00000
    -15.245        -0.93734     0.00000    -0.93734     0.00000
    -15.095        -0.94204     0.00000    -0.94204     0.00000
    -14.945        -0.95162     0.00000    -0.95162     0.00000
    -14.795        -0.96018     0.00000    -0.96018     0.00000
    -14.645        -0.96750     0.00000    -0.96750     0.00000
    -14.495        -0.97307     0.00000    -0.97307     0.00000
    -14.345        -0.98182     0.00000    -0.98182     0.00000
    -14.195        -0.98982     0.00000    -0.98982     0.00000
    -14.045        -1.00060     0.00000    -1.00061     0.00000
    -13.895        -1.00776     0.00000    -1.00776     0.00000
    -13.745        -1.01888    -0.00157    -1.01731     0.00000
    -13.595        -1.02920    -0.00262    -1.02659     0.00000
    -13.445        -1.03700    -0.00375    -1.03325     0.00000
    -13.295        -1.04790    -0.00470    -1.04320     0.00000
    -13.145        -1.06070    -0.00620    -1.05450     0.00000
    -12.995        -1.07932    -0.01306    -1.06626     0.00000
    -12.845        -1.09694    -0.02035    -1.07659     0.00000
    -12.695        -1.11904    -0.03116    -1.08788     0.00000
    -12.545        -1.14798    -0.04367    -1.10431     0.00000
    -12.395        -1.17994    -0.06093    -1.11901     0.00000
    -12.245        -1.20996    -0.07922    -1.13074     0.00000
    -12.095        -1.24830    -0.09981    -1.14850     0.00000
    -11.945        -1.28822    -0.12394    -1.16428     0.00000
    -11.795        -1.32721    -0.14858    -1.17863     0.00000
    -11.645        -1.36830    -0.17331    -1.19500     0.00000
    -11.495        -1.41584    -0.20244    -1.21340     0.00000
    -11.345        -1.46365    -0.23198    -1.23167     0.00000
    -11.195        -1.51377    -0.26426    -1.24951     0.00000
    -11.045        -1.56476    -0.29716    -1.26760     0.00000
    -10.895        -1.62398    -0.33462    -1.28936     0.00000
    -10.745        -1.68293    -0.37166    -1.31127     0.00000
    -10.595        -1.75090    -0.41618    -1.33472     0.00000
    -10.445        -1.81857    -0.46183    -1.35675     0.00000
    -10.295        -1.89111    -0.50826    -1.38285     0.00000
    -10.145        -1.96719    -0.55732    -1.40987     0.00000
    -9.9950        -2.04185    -0.60626    -1.43559     0.00000
    -9.8450        -2.12450    -0.65930    -1.46520     0.00000
    -9.6950        -2.21044    -0.71424    -1.49620     0.00000
    -9.5450        -2.30515    -0.77401    -1.53114     0.00000
    -9.3950        -2.39977    -0.83399    -1.56578     0.00000
    -9.2450        -2.49307    -0.89183    -1.60124     0.00000
    -9.0950        -2.59166    -0.95204    -1.63962     0.00000
    -8.9450        -2.69315    -1.01014    -1.68301     0.00000
    -8.7950        -2.79894    -1.07418    -1.72476     0.00000
    -8.6450        -2.90730    -1.13802    -1.76928     0.00000
    -8.4950        -3.02286    -1.20453    -1.81833     0.00000
    -8.3450        -3.13743    -1.27293    -1.86450     0.00000
    -8.1950        -3.26066    -1.33976    -1.92090     0.00000
    -8.0450        -3.38399    -1.40937    -1.97435    -0.00028
    -7.8950        -3.51230    -1.48315    -2.02844    -0.00072
    -7.7450        -3.63909    -1.55257    -2.08438    -0.00214
    -7.5950        -3.77104    -1.62387    -2.14201    -0.00516
    -7.4450        -3.90262    -1.70038    -2.19093    -0.01131
    -7.2950        -4.04151    -1.77673    -2.24315    -0.02163
    -7.1450        -4.19360    -1.85626    -2.29764    -0.03970
    -6.9950        -4.34564    -1.92829    -2.35168    -0.06567
    -6.8450        -4.51617    -2.00057    -2.41032    -0.10529
    -6.6950        -4.70685    -2.07613    -2.46919    -0.16152
    -6.5450        -4.91391    -2.15657    -2.53153    -0.22582
    -6.3950        -5.14236    -2.23376    -2.59639    -0.31220
    -6.2450        -5.39208    -2.31746    -2.66381    -0.41081
    -6.0950        -5.67006    -2.40490    -2.73061    -0.53454
    -5.9450        -5.98275    -2.49059    -2.80152    -0.69064
    -5.7950        -6.35786    -2.57796    -2.87972    -0.90018
    -5.6450        -6.80101    -2.66388    -2.95756    -1.17958
    -5.4950        -7.30925    -2.75538    -3.04225    -1.51161
    -5.3450        -7.85694    -2.84492    -3.12554    -1.88649
    -5.1950        -8.47072    -2.93910    -3.21814    -2.31347
    -5.0450        -9.12387    -3.03086    -3.31236    -2.78065
    -4.8950        -9.82600    -3.12889    -3.41198    -3.28512
    -4.7450       -10.54037    -3.22863    -3.51968    -3.79206
    -4.5950       -11.28890    -3.33339    -3.63006    -4.32545
    -4.4450       -12.07246    -3.44684    -3.74665    -4.87898
    -4.2950       -12.87804    -3.56229    -3.87508    -5.44067
    -4.1450       -13.70800    -3.68336    -4.00544    -6.01919
    -3.9950       -14.54946    -3.80908    -4.14931    -6.59107
    -3.8450       -15.41393    -3.93674    -4.30016    -7.17703
    -3.6950       -16.28451    -4.07182    -4.44844    -7.76424
    -3.5450       -17.19831    -4.21415    -4.61288    -8.37128
    -3.3950       -18.15232    -4.36596    -4.78372    -9.00263
    -3.2450       -19.15193    -4.53225    -4.96843    -9.65125
    -3.0950       -20.18774    -4.70969    -5.15960   -10.31845
    -2.9450       -21.27756    -4.89337    -5.36606   -11.01812
    -2.7950       -22.41814    -5.09139    -5.58391   -11.74284
    -2.6450       -23.62944    -5.30195    -5.81827   -12.50922
    -2.4950       -24.91847    -5.51903    -6.07010   -13.32934
    -2.3450       -26.31410    -5.74870    -6.33796   -14.22744
    -2.1950       -27.80973    -5.98862    -6.62723   -15.19388
    -2.0450       -29.40607    -6.23652    -6.93741   -16.23214
    -1.8950       -31.11797    -6.50491    -7.27087   -17.34220
    -1.7450       -32.94129    -6.79007    -7.62108   -18.53014
    -1.5950       -34.91141    -7.09048    -7.99566   -19.82527
    -1.4450       -37.03650    -7.40951    -8.41048   -21.21650
    -1.2950       -39.37976    -7.75769    -8.86540   -22.75668
    -1.1450       -41.98967    -8.13350    -9.38572   -24.47045
   -0.99500       -44.91714    -8.54391    -9.97707   -26.39616
   -0.84500       -48.32569    -9.01349   -10.69276   -28.61944
   -0.69500       -52.30876    -9.55235   -11.52935   -31.22706
   -0.54500       -56.97733   -10.13676   -12.42714   -34.41343
   -0.39500       -62.66204   -10.71811   -13.27841   -38.66552
   -0.25300       -67.27574   -11.03773   -13.70233   -42.53568
   -0.21500       -67.60687   -11.05541   -13.72423   -42.82723
   -0.20900       -67.94465   -11.07294   -13.74551   -43.12619
   -0.20300       -68.28984   -11.08975   -13.76641   -43.43368
   -0.19700       -68.64504   -11.10685   -13.78651   -43.75168
   -0.19100       -69.01020   -11.12348   -13.80615   -44.08057
   -0.18500       -69.38641   -11.13979   -13.82508   -44.42154
   -0.17900       -69.77290   -11.15577   -13.84314   -44.77400
   -0.17300       -70.16969   -11.17115   -13.86064   -45.13790
   -0.16700       -70.57882   -11.18610   -13.87749   -45.51523
   -0.16100       -71.00200   -11.20074   -13.89373   -45.90754
   -0.15500       -71.43828   -11.21499   -13.90952   -46.31378
   -0.14900       -71.89042   -11.22877   -13.92472   -46.73692
   -0.14300       -72.35750   -11.24207   -13.93907   -47.17637
   -0.13700       -72.84046   -11.25484   -13.95329   -47.63233
   -0.13100       -73.34254   -11.26719   -13.96659   -48.10876
   -0.12500       -73.86409   -11.27909   -13.97940   -48.60561
   -0.11900       -74.40479   -11.29060   -13.99159   -49.12260
   -0.11300       -74.96826   -11.30158   -14.00306   -49.66362
   -0.10700       -75.55509   -11.31214   -14.01382   -50.22913
   -0.10100       -76.16611   -11.32202   -14.02406   -50.82003
   -0.95000E-01   -76.80520   -11.33131   -14.03382   -51.44007
   -0.89000E-01   -77.47167   -11.34031   -14.04272   -52.08863
   -0.83000E-01   -78.16868   -11.34856   -14.05122   -52.76891
   -0.77000E-01   -78.89820   -11.35632   -14.05905   -53.48283
   -0.71000E-01   -79.66410   -11.36353   -14.06632   -54.23425
   -0.65000E-01   -80.46931   -11.37009   -14.07286   -55.02637
   -0.59000E-01   -81.31801   -11.37605   -14.07873   -55.86324
   -0.53000E-01   -82.21593   -11.38134   -14.08418   -56.75041
   -0.47000E-01   -83.17030   -11.38600   -14.08893   -57.69538
   -0.41000E-01   -84.17332   -11.39012   -14.09303   -58.69017
   -0.35000E-01   -85.20832   -11.39367   -14.09652   -59.71813
   -0.29000E-01   -86.24604   -11.39661   -14.09941   -60.75002
   -0.23000E-01   -87.20755   -11.39895   -14.10168   -61.70691
   -0.19700E-01   -87.29527   -11.39916   -14.10188   -61.79423
   -0.19100E-01   -87.38109   -11.39935   -14.10206   -61.87967
   -0.18500E-01   -87.46512   -11.39953   -14.10226   -61.96333
   -0.17900E-01   -87.54716   -11.39971   -14.10243   -62.04502
   -0.17300E-01   -87.62699   -11.39988   -14.10261   -62.12450
   -0.16700E-01   -87.70461   -11.40006   -14.10278   -62.20177
   -0.16100E-01   -87.78005   -11.40022   -14.10294   -62.27689
   -0.15500E-01   -87.85308   -11.40038   -14.10311   -62.34960
   -0.14900E-01   -87.92385   -11.40053   -14.10325   -62.42007
   -0.14300E-01   -87.99223   -11.40067   -14.10340   -62.48816
   -0.13700E-01   -88.05810   -11.40081   -14.10353   -62.55376
   -0.13100E-01   -88.12142   -11.40094   -14.10367   -62.61681
   -0.12500E-01   -88.18228   -11.40107   -14.10380   -62.67742
   -0.11900E-01   -88.24045   -11.40119   -14.10392   -62.73534
   -0.11300E-01   -88.29622   -11.40131   -14.10404   -62.79088
   -0.10700E-01   -88.34924   -11.40141   -14.10415   -62.84368
   -0.10100E-01   -88.39932   -11.40152   -14.10424   -62.89356
   -0.95000E-02   -88.44671   -11.40161   -14.10434   -62.94076
   -0.89000E-02   -88.49140   -11.40170   -14.10443   -62.98527
   -0.83000E-02   -88.53311   -11.40179   -14.10451   -63.02681
   -0.77000E-02   -88.57203   -11.40187   -14.10459   -63.06557
   -0.71000E-02   -88.60798   -11.40194   -14.10466   -63.10138
   -0.65000E-02   -88.64100   -11.40201   -14.10472   -63.13426
   -0.59000E-02   -88.67113   -11.40207   -14.10478   -63.16427
   -0.53000E-02   -88.69815   -11.40212   -14.10484   -63.19119
   -0.47000E-02   -88.72228   -11.40217   -14.10488   -63.21522
   -0.41000E-02   -88.74324   -11.40221   -14.10492   -63.23610
   -0.35000E-02   -88.76121   -11.40225   -14.10496   -63.25400
   -0.29000E-02   -88.77615   -11.40228   -14.10499   -63.26889
   -0.23000E-02   -88.78799   -11.40230   -14.10501   -63.28068
   -0.17000E-02   -88.79675   -11.40232   -14.10503   -63.28940
   -0.11000E-02   -88.80242   -11.40233   -14.10504   -63.29504
   -0.50000E-03   -88.80499   -11.40234   -14.10505   -63.29761
    0.10000E-03   -88.80448   -11.40234   -14.10505   -63.29709
    0.70000E-03   -88.80086   -11.40233   -14.10504   -63.29349
    0.13000E-02   -88.79417   -11.40232   -14.10503   -63.28683
    0.19000E-02   -88.78439   -11.40230   -14.10501   -63.27708
    0.25000E-02   -88.77148   -11.40227   -14.10498   -63.26423
    0.31000E-02   -88.75552   -11.40224   -14.10495   -63.24833
    0.37000E-02   -88.73653   -11.40220   -14.10492   -63.22942
    0.43000E-02   -88.71454   -11.40216   -14.10487   -63.20752
    0.49000E-02   -88.68949   -11.40210   -14.10482   -63.18256
    0.55000E-02   -88.66139   -11.40205   -14.10477   -63.15458
    0.61000E-02   -88.63028   -11.40200   -14.10471   -63.12357
    0.67000E-02   -88.59618   -11.40192   -14.10464   -63.08962
    0.73000E-02   -88.55929   -11.40185   -14.10456   -63.05288
    0.79000E-02   -88.51942   -11.40177   -14.10448   -63.01317
    0.85000E-02   -88.47663   -11.40169   -14.10440   -62.97055
    0.91000E-02   -88.43101   -11.40159   -14.10431   -62.92511
    0.97000E-02   -88.38266   -11.40149   -14.10421   -62.87696
    0.10300E-01   -88.33159   -11.40139   -14.10411   -62.82610
    0.10900E-01   -88.27765   -11.40128   -14.10400   -62.77237
    0.11500E-01   -88.22099   -11.40116   -14.10388   -62.71594
    0.12100E-01   -88.16176   -11.40104   -14.10376   -62.65696
    0.12700E-01   -88.09986   -11.40091   -14.10363   -62.59532
    0.13300E-01   -88.03550   -11.40077   -14.10350   -62.53123
    0.13900E-01   -87.96851   -11.40063   -14.10336   -62.46452
    0.14500E-01   -87.89890   -11.40049   -14.10320   -62.39521
    0.15100E-01   -87.82714   -11.40033   -14.10305   -62.32376
    0.15700E-01   -87.75306   -11.40017   -14.10290   -62.24998
    0.16300E-01   -87.67659   -11.40001   -14.10273   -62.17385
    0.16900E-01   -87.59821   -11.39983   -14.10256   -62.09582
    0.17500E-01   -87.51741   -11.39965   -14.10238   -62.01538
    0.18100E-01   -87.43478   -11.39946   -14.10219   -61.93314
    0.18700E-01   -87.35003   -11.39927   -14.10200   -61.84876
    0.19300E-01   -87.26341   -11.39907   -14.10180   -61.76254
    0.20200E-01   -86.90976   -11.39825   -14.10098   -61.41052
    0.25000E-01   -85.90660   -11.39569   -14.09837   -60.41254
    0.31000E-01   -84.85963   -11.39251   -14.09520   -59.37192
    0.37000E-01   -83.82861   -11.38862   -14.09144   -58.34855
    0.43000E-01   -82.83825   -11.38422   -14.08698   -57.36704
    0.49000E-01   -81.90364   -11.37917   -14.08204   -56.44243
    0.55000E-01   -81.02541   -11.37360   -14.07640   -55.57541
    0.61000E-01   -80.19932   -11.36732   -14.07022   -54.76179
    0.67000E-01   -79.41555   -11.36044   -14.06345   -53.99166
    0.73000E-01   -78.67151   -11.35296   -14.05615   -53.26239
    0.79000E-01   -77.96251   -11.34495   -14.04815   -52.56941
    0.85000E-01   -77.28511   -11.33624   -14.03943   -51.90943
    0.91000E-01   -76.64021   -11.32698   -14.03024   -51.28298
    0.97000E-01   -76.02439   -11.31714   -14.02037   -50.68688
    0.10300       -75.43327   -11.30661   -14.01010   -50.11656
    0.10900       -74.86774   -11.29543   -13.99918   -49.57313
    0.11500       -74.32592   -11.28377   -13.98762   -49.05453
    0.12100       -73.80569   -11.27130   -13.97577   -48.55863
    0.12700       -73.30736   -11.25838   -13.96360   -48.08538
    0.13300       -72.82772   -11.24491   -13.95052   -47.63229
    0.13900       -72.36689   -11.23082   -13.93671   -47.19936
    0.14500       -71.92406   -11.21569   -13.92279   -46.78558
    0.15100       -71.49832   -11.20006   -13.90854   -46.38973
    0.15700       -71.08877   -11.18394   -13.89398   -46.01086
    0.16300       -70.69294   -11.16703   -13.87883   -45.64709
    0.16900       -70.31054   -11.14937   -13.86313   -45.29804
    0.17500       -69.94159   -11.13112   -13.84691   -44.96356
    0.18100       -69.58481   -11.11210   -13.83042   -44.64229
    0.18700       -69.24013   -11.09302   -13.81339   -44.33372
    0.19300       -68.90410   -11.07308   -13.79574   -44.03528
    0.19900       -68.58027   -11.05260   -13.77787   -43.74980
    0.20500       -68.26672   -11.03180   -13.75998   -43.47494
    0.21100       -67.96147   -11.01002   -13.74166   -43.20979
    0.21700       -67.66639   -10.98773   -13.72364   -42.95501
    0.29500       -61.74008   -10.27116   -13.18985   -38.27906
    0.44500       -57.66236    -9.38039   -12.60678   -35.67519
    0.59500       -54.52001    -8.51455   -12.03857   -33.96690
    0.74500       -52.01465    -7.74028   -11.53010   -32.74427
    0.89500       -49.95875    -7.07858   -11.07971   -31.80046
     1.0450       -48.21294    -6.50764   -10.67258   -31.03271
     1.1950       -46.70585    -5.99972   -10.29843   -30.40770
     1.3450       -45.37654    -5.54382    -9.94889   -29.88383
     1.4950       -44.20360    -5.12699    -9.62653   -29.45008
     1.6450       -43.15782    -4.75004    -9.32748   -29.08030
     1.7950       -42.21744    -4.40893    -9.04861   -28.75991
     1.9450       -41.35483    -4.09436    -8.78391   -28.47655
     2.0950       -40.56647    -3.80711    -8.53539   -28.22396
     2.2450       -39.84432    -3.54230    -8.30220   -27.99982
     2.3950       -39.18255    -3.29580    -8.08169   -27.80506
     2.5450       -38.57368    -3.06691    -7.87561   -27.63116
     2.6950       -38.00779    -2.85331    -7.67933   -27.47515
     2.8450       -37.48278    -2.65528    -7.49242   -27.33507
     2.9950       -36.99002    -2.46991    -7.31603   -27.20409
     3.1450       -36.53531    -2.29707    -7.14937   -27.08887
     3.2950       -36.10974    -2.13628    -6.98873   -26.98473
     3.4450       -35.71269    -1.98783    -6.83514   -26.88972
     3.5950       -35.34178    -1.85122    -6.69115   -26.79941
     3.7450       -34.98727    -1.72217    -6.55038   -26.71472
     3.8950       -34.65481    -1.60071    -6.41714   -26.63696
     4.0450       -34.34747    -1.49014    -6.29094   -26.56639
     4.1950       -34.05671    -1.38464    -6.17153   -26.50054
     4.3450       -33.77778    -1.28581    -6.05673   -26.43524
     4.4950       -33.51505    -1.19198    -5.94872   -26.37436
     4.6450       -33.26457    -1.10443    -5.84473   -26.31540
     4.7950       -33.02546    -1.02139    -5.74699   -26.25708
     4.9450       -32.79340    -0.94332    -5.65091   -26.19918
     5.0950       -32.57500    -0.86853    -5.55945   -26.14702
     5.2450       -32.36613    -0.79770    -5.47274   -26.09568
     5.3950       -32.16668    -0.73072    -5.38930   -26.04667
     5.5450       -31.97138    -0.66690    -5.30591   -25.99858
     5.6950       -31.78403    -0.60566    -5.22619   -25.95218
     5.8450       -31.60487    -0.54712    -5.15048   -25.90728
     5.9950       -31.43056    -0.49176    -5.07585   -25.86295
     6.1450       -31.26083    -0.43879    -5.00176   -25.82027
     6.2950       -31.09812    -0.38776    -4.93236   -25.77799
     6.4450       -30.93984    -0.33927    -4.86293   -25.73763
     6.5950       -30.78820    -0.29303    -4.79700   -25.69817
     6.7450       -30.63969    -0.24857    -4.73257   -25.65856
     6.8950       -30.49613    -0.20664    -4.66917   -25.62032
     7.0450       -30.35520    -0.16578    -4.60605   -25.58337
     7.1950       -30.22205    -0.12684    -4.54800   -25.54722
     7.3450       -30.09213    -0.08921    -4.49110   -25.51183
     7.4950       -29.96646    -0.05295    -4.43632   -25.47719
     7.6450       -29.84239    -0.01864    -4.38061   -25.44315
     7.7950       -29.72228     0.01438    -4.32754   -25.40912
     7.9450       -29.60704     0.04657    -4.27719   -25.37643
     8.0950       -29.49529     0.07667    -4.22761   -25.34435
     8.2450       -29.38700     0.10480    -4.17885   -25.31295
     8.3950       -29.27855     0.13367    -4.13019   -25.28203
     8.5450       -29.17928     0.15780    -4.08540   -25.25168
     8.6950       -29.07681     0.18350    -4.03850   -25.22180
     8.8450       -28.98200     0.20565    -3.99521   -25.19245
     8.9950       -28.88897     0.22766    -3.95303   -25.16360
     9.1450       -28.79982     0.24821    -3.91283   -25.13520
     9.2950       -28.71607     0.26403    -3.87277   -25.10732
     9.4450       -28.63813     0.27974    -3.83802   -25.07985
     9.5950       -28.56531     0.29082    -3.80332   -25.05281
     9.7450       -28.49009     0.30646    -3.77042   -25.02613
     9.8950       -28.41509     0.32134    -3.73656   -24.99987
     10.045       -28.34731     0.33244    -3.70561   -24.97415
     10.195       -28.27904     0.34240    -3.67269   -24.94874
     10.345       -28.21513     0.35230    -3.64380   -24.92363
     10.495       -28.15406     0.35803    -3.61318   -24.89891
     10.645       -28.08765     0.36917    -3.58222   -24.87460
     10.795       -28.03088     0.37786    -3.55809   -24.85065
     10.945       -27.98262     0.38353    -3.53917   -24.82698
     11.095       -27.93418     0.38748    -3.51804   -24.80362
     11.245       -27.88427     0.38954    -3.49323   -24.78058
     11.395       -27.83020     0.39685    -3.46923   -24.75782
     11.545       -27.78401     0.40417    -3.45274   -24.73544
     11.695       -27.74349     0.40605    -3.43621   -24.71333
     11.845       -27.70086     0.41173    -3.42107   -24.69152
     11.995       -27.66529     0.41352    -3.40898   -24.66983
     12.145       -27.62636     0.41735    -3.39522   -24.64850
     12.295       -27.58976     0.41906    -3.38142   -24.62740
     12.445       -27.55347     0.42075    -3.36761   -24.60662
     12.595       -27.51904     0.42242    -3.35540   -24.58606
     12.745       -27.49060     0.42402    -3.34886   -24.56577
     12.895       -27.46236     0.42560    -3.34232   -24.54564
     13.045       -27.43442     0.42714    -3.33579   -24.52578
     13.195       -27.41141     0.42866    -3.33395   -24.50612
     13.345       -27.38872     0.43013    -3.33217   -24.48668
     13.495       -27.36153     0.43158    -3.32565   -24.46747
     13.645       -27.33940     0.43301    -3.32396   -24.44846
     13.795       -27.31510     0.43440    -3.31982   -24.42968
     13.945       -27.29354     0.43578    -3.31823   -24.41109
     14.095       -27.26728     0.43714    -3.31169   -24.39273
     14.245       -27.24372     0.43846    -3.30759   -24.37460
     14.395       -27.22300     0.43975    -3.30614   -24.35661
     14.545       -27.20249     0.44102    -3.30471   -24.33880
     14.695       -27.17954     0.44226    -3.30059   -24.32121
     14.845       -27.15955     0.44350    -3.29925   -24.30380
     14.995       -27.13981     0.44471    -3.29795   -24.28657
     15.145       -27.12025     0.44591    -3.29669   -24.26947
     15.295       -27.09813     0.44709    -3.29261   -24.25261
     15.445       -27.07906     0.44823    -3.29142   -24.23588
     15.595       -27.06014     0.44938    -3.29025   -24.21927
     15.745       -27.04147     0.45050    -3.28913   -24.20285
     15.895       -27.02299     0.45160    -3.28801   -24.18659
     16.045       -27.00468     0.45269    -3.28693   -24.17044
     16.195       -26.98670     0.45377    -3.28590   -24.15456
     16.345       -26.96881     0.45483    -3.28489   -24.13875
     16.495       -26.95119     0.45587    -3.28392   -24.12314
     16.645       -26.93369     0.45691    -3.28296   -24.10763
     16.795       -26.91636     0.45792    -3.28202   -24.09226
     16.945       -26.89927     0.45892    -3.28112   -24.07708
     17.095       -26.88224     0.45991    -3.28021   -24.06194
     17.245       -26.86546     0.46088    -3.27935   -24.04699
     17.395       -26.84878     0.46184    -3.27850   -24.03211
     17.545       -26.83227     0.46279    -3.27770   -24.01735
     17.695       -26.81595     0.46373    -3.27689   -24.00279
     17.845       -26.79976     0.46467    -3.27611   -23.98832
     17.995       -26.78370     0.46559    -3.27535   -23.97394
     18.145       -26.76782     0.46649    -3.27461   -23.95971
     18.295       -26.75208     0.46739    -3.27388   -23.94560
     18.445       -26.73645     0.46829    -3.27316   -23.93158
     18.595       -26.72108     0.46916    -3.27248   -23.91776
     18.745       -26.70579     0.47002    -3.27180   -23.90402
     18.895       -26.69063     0.47088    -3.27115   -23.89037
     19.045       -26.67556     0.47174    -3.27049   -23.87681
     19.195       -26.66064     0.47259    -3.26985   -23.86337
     19.345       -26.64582     0.47342    -3.26923   -23.85002
     19.495       -26.63121     0.47425    -3.26864   -23.83682
     19.645       -26.61666     0.47507    -3.26806   -23.82367
     19.795       -26.60225     0.47588    -3.26748   -23.81066
     19.945       -26.58798     0.47667    -3.26690   -23.79776
     20.095       -26.57386     0.47745    -3.26635   -23.78497
     20.245       -26.55980     0.47824    -3.26581   -23.77223
     20.395       -26.54584     0.47902    -3.26528   -23.75958
     20.545       -26.53204     0.47979    -3.26477   -23.74706
     20.695       -26.51834     0.48054    -3.26426   -23.73463
     20.845       -26.50478     0.48130    -3.26377   -23.72231
     20.995       -26.49132     0.48205    -3.26328   -23.71008
     21.145       -26.47799     0.48278    -3.26281   -23.69797
     21.295       -26.46473     0.48352    -3.26234   -23.68592
     21.445       -26.45155     0.48424    -3.26189   -23.67390
     21.595       -26.43847     0.48495    -3.26143   -23.66199
     21.745       -26.42545     0.48567    -3.26098   -23.65014
     21.895       -26.41253     0.48638    -3.26053   -23.63838
     22.045       -26.39974     0.48708    -3.26012   -23.62671
     22.195       -26.38709     0.48778    -3.25969   -23.61519
     22.345       -26.37449     0.48847    -3.25927   -23.60369
     22.495       -26.36204     0.48915    -3.25887   -23.59233
     22.645       -26.34961     0.48983    -3.25847   -23.58097
     22.795       -26.33731     0.49051    -3.25808   -23.56974
     22.945       -26.32510     0.49116    -3.25770   -23.55856
     23.095       -26.31296     0.49182    -3.25732   -23.54746
     23.245       -26.30091     0.49248    -3.25694   -23.53646
     23.395       -26.28895     0.49312    -3.25658   -23.52549
     23.545       -26.27706     0.49376    -3.25621   -23.51461
     23.695       -26.26525     0.49439    -3.25586   -23.50379
     23.845       -26.25350     0.49504    -3.25552   -23.49302
     23.995       -26.24186     0.49566    -3.25518   -23.48234
     24.145       -26.23028     0.49627    -3.25485   -23.47171
     24.295       -26.21881     0.49689    -3.25450   -23.46120
     24.445       -26.20738     0.49751    -3.25417   -23.45071
     24.595       -26.19605     0.49811    -3.25385   -23.44031
     24.745       -26.18474     0.49872    -3.25354   -23.42993
     24.895       -26.17358     0.49933    -3.25323   -23.41967
     25.045       -26.16247     0.49992    -3.25293   -23.40947
     25.195       -26.15140     0.50051    -3.25262   -23.39928
     25.345       -26.14039     0.50110    -3.25232   -23.38917
     25.495       -26.12946     0.50169    -3.25202   -23.37912
     25.645       -26.11859     0.50226    -3.25173   -23.36912
     25.795       -26.10779     0.50283    -3.25144   -23.35919
     25.945       -26.09709     0.50340    -3.25115   -23.34933
     26.095       -26.08646     0.50397    -3.25089   -23.33954
     26.245       -26.07585     0.50453    -3.25061   -23.32977
     26.395       -26.06536     0.50509    -3.25036   -23.32009
     26.545       -26.05486     0.50564    -3.25010   -23.31040
     26.695       -26.04444     0.50620    -3.24983   -23.30080
     26.845       -26.03410     0.50674    -3.24956   -23.29129
     26.995       -26.02381     0.50728    -3.24929   -23.28180
     27.145       -26.01362     0.50782    -3.24903   -23.27240
     27.295       -26.00347     0.50835    -3.24878   -23.26304
     27.445       -25.99341     0.50888    -3.24853   -23.25376
     27.595       -25.98339     0.50941    -3.24829   -23.24452
     27.745       -25.97341     0.50993    -3.24804   -23.23530
     27.895       -25.96350     0.51046    -3.24781   -23.22615
     28.045       -25.95365     0.51098    -3.24758   -23.21706
     28.195       -25.94383     0.51149    -3.24734   -23.20798
     28.345       -25.93406     0.51200    -3.24711   -23.19895
     28.495       -25.92438     0.51251    -3.24688   -23.19001
     28.645       -25.91471     0.51301    -3.24665   -23.18107
     28.795       -25.90509     0.51351    -3.24643   -23.17217
     28.945       -25.89555     0.51401    -3.24620   -23.16336
     29.095       -25.88608     0.51451    -3.24598   -23.15461
     29.245       -25.87665     0.51501    -3.24576   -23.14590
     29.395       -25.86729     0.51550    -3.24554   -23.13725
     29.545       -25.85795     0.51598    -3.24533   -23.12860
     29.695       -25.84867     0.51647    -3.24512   -23.12002
     29.845       -25.83947     0.51695    -3.24491   -23.11151
     29.995       -25.83031     0.51742    -3.24472   -23.10301
     30.145       -25.82117     0.51790    -3.24451   -23.09457
     35.794       -25.22075     0.54869    -3.23294   -22.53649
     49.810       -24.63165     0.57809    -3.22365   -21.98609
     69.316       -24.05466     0.60638    -3.21564   -21.44540
     96.460       -23.48984     0.63382    -3.20842   -20.91524
     134.23       -22.93836     0.66033    -3.20171   -20.39698
     186.80       -22.40108     0.68601    -3.19541   -19.89168
     259.95       -21.87800     0.71089    -3.18943   -19.39946
     361.74       -21.36991     0.73490    -3.18370   -18.92111
     503.40       -20.87645     0.75810    -3.17830   -18.45626
     700.53       -20.39765     0.78051    -3.17300   -18.00516
     974.85       -19.93364     0.80210    -3.16793   -17.56781
     1356.6       -19.48410     0.82289    -3.16303   -17.14396
     1887.8       -19.04795     0.84293    -3.15838   -16.73250
     2627.1       -18.62551     0.86218    -3.15386   -16.33384
     3655.9       -18.21607     0.88073    -3.14953   -15.94727
     5087.5       -17.81918     0.89862    -3.14541   -15.57239
     7079.7       -17.43418     0.91577    -3.14145   -15.20850
     9852.1       -17.06137     0.93226    -3.13765   -14.85598
     13710.       -16.70095     0.94820    -3.13408   -14.51507
     19079.       -16.35288     0.96356    -3.13070   -14.18574
     26550.       -16.01646     0.97839    -3.12744   -13.86740
     36947.       -15.69230     0.99264    -3.12437   -13.56058
     51416.       -15.38142     1.00642    -3.12149   -13.26635
     71550.       -15.08419     1.01977    -3.11876   -12.98520
     99568.       -14.79984     1.03265    -3.11624   -12.71626
    0.13856E+06   -14.52726     1.04510    -3.11386   -12.45851
    0.19282E+06   -14.26689     1.05712    -3.11163   -12.21237
    0.26832E+06   -14.01827     1.06873    -3.10958   -11.97742
    0.37340E+06   -13.78097     1.07993    -3.10773   -11.75317
    0.51962E+06   -13.55413     1.09072    -3.10594   -11.53891
    0.72310E+06   -13.33715     1.10107    -3.10433   -11.33388
    0.10063E+07   -13.13003     1.11096    -3.10286   -11.13813
    0.14003E+07   -12.93282     1.12037    -3.10145   -10.95174
    0.19487E+07   -12.74514     1.12940    -3.10023   -10.77432
    0.27118E+07   -12.56617     1.13801    -3.09910   -10.60508
    0.37737E+07   -12.39594     1.14625    -3.09801   -10.44418
    0.52514E+07   -12.23363     1.15413    -3.09704   -10.29072
    0.73079E+07   -12.07925     1.16162    -3.09616   -10.14471
    0.10170E+08   -11.93249     1.16877    -3.09536   -10.00590
    0.14152E+08   -11.79282     1.17561    -3.09465    -9.87378
    0.19694E+08   -11.65998     1.18212    -3.09400    -9.74811
    0.27406E+08   -11.53367     1.18830    -3.09345    -9.62852
    0.38138E+08   -11.41358     1.19419    -3.09292    -9.51486
    0.53073E+08   -11.29957     1.19982    -3.09244    -9.40695
    0.73856E+08   -11.19196     1.20516    -3.09199    -9.30514
    0.10278E+09   -11.09068     1.21024    -3.09160    -9.20931
    0.14302E+09   -10.99614     1.21507    -3.09124    -9.11997
    0.19903E+09   -10.90855     1.21968    -3.09093    -9.03730
    0.27697E+09   -10.82761     1.22406    -3.09064    -8.96103
    0.38543E+09   -10.75261     1.22822    -3.09038    -8.89045
    0.53637E+09   -10.68288     1.23218    -3.09016    -8.82490
    0.74641E+09   -10.61882     1.23593    -3.08994    -8.76481
    0.10387E+10   -10.56027     1.23948    -3.08976    -8.70999
    0.14454E+10   -10.50647     1.24283    -3.08959    -8.65972
    0.20115E+10   -10.45693     1.24596    -3.08943    -8.61347
    0.27992E+10   -10.41129     1.24888    -3.08928    -8.57090
    0.38953E+10   -10.36931     1.25159    -3.08916    -8.53174
    0.54207E+10   -10.33068     1.25408    -3.08904    -8.49571
    0.75434E+10   -10.29505     1.25638    -3.08894    -8.46250
    0.10497E+11   -10.26224     1.25850    -3.08885    -8.43189
    0.14608E+11   -10.23211     1.26042    -3.08876    -8.40378
    0.20329E+11   -10.20433     1.26220    -3.08867    -8.37786
    0.28289E+11   -10.17875     1.26384    -3.08860    -8.35399
    0.39367E+11   -10.15518     1.26533    -3.08853    -8.33199
    0.54783E+11   -10.13352     1.26673    -3.08847    -8.31177
    0.10000E+12    -9.88153     1.28271    -3.08782    -8.07642
