    -44.945         0.00000     0.00000     0.00000     0.00000
    -44.795         0.00000     0.00000     0.00000     0.00000
    -44.645         0.00000     0.00000     0.00000     0.00000
    -44.495         0.00000     0.00000     0.00000     0.00000
    -44.345         0.00000     0.00000     0.00000     0.00000
    -44.195         0.00000     0.00000     0.00000     0.00000
    -44.045         0.00000     0.00000     0.00000     0.00000
    -43.895         0.00000     0.00000     0.00000     0.00000
    -43.745         0.00000     0.00000     0.00000     0.00000
    -43.595         0.00000     0.00000     0.00000     0.00000
    -43.445         0.00000     0.00000     0.00000     0.00000
    -43.295         0.00000     0.00000     0.00000     0.00000
    -43.145         0.00000     0.00000     0.00000     0.00000
    -42.995         0.00000     0.00000     0.00000     0.00000
    -42.845         0.00000     0.00000     0.00000     0.00000
    -42.695         0.00000     0.00000     0.00000     0.00000
    -42.545         0.00000     0.00000     0.00000     0.00000
    -42.395         0.00000     0.00000     0.00000     0.00000
    -42.245         0.00000     0.00000     0.00000     0.00000
    -42.095         0.00000     0.00000     0.00000     0.00000
    -41.945         0.00000     0.00000     0.00000     0.00000
    -41.795         0.00000     0.00000     0.00000     0.00000
    -41.645         0.00000     0.00000     0.00000     0.00000
    -41.495         0.00000     0.00000     0.00000     0.00000
    -41.345         0.00000     0.00000     0.00000     0.00000
    -41.195         0.00000     0.00000     0.00000     0.00000
    -41.045         0.00000     0.00000     0.00000     0.00000
    -40.895         0.00000     0.00000     0.00000     0.00000
    -40.745         0.00000     0.00000     0.00000     0.00000
    -40.595         0.00000     0.00000     0.00000     0.00000
    -40.445         0.00000     0.00000     0.00000     0.00000
    -40.295         0.00000     0.00000     0.00000     0.00000
    -40.145         0.00000     0.00000     0.00000     0.00000
    -39.995         0.00000     0.00000     0.00000     0.00000
    -39.845         0.00000     0.00000     0.00000     0.00000
    -39.695         0.00000     0.00000     0.00000     0.00000
    -39.545         0.00000     0.00000     0.00000     0.00000
    -39.395         0.00000     0.00000     0.00000     0.00000
    -39.245         0.00000     0.00000     0.00000     0.00000
    -39.095         0.00000     0.00000     0.00000     0.00000
    -38.945         0.00000     0.00000     0.00000     0.00000
    -38.795         0.00000     0.00000     0.00000     0.00000
    -38.645         0.00000     0.00000     0.00000     0.00000
    -38.495         0.00000     0.00000     0.00000     0.00000
    -38.345         0.00000     0.00000     0.00000     0.00000
    -38.195         0.00000     0.00000     0.00000     0.00000
    -38.045         0.00000     0.00000     0.00000     0.00000
    -37.895         0.00000     0.00000     0.00000     0.00000
    -37.745         0.00000     0.00000     0.00000     0.00000
    -37.595         0.00000     0.00000     0.00000     0.00000
    -37.445         0.00000     0.00000     0.00000     0.00000
    -37.295         0.00000     0.00000     0.00000     0.00000
    -37.145         0.00000     0.00000     0.00000     0.00000
    -36.995         0.00000     0.00000     0.00000     0.00000
    -36.845         0.00000     0.00000     0.00000     0.00000
    -36.695         0.00000     0.00000     0.00000     0.00000
    -36.545         0.00000     0.00000     0.00000     0.00000
    -36.395         0.00000     0.00000     0.00000     0.00000
    -36.245         0.00000     0.00000     0.00000     0.00000
    -36.095         0.00000     0.00000     0.00000     0.00000
    -35.945         0.00000     0.00000     0.00000     0.00000
    -35.795         0.00000     0.00000     0.00000     0.00000
    -35.645         0.00000     0.00000     0.00000     0.00000
    -35.495         0.00000     0.00000     0.00000     0.00000
    -35.345         0.00000     0.00000     0.00000     0.00000
    -35.195         0.00000     0.00000     0.00000     0.00000
    -35.045         0.00000     0.00000     0.00000     0.00000
    -34.895         0.00000     0.00000     0.00000     0.00000
    -34.745         0.00000     0.00000     0.00000     0.00000
    -34.595         0.00000     0.00000     0.00000     0.00000
    -34.445         0.00000     0.00000     0.00000     0.00000
    -34.295         0.00000     0.00000     0.00000     0.00000
    -34.145         0.00000     0.00000     0.00000     0.00000
    -33.995         0.00000     0.00000     0.00000     0.00000
    -33.845         0.00000     0.00000     0.00000     0.00000
    -33.695         0.00000     0.00000     0.00000     0.00000
    -33.545         0.00000     0.00000     0.00000     0.00000
    -33.395         0.00000     0.00000     0.00000     0.00000
    -33.245         0.00000     0.00000     0.00000     0.00000
    -33.095         0.00000     0.00000     0.00000     0.00000
    -32.945         0.00000     0.00000     0.00000     0.00000
    -32.795         0.00000     0.00000     0.00000     0.00000
    -32.645         0.00000     0.00000     0.00000     0.00000
    -32.495         0.00000     0.00000     0.00000     0.00000
    -32.345         0.00000     0.00000     0.00000     0.00000
    -32.195         0.00000     0.00000     0.00000     0.00000
    -32.045         0.00000     0.00000     0.00000     0.00000
    -31.895         0.00000     0.00000     0.00000     0.00000
    -31.745         0.00000     0.00000     0.00000     0.00000
    -31.595         0.00000     0.00000     0.00000     0.00000
    -31.445         0.00000     0.00000     0.00000     0.00000
    -31.295         0.00000     0.00000     0.00000     0.00000
    -31.145         0.00000     0.00000     0.00000     0.00000
    -30.995         0.00000     0.00000     0.00000     0.00000
    -30.845         0.00000     0.00000     0.00000     0.00000
    -30.695         0.00000     0.00000     0.00000     0.00000
    -30.545         0.00000     0.00000     0.00000     0.00000
    -30.395         0.00000     0.00000     0.00000     0.00000
    -30.245         0.00000     0.00000     0.00000     0.00000
    -30.095         0.00000     0.00000     0.00000     0.00000
    -29.945         0.00000     0.00000     0.00000     0.00000
    -29.795         0.00000     0.00000     0.00000     0.00000
    -29.645         0.00000     0.00000     0.00000     0.00000
    -29.495         0.00000     0.00000     0.00000     0.00000
    -29.345         0.00000     0.00000     0.00000     0.00000
    -29.195         0.00000     0.00000     0.00000     0.00000
    -29.045         0.00000     0.00000     0.00000     0.00000
    -28.895         0.00000     0.00000     0.00000     0.00000
    -28.745         0.00000     0.00000     0.00000     0.00000
    -28.595         0.00000     0.00000     0.00000     0.00000
    -28.445         0.00000     0.00000     0.00000     0.00000
    -28.295         0.00000     0.00000     0.00000     0.00000
    -28.145         0.00000     0.00000     0.00000     0.00000
    -27.995         0.00000     0.00000     0.00000     0.00000
    -27.845         0.00000     0.00000     0.00000     0.00000
    -27.695         0.00000     0.00000     0.00000     0.00000
    -27.545         0.00000     0.00000     0.00000     0.00000
    -27.395         0.00000     0.00000     0.00000     0.00000
    -27.245         0.00000     0.00000     0.00000     0.00000
    -27.095         0.00000     0.00000     0.00000     0.00000
    -26.945         0.00000     0.00000     0.00000     0.00000
    -26.795         0.00000     0.00000     0.00000     0.00000
    -26.645         0.00000     0.00000     0.00000     0.00000
    -26.495         0.00000     0.00000     0.00000     0.00000
    -26.345         0.00000     0.00000     0.00000     0.00000
    -26.195         0.00000     0.00000     0.00000     0.00000
    -26.045         0.00000     0.00000     0.00000     0.00000
    -25.895         0.00000     0.00000     0.00000     0.00000
    -25.745         0.00000     0.00000     0.00000     0.00000
    -25.595         0.00000     0.00000     0.00000     0.00000
    -25.445         0.00000     0.00000     0.00000     0.00000
    -25.295         0.00000     0.00000     0.00000     0.00000
    -25.145         0.00000     0.00000     0.00000     0.00000
    -24.995         0.00000     0.00000     0.00000     0.00000
    -24.845         0.00000     0.00000     0.00000     0.00000
    -24.695         0.00000     0.00000     0.00000     0.00000
    -24.545         0.00000     0.00000     0.00000     0.00000
    -24.395         0.00000     0.00000     0.00000     0.00000
    -24.245         0.00000     0.00000     0.00000     0.00000
    -24.095         0.00000     0.00000     0.00000     0.00000
    -23.945         0.00000     0.00000     0.00000     0.00000
    -23.795         0.00000     0.00000     0.00000     0.00000
    -23.645         0.00000     0.00000     0.00000     0.00000
    -23.495         0.00000     0.00000     0.00000     0.00000
    -23.345         0.00000     0.00000     0.00000     0.00000
    -23.195         0.00000     0.00000     0.00000     0.00000
    -23.045         0.00000     0.00000     0.00000     0.00000
    -22.895         0.00000     0.00000     0.00000     0.00000
    -22.745         0.00000     0.00000     0.00000     0.00000
    -22.595         0.00000     0.00000     0.00000     0.00000
    -22.445         0.00000     0.00000     0.00000     0.00000
    -22.295         0.00000     0.00000     0.00000     0.00000
    -22.145         0.00000     0.00000     0.00000     0.00000
    -21.995         0.00000     0.00000     0.00000     0.00000
    -21.845         0.00000     0.00000     0.00000     0.00000
    -21.695         0.00000     0.00000     0.00000     0.00000
    -21.545         0.00000     0.00000     0.00000     0.00000
    -21.395         0.00000     0.00000     0.00000     0.00000
    -21.245         0.00000     0.00000     0.00000     0.00000
    -21.095         0.00000     0.00000     0.00000     0.00000
    -20.945         0.00000     0.00000     0.00000     0.00000
    -20.795         0.00000     0.00000     0.00000     0.00000
    -20.645         0.00000     0.00000     0.00000     0.00000
    -20.495         0.00000     0.00000     0.00000     0.00000
    -20.345         0.00000     0.00000     0.00000     0.00000
    -20.195         0.00000     0.00000     0.00000     0.00000
    -20.045         0.00000     0.00000     0.00000     0.00000
    -19.895         0.00000     0.00000     0.00000     0.00000
    -19.745         0.00000     0.00000     0.00000     0.00000
    -19.595         0.00000     0.00000     0.00000     0.00000
    -19.445         0.00000     0.00000     0.00000     0.00000
    -19.295         0.00000     0.00000     0.00000     0.00000
    -19.145         0.00000     0.00000     0.00000     0.00000
    -18.995         0.00000     0.00000     0.00000     0.00000
    -18.845         0.00000     0.00000     0.00000     0.00000
    -18.695         0.00000     0.00000     0.00000     0.00000
    -18.545         0.00000     0.00000     0.00000     0.00000
    -18.395         0.00000     0.00000     0.00000     0.00000
    -18.245         0.00000     0.00000     0.00000     0.00000
    -18.095         0.00000     0.00000     0.00000     0.00000
    -17.945         0.00000     0.00000     0.00000     0.00000
    -17.795         0.00000     0.00000     0.00000     0.00000
    -17.645         0.00000     0.00000     0.00000     0.00000
    -17.495         0.00000     0.00000     0.00000     0.00000
    -17.345         0.00000     0.00000     0.00000     0.00000
    -17.195         0.00000     0.00000     0.00000     0.00000
    -17.045         0.00000     0.00000     0.00000     0.00000
    -16.895        -0.00039     0.00000    -0.00039     0.00000
    -16.745        -0.00115     0.00000    -0.00115     0.00000
    -16.595        -0.00194     0.00000    -0.00194     0.00000
    -16.445        -0.00426     0.00000    -0.00426     0.00000
    -16.295        -0.00741     0.00000    -0.00741     0.00000
    -16.145        -0.01178     0.00000    -0.01178     0.00000
    -15.995        -0.01815     0.00000    -0.01815     0.00000
    -15.845        -0.03092     0.00000    -0.03092     0.00000
    -15.695        -0.04757     0.00000    -0.04757     0.00000
    -15.545        -0.06989     0.00000    -0.06989     0.00000
    -15.395        -0.09362     0.00000    -0.09362     0.00000
    -15.245        -0.11906     0.00000    -0.11906     0.00000
    -15.095        -0.14999     0.00000    -0.14999     0.00000
    -14.945        -0.18182     0.00000    -0.18182     0.00000
    -14.795        -0.21726     0.00000    -0.21726     0.00000
    -14.645        -0.25165     0.00000    -0.25165     0.00000
    -14.495        -0.27715     0.00000    -0.27715     0.00000
    -14.345        -0.30984     0.00000    -0.30984     0.00000
    -14.195        -0.34846     0.00000    -0.34846     0.00000
    -14.045        -0.37797     0.00000    -0.37797     0.00000
    -13.895        -0.41077     0.00000    -0.41077     0.00000
    -13.745        -0.44506     0.00001    -0.44507     0.00000
    -13.595        -0.47835    -0.00072    -0.47763     0.00000
    -13.445        -0.51350    -0.00220    -0.51130     0.00000
    -13.295        -0.54350    -0.00346    -0.54004     0.00000
    -13.145        -0.56729    -0.00659    -0.56071     0.00000
    -12.995        -0.59828    -0.01284    -0.58544     0.00000
    -12.845        -0.63310    -0.02042    -0.61267     0.00000
    -12.695        -0.66388    -0.03244    -0.63144     0.00000
    -12.545        -0.70251    -0.04493    -0.65758     0.00000
    -12.395        -0.74321    -0.06504    -0.67817     0.00000
    -12.245        -0.78053    -0.08269    -0.69784     0.00000
    -12.095        -0.82653    -0.10489    -0.72164     0.00000
    -11.945        -0.87465    -0.12895    -0.74570     0.00000
    -11.795        -0.91706    -0.15054    -0.76652     0.00000
    -11.645        -0.96276    -0.17624    -0.78652     0.00000
    -11.495        -1.01447    -0.20796    -0.80651     0.00000
    -11.345        -1.07127    -0.24370    -0.82756     0.00000
    -11.195        -1.13116    -0.28088    -0.85028     0.00000
    -11.045        -1.19085    -0.31862    -0.87224     0.00000
    -10.895        -1.24954    -0.35476    -0.89479     0.00000
    -10.745        -1.31052    -0.39696    -0.91356     0.00000
    -10.595        -1.37430    -0.44162    -0.93268     0.00000
    -10.445        -1.43622    -0.48565    -0.95058     0.00000
    -10.295        -1.50202    -0.53033    -0.97170     0.00000
    -10.145        -1.56939    -0.57825    -0.99114     0.00000
    -9.9950        -1.65029    -0.63790    -1.01238     0.00000
    -9.8450        -1.73080    -0.69857    -1.03224     0.00000
    -9.6950        -1.79892    -0.74965    -1.04927     0.00000
    -9.5450        -1.87606    -0.80663    -1.06943     0.00000
    -9.3950        -1.95811    -0.86675    -1.09136     0.00000
    -9.2450        -2.04406    -0.93142    -1.11265     0.00000
    -9.0950        -2.12952    -0.99596    -1.13356     0.00000
    -8.9450        -2.21149    -1.05589    -1.15560     0.00000
    -8.7950        -2.29706    -1.12032    -1.17674     0.00000
    -8.6450        -2.38147    -1.17974    -1.20173     0.00000
    -8.4950        -2.47115    -1.24570    -1.22545     0.00000
    -8.3450        -2.56731    -1.31404    -1.25327     0.00000
    -8.1950        -2.65706    -1.37817    -1.27889     0.00000
    -8.0450        -2.74705    -1.43854    -1.30836    -0.00015
    -7.8950        -2.84706    -1.50556    -1.34078    -0.00072
    -7.7450        -2.94498    -1.56757    -1.37515    -0.00226
    -7.5950        -3.04326    -1.62950    -1.40837    -0.00539
    -7.4450        -3.14778    -1.69437    -1.44182    -0.01160
    -7.2950        -3.26424    -1.75789    -1.48045    -0.02590
    -7.1450        -3.39251    -1.82659    -1.51966    -0.04627
    -6.9950        -3.52662    -1.88948    -1.56511    -0.07203
    -6.8450        -3.67960    -1.95290    -1.60961    -0.11709
    -6.6950        -3.84602    -2.01652    -1.65710    -0.17240
    -6.5450        -4.03191    -2.08177    -1.70580    -0.24434
    -6.3950        -4.23676    -2.14477    -1.75879    -0.33320
    -6.2450        -4.45584    -2.20702    -1.81334    -0.43548
    -6.0950        -4.70568    -2.27526    -1.86752    -0.56290
    -5.9450        -4.99708    -2.34760    -1.92646    -0.72302
    -5.7950        -5.33676    -2.41758    -1.98751    -0.93167
    -5.6450        -5.74988    -2.48914    -2.05306    -1.20768
    -5.4950        -6.22078    -2.56401    -2.12134    -1.53543
    -5.3450        -6.75349    -2.63915    -2.19154    -1.92280
    -5.1950        -7.33641    -2.71599    -2.26567    -2.35475
    -5.0450        -7.96323    -2.80032    -2.34585    -2.81706
    -4.8950        -8.62414    -2.88817    -2.42896    -3.30701
    -4.7450        -9.33758    -2.98147    -2.52274    -3.83337
    -4.5950       -10.05511    -3.08082    -2.61837    -4.35592
    -4.4450       -10.78948    -3.18018    -2.72061    -4.88870
    -4.2950       -11.56614    -3.29434    -2.83210    -5.43971
    -4.1450       -12.35027    -3.40812    -2.94972    -5.99243
    -3.9950       -13.15177    -3.53245    -3.07045    -6.54887
    -3.8450       -13.97472    -3.66272    -3.20277    -7.10922
    -3.6950       -14.82152    -3.79725    -3.34560    -7.67868
    -3.5450       -15.68169    -3.93920    -3.49493    -8.24756
    -3.3950       -16.58703    -4.08247    -3.66005    -8.84451
    -3.2450       -17.53691    -4.23389    -3.83397    -9.46905
    -3.0950       -18.52299    -4.38990    -4.01518   -10.11792
    -2.9450       -19.55615    -4.55645    -4.20887   -10.79083
    -2.7950       -20.66198    -4.72943    -4.41728   -11.51527
    -2.6450       -21.83278    -4.91297    -4.64181   -12.27799
    -2.4950       -23.07906    -5.11657    -4.87248   -13.09001
    -2.3450       -24.42279    -5.33382    -5.12620   -13.96276
    -2.1950       -25.88652    -5.56928    -5.40187   -14.91537
    -2.0450       -27.45245    -5.81950    -5.70234   -15.93061
    -1.8950       -29.12970    -6.08120    -6.03123   -17.01727
    -1.7450       -30.93976    -6.36059    -6.38502   -18.19414
    -1.5950       -32.89449    -6.66374    -6.77213   -19.45862
    -1.4450       -35.00984    -6.98088    -7.19323   -20.83572
    -1.2950       -37.32488    -7.32677    -7.65100   -22.34711
    -1.1450       -39.88910    -7.70187    -8.16175   -24.02548
   -0.99500       -42.78258    -8.12410    -8.73303   -25.92545
   -0.84500       -46.10379    -8.59907    -9.40813   -28.09659
   -0.69500       -49.98065    -9.14216   -10.19781   -30.64069
   -0.54500       -54.53741    -9.74698   -11.05886   -33.73157
   -0.39500       -60.12354   -10.35381   -11.89866   -37.87107
   -0.25300       -64.64470   -10.68971   -12.33442   -41.62056
   -0.21500       -64.96642   -10.70761   -12.35677   -41.90204
   -0.20900       -65.29649   -10.72489   -12.37901   -42.19258
   -0.20300       -65.63203   -10.74192   -12.40043   -42.48968
   -0.19700       -65.97793   -10.75867   -12.42173   -42.79752
   -0.19100       -66.33328   -10.77526   -12.44220   -43.11581
   -0.18500       -66.69701   -10.79175   -12.46158   -43.44369
   -0.17900       -67.07274   -10.80745   -12.48086   -43.78443
   -0.17300       -67.45902   -10.82294   -12.49928   -44.13680
   -0.16700       -67.85590   -10.83780   -12.51741   -44.50069
   -0.16100       -68.26449   -10.85192   -12.53475   -44.87782
   -0.15500       -68.68650   -10.86600   -12.55141   -45.26909
   -0.14900       -69.12327   -10.87960   -12.56731   -45.67636
   -0.14300       -69.57638   -10.89280   -12.58246   -46.10112
   -0.13700       -70.04613   -10.90545   -12.59724   -46.54344
   -0.13100       -70.53331   -10.91756   -12.61111   -47.00463
   -0.12500       -71.04079   -10.92924   -12.62465   -47.48690
   -0.11900       -71.56727   -10.94013   -12.63747   -47.98967
   -0.11300       -72.11393   -10.95083   -12.64952   -48.51358
   -0.10700       -72.68470   -10.96094   -12.66091   -49.06284
   -0.10100       -73.27926   -10.97058   -12.67167   -49.63702
   -0.95000E-01   -73.90024   -10.97974   -12.68161   -50.23890
   -0.89000E-01   -74.55129   -10.98830   -12.69093   -50.87206
   -0.83000E-01   -75.23302   -10.99640   -12.69958   -51.53705
   -0.77000E-01   -75.94652   -11.00391   -12.70766   -52.23495
   -0.71000E-01   -76.69456   -11.01093   -12.71523   -52.96840
   -0.65000E-01   -77.48296   -11.01735   -12.72205   -53.74356
   -0.59000E-01   -78.31492   -11.02315   -12.72829   -54.56348
   -0.53000E-01   -79.19877   -11.02854   -12.73386   -55.43637
   -0.47000E-01   -80.14018   -11.03325   -12.73888   -56.36805
   -0.41000E-01   -81.13618   -11.03747   -12.74315   -57.35556
   -0.35000E-01   -82.17161   -11.04104   -12.74679   -58.38379
   -0.29000E-01   -83.21567   -11.04398   -12.74982   -59.42187
   -0.23000E-01   -84.19858   -11.04638   -12.75220   -60.39999
   -0.19700E-01   -84.28851   -11.04658   -12.75240   -60.48953
   -0.19100E-01   -84.37645   -11.04678   -12.75261   -60.57706
   -0.18500E-01   -84.46278   -11.04697   -12.75280   -60.66301
   -0.17900E-01   -84.54716   -11.04715   -12.75299   -60.74702
   -0.17300E-01   -84.62952   -11.04732   -12.75318   -60.82901
   -0.16700E-01   -84.70959   -11.04748   -12.75336   -60.90875
   -0.16100E-01   -84.78728   -11.04765   -12.75353   -60.98610
   -0.15500E-01   -84.86251   -11.04781   -12.75369   -61.06100
   -0.14900E-01   -84.93571   -11.04797   -12.75385   -61.13390
   -0.14300E-01   -85.00640   -11.04812   -12.75399   -61.20428
   -0.13700E-01   -85.07486   -11.04827   -12.75413   -61.27246
   -0.13100E-01   -85.14046   -11.04840   -12.75427   -61.33780
   -0.12500E-01   -85.20353   -11.04853   -12.75439   -61.40061
   -0.11900E-01   -85.26380   -11.04865   -12.75452   -61.46063
   -0.11300E-01   -85.32137   -11.04877   -12.75463   -61.51797
   -0.10700E-01   -85.37623   -11.04888   -12.75475   -61.57261
   -0.10100E-01   -85.42815   -11.04898   -12.75485   -61.62432
   -0.95000E-02   -85.47734   -11.04908   -12.75495   -61.67332
   -0.89000E-02   -85.52358   -11.04917   -12.75504   -61.71937
   -0.83000E-02   -85.56680   -11.04926   -12.75513   -61.76242
   -0.77000E-02   -85.60701   -11.04934   -12.75521   -61.80246
   -0.71000E-02   -85.64426   -11.04941   -12.75529   -61.83956
   -0.65000E-02   -85.67841   -11.04948   -12.75536   -61.87357
   -0.59000E-02   -85.70966   -11.04954   -12.75542   -61.90470
   -0.53000E-02   -85.73769   -11.04959   -12.75548   -61.93262
   -0.47000E-02   -85.76266   -11.04965   -12.75552   -61.95749
   -0.41000E-02   -85.78443   -11.04969   -12.75557   -61.97918
   -0.35000E-02   -85.80310   -11.04972   -12.75560   -61.99778
   -0.29000E-02   -85.81860   -11.04975   -12.75563   -62.01322
   -0.23000E-02   -85.83090   -11.04978   -12.75566   -62.02546
   -0.17000E-02   -85.84001   -11.04979   -12.75567   -62.03454
   -0.11000E-02   -85.84591   -11.04981   -12.75569   -62.04042
   -0.50000E-03   -85.84859   -11.04981   -12.75569   -62.04309
    0.10000E-03   -85.84806   -11.04981   -12.75569   -62.04255
    0.70000E-03   -85.84431   -11.04980   -12.75569   -62.03881
    0.13000E-02   -85.83736   -11.04979   -12.75567   -62.03189
    0.19000E-02   -85.82718   -11.04977   -12.75566   -62.02176
    0.25000E-02   -85.81379   -11.04974   -12.75563   -62.00841
    0.31000E-02   -85.79723   -11.04971   -12.75560   -61.99192
    0.37000E-02   -85.77754   -11.04967   -12.75557   -61.97231
    0.43000E-02   -85.75459   -11.04962   -12.75552   -61.94945
    0.49000E-02   -85.72859   -11.04957   -12.75547   -61.92355
    0.55000E-02   -85.69939   -11.04951   -12.75542   -61.89446
    0.61000E-02   -85.66715   -11.04945   -12.75535   -61.86235
    0.67000E-02   -85.63176   -11.04938   -12.75528   -61.82710
    0.73000E-02   -85.59340   -11.04930   -12.75521   -61.78889
    0.79000E-02   -85.55205   -11.04922   -12.75513   -61.74770
    0.85000E-02   -85.50772   -11.04913   -12.75504   -61.70355
    0.91000E-02   -85.46034   -11.04904   -12.75494   -61.65636
    0.97000E-02   -85.41017   -11.04893   -12.75484   -61.60639
    0.10300E-01   -85.35721   -11.04882   -12.75474   -61.55365
    0.10900E-01   -85.30148   -11.04870   -12.75462   -61.49816
    0.11500E-01   -85.24294   -11.04858   -12.75450   -61.43987
    0.12100E-01   -85.18162   -11.04845   -12.75437   -61.37880
    0.12700E-01   -85.11782   -11.04832   -12.75424   -61.31526
    0.13300E-01   -85.05141   -11.04818   -12.75412   -61.24911
    0.13900E-01   -84.98220   -11.04804   -12.75398   -61.18019
    0.14500E-01   -84.91070   -11.04788   -12.75383   -61.10900
    0.15100E-01   -84.83676   -11.04772   -12.75368   -61.03537
    0.15700E-01   -84.76056   -11.04755   -12.75352   -60.95949
    0.16300E-01   -84.68197   -11.04738   -12.75335   -60.88124
    0.16900E-01   -84.60121   -11.04720   -12.75320   -60.80081
    0.17500E-01   -84.51827   -11.04701   -12.75303   -60.71824
    0.18100E-01   -84.43307   -11.04682   -12.75284   -60.63341
    0.18700E-01   -84.34601   -11.04662   -12.75265   -60.54675
    0.19300E-01   -84.25728   -11.04641   -12.75244   -60.45843
    0.20200E-01   -83.89587   -11.04558   -12.75162   -60.09868
    0.25000E-01   -82.88219   -11.04302   -12.74905   -59.09012
    0.31000E-01   -81.84158   -11.03969   -12.74589   -58.05599
    0.37000E-01   -80.82521   -11.03576   -12.74214   -57.04731
    0.43000E-01   -79.85633   -11.03111   -12.73787   -56.08734
    0.49000E-01   -78.94801   -11.02582   -12.73294   -55.18925
    0.55000E-01   -78.09523   -11.01984   -12.72730   -54.34809
    0.61000E-01   -77.29128   -11.01328   -12.72128   -53.55673
    0.67000E-01   -76.52974   -11.00604   -12.71469   -52.80901
    0.73000E-01   -75.80582   -10.99822   -12.70758   -52.10002
    0.79000E-01   -75.11674   -10.98967   -12.69987   -51.42719
    0.85000E-01   -74.45890   -10.98069   -12.69161   -50.78660
    0.91000E-01   -73.83082   -10.97088   -12.68282   -50.17712
    0.97000E-01   -73.23223   -10.96045   -12.67332   -49.59846
    0.10300       -72.65969   -10.94958   -12.66348   -49.04663
    0.10900       -72.11543   -10.93781   -12.65305   -48.52458
    0.11500       -71.59258   -10.92523   -12.64204   -48.02532
    0.12100       -71.08948   -10.91178   -12.63025   -47.54745
    0.12700       -70.60738   -10.89795   -12.61817   -47.09126
    0.13300       -70.14739   -10.88359   -12.60579   -46.65800
    0.13900       -69.70566   -10.86859   -12.59292   -46.24415
    0.14500       -69.28063   -10.85278   -12.57934   -45.84851
    0.15100       -68.87034   -10.83654   -12.56517   -45.46864
    0.15700       -68.47522   -10.81937   -12.55073   -45.10512
    0.16300       -68.09504   -10.80188   -12.53597   -44.75719
    0.16900       -67.72794   -10.78376   -12.52086   -44.42332
    0.17500       -67.37246   -10.76471   -12.50500   -44.10276
    0.18100       -67.02903   -10.74533   -12.48910   -43.79460
    0.18700       -66.69731   -10.72547   -12.47225   -43.49959
    0.19300       -66.37751   -10.70496   -12.45524   -43.21731
    0.19900       -66.06537   -10.68360   -12.43770   -42.94406
    0.20500       -65.76466   -10.66188   -12.41995   -42.68283
    0.21100       -65.47386   -10.63984   -12.40207   -42.43194
    0.21700       -65.18858   -10.61678   -12.38371   -42.18809
    0.29500       -59.45260    -9.88157   -11.83616   -37.73487
    0.44500       -55.44560    -8.99840   -11.21295   -35.23425
    0.59500       -52.36531    -8.15105   -10.62162   -33.59263
    0.74500       -49.91318    -7.39395   -10.11240   -32.40683
    0.89500       -47.90114    -6.74756    -9.66552   -31.48806
     1.0450       -46.19770    -6.18995    -9.25560   -30.75214
     1.1950       -44.71090    -5.69364    -8.87014   -30.14712
     1.3450       -43.41312    -5.25173    -8.51782   -29.64357
     1.4950       -42.27199    -4.85524    -8.18895   -29.22780
     1.6450       -41.25575    -4.49605    -7.88566   -28.87404
     1.7950       -40.35232    -4.16891    -7.60613   -28.57728
     1.9450       -39.53318    -3.86993    -7.34661   -28.31664
     2.0950       -38.79995    -3.60011    -7.10563   -28.09421
     2.2450       -38.12330    -3.34796    -6.87911   -27.89623
     2.3950       -37.50239    -3.11258    -6.66311   -27.72670
     2.5450       -36.92183    -2.89030    -6.46058   -27.57095
     2.6950       -36.38898    -2.68543    -6.26659   -27.43696
     2.8450       -35.89062    -2.49613    -6.08224   -27.31225
     2.9950       -35.43225    -2.31957    -5.90629   -27.20640
     3.1450       -34.99824    -2.15298    -5.74048   -27.10478
     3.2950       -34.58953    -1.99867    -5.57777   -27.01308
     3.4450       -34.20858    -1.85490    -5.42604   -26.92764
     3.5950       -33.84430    -1.72135    -5.27743   -26.84552
     3.7450       -33.50448    -1.59675    -5.13767   -26.77006
     3.8950       -33.18750    -1.48070    -5.00613   -26.70067
     4.0450       -32.88736    -1.37156    -4.87942   -26.63639
     4.1950       -32.60398    -1.27130    -4.75815   -26.57453
     4.3450       -32.33438    -1.17802    -4.64227   -26.51409
     4.4950       -32.07611    -1.08811    -4.53493   -26.45306
     4.6450       -31.83251    -1.00462    -4.42960   -26.39829
     4.7950       -31.59879    -0.92517    -4.32880   -26.34482
     4.9450       -31.37887    -0.85019    -4.23510   -26.29358
     5.0950       -31.16964    -0.78037    -4.14472   -26.24456
     5.2450       -30.96909    -0.71241    -4.06002   -26.19666
     5.3950       -30.77540    -0.64866    -3.97666   -26.15007
     5.5450       -30.59578    -0.58789    -3.90311   -26.10478
     5.6950       -30.42102    -0.53049    -3.83047   -26.06006
     5.8450       -30.25797    -0.47560    -3.76509   -26.01728
     5.9950       -30.10036    -0.42328    -3.70119   -25.97588
     6.1450       -29.94801    -0.37268    -3.63986   -25.93547
     6.2950       -29.80496    -0.32517    -3.58402   -25.89577
     6.4450       -29.66708    -0.27933    -3.53042   -25.85733
     6.5950       -29.53388    -0.23635    -3.47779   -25.81974
     6.7450       -29.40447    -0.19534    -3.42604   -25.78309
     6.8950       -29.27696    -0.15495    -3.37536   -25.74665
     7.0450       -29.15487    -0.11780    -3.32556   -25.71152
     7.1950       -29.03707    -0.08188    -3.27803   -25.67716
     7.3450       -28.92341    -0.04779    -3.23272   -25.64291
     7.4950       -28.81725    -0.01400    -3.19330   -25.60995
     7.6450       -28.71912     0.01241    -3.15391   -25.57762
     7.7950       -28.62242     0.03955    -3.11678   -25.54518
     7.9450       -28.52727     0.06705    -3.08026   -25.51407
     8.0950       -28.43873     0.09276    -3.04795   -25.48353
     8.2450       -28.35640     0.11724    -3.02007   -25.45357
     8.3950       -28.27953     0.13591    -2.99135   -25.42410
     8.5450       -28.20151     0.15163    -2.95795   -25.39519
     8.6950       -28.12741     0.17014    -2.93071   -25.36685
     8.8450       -28.05297     0.19018    -2.90430   -25.33886
     8.9950       -27.98746     0.20722    -2.88333   -25.31135
     9.1450       -27.92740     0.21919    -2.86230   -25.28428
     9.2950       -27.86584     0.23210    -2.84021   -25.25773
     9.4450       -27.82114     0.23788    -2.82737   -25.23164
     9.5950       -27.76889     0.24881    -2.81186   -25.20585
     9.7450       -27.72134     0.25302    -2.79386   -25.18050
     9.8950       -27.67942     0.25563    -2.77953   -25.15553
     10.045       -27.64076     0.25816    -2.76803   -25.13089
     10.195       -27.59268     0.26908    -2.75503   -25.10673
     10.345       -27.55163     0.27473    -2.74348   -25.08288
     10.495       -27.51257     0.27866    -2.73190   -25.05934
     10.645       -27.47281     0.28088    -2.71749   -25.03620
     10.795       -27.43606     0.28480    -2.70748   -25.01338
     10.945       -27.40488     0.28690    -2.70093   -24.99085
     11.095       -27.37227     0.28893    -2.69263   -24.96856
     11.245       -27.34566     0.29091    -2.68993   -24.94663
     11.395       -27.31765     0.29284    -2.68535   -24.92513
     11.545       -27.28991     0.29471    -2.68085   -24.90377
     11.695       -27.26456     0.29652    -2.67839   -24.88269
     11.845       -27.23747     0.29831    -2.67392   -24.86185
     11.995       -27.21075     0.30004    -2.66952   -24.84127
     12.145       -27.18444     0.30174    -2.66518   -24.82099
     12.295       -27.15843     0.30339    -2.66083   -24.80099
     12.445       -27.13491     0.30499    -2.65870   -24.78120
     12.595       -27.11173     0.30658    -2.65663   -24.76168
     12.745       -27.08654     0.30812    -2.65236   -24.74230
     12.895       -27.06397     0.30963    -2.65042   -24.72318
     13.045       -27.04169     0.31110    -2.64850   -24.70429
     13.195       -27.01978     0.31254    -2.64667   -24.68565
     13.345       -26.99815     0.31396    -2.64486   -24.66724
     13.495       -26.97674     0.31535    -2.64311   -24.64897
     13.645       -26.95563     0.31671    -2.64141   -24.63093
     13.795       -26.93235     0.31805    -2.63730   -24.61310
     13.945       -26.91177     0.31936    -2.63569   -24.59545
     14.095       -26.89150     0.32064    -2.63412   -24.57802
     14.245       -26.87143     0.32191    -2.63259   -24.56075
     14.395       -26.85157     0.32316    -2.63109   -24.54364
     14.545       -26.83194     0.32438    -2.62964   -24.52668
     14.695       -26.81261     0.32558    -2.62823   -24.50996
     14.845       -26.79346     0.32675    -2.62684   -24.49338
     14.995       -26.77453     0.32793    -2.62550   -24.47696
     15.145       -26.75584     0.32907    -2.62418   -24.46072
     15.295       -26.73735     0.33020    -2.62291   -24.44464
     15.445       -26.71910     0.33131    -2.62166   -24.42875
     15.595       -26.70105     0.33240    -2.62044   -24.41301
     15.745       -26.68314     0.33347    -2.61924   -24.39737
     15.895       -26.66544     0.33452    -2.61807   -24.38189
     16.045       -26.64797     0.33555    -2.61693   -24.36660
     16.195       -26.63066     0.33657    -2.61580   -24.35144
     16.345       -26.61355     0.33759    -2.61470   -24.33644
     16.495       -26.59662     0.33859    -2.61363   -24.32158
     16.645       -26.57983     0.33957    -2.61258   -24.30683
     16.795       -26.56320     0.34055    -2.61154   -24.29220
     16.945       -26.54667     0.34151    -2.61053   -24.27765
     17.095       -26.53032     0.34247    -2.60954   -24.26326
     17.245       -26.51419     0.34341    -2.60856   -24.24904
     17.395       -26.49818     0.34433    -2.60761   -24.23490
     17.545       -26.48233     0.34524    -2.60666   -24.22091
     17.695       -26.46659     0.34614    -2.60574   -24.20699
     17.845       -26.45104     0.34703    -2.60485   -24.19322
     17.995       -26.43559     0.34793    -2.60396   -24.17956
     18.145       -26.42034     0.34880    -2.60310   -24.16604
     18.295       -26.40522     0.34965    -2.60224   -24.15263
     18.445       -26.39022     0.35050    -2.60140   -24.13932
     18.595       -26.37536     0.35134    -2.60058   -24.12611
     18.745       -26.36065     0.35216    -2.59977   -24.11304
     18.895       -26.34603     0.35299    -2.59896   -24.10006
     19.045       -26.33155     0.35381    -2.59817   -24.08718
     19.195       -26.31717     0.35462    -2.59740   -24.07438
     19.345       -26.30291     0.35542    -2.59664   -24.06170
     19.495       -26.28884     0.35621    -2.59588   -24.04917
     19.645       -26.27485     0.35699    -2.59514   -24.03671
     19.795       -26.26097     0.35777    -2.59440   -24.02433
     19.945       -26.24720     0.35855    -2.59369   -24.01206
     20.095       -26.23354     0.35930    -2.59298   -23.99986
     20.245       -26.22002     0.36004    -2.59228   -23.98778
     20.395       -26.20658     0.36078    -2.59160   -23.97577
     20.545       -26.19319     0.36152    -2.59092   -23.96378
     20.695       -26.18000     0.36224    -2.59026   -23.95199
     20.845       -26.16690     0.36297    -2.58960   -23.94027
     20.995       -26.15386     0.36368    -2.58894   -23.92860
     21.145       -26.14095     0.36439    -2.58831   -23.91703
     21.295       -26.12808     0.36508    -2.58767   -23.90549
     21.445       -26.11538     0.36577    -2.58705   -23.89410
     21.595       -26.10273     0.36646    -2.58643   -23.88276
     21.745       -26.09019     0.36714    -2.58582   -23.87151
     21.895       -26.07776     0.36782    -2.58522   -23.86035
     22.045       -26.06546     0.36848    -2.58464   -23.84931
     22.195       -26.05320     0.36915    -2.58404   -23.83830
     22.345       -26.04105     0.36980    -2.58346   -23.82739
     22.495       -26.02895     0.37046    -2.58289   -23.81652
     22.645       -26.01699     0.37111    -2.58233   -23.80576
     22.795       -26.00505     0.37175    -2.58178   -23.79502
     22.945       -25.99323     0.37238    -2.58124   -23.78437
     23.095       -25.98147     0.37301    -2.58068   -23.77380
     23.245       -25.96983     0.37363    -2.58014   -23.76332
     23.395       -25.95824     0.37426    -2.57961   -23.75289
     23.545       -25.94671     0.37487    -2.57908   -23.74250
     23.695       -25.93530     0.37548    -2.57856   -23.73222
     23.845       -25.92395     0.37609    -2.57804   -23.72200
     23.995       -25.91265     0.37669    -2.57753   -23.71181
     24.145       -25.90146     0.37729    -2.57703   -23.70171
     24.295       -25.89035     0.37788    -2.57653   -23.69171
     24.445       -25.87928     0.37847    -2.57603   -23.68171
     24.595       -25.86829     0.37906    -2.57554   -23.67180
     24.745       -25.85738     0.37963    -2.57506   -23.66195
     24.895       -25.84654     0.38020    -2.57457   -23.65217
     25.045       -25.83573     0.38077    -2.57409   -23.64240
     25.195       -25.82500     0.38134    -2.57362   -23.63271
     25.345       -25.81438     0.38189    -2.57316   -23.62311
     25.495       -25.80382     0.38244    -2.57269   -23.61358
     25.645       -25.79331     0.38300    -2.57223   -23.60408
     25.795       -25.78287     0.38354    -2.57178   -23.59463
     25.945       -25.77251     0.38410    -2.57134   -23.58528
     26.095       -25.76224     0.38464    -2.57089   -23.57599
     26.245       -25.75202     0.38518    -2.57045   -23.56675
     26.395       -25.74182     0.38570    -2.57002   -23.55751
     26.545       -25.73175     0.38623    -2.56958   -23.54839
     26.695       -25.72164     0.38676    -2.56914   -23.53926
     26.845       -25.71163     0.38728    -2.56871   -23.53019
     26.995       -25.70166     0.38780    -2.56829   -23.52116
     27.145       -25.69174     0.38832    -2.56788   -23.51218
     27.295       -25.68188     0.38884    -2.56745   -23.50326
     27.445       -25.67210     0.38935    -2.56704   -23.49441
     27.595       -25.66238     0.38985    -2.56662   -23.48560
     27.745       -25.65273     0.39034    -2.56622   -23.47685
     27.895       -25.64309     0.39085    -2.56581   -23.46813
     28.045       -25.63353     0.39135    -2.56541   -23.45948
     28.195       -25.62400     0.39185    -2.56501   -23.45084
     28.345       -25.61458     0.39234    -2.56463   -23.44230
     28.495       -25.60518     0.39283    -2.56424   -23.43377
     28.645       -25.59582     0.39331    -2.56384   -23.42529
     28.795       -25.58653     0.39379    -2.56346   -23.41687
     28.945       -25.57729     0.39427    -2.56307   -23.40848
     29.095       -25.56810     0.39474    -2.56270   -23.40014
     29.245       -25.55895     0.39521    -2.56233   -23.39183
     29.395       -25.54989     0.39568    -2.56196   -23.38362
     29.545       -25.54087     0.39614    -2.56159   -23.37543
     29.695       -25.53186     0.39662    -2.56122   -23.36726
     29.845       -25.52290     0.39707    -2.56086   -23.35911
     29.995       -25.51402     0.39753    -2.56051   -23.35104
     30.145       -25.50516     0.39798    -2.56016   -23.34298
     35.794       -24.92286     0.42737    -2.53798   -22.81225
     49.810       -24.35146     0.45547    -2.51788   -22.28905
     69.316       -23.79162     0.48256    -2.49924   -21.77494
     96.460       -23.24386     0.50869    -2.48167   -21.27089
     134.23       -22.70926     0.53404    -2.46490   -20.77840
     186.80       -22.18833     0.55856    -2.44884   -20.29806
     259.95       -21.68133     0.58228    -2.43339   -19.83022
     361.74       -21.18879     0.60518    -2.41852   -19.37545
     503.40       -20.71049     0.62734    -2.40420   -18.93364
     700.53       -20.24638     0.64866    -2.39041   -18.50464
     974.85       -19.79647     0.66924    -2.37713   -18.08858
     1356.6       -19.36052     0.68907    -2.36433   -17.68525
     1887.8       -18.93804     0.70814    -2.35195   -17.29423
     2627.1       -18.52866     0.72653    -2.34005   -16.91514
     3655.9       -18.13162     0.74421    -2.32849   -16.54733
     5087.5       -17.74675     0.76124    -2.31734   -16.19064
     7079.7       -17.37365     0.77766    -2.30657   -15.84474
     9852.1       -17.01219     0.79345    -2.29618   -15.50946
     13710.       -16.66241     0.80867    -2.28610   -15.18498
     19079.       -16.32449     0.82330    -2.27629   -14.87149
     26550.       -15.99824     0.83743    -2.26688   -14.56879
     36947.       -15.68384     0.85102    -2.25779   -14.27708
     51416.       -15.38182     0.86415    -2.24902   -13.99696
     71550.       -15.09294     0.87684    -2.24055   -13.72923
     99568.       -14.81649     0.88909    -2.23242   -13.47315
    0.13856E+06   -14.55168     0.90094    -2.22467   -13.22795
    0.19282E+06   -14.29855     0.91239    -2.21725   -12.99369
    0.26832E+06   -14.05684     0.92342    -2.21015   -12.77011
    0.37340E+06   -13.82605     0.93407    -2.20335   -12.55677
    0.51962E+06   -13.60535     0.94432    -2.19684   -12.35283
    0.72310E+06   -13.39436     0.95413    -2.19062   -12.15786
    0.10063E+07   -13.19292     0.96355    -2.18471   -11.97176
    0.14003E+07   -13.00088     0.97255    -2.17907   -11.79436
    0.19487E+07   -12.81793     0.98114    -2.17366   -11.62542
    0.27118E+07   -12.64372     0.98935    -2.16852   -11.46455
    0.37737E+07   -12.47782     0.99718    -2.16359   -11.31141
    0.52514E+07   -12.31984     1.00460    -2.15890   -11.16553
    0.73079E+07   -12.16944     1.01171    -2.15443   -11.02673
    0.10170E+08   -12.02620     1.01853    -2.15018   -10.89456
    0.14152E+08   -11.88992     1.02505    -2.14613   -10.76885
    0.19694E+08   -11.76031     1.03124    -2.14227   -10.64928
    0.27406E+08   -11.63692     1.03710    -2.13860   -10.53542
    0.38138E+08   -11.51969     1.04270    -2.13510   -10.42729
    0.53073E+08   -11.40862     1.04801    -2.13179   -10.32484
    0.73856E+08   -11.30345     1.05309    -2.12863   -10.22791
    0.10278E+09   -11.20449     1.05794    -2.12561   -10.13682
    0.14302E+09   -11.11205     1.06252    -2.12278   -10.05179
    0.19903E+09   -11.02632     1.06689    -2.12008    -9.97313
    0.27697E+09   -10.94705     1.07105    -2.11757    -9.90053
    0.38543E+09   -10.87364     1.07499    -2.11524    -9.83339
    0.53637E+09   -10.80549     1.07875    -2.11311    -9.77113
    0.74641E+09   -10.74279     1.08232    -2.11112    -9.71399
    0.10387E+10   -10.68551     1.08570    -2.10929    -9.66192
    0.14454E+10   -10.63285     1.08887    -2.10759    -9.61413
    0.20115E+10   -10.58438     1.09188    -2.10606    -9.57019
    0.27992E+10   -10.53983     1.09464    -2.10464    -9.52983
    0.38953E+10   -10.49879     1.09718    -2.10334    -9.49264
    0.54207E+10   -10.46090     1.09955    -2.10214    -9.45831
    0.75434E+10   -10.42602     1.10174    -2.10104    -9.42672
    0.10497E+11   -10.39396     1.10376    -2.10002    -9.39771
    0.14608E+11   -10.36449     1.10560    -2.09908    -9.37102
    0.20329E+11   -10.33735     1.10729    -2.09821    -9.34642
    0.28289E+11   -10.31234     1.10883    -2.09742    -9.32375
    0.39367E+11   -10.28931     1.11025    -2.09669    -9.30288
    0.54783E+11   -10.26812     1.11156    -2.09602    -9.28366
    0.10000E+12   -10.02145     1.12677    -2.08823    -9.06000
