    -44.945         0.00000     0.00000     0.00000     0.00000
    -44.795         0.00000     0.00000     0.00000     0.00000
    -44.645         0.00000     0.00000     0.00000     0.00000
    -44.495         0.00000     0.00000     0.00000     0.00000
    -44.345         0.00000     0.00000     0.00000     0.00000
    -44.195         0.00000     0.00000     0.00000     0.00000
    -44.045         0.00000     0.00000     0.00000     0.00000
    -43.895         0.00000     0.00000     0.00000     0.00000
    -43.745         0.00000     0.00000     0.00000     0.00000
    -43.595         0.00000     0.00000     0.00000     0.00000
    -43.445         0.00000     0.00000     0.00000     0.00000
    -43.295         0.00000     0.00000     0.00000     0.00000
    -43.145         0.00000     0.00000     0.00000     0.00000
    -42.995         0.00000     0.00000     0.00000     0.00000
    -42.845         0.00000     0.00000     0.00000     0.00000
    -42.695         0.00000     0.00000     0.00000     0.00000
    -42.545         0.00000     0.00000     0.00000     0.00000
    -42.395         0.00000     0.00000     0.00000     0.00000
    -42.245         0.00000     0.00000     0.00000     0.00000
    -42.095         0.00000     0.00000     0.00000     0.00000
    -41.945         0.00000     0.00000     0.00000     0.00000
    -41.795         0.00000     0.00000     0.00000     0.00000
    -41.645         0.00000     0.00000     0.00000     0.00000
    -41.495         0.00000     0.00000     0.00000     0.00000
    -41.345         0.00000     0.00000     0.00000     0.00000
    -41.195         0.00000     0.00000     0.00000     0.00000
    -41.045         0.00000     0.00000     0.00000     0.00000
    -40.895         0.00000     0.00000     0.00000     0.00000
    -40.745         0.00000     0.00000     0.00000     0.00000
    -40.595         0.00000     0.00000     0.00000     0.00000
    -40.445         0.00000     0.00000     0.00000     0.00000
    -40.295         0.00000     0.00000     0.00000     0.00000
    -40.145         0.00000     0.00000     0.00000     0.00000
    -39.995         0.00000     0.00000     0.00000     0.00000
    -39.845         0.00000     0.00000     0.00000     0.00000
    -39.695         0.00000     0.00000     0.00000     0.00000
    -39.545         0.00000     0.00000     0.00000     0.00000
    -39.395         0.00000     0.00000     0.00000     0.00000
    -39.245         0.00000     0.00000     0.00000     0.00000
    -39.095         0.00000     0.00000     0.00000     0.00000
    -38.945         0.00000     0.00000     0.00000     0.00000
    -38.795         0.00000     0.00000     0.00000     0.00000
    -38.645         0.00000     0.00000     0.00000     0.00000
    -38.495         0.00000     0.00000     0.00000     0.00000
    -38.345         0.00000     0.00000     0.00000     0.00000
    -38.195         0.00000     0.00000     0.00000     0.00000
    -38.045         0.00000     0.00000     0.00000     0.00000
    -37.895         0.00000     0.00000     0.00000     0.00000
    -37.745         0.00000     0.00000     0.00000     0.00000
    -37.595         0.00000     0.00000     0.00000     0.00000
    -37.445         0.00000     0.00000     0.00000     0.00000
    -37.295         0.00000     0.00000     0.00000     0.00000
    -37.145         0.00000     0.00000     0.00000     0.00000
    -36.995         0.00000     0.00000     0.00000     0.00000
    -36.845         0.00000     0.00000     0.00000     0.00000
    -36.695         0.00000     0.00000     0.00000     0.00000
    -36.545         0.00000     0.00000     0.00000     0.00000
    -36.395         0.00000     0.00000     0.00000     0.00000
    -36.245         0.00000     0.00000     0.00000     0.00000
    -36.095         0.00000     0.00000     0.00000     0.00000
    -35.945         0.00000     0.00000     0.00000     0.00000
    -35.795         0.00000     0.00000     0.00000     0.00000
    -35.645         0.00000     0.00000     0.00000     0.00000
    -35.495         0.00000     0.00000     0.00000     0.00000
    -35.345         0.00000     0.00000     0.00000     0.00000
    -35.195         0.00000     0.00000     0.00000     0.00000
    -35.045         0.00000     0.00000     0.00000     0.00000
    -34.895         0.00000     0.00000     0.00000     0.00000
    -34.745         0.00000     0.00000     0.00000     0.00000
    -34.595         0.00000     0.00000     0.00000     0.00000
    -34.445         0.00000     0.00000     0.00000     0.00000
    -34.295         0.00000     0.00000     0.00000     0.00000
    -34.145         0.00000     0.00000     0.00000     0.00000
    -33.995         0.00000     0.00000     0.00000     0.00000
    -33.845         0.00000     0.00000     0.00000     0.00000
    -33.695         0.00000     0.00000     0.00000     0.00000
    -33.545         0.00000     0.00000     0.00000     0.00000
    -33.395         0.00000     0.00000     0.00000     0.00000
    -33.245         0.00000     0.00000     0.00000     0.00000
    -33.095         0.00000     0.00000     0.00000     0.00000
    -32.945         0.00000     0.00000     0.00000     0.00000
    -32.795         0.00000     0.00000     0.00000     0.00000
    -32.645         0.00000     0.00000     0.00000     0.00000
    -32.495         0.00000     0.00000     0.00000     0.00000
    -32.345         0.00000     0.00000     0.00000     0.00000
    -32.195         0.00000     0.00000     0.00000     0.00000
    -32.045         0.00000     0.00000     0.00000     0.00000
    -31.895         0.00000     0.00000     0.00000     0.00000
    -31.745         0.00000     0.00000     0.00000     0.00000
    -31.595         0.00000     0.00000     0.00000     0.00000
    -31.445         0.00000     0.00000     0.00000     0.00000
    -31.295         0.00000     0.00000     0.00000     0.00000
    -31.145         0.00000     0.00000     0.00000     0.00000
    -30.995         0.00000     0.00000     0.00000     0.00000
    -30.845         0.00000     0.00000     0.00000     0.00000
    -30.695         0.00000     0.00000     0.00000     0.00000
    -30.545         0.00000     0.00000     0.00000     0.00000
    -30.395         0.00000     0.00000     0.00000     0.00000
    -30.245         0.00000     0.00000     0.00000     0.00000
    -30.095         0.00000     0.00000     0.00000     0.00000
    -29.945         0.00000     0.00000     0.00000     0.00000
    -29.795         0.00000     0.00000     0.00000     0.00000
    -29.645         0.00000     0.00000     0.00000     0.00000
    -29.495         0.00000     0.00000     0.00000     0.00000
    -29.345         0.00000     0.00000     0.00000     0.00000
    -29.195         0.00000     0.00000     0.00000     0.00000
    -29.045         0.00000     0.00000     0.00000     0.00000
    -28.895         0.00000     0.00000     0.00000     0.00000
    -28.745         0.00000     0.00000     0.00000     0.00000
    -28.595         0.00000     0.00000     0.00000     0.00000
    -28.445         0.00000     0.00000     0.00000     0.00000
    -28.295         0.00000     0.00000     0.00000     0.00000
    -28.145         0.00000     0.00000     0.00000     0.00000
    -27.995         0.00000     0.00000     0.00000     0.00000
    -27.845         0.00000     0.00000     0.00000     0.00000
    -27.695         0.00000     0.00000     0.00000     0.00000
    -27.545         0.00000     0.00000     0.00000     0.00000
    -27.395         0.00000     0.00000     0.00000     0.00000
    -27.245         0.00000     0.00000     0.00000     0.00000
    -27.095         0.00000     0.00000     0.00000     0.00000
    -26.945         0.00000     0.00000     0.00000     0.00000
    -26.795         0.00000     0.00000     0.00000     0.00000
    -26.645         0.00000     0.00000     0.00000     0.00000
    -26.495         0.00000     0.00000     0.00000     0.00000
    -26.345         0.00000     0.00000     0.00000     0.00000
    -26.195         0.00000     0.00000     0.00000     0.00000
    -26.045         0.00000     0.00000     0.00000     0.00000
    -25.895         0.00000     0.00000     0.00000     0.00000
    -25.745         0.00000     0.00000     0.00000     0.00000
    -25.595         0.00000     0.00000     0.00000     0.00000
    -25.445         0.00000     0.00000     0.00000     0.00000
    -25.295         0.00000     0.00000     0.00000     0.00000
    -25.145         0.00000     0.00000     0.00000     0.00000
    -24.995         0.00000     0.00000     0.00000     0.00000
    -24.845         0.00000     0.00000     0.00000     0.00000
    -24.695         0.00000     0.00000     0.00000     0.00000
    -24.545         0.00000     0.00000     0.00000     0.00000
    -24.395         0.00000     0.00000     0.00000     0.00000
    -24.245         0.00000     0.00000     0.00000     0.00000
    -24.095         0.00000     0.00000     0.00000     0.00000
    -23.945         0.00000     0.00000     0.00000     0.00000
    -23.795         0.00000     0.00000     0.00000     0.00000
    -23.645         0.00000     0.00000     0.00000     0.00000
    -23.495         0.00000     0.00000     0.00000     0.00000
    -23.345         0.00000     0.00000     0.00000     0.00000
    -23.195         0.00000     0.00000     0.00000     0.00000
    -23.045         0.00000     0.00000     0.00000     0.00000
    -22.895         0.00000     0.00000     0.00000     0.00000
    -22.745         0.00000     0.00000     0.00000     0.00000
    -22.595         0.00000     0.00000     0.00000     0.00000
    -22.445         0.00000     0.00000     0.00000     0.00000
    -22.295         0.00000     0.00000     0.00000     0.00000
    -22.145         0.00000     0.00000     0.00000     0.00000
    -21.995         0.00000     0.00000     0.00000     0.00000
    -21.845         0.00000     0.00000     0.00000     0.00000
    -21.695         0.00000     0.00000     0.00000     0.00000
    -21.545         0.00000     0.00000     0.00000     0.00000
    -21.395         0.00000     0.00000     0.00000     0.00000
    -21.245         0.00000     0.00000     0.00000     0.00000
    -21.095         0.00000     0.00000     0.00000     0.00000
    -20.945         0.00000     0.00000     0.00000     0.00000
    -20.795         0.00000     0.00000     0.00000     0.00000
    -20.645         0.00000     0.00000     0.00000     0.00000
    -20.495         0.00000     0.00000     0.00000     0.00000
    -20.345         0.00000     0.00000     0.00000     0.00000
    -20.195         0.00000     0.00000     0.00000     0.00000
    -20.045         0.00000     0.00000     0.00000     0.00000
    -19.895         0.00000     0.00000     0.00000     0.00000
    -19.745         0.00000     0.00000     0.00000     0.00000
    -19.595         0.00000     0.00000     0.00000     0.00000
    -19.445         0.00000     0.00000     0.00000     0.00000
    -19.295         0.00000     0.00000     0.00000     0.00000
    -19.145         0.00000     0.00000     0.00000     0.00000
    -18.995         0.00000     0.00000     0.00000     0.00000
    -18.845         0.00000     0.00000     0.00000     0.00000
    -18.695         0.00000     0.00000     0.00000     0.00000
    -18.545         0.00000     0.00000     0.00000     0.00000
    -18.395         0.00000     0.00000     0.00000     0.00000
    -18.245         0.00000     0.00000     0.00000     0.00000
    -18.095         0.00000     0.00000     0.00000     0.00000
    -17.945         0.00000     0.00000     0.00000     0.00000
    -17.795         0.00000     0.00000     0.00000     0.00000
    -17.645         0.00000     0.00000     0.00000     0.00000
    -17.495         0.00000     0.00000     0.00000     0.00000
    -17.345        -0.00000     0.00000    -0.00000     0.00000
    -17.195        -0.00000     0.00000    -0.00000     0.00000
    -17.045         0.00000    -0.00000     0.00000     0.00000
    -16.895        -0.00108     0.00000    -0.00108     0.00000
    -16.745        -0.00148     0.00000    -0.00148     0.00000
    -16.595        -0.00191     0.00000    -0.00191     0.00000
    -16.445        -0.00275    -0.00000    -0.00275     0.00000
    -16.295        -0.00558    -0.00000    -0.00558     0.00000
    -16.145        -0.00815     0.00000    -0.00815     0.00000
    -15.995        -0.01430     0.00000    -0.01430     0.00000
    -15.845        -0.02256     0.00001    -0.02256     0.00000
    -15.695        -0.03271    -0.00045    -0.03227     0.00000
    -15.545        -0.04578    -0.00044    -0.04534     0.00000
    -15.395        -0.06542    -0.00143    -0.06400     0.00000
    -15.245        -0.08589    -0.00256    -0.08333     0.00000
    -15.095        -0.10704    -0.00578    -0.10126     0.00000
    -14.945        -0.13599    -0.00928    -0.12671     0.00000
    -14.795        -0.16877    -0.01348    -0.15529     0.00000
    -14.645        -0.19933    -0.01880    -0.18052     0.00000
    -14.495        -0.23365    -0.02533    -0.20832     0.00000
    -14.345        -0.26330    -0.03404    -0.22926     0.00000
    -14.195        -0.30049    -0.04535    -0.25515     0.00000
    -14.045        -0.33065    -0.05607    -0.27457     0.00000
    -13.895        -0.36379    -0.06868    -0.29511     0.00000
    -13.745        -0.40419    -0.08441    -0.31978     0.00000
    -13.595        -0.43965    -0.10192    -0.33773     0.00000
    -13.445        -0.47430    -0.12150    -0.35280     0.00000
    -13.295        -0.51578    -0.14290    -0.37287     0.00000
    -13.145        -0.55100    -0.16092    -0.39008     0.00000
    -12.995        -0.58976    -0.18338    -0.40638     0.00000
    -12.845        -0.63104    -0.20763    -0.42341     0.00000
    -12.695        -0.67500    -0.23568    -0.43932     0.00000
    -12.545        -0.72616    -0.26869    -0.45747     0.00000
    -12.395        -0.77413    -0.30053    -0.47359     0.00000
    -12.245        -0.82591    -0.33608    -0.48982     0.00000
    -12.095        -0.87158    -0.36790    -0.50368     0.00000
    -11.945        -0.92571    -0.40561    -0.52009     0.00000
    -11.795        -0.97903    -0.44326    -0.53577     0.00000
    -11.645        -1.04007    -0.48554    -0.55452     0.00000
    -11.495        -1.10266    -0.53221    -0.57046     0.00000
    -11.345        -1.17271    -0.58586    -0.58685     0.00000
    -11.195        -1.24319    -0.64009    -0.60310     0.00000
    -11.045        -1.31760    -0.69554    -0.62206     0.00000
    -10.895        -1.39184    -0.75099    -0.64085     0.00000
    -10.745        -1.46268    -0.80394    -0.65873     0.00000
    -10.595        -1.54317    -0.86881    -0.67436     0.00000
    -10.445        -1.62163    -0.92897    -0.69266     0.00000
    -10.295        -1.70150    -0.99454    -0.70697     0.00000
    -10.145        -1.78176    -1.05845    -0.72331     0.00000
    -9.9950        -1.86513    -1.12459    -0.74054     0.00000
    -9.8450        -1.94968    -1.19170    -0.75798     0.00000
    -9.6950        -2.03639    -1.26124    -0.77516     0.00000
    -9.5450        -2.12406    -1.32947    -0.79458     0.00000
    -9.3950        -2.21266    -1.39562    -0.81705     0.00000
    -9.2450        -2.30799    -1.46848    -0.83952     0.00000
    -9.0950        -2.40202    -1.54031    -0.86170     0.00000
    -8.9450        -2.49370    -1.60868    -0.88502     0.00000
    -8.7950        -2.59235    -1.68293    -0.90942     0.00000
    -8.6450        -2.69057    -1.75512    -0.93545     0.00000
    -8.4950        -2.79302    -1.83092    -0.96210     0.00000
    -8.3450        -2.90089    -1.90865    -0.99224     0.00000
    -8.1950        -3.01384    -1.98567    -1.02817     0.00000
    -8.0450        -3.12067    -2.05876    -1.06191     0.00000
    -7.8950        -3.23429    -2.13486    -1.09872    -0.00072
    -7.7450        -3.35576    -2.21279    -1.14006    -0.00292
    -7.5950        -3.48415    -2.29412    -1.18370    -0.00633
    -7.4450        -3.61434    -2.37205    -1.23036    -0.01194
    -7.2950        -3.75922    -2.45239    -1.28296    -0.02387
    -7.1450        -3.91333    -2.53341    -1.33701    -0.04290
    -6.9950        -4.07864    -2.61486    -1.39600    -0.06779
    -6.8450        -4.26132    -2.69915    -1.45625    -0.10592
    -6.6950        -4.46721    -2.79064    -1.51569    -0.16087
    -6.5450        -4.68402    -2.88009    -1.57735    -0.22657
    -6.3950        -4.92562    -2.97097    -1.64355    -0.31110
    -6.2450        -5.19477    -3.06049    -1.71345    -0.42083
    -6.0950        -5.49939    -3.16067    -1.78674    -0.55198
    -5.9450        -5.84235    -3.26048    -1.86700    -0.71488
    -5.7950        -6.24909    -3.36913    -1.94952    -0.93044
    -5.6450        -6.72608    -3.47970    -2.03464    -1.21174
    -5.4950        -7.25585    -3.58816    -2.12574    -1.54195
    -5.3450        -7.87224    -3.70400    -2.22284    -1.94540
    -5.1950        -8.52819    -3.82343    -2.32840    -2.37636
    -5.0450        -9.24431    -3.95814    -2.44174    -2.84443
    -4.8950        -9.98071    -4.08909    -2.55700    -3.33462
    -4.7450       -10.76123    -4.22917    -2.68408    -3.84797
    -4.5950       -11.57329    -4.36987    -2.81596    -4.38746
    -4.4450       -12.41010    -4.52190    -2.95799    -4.93021
    -4.2950       -13.28506    -4.67974    -3.11382    -5.49150
    -4.1450       -14.18809    -4.85097    -3.27913    -6.05798
    -3.9950       -15.11956    -5.03188    -3.45250    -6.63518
    -3.8450       -16.08975    -5.22190    -3.64146    -7.22639
    -3.6950       -17.09091    -5.42800    -3.83859    -7.82432
    -3.5450       -18.10956    -5.64038    -4.04554    -8.42364
    -3.3950       -19.20279    -5.87543    -4.27111    -9.05625
    -3.2450       -20.31645    -6.11140    -4.50437    -9.70068
    -3.0950       -21.49177    -6.35824    -4.75502   -10.37851
    -2.9450       -22.72227    -6.61948    -5.01655   -11.08624
    -2.7950       -24.01894    -6.90109    -5.29337   -11.82448
    -2.6450       -25.38586    -7.19794    -5.59232   -12.59560
    -2.4950       -26.84460    -7.51346    -5.91080   -13.42033
    -2.3450       -28.39684    -7.84063    -6.24877   -14.30745
    -2.1950       -30.06412    -8.20199    -6.61093   -15.25120
    -2.0450       -31.83913    -8.57668    -6.99526   -16.26719
    -1.8950       -33.74555    -8.98053    -7.40742   -17.35760
    -1.7450       -35.78257    -9.39588    -7.85267   -18.53401
    -1.5950       -37.99373    -9.83623    -8.34577   -19.81173
    -1.4450       -40.40343   -10.31553    -8.88945   -21.19845
    -1.2950       -43.04560   -10.82358    -9.49308   -22.72893
    -1.1450       -45.96577   -11.37244   -10.16940   -24.42392
   -0.99500       -49.23275   -11.95720   -10.93094   -26.34461
   -0.84500       -52.96862   -12.60436   -11.81476   -28.54949
   -0.69500       -57.25394   -13.33256   -12.79298   -31.12840
   -0.54500       -62.26707   -14.13802   -13.87039   -34.25865
   -0.39500       -68.30954   -14.96603   -14.93205   -38.41146
   -0.25300       -73.05878   -15.41636   -15.48699   -42.15544
   -0.21500       -73.39496   -15.44093   -15.51563   -42.43840
   -0.20900       -73.73695   -15.46489   -15.54396   -42.72809
   -0.20300       -74.08800   -15.48897   -15.57145   -43.02758
   -0.19700       -74.44486   -15.51201   -15.59796   -43.33488
   -0.19100       -74.81156   -15.53515   -15.62417   -43.65224
   -0.18500       -75.18707   -15.55790   -15.64974   -43.97944
   -0.17900       -75.57462   -15.57958   -15.67454   -44.32050
   -0.17300       -75.97120   -15.60093   -15.69849   -44.67178
   -0.16700       -76.37904   -15.62159   -15.72203   -45.03542
   -0.16100       -76.80118   -15.64211   -15.74469   -45.41437
   -0.15500       -77.23488   -15.66170   -15.76645   -45.80673
   -0.14900       -77.68208   -15.68039   -15.78773   -46.21396
   -0.14300       -78.14365   -15.69869   -15.80774   -46.63722
   -0.13700       -78.62388   -15.71631   -15.82740   -47.08017
   -0.13100       -79.11922   -15.73297   -15.84605   -47.54020
   -0.12500       -79.63365   -15.74948   -15.86404   -48.02013
   -0.11900       -80.16581   -15.76505   -15.88115   -48.51961
   -0.11300       -80.71894   -15.77977   -15.89769   -49.04148
   -0.10700       -81.29516   -15.79394   -15.91350   -49.58773
   -0.10100       -81.89690   -15.80710   -15.92820   -50.16160
   -0.95000E-01   -82.52516   -15.81991   -15.94208   -50.76317
   -0.89000E-01   -83.17984   -15.83178   -15.95537   -51.39269
   -0.83000E-01   -83.86291   -15.84285   -15.96770   -52.05236
   -0.77000E-01   -84.57775   -15.85314   -15.97913   -52.74548
   -0.71000E-01   -85.32805   -15.86280   -15.98963   -53.47562
   -0.65000E-01   -86.11528   -15.87170   -15.99925   -54.24433
   -0.59000E-01   -86.94551   -15.87973   -16.00799   -55.05779
   -0.53000E-01   -87.82935   -15.88695   -16.01580   -55.92660
   -0.47000E-01   -88.77014   -15.89340   -16.02275   -56.85400
   -0.41000E-01   -89.76801   -15.89896   -16.02888   -57.84018
   -0.35000E-01   -90.80286   -15.90388   -16.03406   -58.86492
   -0.29000E-01   -91.84588   -15.90789   -16.03839   -59.89960
   -0.23000E-01   -92.82440   -15.91104   -16.04183   -60.87153
   -0.19700E-01   -92.91396   -15.91131   -16.04212   -60.96053
   -0.19100E-01   -93.00175   -15.91158   -16.04240   -61.04777
   -0.18500E-01   -93.08779   -15.91185   -16.04268   -61.13326
   -0.17900E-01   -93.17137   -15.91210   -16.04294   -61.21633
   -0.17300E-01   -93.25300   -15.91234   -16.04320   -61.29745
   -0.16700E-01   -93.33261   -15.91257   -16.04344   -61.37660
   -0.16100E-01   -93.40967   -15.91279   -16.04368   -61.45320
   -0.15500E-01   -93.48469   -15.91300   -16.04390   -61.52779
   -0.14900E-01   -93.55719   -15.91321   -16.04412   -61.59986
   -0.14300E-01   -93.62737   -15.91341   -16.04433   -61.66963
   -0.13700E-01   -93.69500   -15.91360   -16.04454   -61.73686
   -0.13100E-01   -93.76013   -15.91377   -16.04474   -61.80162
   -0.12500E-01   -93.82253   -15.91394   -16.04492   -61.86367
   -0.11900E-01   -93.88221   -15.91410   -16.04510   -61.92301
   -0.11300E-01   -93.93926   -15.91425   -16.04526   -61.97975
   -0.10700E-01   -93.99352   -15.91440   -16.04542   -62.03370
   -0.10100E-01   -94.04505   -15.91454   -16.04557   -62.08494
   -0.95000E-02   -94.09376   -15.91467   -16.04570   -62.13338
   -0.89000E-02   -94.13947   -15.91479   -16.04584   -62.17884
   -0.83000E-02   -94.18243   -15.91490   -16.04596   -62.22157
   -0.77000E-02   -94.22236   -15.91501   -16.04608   -62.26128
   -0.71000E-02   -94.25921   -15.91510   -16.04618   -62.29792
   -0.65000E-02   -94.29299   -15.91519   -16.04627   -62.33153
   -0.59000E-02   -94.32392   -15.91528   -16.04636   -62.36228
   -0.53000E-02   -94.35168   -15.91535   -16.04644   -62.38990
   -0.47000E-02   -94.37636   -15.91541   -16.04651   -62.41443
   -0.41000E-02   -94.39794   -15.91547   -16.04658   -62.43589
   -0.35000E-02   -94.41635   -15.91552   -16.04663   -62.45421
   -0.29000E-02   -94.43168   -15.91556   -16.04667   -62.46946
   -0.23000E-02   -94.44383   -15.91559   -16.04670   -62.48153
   -0.17000E-02   -94.45282   -15.91562   -16.04673   -62.49047
   -0.11000E-02   -94.45863   -15.91563   -16.04674   -62.49626
   -0.50000E-03   -94.46129   -15.91564   -16.04675   -62.49890
    0.10000E-03   -94.46076   -15.91564   -16.04675   -62.49837
    0.70000E-03   -94.45705   -15.91563   -16.04674   -62.49468
    0.13000E-02   -94.45018   -15.91561   -16.04672   -62.48785
    0.19000E-02   -94.44015   -15.91559   -16.04669   -62.47787
    0.25000E-02   -94.42695   -15.91555   -16.04665   -62.46474
    0.31000E-02   -94.41063   -15.91551   -16.04661   -62.44851
    0.37000E-02   -94.39116   -15.91546   -16.04655   -62.42915
    0.43000E-02   -94.36858   -15.91540   -16.04649   -62.40670
    0.49000E-02   -94.34286   -15.91533   -16.04641   -62.38112
    0.55000E-02   -94.31408   -15.91525   -16.04633   -62.35250
    0.61000E-02   -94.28228   -15.91516   -16.04624   -62.32088
    0.67000E-02   -94.24736   -15.91507   -16.04613   -62.28616
    0.73000E-02   -94.20958   -15.91497   -16.04603   -62.24858
    0.79000E-02   -94.16879   -15.91485   -16.04591   -62.20802
    0.85000E-02   -94.12501   -15.91473   -16.04579   -62.16448
    0.91000E-02   -94.07835   -15.91460   -16.04565   -62.11810
    0.97000E-02   -94.02890   -15.91446   -16.04552   -62.06893
    0.10300E-01   -93.97655   -15.91431   -16.04536   -62.01689
    0.10900E-01   -93.92143   -15.91416   -16.04519   -61.96208
    0.11500E-01   -93.86353   -15.91399   -16.04502   -61.90452
    0.12100E-01   -93.80292   -15.91382   -16.04485   -61.84425
    0.12700E-01   -93.73973   -15.91363   -16.04466   -61.78144
    0.13300E-01   -93.67415   -15.91345   -16.04446   -61.71624
    0.13900E-01   -93.60609   -15.91326   -16.04426   -61.64857
    0.14500E-01   -93.53537   -15.91307   -16.04403   -61.57827
    0.15100E-01   -93.46229   -15.91285   -16.04381   -61.50563
    0.15700E-01   -93.38707   -15.91263   -16.04357   -61.43087
    0.16300E-01   -93.30967   -15.91239   -16.04333   -61.35395
    0.16900E-01   -93.22996   -15.91215   -16.04309   -61.27473
    0.17500E-01   -93.14817   -15.91192   -16.04283   -61.19342
    0.18100E-01   -93.06424   -15.91168   -16.04257   -61.10999
    0.18700E-01   -92.97839   -15.91144   -16.04229   -61.02467
    0.19300E-01   -92.89066   -15.91116   -16.04200   -60.93749
    0.20200E-01   -92.53254   -15.91003   -16.04081   -60.58171
    0.25000E-01   -91.52196   -15.90645   -16.03712   -59.57839
    0.31000E-01   -90.47467   -15.90207   -16.03255   -58.54005
    0.37000E-01   -89.44067   -15.89686   -16.02704   -57.51677
    0.43000E-01   -88.45015   -15.89086   -16.02087   -56.53842
    0.49000E-01   -87.51609   -15.88396   -16.01379   -55.61835
    0.55000E-01   -86.63945   -15.87611   -16.00579   -54.75756
    0.61000E-01   -85.81234   -15.86747   -15.99704   -53.94784
    0.67000E-01   -85.02664   -15.85792   -15.98738   -53.18134
    0.73000E-01   -84.28035   -15.84749   -15.97681   -52.45604
    0.79000E-01   -83.56739   -15.83606   -15.96563   -51.76570
    0.85000E-01   -82.88618   -15.82394   -15.95347   -51.10877
    0.91000E-01   -82.23469   -15.81077   -15.94060   -50.48333
    0.97000E-01   -81.60955   -15.79675   -15.92688   -49.88592
    0.10300       -81.01338   -15.78175   -15.91251   -49.31912
    0.10900       -80.44422   -15.76607   -15.89732   -48.78083
    0.11500       -79.89573   -15.74925   -15.88158   -48.26491
    0.12100       -79.37144   -15.73197   -15.86469   -47.77479
    0.12700       -78.86768   -15.71376   -15.84743   -47.30649
    0.13300       -78.38309   -15.69465   -15.82946   -46.85898
    0.13900       -77.91647   -15.67479   -15.81081   -46.43087
    0.14500       -77.46712   -15.65420   -15.79138   -46.02154
    0.15100       -77.03404   -15.63264   -15.77144   -45.62996
    0.15700       -76.61656   -15.61037   -15.75076   -45.25543
    0.16300       -76.21371   -15.58671   -15.72960   -44.89740
    0.16900       -75.82543   -15.56326   -15.70760   -44.55457
    0.17500       -75.44985   -15.53870   -15.68550   -44.22565
    0.18100       -75.08849   -15.51274   -15.66289   -43.91285
    0.18700       -74.73806   -15.48639   -15.63984   -43.61183
    0.19300       -74.39659   -15.45917   -15.61638   -43.32103
    0.19900       -74.06705   -15.43120   -15.59250   -43.04336
    0.20500       -73.74549   -15.40265   -15.56766   -42.77518
    0.21100       -73.43202   -15.37308   -15.54275   -42.51619
    0.21700       -73.12701   -15.34281   -15.51755   -42.26665
    0.29500       -66.91455   -14.40029   -14.78390   -37.73036
    0.44500       -62.49008   -13.29520   -13.99226   -35.20262
    0.59500       -58.94773   -12.18879   -13.22237   -33.53658
    0.74500       -56.07197   -11.20294   -12.53529   -32.33374
    0.89500       -53.68416   -10.36872   -11.91730   -31.39814
     1.0450       -51.65550    -9.65538   -11.35790   -30.64222
     1.1950       -49.88299    -9.01169   -10.84607   -30.02522
     1.3450       -48.31493    -8.43133   -10.36940   -29.51421
     1.4950       -46.91293    -7.89950    -9.92978   -29.08366
     1.6450       -45.64962    -7.41501    -9.51528   -28.71933
     1.7950       -44.51604    -6.97423    -9.13217   -28.40964
     1.9450       -43.48113    -6.56878    -8.77412   -28.13823
     2.0950       -42.54385    -6.19801    -8.43870   -27.90714
     2.2450       -41.67336    -5.85355    -8.12003   -27.69979
     2.3950       -40.87295    -5.53536    -7.82099   -27.51660
     2.5450       -40.14237    -5.24154    -7.53879   -27.36204
     2.6950       -39.45386    -4.96564    -7.26814   -27.22009
     2.8450       -38.80846    -4.70963    -7.01198   -27.08685
     2.9950       -38.20839    -4.46903    -6.77353   -26.96583
     3.1450       -37.64641    -4.24442    -6.54413   -26.85785
     3.2950       -37.12042    -4.03577    -6.32669   -26.75797
     3.4450       -36.62995    -3.84153    -6.11819   -26.67023
     3.5950       -36.16685    -3.66202    -5.91793   -26.58689
     3.7450       -35.72881    -3.49233    -5.72763   -26.50885
     3.8950       -35.32016    -3.33596    -5.54658   -26.43763
     4.0450       -34.93123    -3.18763    -5.37381   -26.36978
     4.1950       -34.56462    -3.05042    -5.20928   -26.30492
     4.3450       -34.21563    -2.92184    -5.05113   -26.24266
     4.4950       -33.88476    -2.80234    -4.90026   -26.18215
     4.6450       -33.56859    -2.68925    -4.75649   -26.12286
     4.7950       -33.26994    -2.58337    -4.61937   -26.06720
     4.9450       -32.98664    -2.48603    -4.48724   -26.01337
     5.0950       -32.71853    -2.39470    -4.36250   -25.96133
     5.2450       -32.46066    -2.30786    -4.24146   -25.91134
     5.3950       -32.21392    -2.22587    -4.12581   -25.86223
     5.5450       -31.97894    -2.14855    -4.01527   -25.81512
     5.6950       -31.75670    -2.07846    -3.90863   -25.76960
     5.8450       -31.54235    -2.01144    -3.80549   -25.72541
     5.9950       -31.33510    -1.94496    -3.70784   -25.68230
     6.1450       -31.14282    -1.88726    -3.61545   -25.64011
     6.2950       -30.95389    -1.82849    -3.52619   -25.59920
     6.4450       -30.77057    -1.77408    -3.43763   -25.55886
     6.5950       -30.59202    -1.71993    -3.35227   -25.51982
     6.7450       -30.42251    -1.67007    -3.27078   -25.48166
     6.8950       -30.26065    -1.62227    -3.19402   -25.44436
     7.0450       -30.10724    -1.58297    -3.11643   -25.40784
     7.1950       -29.95432    -1.53923    -3.04293   -25.37216
     7.3450       -29.80613    -1.49910    -2.96985   -25.33717
     7.4950       -29.66423    -1.45943    -2.90196   -25.30284
     7.6450       -29.52525    -1.42445    -2.83161   -25.26919
     7.7950       -29.38727    -1.38774    -2.76332   -25.23621
     7.9450       -29.25743    -1.35573    -2.69785   -25.20385
     8.0950       -29.12939    -1.32397    -2.63326   -25.17217
     8.2450       -29.00923    -1.29797    -2.57017   -25.14109
     8.3950       -28.89340    -1.27082    -2.51210   -25.11048
     8.5450       -28.78655    -1.24865    -2.45742   -25.08048
     8.6950       -28.67870    -1.22364    -2.40413   -25.05093
     8.8450       -28.58226    -1.20603    -2.35430   -25.02193
     8.9950       -28.47924    -1.18331    -2.30245   -24.99348
     9.1450       -28.38034    -1.16058    -2.25428   -24.96548
     9.2950       -28.28841    -1.13953    -2.21094   -24.93794
     9.4450       -28.19840    -1.12395    -2.16368   -24.91076
     9.5950       -28.11324    -1.10735    -2.12184   -24.88404
     9.7450       -28.03443    -1.09536    -2.08132   -24.85774
     9.8950       -27.95464    -1.08467    -2.03816   -24.83180
     10.045       -27.88463    -1.07690    -2.00147   -24.80626
     10.195       -27.81431    -1.06479    -1.96836   -24.78116
     10.345       -27.75359    -1.05866    -1.93849   -24.75643
     10.495       -27.69506    -1.05258    -1.91046   -24.73202
     10.645       -27.63200    -1.04324    -1.88083   -24.70793
     10.795       -27.57532    -1.03717    -1.85390   -24.68424
     10.945       -27.52622    -1.03297    -1.83237   -24.66088
     11.095       -27.47159    -1.02522    -1.80860   -24.63777
     11.245       -27.42204    -1.02105    -1.78597   -24.61501
     11.395       -27.37385    -1.01693    -1.76443   -24.59249
     11.545       -27.33342    -1.01478    -1.74830   -24.57034
     11.695       -27.28284    -1.01069    -1.72368   -24.54847
     11.845       -27.24298    -1.00865    -1.70754   -24.52678
     11.995       -27.19798    -1.00260    -1.68993   -24.50544
     12.145       -27.15678    -0.99857    -1.67381   -24.48440
     12.295       -27.12679    -0.99670    -1.66655   -24.46354
     12.445       -27.09136    -0.99485    -1.65358   -24.44293
     12.595       -27.06206    -0.99307    -1.64637   -24.42263
     12.745       -27.03522    -0.99132    -1.64138   -24.40253
     12.895       -27.00648    -0.98963    -1.63415   -24.38270
     13.045       -26.97802    -0.98799    -1.62700   -24.36304
     13.195       -26.94983    -0.98636    -1.61982   -24.34365
     13.345       -26.92424    -0.98242    -1.61734   -24.32448
     13.495       -26.90136    -0.98086    -1.61493   -24.30557
     13.645       -26.87871    -0.97933    -1.61259   -24.28679
     13.795       -26.85154    -0.97784    -1.60547   -24.26823
     13.945       -26.82953    -0.97639    -1.60325   -24.24989
     14.095       -26.80534    -0.97498    -1.59859   -24.23177
     14.245       -26.78390    -0.97358    -1.59648   -24.21383
     14.395       -26.76265    -0.97221    -1.59442   -24.19602
     14.545       -26.74174    -0.97087    -1.59242   -24.17845
     14.695       -26.72108    -0.96954    -1.59048   -24.16106
     14.845       -26.70067    -0.96826    -1.58857   -24.14384
     14.995       -26.68049    -0.96701    -1.58671   -24.12677
     15.145       -26.66064    -0.96577    -1.58490   -24.10996
     15.295       -26.64090    -0.96455    -1.58312   -24.09324
     15.445       -26.62139    -0.96335    -1.58137   -24.07666
     15.595       -26.60207    -0.96217    -1.57966   -24.06024
     15.745       -26.58303    -0.96101    -1.57800   -24.04403
     15.895       -26.56414    -0.95988    -1.57635   -24.02791
     16.045       -26.54553    -0.95876    -1.57476   -24.01201
     16.195       -26.52714    -0.95765    -1.57322   -23.99627
     16.345       -26.50886    -0.95656    -1.57169   -23.98061
     16.495       -26.49080    -0.95548    -1.57019   -23.96513
     16.645       -26.47298    -0.95443    -1.56873   -23.94983
     16.795       -26.45530    -0.95339    -1.56728   -23.93463
     16.945       -26.43780    -0.95236    -1.56589   -23.91956
     17.095       -26.42045    -0.95134    -1.56450   -23.90461
     17.245       -26.40333    -0.95035    -1.56316   -23.88983
     17.395       -26.38635    -0.94936    -1.56183   -23.87516
     17.545       -26.36955    -0.94839    -1.56053   -23.86063
     17.695       -26.35292    -0.94742    -1.55926   -23.84625
     17.845       -26.33642    -0.94648    -1.55800   -23.83194
     17.995       -26.32008    -0.94554    -1.55677   -23.81776
     18.145       -26.30394    -0.94461    -1.55557   -23.80375
     18.295       -26.28790    -0.94371    -1.55439   -23.78980
     18.445       -26.27202    -0.94281    -1.55323   -23.77598
     18.595       -26.25634    -0.94193    -1.55208   -23.76232
     18.745       -26.24075    -0.94105    -1.55095   -23.74875
     18.895       -26.22529    -0.94020    -1.54983   -23.73526
     19.045       -26.20997    -0.93935    -1.54873   -23.72189
     19.195       -26.19479    -0.93851    -1.54766   -23.70862
     19.345       -26.17976    -0.93767    -1.54661   -23.69548
     19.495       -26.16478    -0.93684    -1.54556   -23.68238
     19.645       -26.14997    -0.93604    -1.54452   -23.66941
     19.795       -26.13534    -0.93523    -1.54351   -23.65660
     19.945       -26.12078    -0.93444    -1.54251   -23.64383
     20.095       -26.10630    -0.93365    -1.54151   -23.63114
     20.245       -26.09198    -0.93286    -1.54054   -23.61859
     20.395       -26.07774    -0.93208    -1.53958   -23.60608
     20.545       -26.06363    -0.93132    -1.53864   -23.59367
     20.695       -26.04963    -0.93056    -1.53770   -23.58137
     20.845       -26.03573    -0.92982    -1.53679   -23.56912
     20.995       -26.02195    -0.92908    -1.53588   -23.55699
     21.145       -26.00833    -0.92835    -1.53499   -23.54499
     21.295       -25.99480    -0.92762    -1.53410   -23.53308
     21.445       -25.98129    -0.92689    -1.53323   -23.52117
     21.595       -25.96795    -0.92617    -1.53236   -23.50942
     21.745       -25.95474    -0.92546    -1.53152   -23.49776
     21.895       -25.94160    -0.92476    -1.53069   -23.48615
     22.045       -25.92855    -0.92407    -1.52986   -23.47462
     22.195       -25.91561    -0.92339    -1.52904   -23.46318
     22.345       -25.90273    -0.92271    -1.52824   -23.45178
     22.495       -25.88995    -0.92204    -1.52743   -23.44047
     22.645       -25.87727    -0.92137    -1.52665   -23.42926
     22.795       -25.86468    -0.92071    -1.52587   -23.41811
     22.945       -25.85218    -0.92005    -1.52510   -23.40704
     23.095       -25.83975    -0.91939    -1.52432   -23.39604
     23.245       -25.82743    -0.91874    -1.52357   -23.38512
     23.395       -25.81524    -0.91810    -1.52282   -23.37432
     23.545       -25.80312    -0.91747    -1.52210   -23.36356
     23.695       -25.79105    -0.91684    -1.52136   -23.35285
     23.845       -25.77907    -0.91621    -1.52063   -23.34223
     23.995       -25.76714    -0.91559    -1.51992   -23.33163
     24.145       -25.75531    -0.91497    -1.51922   -23.32111
     24.295       -25.74353    -0.91435    -1.51852   -23.31066
     24.445       -25.73186    -0.91374    -1.51783   -23.30029
     24.595       -25.72029    -0.91315    -1.51715   -23.28999
     24.745       -25.70878    -0.91255    -1.51647   -23.27977
     24.895       -25.69736    -0.91197    -1.51580   -23.26959
     25.045       -25.68599    -0.91138    -1.51514   -23.25948
     25.195       -25.67467    -0.91080    -1.51448   -23.24939
     25.345       -25.66344    -0.91022    -1.51382   -23.23940
     25.495       -25.65231    -0.90965    -1.51318   -23.22948
     25.645       -25.64121    -0.90908    -1.51254   -23.21959
     25.795       -25.63012    -0.90851    -1.51190   -23.20971
     25.945       -25.61917    -0.90796    -1.51126   -23.19995
     26.095       -25.60827    -0.90740    -1.51065   -23.19022
     26.245       -25.59747    -0.90685    -1.51002   -23.18060
     26.395       -25.58669    -0.90631    -1.50941   -23.17097
     26.545       -25.57597    -0.90577    -1.50879   -23.16141
     26.695       -25.56534    -0.90524    -1.50818   -23.15192
     26.845       -25.55480    -0.90471    -1.50758   -23.14251
     26.995       -25.54432    -0.90416    -1.50700   -23.13316
     27.145       -25.53387    -0.90363    -1.50640   -23.12383
     27.295       -25.52347    -0.90311    -1.50582   -23.11454
     27.445       -25.51320    -0.90260    -1.50525   -23.10536
     27.595       -25.50295    -0.90208    -1.50468   -23.09618
     27.745       -25.49278    -0.90158    -1.50412   -23.08708
     27.895       -25.48262    -0.90107    -1.50355   -23.07800
     28.045       -25.47256    -0.90057    -1.50299   -23.06900
     28.195       -25.46249    -0.90005    -1.50244   -23.05999
     28.345       -25.45251    -0.89955    -1.50189   -23.05107
     28.495       -25.44258    -0.89906    -1.50134   -23.04218
     28.645       -25.43272    -0.89856    -1.50081   -23.03335
     28.795       -25.42295    -0.89807    -1.50028   -23.02460
     28.945       -25.41323    -0.89759    -1.49974   -23.01589
     29.095       -25.40355    -0.89710    -1.49921   -23.00724
     29.245       -25.39390    -0.89661    -1.49869   -22.99860
     29.395       -25.38431    -0.89613    -1.49817   -22.99001
     29.545       -25.37477    -0.89565    -1.49766   -22.98146
     29.695       -25.36531    -0.89519    -1.49714   -22.97298
     29.845       -25.35583    -0.89471    -1.49663   -22.96449
     29.995       -25.34647    -0.89425    -1.49612   -22.95610
     30.145       -25.33716    -0.89379    -1.49562   -22.94775
     35.794       -24.72391    -0.86394    -1.46442   -22.39555
     49.810       -24.12301    -0.83548    -1.43629   -21.85125
     69.316       -23.53460    -0.80807    -1.41001   -21.31652
     96.460       -22.95904    -0.78152    -1.38524   -20.79229
     134.23       -22.39728    -0.75586    -1.36158   -20.27984
     186.80       -21.84993    -0.73085    -1.33896   -19.78012
     259.95       -21.31726    -0.70656    -1.31721   -19.29348
     361.74       -20.80014    -0.68298    -1.29633   -18.82082
     503.40       -20.29784    -0.66017    -1.27623   -18.36143
     700.53       -19.81054    -0.63803    -1.25688   -17.91564
     974.85       -19.33809    -0.61660    -1.23824   -17.48325
     1356.6       -18.88038    -0.59585    -1.22028   -17.06425
     1887.8       -18.43671    -0.57589    -1.20290   -16.65792
     2627.1       -18.00675    -0.55659    -1.18618   -16.26398
     3655.9       -17.58998    -0.53792    -1.17003   -15.88203
     5087.5       -17.18557    -0.51986    -1.15441   -15.51130
     7079.7       -16.79375    -0.50243    -1.13935   -15.15198
     9852.1       -16.41404    -0.48559    -1.12475   -14.80370
     13710.       -16.04687    -0.46929    -1.11064   -14.46695
     19079.       -15.69194    -0.45355    -1.09695   -14.14144
     26550.       -15.34916    -0.43829    -1.08378   -13.82709
     36947.       -15.01850    -0.42350    -1.07104   -13.52396
     51416.       -14.70094    -0.40918    -1.05875   -13.23301
     71550.       -14.39732    -0.39532    -1.04692   -12.95508
     99568.       -14.10693    -0.38194    -1.03559   -12.68940
    0.13856E+06   -13.82861    -0.36900    -1.02477   -12.43484
    0.19282E+06   -13.56234    -0.35655    -1.01440   -12.19139
    0.26832E+06   -13.30830    -0.34460    -1.00448   -11.95922
    0.37340E+06   -13.06579    -0.33316    -0.99499   -11.73763
    0.51962E+06   -12.83425    -0.32225    -0.98593   -11.52607
    0.72310E+06   -12.61266    -0.31177    -0.97728   -11.32361
    0.10063E+07   -12.40086    -0.30175    -0.96902   -11.13010
    0.14003E+07   -12.19905    -0.29223    -0.96109   -10.94574
    0.19487E+07   -12.00702    -0.28311    -0.95353   -10.77037
    0.27118E+07   -11.82418    -0.27445    -0.94636   -10.60338
    0.37737E+07   -11.64998    -0.26613    -0.93950   -10.44436
    0.52514E+07   -11.48415    -0.25823    -0.93298   -10.29294
    0.73079E+07   -11.32620    -0.25069    -0.92675   -10.14875
    0.10170E+08   -11.17595    -0.24347    -0.92082   -10.01166
    0.14152E+08   -11.03295    -0.23663    -0.91516    -9.88116
    0.19694E+08   -10.89693    -0.23012    -0.90978    -9.75703
    0.27406E+08   -10.76744    -0.22392    -0.90467    -9.63886
    0.38138E+08   -10.64430    -0.21803    -0.89976    -9.52652
    0.53073E+08   -10.52757    -0.21241    -0.89512    -9.42005
    0.73856E+08   -10.41723    -0.20704    -0.89070    -9.31949
    0.10278E+09   -10.31317    -0.20194    -0.88649    -9.22475
    0.14302E+09   -10.21600    -0.19709    -0.88251    -9.13640
    0.19903E+09   -10.12610    -0.19249    -0.87881    -9.05480
    0.27697E+09   -10.04280    -0.18809    -0.87531    -8.97939
    0.38543E+09    -9.96573    -0.18393    -0.87208    -8.90973
    0.53637E+09    -9.89413    -0.18002    -0.86910    -8.84500
    0.74641E+09    -9.82835    -0.17635    -0.86634    -8.78566
    0.10387E+10    -9.76841    -0.17294    -0.86379    -8.73168
    0.14454E+10    -9.71332    -0.16980    -0.86143    -8.68210
    0.20115E+10    -9.66264    -0.16689    -0.85928    -8.63648
    0.27992E+10    -9.61605    -0.16421    -0.85731    -8.59453
    0.38953E+10    -9.57320    -0.16172    -0.85550    -8.55598
    0.54207E+10    -9.53369    -0.15944    -0.85385    -8.52040
    0.75434E+10    -9.49735    -0.15735    -0.85233    -8.48767
    0.10497E+11    -9.46391    -0.15544    -0.85092    -8.45756
    0.14608E+11    -9.43305    -0.15368    -0.84962    -8.42975
    0.20329E+11    -9.40458    -0.15206    -0.84843    -8.40409
    0.28289E+11    -9.37845    -0.15055    -0.84733    -8.38056
    0.39367E+11    -9.35433    -0.14918    -0.84632    -8.35883
    0.54783E+11    -9.33214    -0.14793    -0.84538    -8.33883
    0.10000E+12    -9.07441    -0.13324    -0.83450    -8.10667
