    -44.945         0.00000     0.00000     0.00000     0.00000
    -44.795         0.00000     0.00000     0.00000     0.00000
    -44.645         0.00000     0.00000     0.00000     0.00000
    -44.495         0.00000     0.00000     0.00000     0.00000
    -44.345         0.00000     0.00000     0.00000     0.00000
    -44.195         0.00000     0.00000     0.00000     0.00000
    -44.045         0.00000     0.00000     0.00000     0.00000
    -43.895         0.00000     0.00000     0.00000     0.00000
    -43.745         0.00000     0.00000     0.00000     0.00000
    -43.595         0.00000     0.00000     0.00000     0.00000
    -43.445         0.00000     0.00000     0.00000     0.00000
    -43.295         0.00000     0.00000     0.00000     0.00000
    -43.145         0.00000     0.00000     0.00000     0.00000
    -42.995         0.00000     0.00000     0.00000     0.00000
    -42.845         0.00000     0.00000     0.00000     0.00000
    -42.695         0.00000     0.00000     0.00000     0.00000
    -42.545         0.00000     0.00000     0.00000     0.00000
    -42.395         0.00000     0.00000     0.00000     0.00000
    -42.245         0.00000     0.00000     0.00000     0.00000
    -42.095         0.00000     0.00000     0.00000     0.00000
    -41.945         0.00000     0.00000     0.00000     0.00000
    -41.795         0.00000     0.00000     0.00000     0.00000
    -41.645         0.00000     0.00000     0.00000     0.00000
    -41.495         0.00000     0.00000     0.00000     0.00000
    -41.345         0.00000     0.00000     0.00000     0.00000
    -41.195         0.00000     0.00000     0.00000     0.00000
    -41.045         0.00000     0.00000     0.00000     0.00000
    -40.895         0.00000     0.00000     0.00000     0.00000
    -40.745         0.00000     0.00000     0.00000     0.00000
    -40.595         0.00000     0.00000     0.00000     0.00000
    -40.445         0.00000     0.00000     0.00000     0.00000
    -40.295         0.00000     0.00000     0.00000     0.00000
    -40.145         0.00000     0.00000     0.00000     0.00000
    -39.995         0.00000     0.00000     0.00000     0.00000
    -39.845         0.00000     0.00000     0.00000     0.00000
    -39.695         0.00000     0.00000     0.00000     0.00000
    -39.545         0.00000     0.00000     0.00000     0.00000
    -39.395         0.00000     0.00000     0.00000     0.00000
    -39.245         0.00000     0.00000     0.00000     0.00000
    -39.095         0.00000     0.00000     0.00000     0.00000
    -38.945         0.00000     0.00000     0.00000     0.00000
    -38.795         0.00000     0.00000     0.00000     0.00000
    -38.645         0.00000     0.00000     0.00000     0.00000
    -38.495         0.00000     0.00000     0.00000     0.00000
    -38.345         0.00000     0.00000     0.00000     0.00000
    -38.195         0.00000     0.00000     0.00000     0.00000
    -38.045         0.00000     0.00000     0.00000     0.00000
    -37.895         0.00000     0.00000     0.00000     0.00000
    -37.745         0.00000     0.00000     0.00000     0.00000
    -37.595         0.00000     0.00000     0.00000     0.00000
    -37.445         0.00000     0.00000     0.00000     0.00000
    -37.295         0.00000     0.00000     0.00000     0.00000
    -37.145         0.00000     0.00000     0.00000     0.00000
    -36.995         0.00000     0.00000     0.00000     0.00000
    -36.845         0.00000     0.00000     0.00000     0.00000
    -36.695         0.00000     0.00000     0.00000     0.00000
    -36.545         0.00000     0.00000     0.00000     0.00000
    -36.395         0.00000     0.00000     0.00000     0.00000
    -36.245         0.00000     0.00000     0.00000     0.00000
    -36.095         0.00000     0.00000     0.00000     0.00000
    -35.945         0.00000     0.00000     0.00000     0.00000
    -35.795         0.00000     0.00000     0.00000     0.00000
    -35.645         0.00000     0.00000     0.00000     0.00000
    -35.495         0.00000     0.00000     0.00000     0.00000
    -35.345         0.00000     0.00000     0.00000     0.00000
    -35.195         0.00000     0.00000     0.00000     0.00000
    -35.045         0.00000     0.00000     0.00000     0.00000
    -34.895         0.00000     0.00000     0.00000     0.00000
    -34.745         0.00000     0.00000     0.00000     0.00000
    -34.595         0.00000     0.00000     0.00000     0.00000
    -34.445         0.00000     0.00000     0.00000     0.00000
    -34.295         0.00000     0.00000     0.00000     0.00000
    -34.145         0.00000     0.00000     0.00000     0.00000
    -33.995         0.00000     0.00000     0.00000     0.00000
    -33.845         0.00000     0.00000     0.00000     0.00000
    -33.695         0.00000     0.00000     0.00000     0.00000
    -33.545         0.00000     0.00000     0.00000     0.00000
    -33.395         0.00000     0.00000     0.00000     0.00000
    -33.245         0.00000     0.00000     0.00000     0.00000
    -33.095         0.00000     0.00000     0.00000     0.00000
    -32.945         0.00000     0.00000     0.00000     0.00000
    -32.795         0.00000     0.00000     0.00000     0.00000
    -32.645         0.00000     0.00000     0.00000     0.00000
    -32.495         0.00000     0.00000     0.00000     0.00000
    -32.345         0.00000     0.00000     0.00000     0.00000
    -32.195         0.00000     0.00000     0.00000     0.00000
    -32.045         0.00000     0.00000     0.00000     0.00000
    -31.895         0.00000     0.00000     0.00000     0.00000
    -31.745         0.00000     0.00000     0.00000     0.00000
    -31.595         0.00000     0.00000     0.00000     0.00000
    -31.445         0.00000     0.00000     0.00000     0.00000
    -31.295         0.00000     0.00000     0.00000     0.00000
    -31.145         0.00000     0.00000     0.00000     0.00000
    -30.995         0.00000     0.00000     0.00000     0.00000
    -30.845         0.00000     0.00000     0.00000     0.00000
    -30.695         0.00000     0.00000     0.00000     0.00000
    -30.545         0.00000     0.00000     0.00000     0.00000
    -30.395         0.00000     0.00000     0.00000     0.00000
    -30.245         0.00000     0.00000     0.00000     0.00000
    -30.095         0.00000     0.00000     0.00000     0.00000
    -29.945         0.00000     0.00000     0.00000     0.00000
    -29.795         0.00000     0.00000     0.00000     0.00000
    -29.645         0.00000     0.00000     0.00000     0.00000
    -29.495         0.00000     0.00000     0.00000     0.00000
    -29.345         0.00000     0.00000     0.00000     0.00000
    -29.195         0.00000     0.00000     0.00000     0.00000
    -29.045         0.00000     0.00000     0.00000     0.00000
    -28.895         0.00000     0.00000     0.00000     0.00000
    -28.745         0.00000     0.00000     0.00000     0.00000
    -28.595         0.00000     0.00000     0.00000     0.00000
    -28.445         0.00000     0.00000     0.00000     0.00000
    -28.295         0.00000     0.00000     0.00000     0.00000
    -28.145         0.00000     0.00000     0.00000     0.00000
    -27.995         0.00000     0.00000     0.00000     0.00000
    -27.845         0.00000     0.00000     0.00000     0.00000
    -27.695         0.00000     0.00000     0.00000     0.00000
    -27.545         0.00000     0.00000     0.00000     0.00000
    -27.395        -0.00000    -0.00000     0.00000     0.00000
    -27.245        -0.00000    -0.00000     0.00000     0.00000
    -27.095        -0.00000    -0.00000     0.00000     0.00000
    -26.945        -0.00000    -0.00000     0.00000     0.00000
    -26.795        -0.00000    -0.00000     0.00000     0.00000
    -26.645        -0.00000    -0.00000     0.00000     0.00000
    -26.495        -0.00000    -0.00000     0.00000     0.00000
    -26.345        -0.00000    -0.00000     0.00000     0.00000
    -26.195        -0.00000    -0.00000     0.00000     0.00000
    -26.045        -0.00000    -0.00000     0.00000     0.00000
    -25.895        -0.00000    -0.00000     0.00000     0.00000
    -25.745        -0.00000    -0.00000     0.00000     0.00000
    -25.595        -0.00000    -0.00000     0.00000     0.00000
    -25.445        -0.00000    -0.00000     0.00000     0.00000
    -25.295        -0.00001    -0.00001     0.00000     0.00000
    -25.145        -0.00001    -0.00001     0.00000     0.00000
    -24.995        -0.00001    -0.00001     0.00000     0.00000
    -24.845        -0.00001    -0.00001     0.00000     0.00000
    -24.695        -0.00001    -0.00001     0.00000     0.00000
    -24.545        -0.00002    -0.00002     0.00000     0.00000
    -24.395        -0.00002    -0.00002     0.00000     0.00000
    -24.245        -0.00003    -0.00003     0.00000     0.00000
    -24.095        -0.00004    -0.00004     0.00000     0.00000
    -23.945        -0.00004    -0.00004     0.00000     0.00000
    -23.795        -0.00005    -0.00005     0.00000     0.00000
    -23.645        -0.00006    -0.00006     0.00000     0.00000
    -23.495        -0.00008    -0.00008     0.00000     0.00000
    -23.345        -0.00009    -0.00009     0.00000     0.00000
    -23.195        -0.00011    -0.00011     0.00000     0.00000
    -23.045        -0.00013    -0.00013     0.00000     0.00000
    -22.895        -0.00016    -0.00016     0.00000     0.00000
    -22.745        -0.00019    -0.00019     0.00000     0.00000
    -22.595        -0.00021    -0.00021     0.00000     0.00000
    -22.445        -0.00025    -0.00025     0.00000     0.00000
    -22.295        -0.00029    -0.00029     0.00000     0.00000
    -22.145        -0.00033    -0.00033     0.00000     0.00000
    -21.995        -0.00037    -0.00037     0.00000     0.00000
    -21.845        -0.00043    -0.00043     0.00000     0.00000
    -21.695        -0.00049    -0.00049     0.00000     0.00000
    -21.545        -0.00166    -0.00166     0.00000     0.00000
    -21.395        -0.00173    -0.00173     0.00000     0.00000
    -21.245        -0.00183    -0.00183     0.00000     0.00000
    -21.095        -0.00193    -0.00193     0.00000     0.00000
    -20.945        -0.00204    -0.00204     0.00000     0.00000
    -20.795        -0.00217    -0.00217     0.00000     0.00000
    -20.645        -0.00232    -0.00232    -0.00000     0.00000
    -20.495        -0.00410    -0.00410    -0.00000     0.00000
    -20.345        -0.00428    -0.00428    -0.00000     0.00000
    -20.195        -0.00448    -0.00448    -0.00000     0.00000
    -20.045        -0.00471    -0.00471    -0.00000     0.00000
    -19.895        -0.00590    -0.00497    -0.00093     0.00000
    -19.745        -0.00619    -0.00525    -0.00093     0.00000
    -19.595        -0.00792    -0.00556    -0.00236     0.00000
    -19.445        -0.01020    -0.00589    -0.00431     0.00000
    -19.295        -0.01517    -0.00840    -0.00677     0.00000
    -19.145        -0.01994    -0.00878    -0.01116     0.00000
    -18.995        -0.02897    -0.00920    -0.01977     0.00000
    -18.845        -0.04170    -0.00964    -0.03206     0.00000
    -18.695        -0.05698    -0.01232    -0.04466     0.00000
    -18.545        -0.07459    -0.01657    -0.05802     0.00000
    -18.395        -0.09270    -0.01934    -0.07336     0.00000
    -18.245        -0.11813    -0.02215    -0.09597     0.00000
    -18.095        -0.13602    -0.02500    -0.11101     0.00000
    -17.945        -0.15725    -0.02790    -0.12936     0.00000
    -17.795        -0.18984    -0.03372    -0.15612     0.00000
    -17.645        -0.21398    -0.03442    -0.17956     0.00000
    -17.495        -0.23420    -0.03741    -0.19679     0.00000
    -17.345        -0.25835    -0.04040    -0.21795     0.00000
    -17.195        -0.28380    -0.04121    -0.24259     0.00000
    -17.045        -0.30857    -0.04424    -0.26433     0.00000
    -16.895        -0.34576    -0.05386    -0.29190     0.00000
    -16.745        -0.37613    -0.05877    -0.31736     0.00000
    -16.595        -0.40908    -0.06869    -0.34039     0.00000
    -16.445        -0.42906    -0.06964    -0.35942     0.00000
    -16.295        -0.45685    -0.07877    -0.37808     0.00000
    -16.145        -0.48600    -0.08806    -0.39794     0.00000
    -15.995        -0.51354    -0.09616    -0.41738     0.00000
    -15.845        -0.53603    -0.09722    -0.43881     0.00000
    -15.695        -0.56044    -0.10556    -0.45488     0.00000
    -15.545        -0.58886    -0.11640    -0.47247     0.00000
    -15.395        -0.61357    -0.12735    -0.48622     0.00000
    -15.245        -0.63575    -0.13717    -0.49858     0.00000
    -15.095        -0.65919    -0.14709    -0.51210     0.00000
    -14.945        -0.68444    -0.16058    -0.52386     0.00000
    -14.795        -0.70887    -0.17065    -0.53822     0.00000
    -14.645        -0.73418    -0.18081    -0.55337     0.00000
    -14.495        -0.75940    -0.19228    -0.56712     0.00000
    -14.345        -0.77872    -0.19950    -0.57922     0.00000
    -14.195        -0.80778    -0.21464    -0.59314     0.00000
    -14.045        -0.83424    -0.22884    -0.60540     0.00000
    -13.895        -0.86598    -0.24722    -0.61876     0.00000
    -13.745        -0.88995    -0.26265    -0.62731     0.00000
    -13.595        -0.92045    -0.28022    -0.64023     0.00000
    -13.445        -0.94841    -0.29678    -0.65163     0.00000
    -13.295        -0.98202    -0.31807    -0.66394     0.00000
    -13.145        -1.01290    -0.34105    -0.67185     0.00000
    -12.995        -1.04496    -0.36151    -0.68345     0.00000
    -12.845        -1.07367    -0.38017    -0.69350     0.00000
    -12.695        -1.11100    -0.40680    -0.70420     0.00000
    -12.545        -1.14560    -0.43061    -0.71499     0.00000
    -12.395        -1.18478    -0.45796    -0.72682     0.00000
    -12.245        -1.21793    -0.48090    -0.73702     0.00000
    -12.095        -1.25542    -0.50540    -0.75002     0.00000
    -11.945        -1.28425    -0.52469    -0.75955     0.00000
    -11.795        -1.32578    -0.55836    -0.76742     0.00000
    -11.645        -1.36953    -0.58933    -0.78020     0.00000
    -11.495        -1.41392    -0.62034    -0.79357     0.00000
    -11.345        -1.45885    -0.65296    -0.80589     0.00000
    -11.195        -1.50467    -0.68772    -0.81695     0.00000
    -11.045        -1.55249    -0.72252    -0.82997     0.00000
    -10.895        -1.60124    -0.75405    -0.84719     0.00000
    -10.745        -1.65311    -0.79332    -0.85979     0.00000
    -10.595        -1.71100    -0.83318    -0.87782     0.00000
    -10.445        -1.77113    -0.87548    -0.89565     0.00000
    -10.295        -1.83056    -0.91971    -0.91085     0.00000
    -10.145        -1.89424    -0.96089    -0.93335     0.00000
    -9.9950        -1.96380    -1.00828    -0.95552     0.00000
    -9.8450        -2.03308    -1.05648    -0.97660     0.00000
    -9.6950        -2.10419    -1.10240    -1.00180     0.00000
    -9.5450        -2.18025    -1.14911    -1.03114     0.00000
    -9.3950        -2.25939    -1.19528    -1.06411     0.00000
    -9.2450        -2.34089    -1.24734    -1.09356     0.00000
    -9.0950        -2.42856    -1.30361    -1.12495     0.00000
    -8.9450        -2.50429    -1.34957    -1.15472     0.00000
    -8.7950        -2.59067    -1.40359    -1.18709     0.00000
    -8.6450        -2.68589    -1.46573    -1.22016     0.00000
    -8.4950        -2.78170    -1.52092    -1.26077     0.00000
    -8.3450        -2.88385    -1.58404    -1.29981     0.00000
    -8.1950        -2.98602    -1.64563    -1.34039     0.00000
    -8.0450        -3.08852    -1.70702    -1.38149     0.00000
    -7.8950        -3.19629    -1.76979    -1.42579    -0.00071
    -7.7450        -3.30982    -1.83599    -1.47140    -0.00243
    -7.5950        -3.42733    -1.90346    -1.51879    -0.00507
    -7.4450        -3.55391    -1.97332    -1.56984    -0.01076
    -7.2950        -3.68751    -2.04390    -1.62180    -0.02181
    -7.1450        -3.83062    -2.11538    -1.67529    -0.03994
    -6.9950        -3.98818    -2.18785    -1.73679    -0.06354
    -6.8450        -4.16314    -2.26443    -1.79723    -0.10148
    -6.6950        -4.35509    -2.34402    -1.86396    -0.14712
    -6.5450        -4.56950    -2.43102    -1.92670    -0.21178
    -6.3950        -4.80880    -2.51269    -2.00192    -0.29419
    -6.2450        -5.06114    -2.59518    -2.07562    -0.39034
    -6.0950        -5.36335    -2.68746    -2.15842    -0.51747
    -5.9450        -5.69102    -2.77881    -2.24145    -0.67077
    -5.7950        -6.08260    -2.87781    -2.32769    -0.87709
    -5.6450        -6.53796    -2.97929    -2.42131    -1.13736
    -5.4950        -7.06986    -3.08105    -2.51838    -1.47043
    -5.3450        -7.66219    -3.18466    -2.61722    -1.86031
    -5.1950        -8.32527    -3.29498    -2.72334    -2.30695
    -5.0450        -9.03317    -3.41032    -2.83696    -2.78589
    -4.8950        -9.77112    -3.52726    -2.95430    -3.28955
    -4.7450       -10.54088    -3.64592    -3.07825    -3.81672
    -4.5950       -11.36083    -3.78136    -3.20475    -4.37472
    -4.4450       -12.20126    -3.91620    -3.33852    -4.94654
    -4.2950       -13.07576    -4.06382    -3.48600    -5.52594
    -4.1450       -13.97870    -4.22044    -3.64251    -6.11576
    -3.9950       -14.90966    -4.38893    -3.80647    -6.71425
    -3.8450       -15.86939    -4.56256    -3.98440    -7.32243
    -3.6950       -16.85896    -4.73944    -4.17187    -7.94765
    -3.5450       -17.88928    -4.93399    -4.36675    -8.58853
    -3.3950       -18.96781    -5.14377    -4.57636    -9.24767
    -3.2450       -20.09519    -5.36143    -4.80070    -9.93306
    -3.0950       -21.27525    -5.59187    -5.03820   -10.64518
    -2.9450       -22.52267    -5.83383    -5.29636   -11.39248
    -2.7950       -23.85048    -6.08544    -5.57186   -12.19319
    -2.6450       -25.25319    -6.34949    -5.87547   -13.02822
    -2.4950       -26.77312    -6.63857    -6.19941   -13.93514
    -2.3450       -28.39871    -6.94604    -6.55193   -14.90074
    -2.1950       -30.13002    -7.26351    -6.93621   -15.93030
    -2.0450       -32.00090    -7.60396    -7.35761   -17.03933
    -1.8950       -34.02132    -7.96781    -7.82121   -18.23230
    -1.7450       -36.20287    -8.36098    -8.32758   -19.51431
    -1.5950       -38.56667    -8.78536    -8.89466   -20.88665
    -1.4450       -41.16699    -9.24168    -9.53444   -22.39087
    -1.2950       -44.01298    -9.72973   -10.23577   -24.04748
    -1.1450       -47.17116   -10.25343   -11.01247   -25.90526
   -0.99500       -50.71301   -10.81640   -11.89085   -28.00576
   -0.84500       -54.78619   -11.42911   -12.92271   -30.43437
   -0.69500       -59.50950   -12.13012   -14.08461   -33.29476
   -0.54500       -64.99041   -12.88947   -15.31986   -36.78108
   -0.39500       -71.59368   -13.65449   -16.50227   -41.43692
   -0.25300       -76.85955   -14.08023   -17.08481   -45.69451
   -0.21500       -77.23327   -14.10359   -17.11363   -46.01605
   -0.20900       -77.61477   -14.12656   -17.14182   -46.34640
   -0.20300       -78.00504   -14.14867   -17.16935   -46.68702
   -0.19700       -78.40459   -14.17029   -17.19609   -47.03822
   -0.19100       -78.80981   -14.19122   -17.22157   -47.39702
   -0.18500       -79.23024   -14.21199   -17.24644   -47.77181
   -0.17900       -79.65979   -14.23233   -17.27045   -48.15701
   -0.17300       -80.10165   -14.25219   -17.29328   -48.55618
   -0.16700       -80.55552   -14.27131   -17.31552   -48.96869
   -0.16100       -81.02130   -14.29023   -17.33698   -49.39408
   -0.15500       -81.50328   -14.30829   -17.35752   -49.83747
   -0.14900       -81.99911   -14.32580   -17.37749   -50.29582
   -0.14300       -82.50988   -14.34281   -17.39665   -50.77041
   -0.13700       -83.03799   -14.35904   -17.41472   -51.26424
   -0.13100       -83.58305   -14.37461   -17.43227   -51.77618
   -0.12500       -84.14702   -14.38934   -17.44905   -52.30863
   -0.11900       -84.73217   -14.40352   -17.46487   -52.86378
   -0.11300       -85.33728   -14.41728   -17.47953   -53.44046
   -0.10700       -85.96456   -14.42983   -17.49368   -54.04105
   -0.10100       -86.61514   -14.44221   -17.50706   -54.66587
   -0.95000E-01   -87.29232   -14.45379   -17.51965   -55.31889
   -0.89000E-01   -87.99675   -14.46487   -17.53091   -56.00097
   -0.83000E-01   -88.73184   -14.47514   -17.54187   -56.71483
   -0.77000E-01   -89.49627   -14.48441   -17.55191   -57.45995
   -0.71000E-01   -90.29749   -14.49327   -17.56110   -58.24312
   -0.65000E-01   -91.13836   -14.50147   -17.56959   -59.06730
   -0.59000E-01   -92.02462   -14.50897   -17.57727   -59.93838
   -0.53000E-01   -92.96294   -14.51558   -17.58405   -60.86331
   -0.47000E-01   -93.95275   -14.52156   -17.59003   -61.84115
   -0.41000E-01   -94.98233   -14.52673   -17.59525   -62.86034
   -0.35000E-01   -96.03181   -14.53119   -17.59973   -63.90089
   -0.29000E-01   -97.06293   -14.53486   -17.60350   -64.92457
   -0.23000E-01   -97.98708   -14.53781   -17.60642   -65.84286
   -0.19700E-01   -98.07021   -14.53805   -17.60666   -65.92549
   -0.19100E-01   -98.15167   -14.53830   -17.60691   -66.00646
   -0.18500E-01   -98.23108   -14.53853   -17.60714   -66.08541
   -0.17900E-01   -98.30824   -14.53876   -17.60737   -66.16212
   -0.17300E-01   -98.38356   -14.53898   -17.60759   -66.23699
   -0.16700E-01   -98.45679   -14.53920   -17.60779   -66.30980
   -0.16100E-01   -98.52780   -14.53941   -17.60801   -66.38039
   -0.15500E-01   -98.59662   -14.53961   -17.60820   -66.44880
   -0.14900E-01   -98.66314   -14.53980   -17.60840   -66.51494
   -0.14300E-01   -98.72731   -14.53998   -17.60859   -66.57874
   -0.13700E-01   -98.78921   -14.54016   -17.60876   -66.64029
   -0.13100E-01   -98.84878   -14.54032   -17.60893   -66.69953
   -0.12500E-01   -98.90577   -14.54048   -17.60909   -66.75620
   -0.11900E-01   -98.96015   -14.54065   -17.60924   -66.81027
   -0.11300E-01   -99.01209   -14.54079   -17.60938   -66.86192
   -0.10700E-01   -99.06148   -14.54093   -17.60952   -66.91103
   -0.10100E-01   -99.10834   -14.54105   -17.60965   -66.95764
   -0.95000E-02   -99.15243   -14.54117   -17.60978   -67.00148
   -0.89000E-02   -99.19402   -14.54129   -17.60989   -67.04284
   -0.83000E-02   -99.23277   -14.54140   -17.60999   -67.08138
   -0.77000E-02   -99.26881   -14.54150   -17.61009   -67.11722
   -0.71000E-02   -99.30216   -14.54159   -17.61019   -67.15039
   -0.65000E-02   -99.33277   -14.54167   -17.61027   -67.18083
   -0.59000E-02   -99.36068   -14.54175   -17.61034   -67.20859
   -0.53000E-02   -99.38577   -14.54182   -17.61041   -67.23354
   -0.47000E-02   -99.40804   -14.54188   -17.61047   -67.25569
   -0.41000E-02   -99.42746   -14.54193   -17.61053   -67.27500
   -0.35000E-02   -99.44408   -14.54197   -17.61057   -67.29154
   -0.29000E-02   -99.45788   -14.54201   -17.61061   -67.30526
   -0.23000E-02   -99.46884   -14.54204   -17.61064   -67.31615
   -0.17000E-02   -99.47693   -14.54206   -17.61066   -67.32421
   -0.11000E-02   -99.48216   -14.54208   -17.61068   -67.32941
   -0.50000E-03   -99.48455   -14.54208   -17.61068   -67.33178
    0.10000E-03   -99.48407   -14.54208   -17.61068   -67.33131
    0.70000E-03   -99.48074   -14.54207   -17.61067   -67.32800
    0.13000E-02   -99.47455   -14.54206   -17.61066   -67.32184
    0.19000E-02   -99.46553   -14.54203   -17.61063   -67.31286
    0.25000E-02   -99.45363   -14.54200   -17.61060   -67.30103
    0.31000E-02   -99.43894   -14.54196   -17.61056   -67.28641
    0.37000E-02   -99.42140   -14.54191   -17.61051   -67.26898
    0.43000E-02   -99.40113   -14.54185   -17.61046   -67.24881
    0.49000E-02   -99.37791   -14.54179   -17.61040   -67.22572
    0.55000E-02   -99.35201   -14.54172   -17.61033   -67.19996
    0.61000E-02   -99.32337   -14.54163   -17.61026   -67.17148
    0.67000E-02   -99.29201   -14.54156   -17.61017   -67.14029
    0.73000E-02   -99.25782   -14.54146   -17.61007   -67.10629
    0.79000E-02   -99.22108   -14.54136   -17.60997   -67.06975
    0.85000E-02   -99.18161   -14.54125   -17.60986   -67.03050
    0.91000E-02   -99.13947   -14.54113   -17.60975   -66.98860
    0.97000E-02   -99.09471   -14.54100   -17.60963   -66.94408
    0.10300E-01   -99.04738   -14.54088   -17.60949   -66.89701
    0.10900E-01   -98.99744   -14.54074   -17.60936   -66.84734
    0.11500E-01   -98.94485   -14.54059   -17.60921   -66.79506
    0.12100E-01   -98.89000   -14.54043   -17.60906   -66.74050
    0.12700E-01   -98.83269   -14.54026   -17.60891   -66.68351
    0.13300E-01   -98.77298   -14.54009   -17.60874   -66.62414
    0.13900E-01   -98.71095   -14.53992   -17.60856   -66.56247
    0.14500E-01   -98.64652   -14.53972   -17.60838   -66.49841
    0.15100E-01   -98.57969   -14.53952   -17.60819   -66.43197
    0.15700E-01   -98.51076   -14.53932   -17.60800   -66.36344
    0.16300E-01   -98.43951   -14.53911   -17.60780   -66.29261
    0.16900E-01   -98.36627   -14.53888   -17.60759   -66.21980
    0.17500E-01   -98.29080   -14.53865   -17.60737   -66.14478
    0.18100E-01   -98.21332   -14.53842   -17.60715   -66.06776
    0.18700E-01   -98.13386   -14.53817   -17.60691   -65.98878
    0.19300E-01   -98.05261   -14.53794   -17.60667   -65.90801
    0.20200E-01   -97.71843   -14.53686   -17.60567   -65.57590
    0.25000E-01   -96.75375   -14.53361   -17.60255   -64.61760
    0.31000E-01   -95.71434   -14.52956   -17.59868   -63.58610
    0.37000E-01   -94.67169   -14.52465   -17.59406   -62.55298
    0.43000E-01   -93.65373   -14.51908   -17.58867   -61.54599
    0.49000E-01   -92.67545   -14.51274   -17.58258   -60.58012
    0.55000E-01   -91.75036   -14.50559   -17.57566   -59.66911
    0.61000E-01   -90.87725   -14.49765   -17.56816   -58.81144
    0.67000E-01   -90.05104   -14.48893   -17.55983   -58.00227
    0.73000E-01   -89.26357   -14.47952   -17.55061   -57.23344
    0.79000E-01   -88.51237   -14.46910   -17.54103   -56.50224
    0.85000E-01   -87.79384   -14.45818   -17.53047   -55.80520
    0.91000E-01   -87.10426   -14.44620   -17.51932   -55.13874
    0.97000E-01   -86.44419   -14.43361   -17.50743   -54.50315
    0.10300       -85.80749   -14.42008   -17.49488   -53.89254
    0.10900       -85.19772   -14.40548   -17.48175   -53.31049
    0.11500       -84.61157   -14.39037   -17.46810   -52.75310
    0.12100       -84.04786   -14.37429   -17.45347   -52.22010
    0.12700       -83.50557   -14.35742   -17.43832   -51.70982
    0.13300       -82.98463   -14.34015   -17.42270   -51.22178
    0.13900       -82.48130   -14.32196   -17.40618   -50.75316
    0.14500       -81.99718   -14.30288   -17.38956   -50.30474
    0.15100       -81.53070   -14.28323   -17.37206   -49.87540
    0.15700       -81.07943   -14.26259   -17.35415   -49.46269
    0.16300       -80.64368   -14.24109   -17.33532   -49.06728
    0.16900       -80.22050   -14.21866   -17.31631   -48.68552
    0.17500       -79.81194   -14.19550   -17.29642   -48.32001
    0.18100       -79.41704   -14.17118   -17.27617   -47.96969
    0.18700       -79.03552   -14.14639   -17.25535   -47.63379
    0.19300       -78.66466   -14.12086   -17.23428   -47.30952
    0.19900       -78.30567   -14.09465   -17.21261   -46.99841
    0.20500       -77.95543   -14.06718   -17.19095   -46.69730
    0.21100       -77.61744   -14.03962   -17.16864   -46.40918
    0.21700       -77.28635   -14.01110   -17.14565   -46.12960
    0.29500       -70.61059   -13.08457   -16.46137   -41.06464
    0.44500       -65.84306   -11.89119   -15.67173   -38.28014
    0.59500       -61.98286   -10.63060   -14.89763   -36.45463
    0.74500       -58.82782    -9.47456   -14.21061   -35.14265
    0.89500       -56.21742    -8.48526   -13.61035   -34.12181
     1.0450       -54.00914    -7.65300   -13.06023   -33.29592
     1.1950       -52.10789    -6.93344   -12.54941   -32.62504
     1.3450       -50.43873    -6.30226   -12.07729   -32.05917
     1.4950       -48.97198    -5.73945   -11.64400   -31.58853
     1.6450       -47.65966    -5.22887   -11.23957   -31.19122
     1.7950       -46.46876    -4.75957   -10.85964   -30.84955
     1.9450       -45.38004    -4.32752   -10.50258   -30.54994
     2.0950       -44.38561    -3.92714   -10.17084   -30.28763
     2.2450       -43.46581    -3.55057    -9.85714   -30.05810
     2.3950       -42.61625    -3.20225    -9.56121   -29.85278
     2.5450       -41.83175    -2.87947    -9.27995   -29.67232
     2.6950       -41.10349    -2.58060    -9.01483   -29.50806
     2.8450       -40.42808    -2.30001    -8.76526   -29.36281
     2.9950       -39.80302    -2.04225    -8.52651   -29.23425
     3.1450       -39.21548    -1.79980    -8.30261   -29.11307
     3.2950       -38.66852    -1.57208    -8.09226   -29.00418
     3.4450       -38.14999    -1.35608    -7.89184   -28.90208
     3.5950       -37.65963    -1.15214    -7.69838   -28.80911
     3.7450       -37.19284    -0.95863    -7.51393   -28.72028
     3.8950       -36.75323    -0.77379    -7.34409   -28.63535
     4.0450       -36.33795    -0.60007    -7.18028   -28.55759
     4.1950       -35.94218    -0.44048    -7.01911   -28.48259
     4.3450       -35.55723    -0.28628    -6.86190   -28.40905
     4.4950       -35.19306    -0.14127    -6.71242   -28.33937
     4.6450       -34.84575    -0.00426    -6.56774   -28.27374
     4.7950       -34.51382     0.12466    -6.42831   -28.21018
     4.9450       -34.20058     0.24330    -6.29550   -28.14838
     5.0950       -33.89640     0.35874    -6.16587   -28.08927
     5.2450       -33.61031     0.46732    -6.04524   -28.03238
     5.3950       -33.33809     0.56714    -5.92789   -27.97733
     5.5450       -33.07106     0.66366    -5.81100   -27.92372
     5.6950       -32.81518     0.75599    -5.69997   -27.87120
     5.8450       -32.57119     0.84275    -5.59356   -27.82038
     5.9950       -32.33929     0.92502    -5.49319   -27.77112
     6.1450       -32.11667     1.00367    -5.39737   -27.72297
     6.2950       -31.90114     1.07892    -5.30404   -27.67603
     6.4450       -31.69376     1.15056    -5.21409   -27.63023
     6.5950       -31.49850     1.21830    -5.13132   -27.58549
     6.7450       -31.30771     1.28323    -5.04931   -27.54163
     6.8950       -31.12488     1.34649    -4.97256   -27.49881
     7.0450       -30.95055     1.40508    -4.89914   -27.45648
     7.1950       -30.78245     1.46323    -4.83020   -27.41548
     7.3450       -30.62413     1.51878    -4.76760   -27.37530
     7.4950       -30.46992     1.57354    -4.70749   -27.33597
     7.6450       -30.31846     1.62511    -4.64605   -27.29751
     7.7950       -30.17999     1.67536    -4.59572   -27.25963
     7.9450       -30.05050     1.72140    -4.54936   -27.22253
     8.0950       -29.91254     1.76766    -4.49411   -27.18609
     8.2450       -29.78588     1.81200    -4.44837   -27.14952
     8.3950       -29.67060     1.85619    -4.41242   -27.11437
     8.5450       -29.55083     1.89691    -4.36790   -27.07984
     8.6950       -29.43997     1.93578    -4.32982   -27.04593
     8.8450       -29.33066     1.97430    -4.29239   -27.01256
     8.9950       -29.23002     2.00743    -4.25763   -26.97982
     9.1450       -29.12632     2.03636    -4.21517   -26.94750
     9.2950       -29.02788     2.06718    -4.17927   -26.91579
     9.4450       -28.93755     2.09116    -4.14418   -26.88453
     9.5950       -28.84922     2.11658    -4.11201   -26.85379
     9.7450       -28.76512     2.14244    -4.08405   -26.82352
     9.8950       -28.68743     2.16471    -4.05842   -26.79372
     10.045       -28.60505     2.18844    -4.02919   -26.76430
     10.195       -28.53754     2.20247    -4.00459   -26.73542
     10.345       -28.47711     2.21527    -3.98542   -26.70695
     10.495       -28.41131     2.23074    -3.96326   -26.67879
     10.645       -28.34508     2.24215    -3.93605   -26.65117
     10.795       -28.30031     2.24487    -3.92132   -26.62386
     10.945       -28.25419     2.24764    -3.90492   -26.59691
     11.095       -28.21543     2.25241    -3.89745   -26.57038
     11.245       -28.17522     2.25516    -3.88622   -26.54416
     11.395       -28.13326     2.26001    -3.87495   -26.51832
     11.545       -28.09191     2.26274    -3.86179   -26.49286
     11.695       -28.04680     2.26768    -3.84684   -26.46764
     11.845       -28.00634     2.26822    -3.83182   -26.44274
     11.995       -27.97601     2.26879    -3.82666   -26.41814
     12.145       -27.93987     2.26934    -3.81530   -26.39391
     12.295       -27.90602     2.26986    -3.80592   -26.36995
     12.445       -27.87686     2.27035    -3.80085   -26.34635
     12.595       -27.84574     2.27083    -3.79357   -26.32300
     12.745       -27.81727     2.27127    -3.78862   -26.29991
     12.895       -27.78899     2.27173    -3.78366   -26.27707
     13.045       -27.76111     2.27215    -3.77875   -26.25452
     13.195       -27.73099     2.27509    -3.77386   -26.23223
     13.345       -27.69910     2.27545    -3.76441   -26.21014
     13.495       -27.67451     2.27585    -3.76203   -26.18833
     13.645       -27.65022     2.27621    -3.75972   -26.16671
     13.795       -27.62383     2.27654    -3.75501   -26.14536
     13.945       -27.60018     2.27689    -3.75284   -26.12423
     14.095       -27.57686     2.27721    -3.75070   -26.10337
     14.245       -27.55379     2.27755    -3.74861   -26.08273
     14.395       -27.53100     2.27786    -3.74659   -26.06227
     14.545       -27.50841     2.27820    -3.74464   -26.04197
     14.695       -27.48613     2.27851    -3.74271   -26.02193
     14.845       -27.46411     2.27880    -3.74085   -26.00206
     14.995       -27.44236     2.27909    -3.73903   -25.98241
     15.145       -27.41808     2.27937    -3.73443   -25.96302
     15.295       -27.39685     2.27965    -3.73270   -25.94380
     15.445       -27.37592     2.27987    -3.73100   -25.92479
     15.595       -27.35508     2.28014    -3.72933   -25.90588
     15.745       -27.33454     2.28038    -3.72770   -25.88721
     15.895       -27.31419     2.28064    -3.72613   -25.86870
     16.045       -27.29405     2.28087    -3.72459   -25.85033
     16.195       -27.27419     2.28112    -3.72309   -25.83222
     16.345       -27.25452     2.28134    -3.72162   -25.81424
     16.495       -27.23504     2.28153    -3.72020   -25.79637
     16.645       -27.21573     2.28175    -3.71880   -25.77868
     16.795       -27.19666     2.28198    -3.71745   -25.76119
     16.945       -27.17768     2.28220    -3.71610   -25.74378
     17.095       -27.15891     2.28241    -3.71477   -25.72655
     17.245       -27.14042     2.28260    -3.71349   -25.70954
     17.395       -27.12199     2.28280    -3.71224   -25.69255
     17.545       -27.10383     2.28301    -3.71101   -25.67582
     17.695       -27.08587     2.28321    -3.70982   -25.65926
     17.845       -27.06803     2.28340    -3.70863   -25.64280
     17.995       -27.05038     2.28357    -3.70746   -25.62649
     18.145       -27.03287     2.28375    -3.70631   -25.61031
     18.295       -27.01555     2.28391    -3.70520   -25.59426
     18.445       -26.99836     2.28409    -3.70411   -25.57835
     18.595       -26.98132     2.28427    -3.70303   -25.56257
     18.745       -26.96446     2.28446    -3.70198   -25.54695
     18.895       -26.94776     2.28465    -3.70094   -25.53147
     19.045       -26.93124     2.28479    -3.69993   -25.51611
     19.195       -26.91480     2.28495    -3.69893   -25.50082
     19.345       -26.89852     2.28511    -3.69795   -25.48568
     19.495       -26.88238     2.28526    -3.69698   -25.47066
     19.645       -26.86634     2.28541    -3.69602   -25.45574
     19.795       -26.85051     2.28553    -3.69510   -25.44094
     19.945       -26.83478     2.28567    -3.69420   -25.42625
     20.095       -26.81917     2.28582    -3.69331   -25.41167
     20.245       -26.80370     2.28596    -3.69244   -25.39722
     20.395       -26.78828     2.28612    -3.69156   -25.38284
     20.545       -26.77306     2.28624    -3.69071   -25.36859
     20.695       -26.75792     2.28638    -3.68986   -25.35444
     20.845       -26.74291     2.28651    -3.68904   -25.34038
     20.995       -26.72799     2.28665    -3.68822   -25.32642
     21.145       -26.71323     2.28677    -3.68741   -25.31259
     21.295       -26.69855     2.28690    -3.68662   -25.29882
     21.445       -26.68397     2.28703    -3.68586   -25.28515
     21.595       -26.66948     2.28717    -3.68507   -25.27158
     21.745       -26.65515     2.28731    -3.68432   -25.25813
     21.895       -26.64096     2.28743    -3.68357   -25.24481
     22.045       -26.62686     2.28753    -3.68284   -25.23154
     22.195       -26.61281     2.28765    -3.68211   -25.21835
     22.345       -26.59885     2.28778    -3.68140   -25.20523
     22.495       -26.58502     2.28787    -3.68069   -25.19221
     22.645       -26.57129     2.28796    -3.67998   -25.17928
     22.795       -26.55764     2.28809    -3.67929   -25.16644
     22.945       -26.54414     2.28817    -3.67860   -25.15372
     23.095       -26.53069     2.28829    -3.67793   -25.14105
     23.245       -26.51734     2.28838    -3.67727   -25.12845
     23.395       -26.50410     2.28848    -3.67662   -25.11595
     23.545       -26.49094     2.28858    -3.67597   -25.10354
     23.695       -26.47784     2.28869    -3.67533   -25.09119
     23.845       -26.46492     2.28878    -3.67471   -25.07898
     23.995       -26.45204     2.28886    -3.67409   -25.06680
     24.145       -26.43923     2.28896    -3.67348   -25.05470
     24.295       -26.42644     2.28907    -3.67288   -25.04264
     24.445       -26.41379     2.28918    -3.67228   -25.03069
     24.595       -26.40124     2.28927    -3.67168   -25.01883
     24.745       -26.38876     2.28935    -3.67110   -25.00701
     24.895       -26.37634     2.28944    -3.67053   -24.99525
     25.045       -26.36402     2.28955    -3.66996   -24.98362
     25.195       -26.35180     2.28962    -3.66939   -24.97204
     25.345       -26.33965     2.28972    -3.66883   -24.96054
     25.495       -26.32761     2.28980    -3.66828   -24.94912
     25.645       -26.31557     2.28989    -3.66774   -24.93773
     25.795       -26.30364     2.28998    -3.66719   -24.92644
     25.945       -26.29182     2.29006    -3.66665   -24.91523
     26.095       -26.28004     2.29013    -3.66611   -24.90406
     26.245       -26.26827     2.29022    -3.66558   -24.89291
     26.395       -26.25663     2.29030    -3.66506   -24.88188
     26.545       -26.24506     2.29036    -3.66454   -24.87089
     26.695       -26.23356     2.29044    -3.66402   -24.85998
     26.845       -26.22213     2.29049    -3.66350   -24.84912
     26.995       -26.21081     2.29056    -3.66299   -24.83837
     27.145       -26.19948     2.29062    -3.66249   -24.82761
     27.295       -26.18820     2.29069    -3.66200   -24.81689
     27.445       -26.17700     2.29077    -3.66151   -24.80626
     27.595       -26.16587     2.29086    -3.66102   -24.79571
     27.745       -26.15482     2.29091    -3.66054   -24.78519
     27.895       -26.14381     2.29098    -3.66006   -24.77473
     28.045       -26.13290     2.29105    -3.65959   -24.76436
     28.195       -26.12203     2.29113    -3.65912   -24.75404
     28.345       -26.11122     2.29121    -3.65866   -24.74377
     28.495       -26.10046     2.29129    -3.65820   -24.73355
     28.645       -26.08980     2.29136    -3.65775   -24.72341
     28.795       -26.07918     2.29144    -3.65730   -24.71332
     28.945       -26.06865     2.29151    -3.65686   -24.70330
     29.095       -26.05815     2.29157    -3.65642   -24.69330
     29.245       -26.04769     2.29163    -3.65598   -24.68334
     29.395       -26.03733     2.29168    -3.65553   -24.67348
     29.545       -26.02703     2.29174    -3.65510   -24.66367
     29.695       -26.01677     2.29180    -3.65466   -24.65390
     29.845       -26.00655     2.29185    -3.65424   -24.64416
     29.995       -25.99638     2.29190    -3.65382   -24.63446
     30.145       -25.98623     2.29197    -3.65340   -24.62480
     35.794       -25.32097     2.29557    -3.62781   -23.98873
     49.810       -24.66802     2.29853    -3.60513   -23.36142
     69.316       -24.02803     2.30103    -3.58424   -22.74482
     96.460       -23.40202     2.30311    -3.56459   -22.14054
     134.23       -22.79070     2.30502    -3.54589   -21.54984
     186.80       -22.19476     2.30688    -3.52792   -20.97372
     259.95       -21.61495     2.30862    -3.51061   -20.41295
     361.74       -21.05117     2.31044    -3.49392   -19.86769
     503.40       -20.50426     2.31220    -3.47787   -19.33860
     700.53       -19.97334     2.31392    -3.46229   -18.82497
     974.85       -19.45854     2.31586    -3.44721   -18.32720
     1356.6       -18.95921     2.31773    -3.43259   -17.84435
     1887.8       -18.47538     2.31966    -3.41846   -17.37658
     2627.1       -18.00635     2.32163    -3.40477   -16.92321
     3655.9       -17.55142     2.32373    -3.39151   -16.48364
     5087.5       -17.10993     2.32582    -3.37866   -16.05709
     7079.7       -16.68179     2.32793    -3.36620   -15.64352
     9852.1       -16.26713     2.33012    -3.35418   -15.24307
     13710.       -15.86580     2.33234    -3.34257   -14.85557
     19079.       -15.47819     2.33448    -3.33137   -14.48130
     26550.       -15.10394     2.33656    -3.32060   -14.11989
     36947.       -14.74338     2.33859    -3.31029   -13.77168
     51416.       -14.39721     2.34054    -3.30038   -13.43737
     71550.       -14.06640     2.34237    -3.29096   -13.11781
     99568.       -13.75025     2.34409    -3.28193   -12.81241
    0.13856E+06   -13.44728     2.34576    -3.27330   -12.51974
    0.19282E+06   -13.15802     2.34725    -3.26508   -12.24019
    0.26832E+06   -12.88199     2.34863    -3.25723   -11.97339
    0.37340E+06   -12.61814     2.34996    -3.24975   -11.71835
    0.51962E+06   -12.36646     2.35115    -3.24258   -11.47503
    0.72310E+06   -12.12588     2.35229    -3.23575   -11.24242
    0.10063E+07   -11.89628     2.35327    -3.22923   -11.02032
    0.14003E+07   -11.67750     2.35422    -3.22304   -10.80868
    0.19487E+07   -11.46929     2.35500    -3.21715   -10.60714
    0.27118E+07   -11.27117     2.35579    -3.21156   -10.41539
    0.37737E+07   -11.08219     2.35650    -3.20624   -10.23244
    0.52514E+07   -10.90248     2.35715    -3.20116   -10.05847
    0.73079E+07   -10.73139     2.35776    -3.19634    -9.89281
    0.10170E+08   -10.56845     2.35829    -3.19176    -9.73498
    0.14152E+08   -10.41339     2.35872    -3.18737    -9.58473
    0.19694E+08   -10.26613     2.35909    -3.18326    -9.44196
    0.27406E+08   -10.12608     2.35938    -3.17933    -9.30612
    0.38138E+08    -9.99296     2.35965    -3.17562    -9.17699
    0.53073E+08    -9.86671     2.35984    -3.17214    -9.05441
    0.73856E+08    -9.74764     2.36005    -3.16885    -8.93883
    0.10278E+09    -9.63565     2.36022    -3.16580    -8.83007
    0.14302E+09    -9.53108     2.36042    -3.16297    -8.72852
    0.19903E+09    -9.43432     2.36061    -3.16037    -8.63457
    0.27697E+09    -9.34509     2.36079    -3.15795    -8.54792
    0.38543E+09    -9.26248     2.36097    -3.15573    -8.46772
    0.53637E+09    -9.18584     2.36113    -3.15369    -8.39327
    0.74641E+09    -9.11565     2.36127    -3.15183    -8.32509
    0.10387E+10    -9.05164     2.36143    -3.15012    -8.26296
    0.14454E+10    -8.99278     2.36159    -3.14856    -8.20581
    0.20115E+10    -8.93871     2.36173    -3.14711    -8.15333
    0.27992E+10    -8.88898     2.36185    -3.14578    -8.10505
    0.38953E+10    -8.84320     2.36197    -3.14456    -8.06061
    0.54207E+10    -8.80103     2.36206    -3.14343    -8.01967
    0.75434E+10    -8.76216     2.36219    -3.14239    -7.98196
    0.10497E+11    -8.72642     2.36228    -3.14143    -7.94727
    0.14608E+11    -8.69346     2.36239    -3.14055    -7.91530
    0.20329E+11    -8.66313     2.36248    -3.13975    -7.88585
    0.28289E+11    -8.63525     2.36255    -3.13901    -7.85879
    0.39367E+11    -8.60953     2.36260    -3.13833    -7.83380
    0.54783E+11    -8.58583     2.36268    -3.13770    -7.81081
    0.10000E+12    -8.31045     2.36367    -3.13043    -7.54369
