#"Time (ps)"	"Potential Energy (kJ/mole)"	"Kinetic Energy (kJ/mole)"	"Temperature (K)"	"Box Volume (nm^3)"	"Density (g/mL)"	"Speed (ns/day)"	"Time Remaining"
100.99999999994601	-68919.10205442563	7628.364562348976	295.3421161360808	33.68718640783456	1.1835814463016217	0	--
101.99999999994368	-69225.64206746104	7683.110291565092	297.46166868026626	33.39272043226291	1.1940185853170155	293	1:57
102.99999999994135	-69254.45179551136	7743.54327601505	299.80141075289384	33.012990187880874	1.207752723503794	294	1:56
103.99999999993902	-69208.8166312951	7627.984538866837	295.3274030296897	33.099681808532615	1.2045894894415226	294	1:56
104.99999999993669	-68887.77210986105	7603.521284040739	294.38027610767864	33.41990551331465	1.193047323085104	294	1:56
105.99999999993436	-69521.08422189654	7496.972520652045	290.2551013085852	33.19861400653077	1.20099980085234	294	1:55
106.99999999993203	-69108.10631360303	7536.64160151489	291.7909416832091	33.13734776449823	1.2032202786347796	294	1:55
107.9999999999297	-68892.25363772697	7471.019848901216	289.250309661355	33.24334615221903	1.1993837391653692	294	1:55
108.99999999992737	-68832.71494105438	7579.841448583073	293.46348029166063	33.433667233157884	1.1925562497336373	294	1:55
109.99999999992504	-69185.3575925593	7823.323685484103	302.8902137022298	33.45872432846083	1.1916631494674599	294	1:54
110.99999999992271	-68967.38548946145	7673.134198759479	297.07543119306985	33.260079065328625	1.1987803375963864	294	1:54
111.99999999992038	-69081.02446124371	7777.81231172508	301.1281813131916	33.26661437388396	1.198544834238329	294	1:54
112.99999999991805	-68776.10029116037	7754.5917871378215	300.2291683185532	33.24700959233177	1.199251580798211	294	1:53
113.99999999991572	-68841.52637997677	7644.127386797192	295.9523945110546	33.47808686930909	1.1909739336679133	294	1:53
114.99999999991338	-68719.46741982744	7580.589866551152	293.492456272638	33.34254351208381	1.1958154540899721	294	1:53
115.99999999991105	-68965.60385921027	7640.258942239045	295.8026226179286	33.40963094589758	1.193414224628334	294	1:53
116.99999999990872	-68922.99088257237	7705.6728803623355	298.3352088298516	33.186500217398965	1.2014381917112602	294	1:52
117.9999999999064	-69054.03664518482	7662.225650485963	296.65309247226804	32.910588141856195	1.2115106736639545	294	1:52
118.99999999990406	-68992.60264800338	7573.856258023753	293.2317558072289	33.33219242787971	1.1961868063940437	294	1:52
119.99999999990173	-69203.23790741092	7831.110736666452	303.19169957850875	33.70589813032505	1.1829243848139714	294	1:51
120.9999999998994	-68958.88744006705	7729.463350835798	299.25628802527774	33.61656714877232	1.1860678288167585	294	1:51
121.99999999989707	-69144.59009796492	7694.501668346635	297.90270073856215	33.59157178660302	1.1869503774252894	294	1:51
122.99999999989474	-68932.01800663478	7523.702459112592	291.2899858535753	33.76891103510682	1.180717043820748	294	1:50
123.99999999989241	-69007.56565000687	7460.234656338489	288.8327468183136	33.54470107404179	1.1886088572502234	294	1:50
124.99999999989008	-69345.4778951348	7511.321483575042	290.8106401845001	33.67890762446172	1.1838723884695594	294	1:50
125.99999999988775	-69323.03284252551	7698.0901209134145	298.0416323753585	33.423460071718395	1.192920443450882	294	1:49
126.99999999988542	-68946.5564088943	7489.760435289918	289.9758759864083	33.551144208323805	1.1883805977778041	294	1:49
127.99999999988309	-69222.57813755542	7661.787286936871	296.6361206538438	33.28052923335676	1.1980437129123023	294	1:49
128.99999999988785	-69060.4319165597	7767.952860711661	300.7464597656118	33.47922433758829	1.1909334699147138	294	1:49
129.99999999989262	-68837.67177352458	7560.141490646547	292.70077064174666	33.11249329126382	1.2041234243431798	294	1:48
130.9999999998974	-68709.73464824518	7694.585340208903	297.90594020419877	33.04817050845137	1.2064670508832207	294	1:48
131.99999999990217	-69079.34714812189	7708.309619633827	298.4372936410555	33.351470098785505	1.1954953917269475	294	1:48
132.99999999990695	-68869.25843840011	7648.507017397987	296.12195764073476	33.459851433190344	1.1916230079511583	294	1:47
133.99999999991172	-68960.27765783574	7785.127991969273	301.4114174467869	33.39429637282852	1.1939622373016632	294	1:47
134.9999999999165	-68950.07265343925	7672.79906303311	297.06245597488123	33.54556845915827	1.1885781234847979	294	1:47
135.99999999992127	-69154.68299144358	7682.125523212713	297.4235420848842	33.210709154321236	1.2005624036856568	294	1:46
136.99999999992605	-69090.8607707019	7607.687501405603	294.54157666466756	33.58914085479081	1.1870362800521077	294	1:46
137.99999999993082	-69183.92917083265	7633.786147882345	295.55201991442686	33.35139462616309	1.1954980970762532	294	1:46
138.9999999999356	-68840.61906926823	7420.097072180884	287.27876772557255	33.62177041418156	1.185884274362883	294	1:46
139.99999999994037	-69227.98749519954	7662.967162222409	296.6818010694505	33.623741657788585	1.1858147500720324	294	1:45
140.99999999994515	-69074.82924656206	7418.765654464434	287.2272201464521	33.704156098344306	1.1829855254075272	294	1:45
141.99999999994992	-69353.07281840494	7451.575844191118	288.49750957553005	33.235104294475725	1.1996811701609291	294	1:45
142.9999999999547	-69280.6012722431	7472.586307341126	289.310957149647	33.24483020357562	1.1993301985981812	294	1:45
143.99999999995947	-69469.28930979889	7574.8371107218645	293.26973080293226	33.20570876856693	1.2007431941389608	294	1:44
144.99999999996425	-69016.47156718088	7684.568857641005	297.5181389745034	33.41924505853016	1.1930709009310811	293	1:44
145.99999999996902	-69271.93958649645	7845.445732461005	303.7466976987692	33.13118344704885	1.203444147237931	293	1:44
146.9999999999738	-68912.78075759578	7622.334805771008	295.1086662199203	33.091913111255785	1.2048722803171925	293	1:43
147.99999999997857	-68998.37883034998	7547.010649762504	292.1923929545448	33.20412266531435	1.200800551555235	293	1:43
148.99999999998334	-68816.62550269163	7787.099441711853	301.4877447033135	33.662539945412455	1.1844480207100614	293	1:43
149.99999999998812	-69162.54988294785	7699.7789656220575	298.10701820819327	33.53504124731498	1.1889512380906797	293	1:43
150.9999999999929	-69146.44840054735	7604.623065226924	294.42293300803874	32.98075288468614	1.2089332511548148	293	1:42
151.99999999999767	-69153.94763851358	7670.953147885308	296.9909889544598	33.30170678730778	1.1972818409900035	293	1:42
153.00000000000244	-68954.59499936897	7871.627142806667	304.76034526001445	32.86712043183125	1.2131129312990332	293	1:42
154.00000000000722	-68897.05706122378	7753.05233486856	300.16956640949684	32.94148309074023	1.2103744297300612	293	1:42
155.000000000012	-69185.74158370896	7639.325314669797	295.7664760048858	32.95281991300722	1.2099580222777526	293	1:41
156.00000000001677	-69138.60162104564	7493.964104738627	290.13862654983126	32.886154981933224	1.2124107799261272	293	1:41
157.00000000002154	-69399.26653283968	7683.130832808665	297.4624639613904	32.842350134036494	1.2140278831354367	293	1:41
158.00000000002632	-69223.63779699159	7374.353217807502	285.5077345453367	33.23280655261247	1.1997641170418332	293	1:40
159.0000000000311	-69061.96749111009	7455.030192211517	288.63124917933067	33.32170164706178	1.1965634058167292	293	1:40
160.00000000003587	-69289.74574833186	7823.486305643748	302.89650975450724	32.949546473643565	1.2100782280056723	293	1:40
161.00000000004064	-69127.99182128086	7820.318397713343	302.7738600536122	33.00781269829486	1.2079421673547264	293	1:40
162.00000000004542	-68983.3836001681	7682.891140626776	297.45318396491916	33.345126898503736	1.19572280926621	293	1:39
163.0000000000502	-68818.56257784113	7580.67160794285	293.4956209975803	33.31006365355382	1.1969814655746929	293	1:39
164.00000000005497	-69017.6409130886	7601.881825205033	294.31680231353863	32.99311083701883	1.2084804311838524	293	1:39
165.00000000005974	-69096.64932517044	7812.891791608317	302.4863292801627	33.06398436749503	1.2058900212163957	292	1:38
166.00000000006452	-68717.53150672308	7674.067639173432	297.11157056015054	33.43107844240759	1.1926485972956171	292	1:38
167.0000000000693	-68981.98140085296	7854.307327684177	304.0897859536843	33.10660516673753	1.2043375818695055	292	1:38
168.00000000007407	-68963.23722171824	7684.47584011639	297.5145376793198	33.17367409338607	1.2019027105100324	292	1:38
169.00000000007884	-69264.81338905625	7733.561182318819	299.41494093336473	33.156340709191944	1.2025310380335053	292	1:37
170.00000000008362	-69143.86807931235	7943.359539089062	307.5375588475925	33.001577194471565	1.208170402749613	292	1:37
171.0000000000884	-69060.40144938717	7706.412044692946	298.3638265441455	33.0046122226986	1.2080593021782544	292	1:37
172.00000000009317	-69287.07676751225	7491.409615470018	290.03972615511736	32.87745317695208	1.2127316734608902	292	1:36
173.00000000009794	-68807.4776505976	7604.763473896618	294.4283691134179	32.708512395121275	1.2189954813219905	292	1:36
174.00000000010272	-68910.20805832348	7763.932652135276	300.59081212992874	33.05093511879823	1.2063661335784597	292	1:36
175.0000000001075	-69333.91842193223	7816.613134558361	302.63040594204097	32.931350699064566	1.210746840443132	292	1:36
176.00000000011227	-69260.97488386979	7586.36705018797	293.71612749687733	32.957278981734014	1.2097943168340821	292	1:35
177.00000000011704	-69313.79621027102	7665.196646797809	296.76811848218154	32.93046403788067	1.2107794401121108	292	1:35
178.00000000012182	-69278.49344834575	7719.415372328551	298.86726738907646	33.12093310415217	1.2038165919129467	292	1:35
179.0000000001266	-69027.51760019816	7699.196224021005	298.08445660456135	33.07593896074684	1.2054541779671029	292	1:34
180.00000000013137	-69032.82503975992	7595.9184397021345	294.0859220403993	33.49454979181372	1.1903885574888966	292	1:34
181.00000000013614	-68982.91295707293	7526.6450320691	291.40391141609354	32.98861722376913	1.2086450468644898	292	1:34
182.00000000014091	-69036.81668566138	7618.169569073651	294.9474036307571	33.30809723948896	1.1970521319106397	292	1:34
183.0000000001457	-69028.16067928463	7624.113534529151	295.1775320313493	33.20509792396999	1.200765283141503	292	1:33
184.00000000015046	-69011.06165652748	7648.472357097154	296.12061572183325	33.38915901592577	1.1941459439394524	292	1:33
185.00000000015524	-68868.29701777486	7592.106296970905	293.9383299461763	33.4372991727011	1.192426714983281	292	1:33
186.00000000016001	-68671.86468589981	7553.032830361155	292.42554955675257	33.12949727979799	1.2035053980348318	292	1:32
187.0000000001648	-68711.1150982267	7683.499193378413	297.47672552286684	33.199275740248524	1.2009758623161664	292	1:32
188.00000000016956	-68840.82902693324	8031.641195265627	310.9554986875254	33.293574501116304	1.1975742889691912	292	1:32
189.00000000017434	-68990.84834530888	7758.809392684741	300.3924584362545	33.21160904962374	1.2005298734801548	292	1:32
190.0000000001791	-69084.30846657598	7623.508588481388	295.15411075350727	33.20795038313297	1.2006621411560758	292	1:31
191.0000000001839	-69160.4872566949	7760.491606318995	300.45758753836714	33.27549459296465	1.1982249790164528	292	1:31
192.00000000018866	-69138.60848627717	7758.611687313304	300.38480401409174	33.20221970666013	1.2008693744779722	292	1:31
193.00000000019344	-69015.904889191	7844.570889392051	303.7128270045778	33.49287779421911	1.1904479828633598	292	1:30
194.0000000001982	-69081.05046572883	7885.31124156581	305.29014304981695	33.45690525166556	1.19172794107824	292	1:30
195.000000000203	-69207.95359345473	7807.418275732246	302.27441495064545	33.23744782258374	1.1995965822419667	292	1:30
196.00000000020776	-68876.12280687908	7742.576888751088	299.7639958054025	33.547448861256235	1.188511501286304	292	1:29
197.00000000021254	-69507.9067716036	7476.617256558455	289.4670206232989	33.210749003065295	1.2005609631609657	292	1:29
198.0000000002173	-69436.42528721926	7560.841005693383	292.7278532821361	32.92967795217192	1.2108083434137373	292	1:29
199.0000000002221	-69615.68205165968	7501.87063528149	290.44473822589737	33.03129585201774	1.2070833971832071	292	1:29
200.00000000022686	-69599.6879219269	7661.775827631238	296.63567699183113	32.99515064068017	1.2084057213322432	292	1:28
201.00000000023164	-69283.2939932089	7702.22560160594	298.20174292185743	32.92582421363877	1.2109500601021033	292	1:28
202.0000000002364	-68933.03470519136	7798.539562298569	301.9306639418105	33.228024179667365	1.1999367941598837	292	1:28
203.0000000002412	-68940.40436136312	7705.037710790683	298.31061740873326	33.40224404967359	1.1936781478251244	292	1:27
204.00000000024596	-68851.5852345718	7415.825217657374	287.11337728775493	33.315459414017674	1.196787602864062	292	1:27
205.00000000025074	-68742.02838890217	7517.529639405778	291.0509970611761	33.24654181032526	1.1992684543820553	292	1:27
206.0000000002555	-68820.70180612715	7960.612787043241	308.20554091889494	32.72222586260868	1.2184846158640417	292	1:27
207.0000000002603	-68519.52902644806	7805.712504515828	302.20837378591307	32.99841518954058	1.2082861731812844	292	1:26
208.00000000026506	-68855.70110555255	7924.00981020391	306.7884087736951	33.26817235941585	1.1984887050500197	292	1:26
209.00000000026984	-68434.48679195077	7788.917767828407	301.55814357828854	33.455700664240666	1.1917708497743131	292	1:26
210.0000000002746	-68595.83273464505	7552.3334944331755	292.39847385118406	33.281575782192135	1.1980060400791204	292	1:25
211.00000000027939	-68921.71640167531	7522.310157178533	291.2360810623	33.24879462740412	1.19918719632484	292	1:25
212.00000000028416	-69044.89063699346	7523.553972829906	291.28423701283924	33.11664400172279	1.2039725042290808	292	1:25
213.00000000028894	-69120.37205637203	7547.197980982476	292.1996457278585	33.22559116113297	1.2000246622265838	292	1:25
214.0000000002937	-69297.80527447234	7402.614263820468	286.60189792275116	33.22400813027574	1.200081840037951	292	1:24
215.00000000029848	-69097.1319843171	7652.134842891133	296.2624136518969	33.139106499737146	1.2031564221785342	292	1:24
216.00000000030326	-68931.17288233552	7515.050515974321	290.9550145534675	33.14326061602333	1.203005620730659	292	1:24
217.00000000030803	-69088.05182680025	7571.8418001641	293.15376343517147	33.28384717199775	1.1979242845448987	292	1:23
218.0000000003128	-69216.0287964168	7473.61751987963	289.3508818924695	33.07308896480307	1.205558055156236	292	1:23
219.00000000031758	-69154.52309936777	7604.515937812128	294.41878542999325	32.75987497503406	1.2170842788869862	292	1:23
220.00000000032236	-69078.32094282305	7594.34964867175	294.02518424281476	33.07975942886912	1.2053149569044561	292	1:22
221.00000000032713	-69219.255273518	7513.195956721829	290.8832128652218	33.35712755599393	1.195292632541217	292	1:22
222.0000000003319	-69271.49710967089	7521.576815207648	291.20768876828174	33.1348909188305	1.2033094935513502	292	1:22
223.00000000033668	-68807.91184919025	7618.198201781895	294.9485121835241	33.50129138938645	1.1901490108840658	292	1:22
224.00000000034146	-68839.98622850128	7475.227860910223	289.41322835268244	33.190688749174285	1.201286575031049	292	1:21
225.00000000034623	-69350.28425692217	7856.546970127596	304.1764966415679	32.97124219126236	1.2092819730335613	292	1:21
226.000000000351	-69111.97533789586	7605.454574616177	294.45512598211616	33.34906434808216	1.195581632943477	292	1:21
227.00000000035578	-69283.44818199743	7520.679296556643	291.17294015925904	33.069599700908505	1.2056852568832814	292	1:20
228.00000000036056	-68918.75102338966	7598.001962121523	294.1665883372615	33.33644751397481	1.1960341243230193	292	1:20
229.00000000036533	-68708.99715942386	7517.381868647923	291.0452759229201	32.950052093357115	1.2100596593125097	292	1:20
230.0000000003701	-69061.44113729193	7496.90355309401	290.2524311393283	33.32614684903315	1.1964038024267991	292	1:20
231.00000000037488	-68805.75409250185	7433.640252953095	287.8031096911126	33.280735550655834	1.1980362858786469	291	1:19
232.00000000037966	-69317.1466597092	7453.811488798454	288.58406548195825	33.13244420403287	1.2033983537370299	291	1:19
233.00000000038443	-69492.4127465793	7792.801544857781	301.70850908810144	33.0732043748703	1.2055538483205566	291	1:19
234.0000000003892	-68886.43217245594	7684.3127941076345	297.5082251397368	33.14094793158401	1.2030895704229014	291	1:18
235.00000000039398	-69109.54875972378	7837.9659969744225	303.45710995179013	33.117146961371716	1.2039542191519046	291	1:18
236.00000000039876	-68873.69840611401	7518.6695715744645	291.09513102674623	33.08583093828336	1.2050937721585866	291	1:18
237.00000000040353	-68630.1140452325	7722.1335684623045	298.97250590929326	32.95754369929243	1.2097845996718852	291	1:17
238.0000000004083	-68749.90696225266	7624.422629469743	295.1894990464408	33.23558694449839	1.1996637482888577	291	1:17
239.00000000041308	-68837.07248854896	7802.958858222197	302.10176276636827	33.410045612743716	1.1933994126368033	291	1:17
240.00000000041786	-69071.62163125782	7717.14362395161	298.77931367796435	32.971503377976234	1.209272393598221	291	1:17
241.00000000042263	-69112.38937533303	7746.319352952098	299.90889020415017	33.42156226302237	1.1929881821991015	291	1:16
242.0000000004274	-69076.23810292198	7805.888637269169	302.2151929959373	33.23289100170744	1.199761068285291	291	1:16
243.00000000043218	-68931.13241569293	7706.346536073041	298.3612902922045	33.03207628271915	1.2070548780875785	292	1:16
244.00000000043696	-69043.16846149048	7448.858951478772	288.39232151897863	33.094814691786944	1.2047666434074935	291	1:15
245.00000000044173	-69380.01606467861	7708.20889415348	298.43339392227944	33.2283207267281	1.1999260852910154	291	1:15
246.0000000004465	-68924.28611856696	7471.214247789877	289.2578360687104	33.0539720312778	1.2062552958140143	291	1:15
247.00000000045128	-69271.15874801713	7590.972208897956	293.89442224241986	33.00300384602532	1.208118176043513	291	1:14
248.00000000045605	-68813.51544367368	7657.635479855959	296.4753780098546	33.094482348587555	1.2047787419801972	291	1:14
249.00000000046083	-69014.34852046365	7707.561804050838	298.4083409822052	33.41492727066147	1.193225066373992	291	1:14
250.0000000004656	-69342.32884694368	7762.0851979951385	300.51928552540517	33.29052258258812	1.1976840769472057	291	1:14
251.00000000047038	-69100.92378784667	7623.297635341334	295.14594342664714	33.11260092103612	1.2041195104395184	291	1:13
252.00000000047515	-69076.0430064325	7564.740255034711	292.8788178227526	32.819283060429385	1.2148811641315453	291	1:13
253.00000000047993	-68994.16093767795	7618.7724872466	294.97074639677203	33.163257846117375	1.2022802161183075	291	1:13
254.0000000004847	-68865.76923515872	7649.789678428055	296.1716175409413	33.17742884422342	1.201766688962676	291	1:12
255.00000000048948	-68980.87766702168	7831.570050895851	303.20948252993605	33.0506040069674	1.2063782193515082	291	1:12
256.00000000049425	-68675.01726829205	7772.90514312684	300.93819385962996	32.934913376980255	1.2106158699747858	291	1:12
257.000000000499	-68440.19136441368	7595.609023837396	294.0739426003095	33.23411158213967	1.1997170049776358	291	1:12
258.0000000005038	-68710.75963120247	7709.779014813109	298.49418319820006	32.92057983244406	1.2111429693325984	291	1:11
259.0000000005086	-69025.21851681537	7828.461011268637	303.0891119924313	32.964108713026576	1.2095436633073882	291	1:11
260.00000000051335	-68679.4428666477	7532.668772661134	291.6371284154865	33.069274479496016	1.2056971142544644	291	1:11
261.0000000005181	-68990.92579607185	7618.906711610451	294.975943068658	33.162361181008265	1.2023127241389302	291	1:10
262.0000000005229	-68774.5403725167	7496.055712214802	290.21960587024665	33.59496901329314	1.1868303493490484	291	1:10
263.0000000005277	-68662.92163341134	7492.927521636948	290.0984938786278	33.292982767558016	1.1975955740820414	291	1:10
264.00000000053245	-68873.89736823889	7694.300089948323	297.8948963670959	33.194251663143724	1.2011576346119999	291	1:09
265.0000000005372	-68889.02005899881	7832.969989468756	303.2636829836772	32.89637637216312	1.212034065981699	291	1:09
266.000000000542	-69060.01107629997	7967.831490275799	308.48502246058536	33.25154760731997	1.1990879125770335	291	1:09
267.0000000005468	-68890.67786856907	7582.284487453507	293.55806573837066	32.94977169501234	1.2100699567655144	291	1:09
268.00000000055155	-68761.1867185393	7566.329037712017	292.9403296231078	33.16232731331202	1.2023139520250719	291	1:08
269.0000000005563	-69284.8065821619	7737.5856560818465	299.57075370132986	33.173109897136015	1.2019231520364462	291	1:08
270.0000000005611	-69183.6722363894	7546.072975856285	292.1560896822714	33.36388576555229	1.1950505133183231	291	1:08
271.0000000005659	-69093.22648794088	7533.477356430032	291.6684337941725	33.4145971684468	1.1932368542233274	291	1:07
272.00000000057065	-69295.26673761854	7689.05268535545	297.6917362317858	33.17174079964752	1.201972759019051	291	1:07
273.0000000005754	-68987.31071728704	7425.125029437296	287.4734316700934	33.272601523707905	1.198329165274536	291	1:07
274.0000000005802	-69403.03645864225	7705.185082201549	298.31632308574797	33.028241714680135	1.2071950167633467	291	1:07
275.000000000585	-69547.76025803591	7802.710760115723	302.0921573235271	32.95616505166756	1.2098352083110373	291	1:06
276.00000000058975	-68936.03908645705	7676.872737874564	297.2201736269798	33.15648046526127	1.2025259693106263	291	1:06
277.0000000005945	-68723.83296876404	7418.019420783391	287.19832873300555	33.30849525980062	1.197037827720105	291	1:06
278.0000000005993	-69037.36047849938	7791.264028031558	301.6489821122549	33.295268238479665	1.197513368110885	291	1:05
279.0000000006041	-69173.29257520597	7703.534933001729	298.2524354001724	33.38691218937525	1.1942263059327034	291	1:05
280.00000000060885	-68708.53432390842	7566.4524336587565	292.9451070586557	33.63803644048919	1.18531082754952	291	1:05
281.0000000006136	-69253.79728742316	7829.279268513761	303.1207918924077	33.328159350797165	1.1963315582702132	291	1:04
282.0000000006184	-69300.3256897412	7315.525878613294	283.2301571298542	33.710158932007616	1.1827748688707411	291	1:04
283.0000000006232	-69411.57556514934	7601.0259306930875	294.283665237527	33.75464534583797	1.1812160489884518	291	1:04
284.00000000062795	-69146.18473519175	7535.494796164194	291.7465416134035	33.50728459642482	1.1899361374890818	291	1:04
285.0000000006327	-69043.11482548571	7628.972180024921	295.3656408495038	33.34706754895826	1.195653223536974	291	1:03
286.0000000006375	-69327.04385048253	7794.267439554827	301.7652631194957	33.023865093009896	1.2073550051794724	291	1:03
287.0000000006423	-69237.89886151315	7796.388053630253	301.8473654683577	32.88735876703221	1.2123664017186506	291	1:03
288.00000000064705	-69137.83902437292	7475.050560853243	289.40636394897024	33.517595197480496	1.1895700922306705	291	1:02
289.0000000006518	-69265.31804627192	7627.496438591823	295.3085055888384	33.72436631919879	1.1822765899597902	291	1:02
290.0000000006566	-69209.166941912	7448.826575794557	288.39106805199907	33.05101187260317	1.2063633320548255	291	1:02
291.0000000006614	-69226.20234253479	7669.184064871606	296.92249659064885	32.89904606734476	1.211935711716371	291	1:02
292.00000000066615	-69263.1294457461	7689.054945935438	297.6918237530981	33.2783665809606	1.1981215698618053	291	1:01
293.0000000006709	-69229.87687892892	7615.348004350767	294.8381630603491	33.111891037643744	1.204145325468987	291	1:01
294.0000000006757	-69596.66956754564	7842.238695923855	303.62253308266224	33.03682629925892	1.2068813284074915	291	1:01
295.0000000006805	-69049.29965017308	7528.16992391995	291.462949599498	33.403047404430026	1.1936494394559118	291	1:00
296.00000000068525	-69044.81352363207	7671.691555472253	297.01957737043244	33.568075528760424	1.1877811933620104	291	1:00
297.00000000069	-68858.96197990049	7761.7737620624275	300.5072278757404	33.320635597353686	1.1966016882818327	291	1:00
298.0000000006948	-69113.92111083647	7575.487831702447	293.2949243171971	33.21333615268733	1.2004674455803228	291	0:59
299.0000000006996	-69097.1470403918	7661.387083367914	296.62062624898476	32.9955702029511	1.2083903555893414	291	0:59
300.00000000070435	-69174.43805354551	7553.089239086164	292.427733494355	32.9157554248872	1.211320484544334	291	0:59
301.0000000007091	-69061.88350457844	7490.080568594535	289.98827036620736	32.93449433357785	1.2106312732959361	291	0:59
302.0000000007139	-68878.17561976772	7405.832260938842	286.7264868921026	33.56482354329782	1.18789627357891	291	0:58
303.00000000071867	-69152.1187260109	7673.908056029213	297.1053920898994	33.3168920784357	1.1967361396300207	291	0:58
304.00000000072345	-69305.5052445429	7602.219300199857	294.32986809956645	33.08620455458394	1.2050801639891677	291	0:58
305.0000000007282	-69261.90493304527	7662.586546779706	296.66706504453145	32.94322311280896	1.2103104991847122	291	0:57
306.000000000733	-69261.31108440249	7676.806096338176	297.2175935126947	33.30183506495939	1.1972772290969178	291	0:57
307.00000000073777	-69086.92539135824	7544.3181928210615	292.0881509608394	32.92280154457231	1.211061238407593	291	0:57
308.00000000074255	-69023.11111977464	7649.298365180347	296.15259570564785	33.16703725051777	1.2021432155443645	291	0:56
309.0000000007473	-69340.10051760531	7865.8277766049305	304.53581520874724	33.2042578160045	1.2007956639584643	291	0:56
310.0000000007521	-69190.76912287044	7535.207827514997	291.7354312466367	33.2610906916978	1.198743877042173	291	0:56
311.00000000075687	-69289.38860775635	7654.911738605085	296.3699248031724	33.37906992767119	1.1945068840088837	291	0:56
312.00000000076164	-69198.9850886758	7533.9207775604955	291.6856014234776	33.09128692749963	1.2048950800182687	291	0:55
313.0000000007664	-69540.91744946424	7601.366668424042	294.2968573446536	33.09968394876485	1.2045894115525235	291	0:55
314.0000000007712	-69345.56288581944	7696.8686395165205	297.994341124707	32.73090404951403	1.2181615500171052	291	0:55
315.00000000077597	-68931.86175621397	7296.460669836957	282.4920226242787	33.291626788008884	1.1976443525667015	291	0:54
316.00000000078074	-69350.7020016509	7485.464482029335	289.8095525344505	32.9212375490688	1.2111187725245447	291	0:54
317.0000000007855	-69248.8833276467	7649.785323662181	296.1714489404821	33.28667131305905	1.1978226490545698	291	0:54
318.0000000007903	-69020.33024631394	7613.287556337897	294.7583901193293	33.438573248165675	1.1923812811781487	291	0:54
319.00000000079507	-69112.62855952716	7663.5682045830345	296.7050712109367	33.208908076428116	1.2006275159260116	291	0:53
320.00000000079984	-69328.11957940215	7455.526244445768	288.6504544906894	32.913391624432975	1.211407480133979	291	0:53
321.0000000008046	-69245.76240588556	7748.07123948142	299.9767167835659	32.980524260382474	1.2089416316014245	291	0:53
322.0000000008094	-68708.65307633657	7706.736131175816	298.37637397641356	33.35064465138487	1.1955249809170183	291	0:52
323.00000000081417	-68605.61819394311	7658.723931522449	296.5175188404174	33.60024047029387	1.1866441505282608	291	0:52
324.00000000081894	-69047.4240032142	8020.673880448203	310.5308847430771	33.62857234816936	1.1856444096886452	291	0:52
325.0000000008237	-68992.32707602513	7595.865573499119	294.08387525617144	33.43849503224112	1.1923840702750934	291	0:51
326.0000000008285	-69016.61540917552	7609.544987720255	294.6134916779551	33.2021745498389	1.2008710077277336	291	0:51
327.00000000083327	-69047.74848291444	7665.547983126773	296.78172092789896	33.28339372178357	1.1979406049666665	291	0:51
328.00000000083804	-69097.38299106804	7603.097767505401	294.36387911082	33.157725476379355	1.2024808166899303	291	0:51
329.0000000008428	-68998.70399734101	7556.968950908073	292.57794161434134	32.62851461477272	1.2219841841149928	291	0:50
330.0000000008476	-68898.05950118296	7628.333612685139	295.3409178793462	32.68311607538531	1.2199426981947314	291	0:50
331.00000000085237	-68880.35179592858	7640.1280316703005	295.7975542439565	33.02736970827619	1.207226889776388	291	0:50
332.00000000085714	-69044.43308057901	7679.7650647549735	297.3321538469123	32.95373642720508	1.2099243707460459	291	0:49
333.0000000008619	-69140.34298152282	7665.156389032776	296.76655985012894	32.91890465414889	1.2112046020155778	291	0:49
334.0000000008667	-69023.51053871465	7542.79471441004	292.0291675006074	32.82544642771828	1.2146530557692297	291	0:49
335.00000000087147	-69137.35820705825	7770.030548095328	300.8269001514305	33.08365792410496	1.2051729256143258	291	0:48
336.00000000087624	-68976.82980481989	7693.924100217902	297.8803394326809	33.104725011942115	1.204405981201596	291	0:48
337.000000000881	-68707.4741224203	7313.365282990575	283.14650684307094	33.54045879109468	1.1887591955362113	291	0:48
338.0000000008858	-68729.42471633689	7596.3940153587555	294.10433457426046	33.291940423341174	1.1976330698484305	291	0:48
339.00000000089057	-68561.16856151007	7549.705822818404	292.29674010617566	33.728924587411235	1.1821168121470007	291	0:47
340.00000000089534	-68624.53204840032	7644.249720880763	295.95713083518046	33.454856663235255	1.191800915836337	291	0:47
341.0000000009001	-69070.73052123116	7631.4132986478935	295.46015195132065	33.31594199430071	1.196770267436469	291	0:47
342.0000000009049	-69043.37160908198	7577.041301483383	293.3550689325606	33.18126478760948	1.2016277578817895	291	0:46
343.00000000090967	-69015.79095167134	7470.554055642509	289.2322758658299	33.56911291199091	1.1877444874682705	291	0:46
344.00000000091444	-69586.7836941591	7545.015509351305	292.1151484827821	33.22736517993198	1.1999605925569443	291	0:46
345.0000000009192	-69372.19442874537	7566.603971986543	292.9509740633116	33.02342587672839	1.20737106317351	291	0:46
346.000000000924	-69261.7745951846	7525.52625346209	291.3605964383442	32.96148996208211	1.2096397601044169	291	0:45
347.00000000092876	-69502.17320221313	7624.545271767611	295.19424730348646	32.74458336424091	1.2176526531700906	291	0:45
348.00000000093354	-69398.61596594827	7430.519978564978	287.6823041851382	32.88279667664451	1.2125346028957598	291	0:45
349.0000000009383	-69143.8642135965	7590.715807206131	293.8844953154061	33.02445456565813	1.207333454399554	291	0:44
350.0000000009431	-69519.45591818471	7576.699303205631	293.34182802171523	33.349761188256096	1.1955566513758922	291	0:44
351.00000000094786	-69192.76042558727	7464.620225557142	289.0025398693551	32.870584600104365	1.2129850836389007	291	0:44
352.00000000095264	-68748.66986643939	7588.322697127034	293.7918429271871	33.06276970158488	1.2059343234183402	291	0:43
353.0000000009574	-68827.12922079471	7674.9828298244265	297.14700336377746	32.99974661965393	1.2082374228494996	291	0:43
354.0000000009622	-68799.07614364472	7731.274466792422	299.3264077494762	33.321357676966905	1.1965757577152387	291	0:43
355.00000000096696	-68748.03841580238	7615.285691738324	294.8357505460191	33.377621657991185	1.1945587141878102	291	0:43
356.00000000097174	-69084.7052093936	7686.2415063373455	297.58289775752854	33.47304531683074	1.1911533125541214	291	0:42
357.0000000009765	-69246.52407972256	7550.652720497168	292.333400488873	33.29738376415458	1.1974372849478883	291	0:42
358.0000000009813	-68935.77216600225	7548.670519688482	292.25665699075364	33.01763676062689	1.2075827564365067	291	0:42
359.00000000098606	-68988.50165463795	7619.324299552721	294.9921105322781	33.08397191247336	1.205161487740979	291	0:41
360.00000000099084	-69093.2694067363	7970.852448926418	308.60198282782284	33.06723420469145	1.2057715067309842	291	0:41
361.0000000009956	-69032.80568458425	7772.54439497539	300.92422702288917	33.3238780407147	1.1964852578593228	291	0:41
362.0000000010004	-68906.03427920479	7532.590760582323	291.6341080757725	33.050822757023056	1.206370234821	291	0:40
363.00000000100516	-68970.09948966309	7739.957643773778	299.66258830869003	33.071084912930004	1.2056311099376222	291	0:40
364.00000000100994	-69206.43430322254	7905.839290427493	306.0849133234977	33.50905830750233	1.1898731514484349	291	0:40
365.0000000010147	-68958.98820016798	7454.133328167576	288.59652591427704	33.51745863737749	1.1895749388933037	291	0:40
366.0000000010195	-69118.18908495322	7783.786057212046	301.35946268667067	33.11844509343552	1.203907028181108	291	0:39
367.00000000102426	-69085.68487888479	7589.775379431489	293.84808542351306	33.24235558461452	1.199419478831121	291	0:39
368.00000000102904	-69087.53564881289	7513.422444273936	290.89198162717213	32.67646376641255	1.2201910554164757	291	0:39
369.0000000010338	-68847.55934292742	7439.057587702244	288.0128488947851	32.95620867550499	1.2098336068630382	291	0:38
370.0000000010386	-69134.37608757406	7861.959389379863	304.38604553534645	32.644029163367236	1.22140341839789	291	0:38
371.00000000104336	-68996.80941184526	7659.015821256737	296.528819733433	33.17122925978814	1.2019912948704454	291	0:38
372.00000000104814	-69453.59923294571	7695.144065749289	297.92757199461573	32.79885525420177	1.215637817277459	291	0:37
373.0000000010529	-68803.42678542371	7683.629391543998	297.48176631521847	33.269909823940296	1.1984261160132896	291	0:37
374.0000000010577	-68799.08913482074	7719.014873600868	298.8517615567611	33.0324027422493	1.2070429487534804	291	0:37
375.00000000106246	-69247.99036364286	7442.177956592335	288.13365805952714	33.028149670244574	1.207198381032464	291	0:37
376.00000000106724	-69294.30605823861	7525.329089674699	291.3529629843165	33.30814506569473	1.1970504130979749	291	0:36
377.000000001072	-69103.85010681849	7706.878192081018	298.38187405025235	33.66195409536309	1.1844686347519386	291	0:36
378.0000000010768	-68905.2309706028	7471.202225108018	289.25737059484993	33.28358948897161	1.1979335589278446	291	0:36
379.00000000108156	-69103.60783316614	7555.663230377388	292.52738893539384	33.3008654347974	1.1973120905366563	291	0:35
380.00000000108633	-68773.22480041851	7600.899552289564	294.2787723322619	33.45547018251965	1.19177906013259	291	0:35
381.0000000010911	-68818.17714462362	7662.020873773809	296.64516427389617	32.870659764683936	1.2129823099338857	291	0:35
382.0000000010959	-69102.5214827155	7821.049768233766	302.8021760203461	33.19022324703926	1.2013034234102025	291	0:35
383.00000000110066	-69074.3737336222	7682.934618628853	297.45486727266274	33.08314234304914	1.205191707516087	291	0:34
384.00000000110543	-69199.11891543446	7546.829804216295	292.1853912825777	33.09529043020538	1.2047493251192998	291	0:34
385.0000000011102	-69318.9687297703	7359.898161737831	284.94808813442	33.267317365437414	1.1985195070715586	291	0:34
386.000000001115	-69033.33215361723	7354.721684665889	284.74767405089506	33.22414773015437	1.200076797582669	291	0:33
387.00000000111976	-69119.36484289094	7426.545308732913	287.5284196415313	33.219418067270205	1.2002476602593173	291	0:33
388.00000000112453	-68935.05043854142	7715.603755959979	298.71969567367245	33.000359847285765	1.2082149708345236	291	0:33
389.0000000011293	-68994.40031615237	7912.9443772335635	306.3599960565638	32.92601008809902	1.210943224026666	291	0:32
390.0000000011341	-68943.55711383204	7852.75924891176	304.0298500582701	33.12526341331791	1.2036592226580431	291	0:32
391.00000000113886	-68941.38394327307	7821.184697103583	302.80739996810235	32.94807939839683	1.2101321090162604	291	0:32
392.00000000114363	-68825.17952807678	7754.5223274435375	300.2264790955974	33.39231384700646	1.1940331237031523	291	0:32
393.0000000011484	-68550.9782463194	7721.964186789641	298.96594807619147	33.12273977149134	1.2037509301913027	291	0:31
394.0000000011532	-68836.58678323173	7742.271485164069	299.75217170589485	33.4139185584084	1.193261087912233	291	0:31
395.00000000115796	-68499.14702289633	7665.40455183859	296.77616779788974	33.74500898260297	1.181553361890426	291	0:31
396.00000000116273	-68768.34423486778	7616.973423523445	294.9010932905633	33.52126520291027	1.18943985464354	291	0:30
397.0000000011675	-68720.11335333841	7608.160728835871	294.5598982838727	33.479976777514224	1.190906704487191	291	0:30
398.0000000011723	-68785.70784402973	7662.486575122012	296.6631945109858	33.28867137756713	1.1977506809504612	291	0:30
399.00000000117706	-68811.32054859147	7607.055195684692	294.5170961212782	33.57705910662978	1.1874634012406562	291	0:29
400.00000000118183	-69212.70686027565	7601.609729314814	294.3062677650974	33.180462126391475	1.201656826193016	291	0:29
401.0000000011866	-69250.13319663759	7466.064922802721	289.05847321367787	32.9753943901938	1.2091297025479741	291	0:29
402.0000000011914	-69248.54135633347	7551.9321410659995	292.3829349303825	32.855919505695965	1.2135264941681194	291	0:29
403.00000000119616	-69339.53671158597	7787.98057819292	301.52185905519013	32.86406137544739	1.2132258504180196	291	0:28
404.00000000120093	-68969.16610849323	7750.410428798988	300.0672815589443	33.3731084018182	1.1947202619053883	291	0:28
405.0000000012057	-68709.87396883284	7205.744087076075	278.97981141540816	33.65695395064388	1.1846446017927414	291	0:28
406.0000000012105	-69000.90304015653	7603.792955045607	294.39079420612745	33.3582987401171	1.1952506667394032	291	0:27
407.00000000121526	-68984.61308842615	7847.855674622073	303.8400017630674	33.32752746157699	1.196354240691413	291	0:27
408.00000000122003	-68847.26796617199	7754.046743040834	300.2080662231203	33.25268869498387	1.199046765094569	291	0:27
409.0000000012248	-68704.34630515112	7800.924207505381	302.0229886014223	32.8778404948187	1.2127173868581973	291	0:27
410.0000000012296	-68685.02067809386	7677.869484881778	297.2587639916585	33.086210927715456	1.2050799318642382	291	0:26
411.00000000123435	-68783.07509867076	7715.333121336633	298.70921770009033	32.93410669465235	1.210645522591061	291	0:26
412.00000000123913	-68887.22079936386	7800.209905398191	301.9953334606417	32.94490726982626	1.2102486276212678	291	0:26
413.0000000012439	-69054.47351660792	7533.574715566194	291.6722031805284	33.005006030839844	1.2080448878924985	291	0:25
414.0000000012487	-68853.35802039958	7657.593922784549	296.4737690734554	32.951900285759514	1.2099917899923978	291	0:25
415.00000000125345	-69000.57163427369	7590.778827005069	293.88693520938665	32.77384993599276	1.2165653070446756	291	0:25
416.00000000125823	-68940.87704265877	7765.453339075645	300.6496875147217	33.325168977234604	1.1964389089115965	291	0:24
417.000000001263	-69239.17523801632	7564.33793269933	292.863241387079	33.4467056119706	1.192091360894662	291	0:24
418.0000000012678	-68970.73178450073	7522.90960068883	291.25928930220357	33.22182108624129	1.2001608432877213	291	0:24
419.00000000127255	-69203.63204563397	7603.716932866999	294.38785090800377	32.5687429332316	1.2242268266895293	291	0:24
420.00000000127733	-69019.75057963366	7608.810077418791	294.5850386639662	32.85707938799962	1.2134836556708513	291	0:23
421.0000000012821	-68961.81902284813	7498.8643880858535	290.3283474318902	33.2589939455579	1.1988194494302324	291	0:23
422.0000000012869	-68891.10221054507	7697.653742804856	298.0247374258626	33.258165315688906	1.1988493181134234	291	0:23
423.00000000129165	-69124.84744754672	7578.086320807577	293.39552822315795	33.308637113036966	1.197032729832452	291	0:22
424.0000000012964	-68662.30417769999	7653.708505462462	296.32334005756377	33.14519950804552	1.2029352486093472	291	0:22
425.0000000013012	-68893.03371066335	7879.071083252076	305.0485471551348	33.23699750646994	1.1996128351442013	291	0:22
426.000000001306	-69001.2467158516	7579.417885468358	293.4470814914205	33.018489208952076	1.2075515799071468	291	0:21
427.00000000131075	-69058.61578206331	7397.188333702541	286.3918259381289	32.8830066178272	1.212526861482344	291	0:21
428.0000000013155	-68881.77623365037	7648.2901997905265	296.113563263345	32.80043946934499	1.2155791036788013	291	0:21
429.0000000013203	-68734.79761640434	7242.006212515538	280.3837470526406	33.53992035347344	1.1887782794417998	291	0:21
430.0000000013251	-68865.42391352943	7546.57415637008	292.1754935416833	33.0705555400001	1.2056504089322304	291	0:20
431.00000000132985	-69112.15136207873	7523.011841198173	291.2632476773097	33.107293448554735	1.2043125443755567	291	0:20
432.0000000013346	-68969.9754421286	7848.486897640012	303.86444038819445	33.48442772335442	1.1907484022075108	291	0:20
433.0000000013394	-68860.09578611614	7522.871837115975	291.25782723606494	33.699185019900064	1.1831600315221924	291	0:19
434.0000000013442	-68911.89549179105	7696.125233991876	297.9655592070362	33.43523195948027	1.1925004396182133	291	0:19
435.00000000134895	-68902.97396798641	7784.263482920127	301.37794684769494	33.65278857238923	1.1847912313314253	291	0:19
436.0000000013537	-68807.72841778398	7568.331083625375	293.0178414504228	33.14915138824095	1.2027918405344409	291	0:19
437.0000000013585	-68845.58479342685	7475.970372194466	289.4419756486658	33.46360200736968	1.191489451782156	291	0:18
438.0000000013633	-68834.04201279499	7566.878125251641	292.9615882657134	33.47578724174712	1.191055747919619	291	0:18
439.00000000136805	-68865.42934653122	7895.486654591343	305.68409748014824	32.97354246720908	1.2091976119965835	291	0:18
440.0000000013728	-69108.00338876416	7590.092889972968	293.8603782596052	32.948506368482946	1.210116427267139	291	0:17
441.0000000013776	-69149.63072251115	7610.069379386177	294.6337941874945	33.04398313621645	1.2066199358005865	291	0:17
442.0000000013824	-69005.53894298789	7494.044060479514	290.1417221409659	33.160031485589506	1.202397193975654	291	0:17
443.00000000138715	-69201.9368616947	7757.772488541117	300.35231333549206	33.30165021827308	1.1972838747954626	291	0:16
444.0000000013919	-68878.88654610005	7622.854496365462	295.12878672132626	33.42585278611328	1.1928350509274581	291	0:16
445.0000000013967	-69102.37739397213	7680.281280136573	297.35213980090515	33.4257307628434	1.1928394054660132	291	0:16
446.0000000014015	-69155.57046687996	7682.145167606076	297.42430264327896	33.34521482878978	1.195719656182651	291	0:16
447.00000000140625	-68915.79972741238	7859.935717957318	304.30769644814524	33.02080118539052	1.2074670322674552	291	0:15
448.000000001411	-68600.93104061225	7759.40355756423	300.41546230705904	33.68830273491591	1.1835422260407529	291	0:15
449.0000000014158	-68858.90331918551	7701.38944433249	298.1693699988613	33.24681119689611	1.1992587371549042	291	0:15
450.0000000014206	-68790.19605548115	7581.554398836492	293.5297994022047	33.05858512005527	1.206086971527065	291	0:14
451.00000000142535	-68857.93166432905	7545.931673371676	292.1506189716782	32.99147804974599	1.2085402403098497	291	0:14
452.0000000014301	-68973.13234086795	7589.753938176174	293.8472552972566	33.08229315464439	1.20522264354639	291	0:14
453.0000000014349	-68810.3631364342	7483.778224693424	289.7442668751368	33.3261132532246	1.1964050085126334	291	0:13
454.0000000014397	-68979.00380286327	7577.353652856103	293.3671620246832	33.107330001543836	1.204311214723685	291	0:13
455.00000000144445	-68887.06995387853	7642.037427431789	295.8714789994044	33.285320130110435	1.197871273419081	291	0:13
456.0000000014492	-68879.24050792816	7776.198275912115	301.06569180464436	33.235621204439084	1.1996625116515576	291	0:13
457.000000001454	-69089.14416180708	7715.794484598511	298.7270799824914	33.61063303328249	1.1862772346755532	291	0:12
458.0000000014588	-68993.1866710179	7443.818694473717	288.19718137359416	33.394691054642095	1.193948126220941	291	0:12
459.00000000146355	-69150.94996832186	7576.03415262051	293.31607584642876	33.117690276741754	1.2039344675681853	291	0:12
460.0000000014683	-69185.49854690695	7612.933737849356	294.7446915735559	32.98562759966522	1.2087545913730569	291	0:11
461.0000000014731	-69181.69538259681	7784.220258020776	301.3762733391546	33.204413307173354	1.2007900408167569	291	0:11
462.0000000014779	-69076.54180572607	7714.039471143109	298.65913234004074	33.262202994294356	1.1987037905233315	291	0:11
463.00000000148265	-69157.47653767397	7815.36567911671	302.58210907225833	32.77216501216194	1.2166278546327531	291	0:10
464.0000000014874	-68983.86696857226	7912.751322692659	306.3525216973909	32.94914587264813	1.2100929403306766	291	0:10
465.0000000014922	-68617.22162995592	7829.233170672522	303.1190071541627	33.43009474976949	1.192683691412274	291	0:10
466.00000000149697	-68848.89046418155	7728.3751871781815	299.2141583453554	33.535830338411444	1.1889232623159145	291	0:10
467.00000000150175	-69087.96970529386	7856.624644540652	304.1795039081103	33.36400920803745	1.1950460917871955	291	0:09
468.0000000015065	-69080.83487742228	7774.869712043177	301.01425471596474	33.18171017857022	1.2016116286907788	291	0:09
469.0000000015113	-69360.2785992985	7678.571223576365	297.2859327234803	33.14893980094838	1.2027995178680326	291	0:09
470.00000000151607	-69416.76447368154	7749.94610930015	300.04930482196096	33.19847035758238	1.2010049975483488	291	0:08
471.00000000152085	-69443.29610292241	7837.492302851049	303.4387702639508	33.119302908168535	1.2038758460880303	291	0:08
472.0000000015256	-69434.77782559535	7722.081872742445	298.97050444185237	33.202200071610726	1.2008700846456553	291	0:08
473.0000000015304	-69029.71379976894	7629.595685857012	295.38978069368244	33.136818826717736	1.2032394847229366	291	0:08
474.00000000153517	-68917.07044868832	7888.628399973661	305.4185711782481	33.20131266273556	1.2009021816528387	291	0:07
475.00000000153995	-68559.63130935564	7582.303639234518	293.55880722463365	33.207736093353525	1.2006698890382164	291	0:07
476.0000000015447	-69014.71703050754	7644.222938805979	295.9560939321094	33.30638165790819	1.1971137909827607	291	0:07
477.0000000015495	-69113.56352787852	8055.034905328476	311.86121678447336	32.97207776712312	1.2092513275027383	291	0:06
478.00000000155427	-68894.47417305075	7522.387509717446	291.2390758670637	33.10979938120331	1.2042213953447432	291	0:06
479.00000000155904	-69052.25105754417	7606.803151208959	294.5073378895871	33.20362270494683	1.2008186324944872	291	0:06
480.0000000015638	-68913.13938035315	7351.716797736497	284.63133592137564	33.29138906350109	1.197652904610405	291	0:05
481.0000000015686	-69117.09371665085	7559.865880127663	292.69010001985765	33.478814104183414	1.1909480630448892	291	0:05
482.00000000157337	-69116.28167430533	7485.392263028103	289.8067564813156	33.44465118229297	1.1921645883849687	291	0:05
483.00000000157814	-69026.70394872827	7689.217487741595	297.69811677181775	33.205123132878015	1.2007643715357408	291	0:05
484.0000000015829	-69091.12126678278	7614.610835966969	294.80962262174785	32.85382795450747	1.213603750090463	291	0:04
485.0000000015877	-68897.10508592383	7486.627120570671	289.85456560695025	33.18269756724208	1.2015758733786093	291	0:04
486.00000000159247	-68836.13648940902	7585.504116280217	293.68271788144557	33.26878043998168	1.1984667992969298	291	0:04
487.00000000159724	-68974.52150226661	7556.486827020557	292.5592755571524	33.272938112340626	1.1983170429914385	291	0:03
488.000000001602	-68799.52165504592	7546.136693915588	292.1585566103156	32.821622878362476	1.2147945565696663	291	0:03
489.0000000016068	-68891.76492881475	7736.049298771941	299.5112716176748	33.42759481712996	1.1927728880447301	291	0:03
490.00000000161157	-68735.37505905735	7511.997363802311	290.83680777192257	33.51068827771606	1.1898152756513485	291	0:02
491.00000000161634	-68783.80481198584	7700.884790783989	298.1498316763661	33.77221407471874	1.1806015656007656	291	0:02
492.0000000016211	-68675.52447661519	7665.24129575473	296.7698471249742	33.55083809650395	1.1883914403489024	291	0:02
493.0000000016259	-68852.41479835045	7825.815679855862	302.9866945252344	33.20577319824177	1.200740864318387	291	0:02
494.00000000163067	-68732.03900853195	7827.210673420245	303.04070352649984	33.112015428522	1.2041408018937032	291	0:01
495.00000000163544	-68614.38962532376	8051.047620899272	311.7068438502313	33.40455079436241	1.1935957186152661	291	0:01
496.0000000016402	-68342.27483726334	7619.768294981733	295.00930039630305	33.737150462109746	1.1818285855290873	291	0:01
497.000000001645	-68642.7624379354	7696.544689988444	297.98179899482295	33.58178603617452	1.187296255400689	291	0:00
498.00000000164977	-68814.96652403593	7973.308692307064	308.69707950442444	33.43903593725905	1.1923647824425097	291	0:00
499.00000000165454	-68754.4389741954	7471.353822348586	289.2632398803912	33.3384174825055	1.195963450614893	291	0:00
500.0000000016593	-68989.98367157439	7581.151274935433	293.514191932867	33.17394822304782	1.2018927787050726	291	0:00
