    -44.945         0.00000     0.00000     0.00000     0.00000
    -44.795         0.00000     0.00000     0.00000     0.00000
    -44.645         0.00000     0.00000     0.00000     0.00000
    -44.495         0.00000     0.00000     0.00000     0.00000
    -44.345         0.00000     0.00000     0.00000     0.00000
    -44.195         0.00000     0.00000     0.00000     0.00000
    -44.045         0.00000     0.00000     0.00000     0.00000
    -43.895         0.00000     0.00000     0.00000     0.00000
    -43.745         0.00000     0.00000     0.00000     0.00000
    -43.595         0.00000     0.00000     0.00000     0.00000
    -43.445         0.00000     0.00000     0.00000     0.00000
    -43.295         0.00000     0.00000     0.00000     0.00000
    -43.145         0.00000     0.00000     0.00000     0.00000
    -42.995         0.00000     0.00000     0.00000     0.00000
    -42.845         0.00000     0.00000     0.00000     0.00000
    -42.695         0.00000     0.00000     0.00000     0.00000
    -42.545         0.00000     0.00000     0.00000     0.00000
    -42.395         0.00000     0.00000     0.00000     0.00000
    -42.245         0.00000     0.00000     0.00000     0.00000
    -42.095         0.00000     0.00000     0.00000     0.00000
    -41.945         0.00000     0.00000     0.00000     0.00000
    -41.795         0.00000     0.00000     0.00000     0.00000
    -41.645         0.00000     0.00000     0.00000     0.00000
    -41.495         0.00000     0.00000     0.00000     0.00000
    -41.345         0.00000     0.00000     0.00000     0.00000
    -41.195         0.00000     0.00000     0.00000     0.00000
    -41.045         0.00000     0.00000     0.00000     0.00000
    -40.895         0.00000     0.00000     0.00000     0.00000
    -40.745         0.00000     0.00000     0.00000     0.00000
    -40.595         0.00000     0.00000     0.00000     0.00000
    -40.445         0.00000     0.00000     0.00000     0.00000
    -40.295         0.00000     0.00000     0.00000     0.00000
    -40.145         0.00000     0.00000     0.00000     0.00000
    -39.995         0.00000     0.00000     0.00000     0.00000
    -39.845         0.00000     0.00000     0.00000     0.00000
    -39.695         0.00000     0.00000     0.00000     0.00000
    -39.545         0.00000     0.00000     0.00000     0.00000
    -39.395         0.00000     0.00000     0.00000     0.00000
    -39.245         0.00000     0.00000     0.00000     0.00000
    -39.095         0.00000     0.00000     0.00000     0.00000
    -38.945         0.00000     0.00000     0.00000     0.00000
    -38.795         0.00000     0.00000     0.00000     0.00000
    -38.645         0.00000     0.00000     0.00000     0.00000
    -38.495         0.00000     0.00000     0.00000     0.00000
    -38.345         0.00000     0.00000     0.00000     0.00000
    -38.195         0.00000     0.00000     0.00000     0.00000
    -38.045         0.00000     0.00000     0.00000     0.00000
    -37.895         0.00000     0.00000     0.00000     0.00000
    -37.745         0.00000     0.00000     0.00000     0.00000
    -37.595         0.00000     0.00000     0.00000     0.00000
    -37.445         0.00000     0.00000     0.00000     0.00000
    -37.295         0.00000     0.00000     0.00000     0.00000
    -37.145         0.00000     0.00000     0.00000     0.00000
    -36.995         0.00000     0.00000     0.00000     0.00000
    -36.845         0.00000     0.00000     0.00000     0.00000
    -36.695         0.00000     0.00000     0.00000     0.00000
    -36.545         0.00000     0.00000     0.00000     0.00000
    -36.395         0.00000     0.00000     0.00000     0.00000
    -36.245         0.00000     0.00000     0.00000     0.00000
    -36.095         0.00000     0.00000     0.00000     0.00000
    -35.945         0.00000     0.00000     0.00000     0.00000
    -35.795         0.00000     0.00000     0.00000     0.00000
    -35.645         0.00000     0.00000     0.00000     0.00000
    -35.495         0.00000     0.00000     0.00000     0.00000
    -35.345         0.00000     0.00000     0.00000     0.00000
    -35.195         0.00000     0.00000     0.00000     0.00000
    -35.045         0.00000     0.00000     0.00000     0.00000
    -34.895         0.00000     0.00000     0.00000     0.00000
    -34.745         0.00000     0.00000     0.00000     0.00000
    -34.595         0.00000     0.00000     0.00000     0.00000
    -34.445         0.00000     0.00000     0.00000     0.00000
    -34.295         0.00000     0.00000     0.00000     0.00000
    -34.145         0.00000     0.00000     0.00000     0.00000
    -33.995         0.00000     0.00000     0.00000     0.00000
    -33.845         0.00000     0.00000     0.00000     0.00000
    -33.695         0.00000     0.00000     0.00000     0.00000
    -33.545         0.00000     0.00000     0.00000     0.00000
    -33.395         0.00000     0.00000     0.00000     0.00000
    -33.245         0.00000     0.00000     0.00000     0.00000
    -33.095         0.00000     0.00000     0.00000     0.00000
    -32.945         0.00000     0.00000     0.00000     0.00000
    -32.795         0.00000     0.00000     0.00000     0.00000
    -32.645         0.00000     0.00000     0.00000     0.00000
    -32.495         0.00000     0.00000     0.00000     0.00000
    -32.345         0.00000     0.00000     0.00000     0.00000
    -32.195         0.00000     0.00000     0.00000     0.00000
    -32.045         0.00000     0.00000     0.00000     0.00000
    -31.895         0.00000     0.00000     0.00000     0.00000
    -31.745         0.00000     0.00000     0.00000     0.00000
    -31.595         0.00000     0.00000     0.00000     0.00000
    -31.445         0.00000     0.00000     0.00000     0.00000
    -31.295         0.00000     0.00000     0.00000     0.00000
    -31.145         0.00000     0.00000     0.00000     0.00000
    -30.995         0.00000     0.00000     0.00000     0.00000
    -30.845         0.00000     0.00000     0.00000     0.00000
    -30.695         0.00000     0.00000     0.00000     0.00000
    -30.545         0.00000     0.00000     0.00000     0.00000
    -30.395         0.00000     0.00000     0.00000     0.00000
    -30.245         0.00000     0.00000     0.00000     0.00000
    -30.095         0.00000     0.00000     0.00000     0.00000
    -29.945         0.00000     0.00000     0.00000     0.00000
    -29.795         0.00000     0.00000     0.00000     0.00000
    -29.645         0.00000     0.00000     0.00000     0.00000
    -29.495         0.00000     0.00000     0.00000     0.00000
    -29.345         0.00000     0.00000     0.00000     0.00000
    -29.195         0.00000     0.00000     0.00000     0.00000
    -29.045         0.00000     0.00000     0.00000     0.00000
    -28.895         0.00000     0.00000     0.00000     0.00000
    -28.745         0.00000     0.00000     0.00000     0.00000
    -28.595         0.00000     0.00000     0.00000     0.00000
    -28.445         0.00000     0.00000     0.00000     0.00000
    -28.295         0.00000     0.00000     0.00000     0.00000
    -28.145         0.00000     0.00000     0.00000     0.00000
    -27.995         0.00000     0.00000     0.00000     0.00000
    -27.845         0.00000     0.00000     0.00000     0.00000
    -27.695         0.00000     0.00000     0.00000     0.00000
    -27.545         0.00000     0.00000     0.00000     0.00000
    -27.395         0.00000     0.00000     0.00000     0.00000
    -27.245         0.00000     0.00000     0.00000     0.00000
    -27.095         0.00000     0.00000     0.00000     0.00000
    -26.945         0.00000     0.00000     0.00000     0.00000
    -26.795         0.00000     0.00000     0.00000     0.00000
    -26.645         0.00000     0.00000     0.00000     0.00000
    -26.495         0.00000     0.00000     0.00000     0.00000
    -26.345         0.00000     0.00000     0.00000     0.00000
    -26.195         0.00000     0.00000     0.00000     0.00000
    -26.045        -0.00057    -0.00057     0.00000     0.00000
    -25.895        -0.00114    -0.00114     0.00000     0.00000
    -25.745        -0.00171    -0.00171     0.00000     0.00000
    -25.595        -0.00171    -0.00171     0.00000     0.00000
    -25.445        -0.00171    -0.00171     0.00000     0.00000
    -25.295        -0.00171    -0.00171     0.00000     0.00000
    -25.145        -0.00171    -0.00171     0.00000     0.00000
    -24.995        -0.00171    -0.00171     0.00000     0.00000
    -24.845        -0.00171    -0.00171     0.00000     0.00000
    -24.695        -0.00225    -0.00225     0.00000     0.00000
    -24.545        -0.00225    -0.00225     0.00000     0.00000
    -24.395        -0.00225    -0.00225     0.00000     0.00000
    -24.245        -0.00225    -0.00225     0.00000     0.00000
    -24.095        -0.00279    -0.00279     0.00000     0.00000
    -23.945        -0.00333    -0.00333     0.00000     0.00000
    -23.795        -0.00333    -0.00333     0.00000     0.00000
    -23.645        -0.00333    -0.00333     0.00000     0.00000
    -23.495        -0.00333    -0.00333     0.00000     0.00000
    -23.345        -0.00384    -0.00384     0.00000     0.00000
    -23.195        -0.00535    -0.00535     0.00000     0.00000
    -23.045        -0.00587    -0.00587     0.00000     0.00000
    -22.895        -0.00638    -0.00638     0.00000     0.00000
    -22.745        -0.00689    -0.00689     0.00000     0.00000
    -22.595        -0.00689    -0.00689     0.00000     0.00000
    -22.445        -0.00790    -0.00790     0.00000     0.00000
    -22.295        -0.00892    -0.00892     0.00000     0.00000
    -22.145        -0.00942    -0.00942     0.00000     0.00000
    -21.995        -0.01090    -0.01090     0.00000     0.00000
    -21.845        -0.01189    -0.01189     0.00000     0.00000
    -21.695        -0.01417    -0.01417     0.00000     0.00000
    -21.545        -0.01517    -0.01517     0.00000     0.00000
    -21.395        -0.01663    -0.01663     0.00000     0.00000
    -21.245        -0.01714    -0.01714     0.00000     0.00000
    -21.095        -0.01860    -0.01860     0.00000     0.00000
    -20.945        -0.02004    -0.02004    -0.00000     0.00000
    -20.795        -0.02102    -0.02102    -0.00000     0.00000
    -20.645        -0.02200    -0.02200    -0.00000     0.00000
    -20.495        -0.02479    -0.02433    -0.00046     0.00000
    -20.345        -0.02623    -0.02484    -0.00138     0.00000
    -20.195        -0.02674    -0.02536    -0.00138     0.00000
    -20.045        -0.02718    -0.02536    -0.00182     0.00000
    -19.895        -0.02905    -0.02587    -0.00318     0.00000
    -19.745        -0.03051    -0.02734    -0.00318     0.00000
    -19.595        -0.03236    -0.02832    -0.00405     0.00000
    -19.445        -0.03536    -0.02931    -0.00605     0.00000
    -19.295        -0.03930    -0.03121    -0.00809     0.00000
    -19.145        -0.04295    -0.03354    -0.00940     0.00000
    -18.995        -0.04649    -0.03454    -0.01195     0.00000
    -18.845        -0.05015    -0.03646    -0.01369     0.00000
    -18.695        -0.05292    -0.03791    -0.01502     0.00000
    -18.545        -0.05745    -0.04023    -0.01722     0.00000
    -18.395        -0.06069    -0.04255    -0.01814     0.00000
    -18.245        -0.06768    -0.04571    -0.02197     0.00000
    -18.095        -0.07351    -0.04718    -0.02633     0.00000
    -17.945        -0.08155    -0.05162    -0.02992     0.00000
    -17.795        -0.08918    -0.05440    -0.03479     0.00000
    -17.645        -0.09975    -0.05675    -0.04300     0.00000
    -17.495        -0.11035    -0.05781    -0.05254     0.00000
    -17.345        -0.11739    -0.05845    -0.05894     0.00000
    -17.195        -0.13032    -0.05958    -0.07074     0.00000
    -17.045        -0.14013    -0.06068    -0.07945     0.00000
    -16.895        -0.15337    -0.06303    -0.09034     0.00000
    -16.745        -0.16945    -0.06303    -0.10642     0.00000
    -16.595        -0.18895    -0.06498    -0.12397     0.00000
    -16.445        -0.21763    -0.06927    -0.14836     0.00000
    -16.295        -0.23863    -0.07125    -0.16738     0.00000
    -16.145        -0.25910    -0.07407    -0.18503     0.00000
    -15.995        -0.28202    -0.07651    -0.20551     0.00000
    -15.845        -0.30778    -0.07896    -0.22882     0.00000
    -15.695        -0.33246    -0.08062    -0.25184     0.00000
    -15.545        -0.35712    -0.08266    -0.27447     0.00000
    -15.395        -0.38357    -0.08554    -0.29803     0.00000
    -15.245        -0.40911    -0.08771    -0.32140     0.00000
    -15.095        -0.43836    -0.09024    -0.34812     0.00000
    -14.945        -0.46644    -0.09246    -0.37398     0.00000
    -14.795        -0.49996    -0.09611    -0.40386     0.00000
    -14.645        -0.53003    -0.09905    -0.43098     0.00000
    -14.495        -0.55935    -0.10206    -0.45729     0.00000
    -14.345        -0.59073    -0.10397    -0.48676     0.00000
    -14.195        -0.61824    -0.10629    -0.51195     0.00000
    -14.045        -0.64157    -0.10745    -0.53411     0.00000
    -13.895        -0.67189    -0.11094    -0.56096     0.00000
    -13.745        -0.70012    -0.11371    -0.58640     0.00000
    -13.595        -0.72900    -0.11888    -0.61012     0.00000
    -13.445        -0.75912    -0.12143    -0.63768     0.00000
    -13.295        -0.78735    -0.12504    -0.66231     0.00000
    -13.145        -0.82229    -0.13060    -0.69168     0.00000
    -12.995        -0.84751    -0.13363    -0.71388     0.00000
    -12.845        -0.87564    -0.13603    -0.73961     0.00000
    -12.695        -0.90301    -0.13736    -0.76565     0.00000
    -12.545        -0.93161    -0.14242    -0.78919     0.00000
    -12.395        -0.96044    -0.14745    -0.81299     0.00000
    -12.245        -0.98894    -0.15286    -0.83608     0.00000
    -12.095        -1.01809    -0.15624    -0.86185     0.00000
    -11.945        -1.04786    -0.16089    -0.88696     0.00000
    -11.795        -1.07342    -0.16468    -0.90873     0.00000
    -11.645        -1.10395    -0.16992    -0.93403     0.00000
    -11.495        -1.13099    -0.17351    -0.95748     0.00000
    -11.345        -1.15498    -0.17574    -0.97923     0.00000
    -11.195        -1.18328    -0.18008    -1.00320     0.00000
    -11.045        -1.20800    -0.18451    -1.02349     0.00000
    -10.895        -1.23645    -0.18956    -1.04689     0.00000
    -10.745        -1.26361    -0.19630    -1.06731     0.00000
    -10.595        -1.28809    -0.20127    -1.08682     0.00000
    -10.445        -1.31340    -0.20763    -1.10577     0.00000
    -10.295        -1.33915    -0.21171    -1.12745     0.00000
    -10.145        -1.36798    -0.21723    -1.15075     0.00000
    -9.9950        -1.39713    -0.22516    -1.17159    -0.00038
    -9.8450        -1.42577    -0.23191    -1.19239    -0.00146
    -9.6950        -1.45549    -0.23860    -1.21114    -0.00575
    -9.5450        -1.49011    -0.24542    -1.23479    -0.00990
    -9.3950        -1.52628    -0.25208    -1.25371    -0.02049
    -9.2450        -1.57661    -0.25930    -1.27691    -0.04040
    -9.0950        -1.64023    -0.26797    -1.29889    -0.07336
    -8.9450        -1.71288    -0.27741    -1.31861    -0.11687
    -8.7950        -1.81224    -0.28837    -1.34000    -0.18387
    -8.6450        -1.93145    -0.30059    -1.36155    -0.26931
    -8.4950        -2.08317    -0.31318    -1.38300    -0.38699
    -8.3450        -2.26276    -0.32539    -1.40263    -0.53475
    -8.1950        -2.47723    -0.34124    -1.42686    -0.70913
    -8.0450        -2.73356    -0.35691    -1.44984    -0.92680
    -7.8950        -3.03794    -0.37452    -1.47424    -1.18919
    -7.7450        -3.37997    -0.39232    -1.49871    -1.48894
    -7.5950        -3.77553    -0.41661    -1.52598    -1.83294
    -7.4450        -4.22499    -0.43990    -1.55271    -2.23239
    -7.2950        -4.72536    -0.46794    -1.58168    -2.67574
    -7.1450        -5.27114    -0.49591    -1.61241    -3.16282
    -6.9950        -5.83568    -0.52440    -1.64255    -3.66873
    -6.8450        -6.45120    -0.55643    -1.67549    -4.21928
    -6.6950        -7.08957    -0.59237    -1.70662    -4.79058
    -6.5450        -7.73223    -0.62748    -1.74196    -5.36280
    -6.3950        -8.38302    -0.66205    -1.78389    -5.93708
    -6.2450        -9.02278    -0.70223    -1.82232    -6.49823
    -6.0950        -9.67246    -0.74377    -1.86270    -7.06599
    -5.9450       -10.31444    -0.78626    -1.89992    -7.62825
    -5.7950       -10.94048    -0.83049    -1.94312    -8.16686
    -5.6450       -11.56718    -0.87698    -1.98644    -8.70376
    -5.4950       -12.16480    -0.92626    -2.03181    -9.20674
    -5.3450       -12.74428    -0.97833    -2.08109    -9.68485
    -5.1950       -13.30643    -1.02505    -2.13233   -10.14905
    -5.0450       -13.85537    -1.07909    -2.18249   -10.59379
    -4.8950       -14.40641    -1.13467    -2.24058   -11.03116
    -4.7450       -14.94255    -1.19141    -2.29782   -11.45332
    -4.5950       -15.47361    -1.24858    -2.36028   -11.86475
    -4.4450       -16.00062    -1.30853    -2.42567   -12.26643
    -4.2950       -16.54669    -1.37348    -2.49609   -12.67712
    -4.1450       -17.10055    -1.44394    -2.57105   -13.08556
    -3.9950       -17.66099    -1.51825    -2.64878   -13.49395
    -3.8450       -18.24059    -1.59419    -2.73387   -13.91253
    -3.6950       -18.85497    -1.67711    -2.82943   -14.34843
    -3.5450       -19.48677    -1.76327    -2.92105   -14.80245
    -3.3950       -20.13758    -1.85935    -3.02203   -15.25620
    -3.2450       -20.82510    -1.96500    -3.13063   -15.72947
    -3.0950       -21.53776    -2.08052    -3.24918   -16.20805
    -2.9450       -22.28240    -2.20768    -3.37864   -16.69608
    -2.7950       -23.06907    -2.34142    -3.51991   -17.20774
    -2.6450       -23.90786    -2.48846    -3.67183   -17.74757
    -2.4950       -24.79561    -2.64195    -3.83297   -18.32068
    -2.3450       -25.77169    -2.80685    -4.01537   -18.94947
    -2.1950       -26.84358    -2.98856    -4.20886   -19.64616
    -2.0450       -28.03140    -3.17904    -4.42402   -20.42835
    -1.8950       -29.35649    -3.38412    -4.65567   -21.31670
    -1.7450       -30.86302    -3.60464    -4.91662   -22.34176
    -1.5950       -32.54128    -3.84036    -5.19695   -23.50397
    -1.4450       -34.42910    -4.10403    -5.50486   -24.82021
    -1.2950       -36.52767    -4.38929    -5.84070   -26.29768
    -1.1450       -38.87203    -4.71326    -6.21854   -27.94023
   -0.99500       -41.44274    -5.07218    -6.64111   -29.72946
   -0.84500       -44.29097    -5.46924    -7.14302   -31.67871
   -0.69500       -47.50943    -5.91425    -7.76559   -33.82959
   -0.54500       -51.27638    -6.43136    -8.50510   -36.33992
   -0.39500       -55.91923    -7.02877    -9.34720   -39.54326
   -0.25300       -59.56854    -7.41148    -9.86730   -42.28976
   -0.21500       -59.82025    -7.43392    -9.89649   -42.48984
   -0.20900       -60.07699    -7.45581    -9.92528   -42.69590
   -0.20300       -60.33913    -7.47773    -9.95345   -42.90795
   -0.19700       -60.60527    -7.49939    -9.98110   -43.12478
   -0.19100       -60.87595    -7.52034   -10.00812   -43.34749
   -0.18500       -61.15444    -7.54108   -10.03451   -43.57885
   -0.17900       -61.43872    -7.56156   -10.05966   -43.81751
   -0.17300       -61.72725    -7.58105   -10.08437   -44.06182
   -0.16700       -62.02406    -7.60029   -10.10838   -44.31539
   -0.16100       -62.33057    -7.61983   -10.13202   -44.57873
   -0.15500       -62.64392    -7.63853   -10.15435   -44.85105
   -0.14900       -62.96782    -7.65675   -10.17606   -45.13501
   -0.14300       -63.30365    -7.67488   -10.19705   -45.43172
   -0.13700       -63.65067    -7.69234   -10.21687   -45.74145
   -0.13100       -64.01112    -7.70879   -10.23599   -46.06634
   -0.12500       -64.38515    -7.72508   -10.25452   -46.40554
   -0.11900       -64.77730    -7.74060   -10.27209   -46.76461
   -0.11300       -65.18682    -7.75563   -10.28869   -47.14251
   -0.10700       -65.61545    -7.76996   -10.30440   -47.54110
   -0.10100       -66.06741    -7.78357   -10.31952   -47.96432
   -0.95000E-01   -66.54457    -7.79637   -10.33347   -48.41474
   -0.89000E-01   -67.04886    -7.80903   -10.34667   -48.89315
   -0.83000E-01   -67.58448    -7.82056   -10.35913   -49.40480
   -0.77000E-01   -68.15190    -7.83133   -10.37057   -49.95000
   -0.71000E-01   -68.75746    -7.84163   -10.38107   -50.53476
   -0.65000E-01   -69.40138    -7.85085   -10.39074   -51.15978
   -0.59000E-01   -70.08835    -7.85923   -10.39949   -51.82963
   -0.53000E-01   -70.82308    -7.86682   -10.40728   -52.54899
   -0.47000E-01   -71.60981    -7.87369   -10.41424   -53.32188
   -0.41000E-01   -72.45636    -7.87969   -10.42027   -54.15640
   -0.35000E-01   -73.37168    -7.88489   -10.42542   -55.06137
   -0.29000E-01   -74.35584    -7.88914   -10.42967   -56.03703
   -0.23000E-01   -75.37649    -7.89252   -10.43305   -57.05093
   -0.19700E-01   -75.47724    -7.89280   -10.43334   -57.15110
   -0.19100E-01   -75.57765    -7.89308   -10.43361   -57.25096
   -0.18500E-01   -75.67705    -7.89335   -10.43389   -57.34981
   -0.17900E-01   -75.77576    -7.89362   -10.43414   -57.44800
   -0.17300E-01   -75.87319    -7.89388   -10.43439   -57.54491
   -0.16700E-01   -75.96964    -7.89412   -10.43464   -57.64087
   -0.16100E-01   -76.06449    -7.89436   -10.43489   -57.73524
   -0.15500E-01   -76.15747    -7.89458   -10.43512   -57.82777
   -0.14900E-01   -76.24857    -7.89481   -10.43534   -57.91842
   -0.14300E-01   -76.33786    -7.89502   -10.43555   -58.00729
   -0.13700E-01   -76.42469    -7.89523   -10.43575   -58.09371
   -0.13100E-01   -76.50891    -7.89541   -10.43594   -58.17756
   -0.12500E-01   -76.59045    -7.89560   -10.43612   -58.25872
   -0.11900E-01   -76.66927    -7.89578   -10.43630   -58.33720
   -0.11300E-01   -76.74505    -7.89594   -10.43646   -58.41265
   -0.10700E-01   -76.81763    -7.89610   -10.43662   -58.48490
   -0.10100E-01   -76.88690    -7.89625   -10.43677   -58.55387
   -0.95000E-02   -76.95258    -7.89639   -10.43690   -58.61929
   -0.89000E-02   -77.01492    -7.89652   -10.43704   -58.68136
   -0.83000E-02   -77.07348    -7.89665   -10.43716   -58.73968
   -0.77000E-02   -77.12819    -7.89676   -10.43727   -58.79416
   -0.71000E-02   -77.17913    -7.89687   -10.43738   -58.84488
   -0.65000E-02   -77.22605    -7.89697   -10.43747   -58.89161
   -0.59000E-02   -77.26894    -7.89706   -10.43756   -58.93432
   -0.53000E-02   -77.30774    -7.89714   -10.43764   -58.97297
   -0.47000E-02   -77.34228    -7.89721   -10.43770   -59.00737
   -0.41000E-02   -77.37250    -7.89727   -10.43776   -59.03747
   -0.35000E-02   -77.39844    -7.89732   -10.43782   -59.06330
   -0.29000E-02   -77.42001    -7.89736   -10.43786   -59.08479
   -0.23000E-02   -77.43718    -7.89740   -10.43789   -59.10190
   -0.17000E-02   -77.44990    -7.89742   -10.43792   -59.11457
   -0.11000E-02   -77.45817    -7.89744   -10.43793   -59.12279
   -0.50000E-03   -77.46195    -7.89745   -10.43794   -59.12656
    0.10000E-03   -77.46125    -7.89745   -10.43794   -59.12586
    0.70000E-03   -77.45607    -7.89744   -10.43793   -59.12070
    0.13000E-02   -77.44642    -7.89742   -10.43791   -59.11109
    0.19000E-02   -77.43229    -7.89739   -10.43788   -59.09702
    0.25000E-02   -77.41366    -7.89735   -10.43785   -59.07846
    0.31000E-02   -77.39063    -7.89730   -10.43780   -59.05553
    0.37000E-02   -77.36323    -7.89725   -10.43774   -59.02823
    0.43000E-02   -77.33151    -7.89718   -10.43768   -58.99665
    0.49000E-02   -77.29558    -7.89711   -10.43762   -58.96085
    0.55000E-02   -77.25538    -7.89702   -10.43754   -58.92082
    0.61000E-02   -77.21103    -7.89692   -10.43745   -58.87665
    0.67000E-02   -77.16264    -7.89683   -10.43736   -58.82845
    0.73000E-02   -77.11020    -7.89672   -10.43725   -58.77624
    0.79000E-02   -77.05397    -7.89660   -10.43713   -58.72024
    0.85000E-02   -76.99392    -7.89647   -10.43701   -58.66044
    0.91000E-02   -76.93011    -7.89633   -10.43688   -58.59690
    0.97000E-02   -76.86286    -7.89618   -10.43674   -58.52994
    0.10300E-01   -76.79200    -7.89603   -10.43659   -58.45938
    0.10900E-01   -76.71790    -7.89587   -10.43642   -58.38560
    0.11500E-01   -76.64059    -7.89571   -10.43626   -58.30863
    0.12100E-01   -76.56034    -7.89553   -10.43609   -58.22872
    0.12700E-01   -76.47714    -7.89534   -10.43590   -58.14590
    0.13300E-01   -76.39142    -7.89514   -10.43570   -58.06058
    0.13900E-01   -76.30314    -7.89494   -10.43551   -57.97269
    0.14500E-01   -76.21261    -7.89472   -10.43530   -57.88259
    0.15100E-01   -76.11988    -7.89450   -10.43508   -57.79030
    0.15700E-01   -76.02542    -7.89427   -10.43484   -57.69630
    0.16300E-01   -75.92904    -7.89404   -10.43461   -57.60039
    0.16900E-01   -75.83126    -7.89378   -10.43437   -57.50311
    0.17500E-01   -75.73221    -7.89352   -10.43412   -57.40457
    0.18100E-01   -75.63244    -7.89326   -10.43385   -57.30533
    0.18700E-01   -75.53156    -7.89297   -10.43360   -57.20499
    0.19300E-01   -75.43001    -7.89269   -10.43332   -57.10401
    0.20200E-01   -75.03156    -7.89148   -10.43213   -56.70795
    0.25000E-01   -74.00670    -7.88771   -10.42855   -55.69044
    0.31000E-01   -73.03610    -7.88300   -10.42413   -54.72897
    0.37000E-01   -72.14135    -7.87740   -10.41886   -53.84509
    0.43000E-01   -71.31693    -7.87090   -10.41279   -53.03323
    0.49000E-01   -70.55348    -7.86358   -10.40592   -52.28399
    0.55000E-01   -69.84288    -7.85533   -10.39812   -51.58943
    0.61000E-01   -69.18106    -7.84617   -10.38961   -50.94527
    0.67000E-01   -68.56253    -7.83609   -10.38042   -50.34602
    0.73000E-01   -67.98561    -7.82527   -10.37034   -49.79000
    0.79000E-01   -67.44473    -7.81351   -10.35947   -49.27175
    0.85000E-01   -66.93794    -7.80105   -10.34796   -48.78893
    0.91000E-01   -66.46119    -7.78761   -10.33575   -48.33783
    0.97000E-01   -66.01353    -7.77315   -10.32274   -47.91763
    0.10300       -65.59208    -7.75792   -10.30907   -47.52509
    0.10900       -65.19314    -7.74183   -10.29503   -47.15628
    0.11500       -64.81669    -7.72483   -10.28027   -46.81159
    0.12100       -64.46028    -7.70724   -10.26472   -46.48833
    0.12700       -64.12114    -7.68869   -10.24884   -46.18361
    0.13300       -63.79816    -7.66932   -10.23243   -45.89641
    0.13900       -63.49023    -7.64917   -10.21568   -45.62538
    0.14500       -63.19478    -7.62802   -10.19836   -45.36841
    0.15100       -62.91121    -7.60618   -10.18021   -45.12483
    0.15700       -62.63859    -7.58423   -10.16167   -44.89268
    0.16300       -62.37621    -7.56095   -10.14297   -44.67229
    0.16900       -62.12158    -7.53742   -10.12353   -44.46063
    0.17500       -61.87527    -7.51289   -10.10412   -44.25825
    0.18100       -61.63603    -7.48753   -10.08387   -44.06462
    0.18700       -61.40352    -7.46193   -10.06349   -43.87810
    0.19300       -61.17741    -7.43555   -10.04265   -43.69921
    0.19900       -60.95840    -7.40871   -10.02195   -43.52774
    0.20500       -60.74286    -7.38096   -10.00113   -43.36077
    0.21100       -60.53109    -7.35262    -9.97943   -43.19904
    0.21700       -60.32426    -7.32389    -9.95752   -43.04286
    0.29500       -55.94751    -6.49495    -9.35777   -40.09478
    0.44500       -52.87950    -5.70653    -8.78022   -38.39275
    0.59500       -50.54294    -5.02092    -8.28824   -37.23378
    0.74500       -48.66046    -4.44742    -7.86184   -36.35120
    0.89500       -47.09389    -3.97556    -7.48839   -35.62993
     1.0450       -45.74713    -3.56944    -7.15773   -35.01997
     1.1950       -44.56619    -3.21013    -6.86359   -34.49248
     1.3450       -43.51887    -2.88903    -6.59836   -34.03149
     1.4950       -42.59456    -2.60202    -6.36287   -33.62966
     1.6450       -41.76697    -2.34452    -6.14886   -33.27359
     1.7950       -41.03097    -2.11342    -5.95346   -32.96409
     1.9450       -40.37069    -1.90612    -5.77361   -32.69096
     2.0950       -39.76867    -1.71715    -5.61005   -32.44147
     2.2450       -39.22720    -1.54515    -5.45910   -32.22295
     2.3950       -38.73647    -1.38750    -5.32055   -32.02842
     2.5450       -38.29004    -1.24476    -5.19209   -31.85319
     2.6950       -37.88552    -1.11261    -5.07072   -31.70219
     2.8450       -37.51158    -0.99174    -4.95869   -31.56115
     2.9950       -37.17187    -0.88253    -4.85283   -31.43651
     3.1450       -36.86010    -0.78101    -4.75447   -31.32462
     3.2950       -36.56493    -0.68694    -4.66161   -31.21638
     3.4450       -36.29820    -0.59903    -4.57723   -31.12195
     3.5950       -36.04737    -0.51847    -4.49540   -31.03350
     3.7450       -35.81184    -0.44377    -4.41813   -30.94993
     3.8950       -35.59229    -0.37264    -4.34707   -30.87258
     4.0450       -35.38528    -0.30608    -4.27924   -30.79995
     4.1950       -35.19028    -0.24314    -4.21491   -30.73223
     4.3450       -35.01001    -0.18431    -4.15546   -30.67024
     4.4950       -34.83504    -0.12715    -4.09822   -30.60966
     4.6450       -34.67112    -0.07363    -4.04648   -30.55101
     4.7950       -34.51173    -0.02169    -3.99466   -30.49538
     4.9450       -34.36013     0.02777    -3.94745   -30.44044
     5.0950       -34.21859     0.07425    -3.90415   -30.38869
     5.2450       -34.08314     0.11917    -3.86314   -30.33916
     5.3950       -33.95028     0.16182    -3.82235   -30.28975
     5.5450       -33.82489     0.20242    -3.78419   -30.24312
     5.6950       -33.70776     0.24102    -3.75037   -30.19840
     5.8450       -33.59205     0.27927    -3.71655   -30.15477
     5.9950       -33.48238     0.31456    -3.68569   -30.11125
     6.1450       -33.38045     0.34691    -3.65845   -30.06891
     6.2950       -33.28056     0.37939    -3.63135   -30.02860
     6.4450       -33.18332     0.41020    -3.60399   -29.98953
     6.5950       -33.09610     0.43809    -3.58266   -29.95153
     6.7450       -33.01094     0.46770    -3.56451   -29.91413
     6.8950       -32.92527     0.49272    -3.54090   -29.87710
     7.0450       -32.84597     0.51833    -3.52296   -29.84134
     7.1950       -32.76899     0.54234    -3.50511   -29.80623
     7.3450       -32.70513     0.55996    -3.49322   -29.77186
     7.4950       -32.63972     0.57933    -3.48062   -29.73844
     7.6450       -32.58075     0.59701    -3.47240   -29.70535
     7.7950       -32.52526     0.60881    -3.46064   -29.67342
     7.9450       -32.47121     0.62318    -3.45248   -29.64191
     8.0950       -32.41923     0.63592    -3.44426   -29.61089
     8.2450       -32.37205     0.64777    -3.43947   -29.58035
     8.3950       -32.32881     0.65774    -3.43610   -29.55045
     8.5450       -32.27898     0.67139    -3.42908   -29.52129
     8.6950       -32.23415     0.67914    -3.42092   -29.49238
     8.8450       -32.19129     0.68920    -3.41635   -29.46415
     8.9950       -32.15230     0.69440    -3.41041   -29.43629
     9.1450       -32.11130     0.70220    -3.40450   -29.40901
     9.2950       -32.07763     0.70590    -3.40141   -29.38212
     9.4450       -32.04436     0.70806    -3.39676   -29.35566
     9.5950       -32.00884     0.71163    -3.39077   -29.32970
     9.7450       -31.97673     0.71670    -3.38932   -29.30411
     9.8950       -31.94336     0.72180    -3.38633   -29.27882
     10.045       -31.91343     0.72535    -3.38488   -29.25389
     10.195       -31.88410     0.72889    -3.38354   -29.22944
     10.345       -31.85372     0.73397    -3.38228   -29.20540
     10.495       -31.82524     0.73744    -3.38097   -29.18171
     10.645       -31.79257     0.74547    -3.37974   -29.15830
     10.795       -31.76476     0.74892    -3.37851   -29.13517
     10.945       -31.73755     0.75234    -3.37734   -29.11255
     11.095       -31.71041     0.75388    -3.37429   -29.08999
     11.245       -31.68550     0.75543    -3.37322   -29.06771
     11.395       -31.66139     0.75693    -3.37219   -29.04613
     11.545       -31.63745     0.75834    -3.37110   -29.02469
     11.695       -31.61363     0.75975    -3.37008   -29.00330
     11.845       -31.59014     0.76115    -3.36905   -28.98223
     11.995       -31.56721     0.76248    -3.36806   -28.96163
     12.145       -31.54457     0.76375    -3.36709   -28.94124
     12.295       -31.52225     0.76505    -3.36612   -28.92118
     12.445       -31.50017     0.76630    -3.36524   -28.90124
     12.595       -31.47855     0.76749    -3.36437   -28.88167
     12.745       -31.45708     0.76867    -3.36346   -28.86229
     12.895       -31.43583     0.76988    -3.36260   -28.84311
     13.045       -31.41486     0.77101    -3.36173   -28.82413
     13.195       -31.39406     0.77210    -3.36088   -28.80528
     13.345       -31.37365     0.77322    -3.36008   -28.78679
     13.495       -31.35321     0.77431    -3.35924   -28.76828
     13.645       -31.33319     0.77538    -3.35853   -28.75003
     13.795       -31.31340     0.77644    -3.35777   -28.73206
     13.945       -31.29389     0.77744    -3.35699   -28.71435
     14.095       -31.27453     0.77845    -3.35619   -28.69679
     14.245       -31.25554     0.77941    -3.35547   -28.67948
     14.395       -31.23670     0.78034    -3.35474   -28.66230
     14.545       -31.21813     0.78130    -3.35403   -28.64540
     14.695       -31.19958     0.78222    -3.35333   -28.62847
     14.845       -31.18150     0.78312    -3.35264   -28.61199
     14.995       -31.16335     0.78400    -3.35199   -28.59537
     15.145       -31.14548     0.78488    -3.35132   -28.57904
     15.295       -31.12774     0.78576    -3.35068   -28.56282
     15.445       -31.11036     0.78661    -3.35001   -28.54696
     15.595       -31.09299     0.78746    -3.34934   -28.53110
     15.745       -31.07602     0.78829    -3.34872   -28.51559
     15.895       -31.05894     0.78910    -3.34806   -28.49997
     16.045       -31.04223     0.78990    -3.34746   -28.48467
     16.195       -31.02570     0.79070    -3.34684   -28.46956
     16.345       -31.00928     0.79147    -3.34629   -28.45446
     16.495       -30.99294     0.79224    -3.34570   -28.43948
     16.645       -30.97683     0.79299    -3.34514   -28.42468
     16.795       -30.96075     0.79373    -3.34459   -28.40988
     16.945       -30.94480     0.79446    -3.34401   -28.39525
     17.095       -30.92906     0.79519    -3.34344   -28.38081
     17.245       -30.91354     0.79591    -3.34289   -28.36656
     17.395       -30.89823     0.79661    -3.34236   -28.35249
     17.545       -30.88304     0.79730    -3.34181   -28.33852
     17.695       -30.86790     0.79799    -3.34130   -28.32459
     17.845       -30.85288     0.79868    -3.34081   -28.31075
     17.995       -30.83811     0.79934    -3.34032   -28.29713
     18.145       -30.82323     0.79999    -3.33980   -28.28342
     18.295       -30.80861     0.80068    -3.33928   -28.27000
     18.445       -30.79429     0.80135    -3.33881   -28.25683
     18.595       -30.78000     0.80198    -3.33833   -28.24366
     18.745       -30.76576     0.80263    -3.33784   -28.23055
     18.895       -30.75178     0.80327    -3.33737   -28.21767
     19.045       -30.73778     0.80387    -3.33693   -28.20473
     19.195       -30.72389     0.80447    -3.33647   -28.19188
     19.345       -30.71011     0.80506    -3.33602   -28.17915
     19.495       -30.69649     0.80567    -3.33553   -28.16663
     19.645       -30.68291     0.80627    -3.33505   -28.15413
     19.795       -30.66947     0.80685    -3.33463   -28.14169
     19.945       -30.65611     0.80744    -3.33421   -28.12934
     20.095       -30.64289     0.80800    -3.33377   -28.11712
     20.245       -30.62968     0.80856    -3.33332   -28.10491
     20.395       -30.61680     0.80910    -3.33290   -28.09300
     20.545       -30.60373     0.80964    -3.33247   -28.08091
     20.695       -30.59094     0.81019    -3.33205   -28.06909
     20.845       -30.57828     0.81072    -3.33163   -28.05737
     20.995       -30.56569     0.81124    -3.33121   -28.04572
     21.145       -30.55321     0.81176    -3.33080   -28.03418
     21.295       -30.54086     0.81229    -3.33041   -28.02274
     21.445       -30.52857     0.81280    -3.33001   -28.01135
     21.595       -30.51644     0.81330    -3.32961   -28.00013
     21.745       -30.50435     0.81382    -3.32921   -27.98896
     21.895       -30.49223     0.81431    -3.32883   -27.97771
     22.045       -30.48009     0.81480    -3.32842   -27.96647
     22.195       -30.46816     0.81528    -3.32803   -27.95541
     22.345       -30.45627     0.81578    -3.32764   -27.94441
     22.495       -30.44467     0.81625    -3.32728   -27.93364
     22.645       -30.43295     0.81673    -3.32689   -27.92280
     22.795       -30.42146     0.81720    -3.32654   -27.91212
     22.945       -30.40988     0.81765    -3.32618   -27.90136
     23.095       -30.39847     0.81811    -3.32580   -27.89078
     23.245       -30.38706     0.81856    -3.32544   -27.88018
     23.395       -30.37576     0.81901    -3.32507   -27.86970
     23.545       -30.36464     0.81945    -3.32471   -27.85938
     23.695       -30.35365     0.81992    -3.32437   -27.84919
     23.845       -30.34256     0.82036    -3.32404   -27.83888
     23.995       -30.33155     0.82078    -3.32368   -27.82865
     24.145       -30.32070     0.82121    -3.32331   -27.81859
     24.295       -30.30998     0.82166    -3.32298   -27.80865
     24.445       -30.29919     0.82209    -3.32265   -27.79863
     24.595       -30.28843     0.82252    -3.32229   -27.78865
     24.745       -30.27778     0.82297    -3.32196   -27.77878
     24.895       -30.26721     0.82342    -3.32161   -27.76902
     25.045       -30.25679     0.82382    -3.32130   -27.75931
     25.195       -30.24630     0.82424    -3.32096   -27.74958
     25.345       -30.23593     0.82467    -3.32063   -27.73996
     25.495       -30.22569     0.82509    -3.32032   -27.73047
     25.645       -30.21553     0.82549    -3.32002   -27.72100
     25.795       -30.20538     0.82589    -3.31971   -27.71157
     25.945       -30.19534     0.82629    -3.31940   -27.70223
     26.095       -30.18528     0.82669    -3.31911   -27.69285
     26.245       -30.17525     0.82706    -3.31881   -27.68351
     26.395       -30.16536     0.82745    -3.31850   -27.67431
     26.545       -30.15543     0.82784    -3.31822   -27.66505
     26.695       -30.14559     0.82825    -3.31790   -27.65593
     26.845       -30.13588     0.82864    -3.31761   -27.64691
     26.995       -30.12607     0.82903    -3.31732   -27.63778
     27.145       -30.11641     0.82939    -3.31701   -27.62879
     27.295       -30.10683     0.82976    -3.31673   -27.61987
     27.445       -30.09733     0.83013    -3.31644   -27.61102
     27.595       -30.08780     0.83049    -3.31616   -27.60212
     27.745       -30.07849     0.83084    -3.31588   -27.59346
     27.895       -30.06908     0.83121    -3.31558   -27.58471
     28.045       -30.05971     0.83158    -3.31531   -27.57597
     28.195       -30.05051     0.83195    -3.31504   -27.56742
     28.345       -30.04131     0.83231    -3.31476   -27.55886
     28.495       -30.03223     0.83265    -3.31448   -27.55041
     28.645       -30.02306     0.83299    -3.31420   -27.54185
     28.795       -30.01406     0.83334    -3.31392   -27.53348
     28.945       -30.00498     0.83370    -3.31368   -27.52500
     29.095       -29.99602     0.83405    -3.31342   -27.51665
     29.245       -29.98707     0.83440    -3.31317   -27.50830
     29.395       -29.97831     0.83474    -3.31289   -27.50015
     29.545       -29.96955     0.83507    -3.31263   -27.49200
     29.695       -29.96074     0.83540    -3.31236   -27.48379
     29.845       -29.95199     0.83573    -3.31211   -27.47561
     29.995       -29.94323     0.83609    -3.31183   -27.46750
     30.145       -29.93469     0.83643    -3.31158   -27.45955
     35.794       -29.36570     0.85782    -3.29480   -26.92872
     49.810       -28.80568     0.87823    -3.27891   -26.40500
     69.316       -28.25608     0.89788    -3.26355   -25.89041
     96.460       -27.71755     0.91685    -3.24868   -25.38572
     134.23       -27.19056     0.93534    -3.23419   -24.89171
     186.80       -26.67738     0.95327    -3.22010   -24.41055
     259.95       -26.17609     0.97068    -3.20640   -23.94038
     361.74       -25.68872     0.98770    -3.19316   -23.48326
     503.40       -25.21408     1.00409    -3.18027   -23.03790
     700.53       -24.75302     1.02007    -3.16773   -22.60536
     974.85       -24.30520     1.03561    -3.15550   -22.18531
     1356.6       -23.86999     1.05066    -3.14363   -21.77701
     1887.8       -23.44801     1.06517    -3.13218   -21.38100
     2627.1       -23.03752     1.07925    -3.12108   -20.99568
     3655.9       -22.63922     1.09287    -3.11027   -20.62183
     5087.5       -22.25298     1.10599    -3.09970   -20.25927
     7079.7       -21.87892     1.11875    -3.08946   -19.90821
     9852.1       -21.51599     1.13113    -3.07965   -19.56747
     13710.       -21.16456     1.14303    -3.07001   -19.23757
     19079.       -20.82502     1.15453    -3.06070   -18.91884
     26550.       -20.49734     1.16575    -3.05180   -18.61129
     36947.       -20.18125     1.17664    -3.04312   -18.31477
     51416.       -19.87743     1.18712    -3.03468   -18.02988
     71550.       -19.58652     1.19733    -3.02649   -17.75736
     99568.       -19.30677     1.20717    -3.01867   -17.49528
    0.13856E+06   -19.03937     1.21656    -3.01114   -17.24480
    0.19282E+06   -18.78353     1.22573    -3.00395   -17.00531
    0.26832E+06   -18.53945     1.23449    -2.99704   -16.77690
    0.37340E+06   -18.30566     1.24295    -2.99042   -16.55819
    0.51962E+06   -18.08244     1.25097    -2.98415   -16.34926
    0.72310E+06   -17.86917     1.25866    -2.97818   -16.14965
    0.10063E+07   -17.66538     1.26597    -2.97246   -15.95890
    0.14003E+07   -17.47130     1.27300    -2.96689   -15.77740
    0.19487E+07   -17.28641     1.27968    -2.96158   -15.60451
    0.27118E+07   -17.11051     1.28612    -2.95653   -15.44011
    0.37737E+07   -16.94272     1.29220    -2.95174   -15.28318
    0.52514E+07   -16.78304     1.29800    -2.94721   -15.13383
    0.73079E+07   -16.63073     1.30358    -2.94288   -14.99144
    0.10170E+08   -16.48573     1.30889    -2.93876   -14.85586
    0.14152E+08   -16.34780     1.31393    -2.93474   -14.72698
    0.19694E+08   -16.21679     1.31872    -2.93096   -14.60455
    0.27406E+08   -16.09221     1.32325    -2.92736   -14.48810
    0.38138E+08   -15.97388     1.32759    -2.92390   -14.37758
    0.53073E+08   -15.86231     1.33179    -2.92066   -14.27344
    0.73856E+08   -15.75705     1.33572    -2.91751   -14.17526
    0.10278E+09   -15.65770     1.33946    -2.91458   -14.08258
    0.14302E+09   -15.56475     1.34299    -2.91177   -13.99597
    0.19903E+09   -15.47863     1.34634    -2.90915   -13.91582
    0.27697E+09   -15.39878     1.34959    -2.90669   -13.84169
    0.38543E+09   -15.32607     1.35265    -2.90440   -13.77432
    0.53637E+09   -15.25965     1.35548    -2.90230   -13.71283
    0.74641E+09   -15.19876     1.35813    -2.90035   -13.65654
    0.10387E+10   -15.14270     1.36059    -2.89857   -13.60472
    0.14454E+10   -15.09108     1.36287    -2.89695   -13.55700
    0.20115E+10   -15.04345     1.36494    -2.89545   -13.51294
    0.27992E+10   -14.99950     1.36685    -2.89409   -13.47226
    0.38953E+10   -14.95932     1.36857    -2.89280   -13.43509
    0.54207E+10   -14.92212     1.37020    -2.89162   -13.40071
    0.75434E+10   -14.88798     1.37166    -2.89057   -13.36908
    0.10497E+11   -14.85648     1.37300    -2.88958   -13.33990
    0.14608E+11   -14.82740     1.37425    -2.88869   -13.31296
    0.20329E+11   -14.80070     1.37538    -2.88786   -13.28823
    0.28289E+11   -14.77597     1.37643    -2.88709   -13.26530
    0.39367E+11   -14.75334     1.37740    -2.88640   -13.24434
    0.54783E+11   -14.73252     1.37831    -2.88574   -13.22509
    0.10000E+12   -14.48922     1.38864    -2.87815   -12.99970
