#"Time (ps)"	"Potential Energy (kJ/mole)"	"Kinetic Energy (kJ/mole)"	"Temperature (K)"	"Box Volume (nm^3)"	"Density (g/mL)"	"Speed (ns/day)"	"Time Remaining"
100.99999999994601	-71419.81714029374	7413.971023453158	287.0419298919174	32.8652471716334	1.1828867677106316	0	--
101.99999999994368	-71717.04896096888	7665.57784322822	296.78322870381425	32.692309798390795	1.1891440597683918	137	4:11
102.99999999994135	-71712.21779035626	7713.004435003794	298.61941344049484	32.67796680211973	1.1896659982634732	137	4:11
103.99999999993902	-71625.57029000533	7394.063334957511	286.27117676819984	32.92164381489823	1.1808604155808184	136	4:10
104.99999999993669	-71862.65513501354	7249.705585470878	280.6821709740826	32.81843893804433	1.184573893665554	136	4:10
105.99999999993436	-71741.99058099865	7412.32982028621	286.9783884884111	32.92581282407356	1.1807108970880282	137	4:09
106.99999999993203	-71847.87445860018	7523.436269532097	291.28002515708573	32.942841942590924	1.1801005530917121	137	4:08
107.9999999999297	-71514.1663111815	7568.87798054127	293.03936254650927	32.610516722032685	1.1921266482293624	137	4:08
108.99999999992737	-71674.87133756807	7667.3069943117425	296.8501751300302	32.813232244431184	1.1847618578770802	136	4:07
109.99999999992504	-71379.93111943419	7628.11319105132	295.3327339514652	32.69030376262696	1.1892170314216857	136	4:06
110.99999999992271	-71196.6779243607	7496.351059946146	290.23138458289355	33.12355967414474	1.1736620815911203	136	4:06
111.99999999992038	-71442.12252428313	7723.782140319865	299.0366868994745	32.82481204014838	1.1843439026951599	136	4:05
112.99999999991805	-71143.76909091562	7509.531030495679	290.74166499409137	32.73154330345218	1.187718698029255	137	4:04
113.99999999991572	-71216.80403454503	7725.333212488296	299.09673875929695	32.7329623153372	1.1876672090459994	137	4:04
114.99999999991338	-71283.48432689396	7772.667973777389	300.9293681543153	32.92705791091138	1.180666250293249	137	4:03
115.99999999991105	-71164.17523364964	7580.011411750769	293.47040841525956	32.706364268055204	1.1886330647529368	137	4:03
116.99999999990872	-71405.63423089494	7488.233652829971	289.91710817191563	32.695660349464	1.1890221999294082	137	4:02
117.9999999999064	-71702.43401104218	7584.178208416684	293.6317315918228	32.70868395035316	1.1885487675343982	137	4:01
118.99999999990406	-71605.92852457301	7466.09099509876	289.0598251871296	32.94981771866296	1.1798507150722382	137	4:01
119.99999999990173	-71571.33324697573	7669.580497175727	296.9381968727142	33.1903419912246	1.1713005550573428	137	4:00
120.9999999998994	-71456.4613939466	7605.810514020955	294.46925560277714	32.86003771389123	1.1830742963642444	137	3:59
121.99999999989707	-71470.77984007815	7386.24356050892	285.96842360907067	33.035846428236574	1.176778263614769	137	3:59
122.99999999989474	-71421.75531484606	7776.3064144513555	301.07023531302804	32.970833540218266	1.1790986706309108	137	3:58
123.99999999989241	-71755.92252679163	7745.4556882812585	299.8758076641448	33.16242009810379	1.1722867595868647	137	3:57
124.99999999989008	-71573.0235811013	7525.518723049825	291.36065016556614	33.069366824052686	1.1755854354183888	137	3:57
125.99999999988775	-71613.15235055261	7699.153753757548	298.08316555624174	33.00583760809188	1.1778481872956132	137	3:56
126.99999999988542	-71495.27901885737	7554.75606614762	292.4926135035876	33.15747551072521	1.172461576101881	137	3:55
127.99999999988309	-71441.61882784907	7652.874464332301	296.291400183997	32.857345608762664	1.1831712293429044	137	3:55
128.99999999988785	-71019.49565636553	7699.238212395601	298.0864354868075	32.86770704356541	1.1827982385669713	137	3:54
129.99999999989262	-71224.5408335272	7891.877480884679	305.5447256831343	32.8842369847015	1.1822036805947587	137	3:54
130.9999999998974	-70957.83749755245	7586.246783202847	293.71181926641276	33.00424331581876	1.177905084048129	137	3:53
131.99999999990217	-71224.98441936547	7662.107639688104	296.64887507360424	32.848445535133884	1.1834918019266312	137	3:52
132.99999999990695	-71149.6261385369	7707.374723395863	298.4014515305327	33.078362340623464	1.1752657400793098	137	3:52
133.99999999991172	-71221.02240802211	7494.232738421317	290.1493708959375	32.87086391275021	1.182684644372396	136	3:51
134.9999999999165	-71336.5256687772	7709.0535155494645	298.4664482425691	33.089396568922695	1.1748738275081243	136	3:51
135.99999999992127	-71325.35645716204	7414.857492422978	287.07625073874584	32.95018293028845	1.1798376379006064	136	3:50
136.99999999992605	-71683.80552002491	7589.437966121389	293.8353702353441	33.14518279769249	1.1728964125541304	136	3:49
137.99999999993082	-71602.45662364739	7592.95074700473	293.9713723050652	33.022210580349146	1.1772641901810974	136	3:49
138.9999999999356	-71800.89603905095	7627.425262628357	295.30609987081795	32.75889091392813	1.1867271727546647	136	3:48
139.99999999994037	-71621.90638479972	7831.192220892301	303.1952136484768	32.90527260173465	1.1814479237839532	136	3:48
140.99999999994515	-71075.10823224793	7539.299815343721	291.89420381927545	33.06328974840837	1.1758015095499033	136	3:47
141.99999999994992	-71247.41679484001	7825.862892568088	302.9888814841926	33.346769147975145	1.1658060732766669	136	3:46
142.9999999999547	-71216.50041179979	7619.758174038325	295.0092581515054	33.21227687133142	1.170526975536018	136	3:46
143.99999999995947	-71503.48287392242	7503.352492902211	290.5024545427518	33.26800909526753	1.1685660505123106	136	3:45
144.99999999996425	-71359.17661787407	7877.174721652939	304.9754884455913	33.31696068983126	1.1668491120418971	136	3:44
145.99999999996902	-71607.78675686772	7975.150674314655	308.7687601546462	32.683813842186865	1.189453170446256	136	3:44
146.9999999999738	-71136.68632669459	7572.821685171575	293.1920484127509	32.77822279415296	1.1860272669755345	136	3:43
147.99999999997857	-71247.08768079034	7793.951250501284	301.75337903943	32.97519971244238	1.178942548820881	136	3:42
148.99999999998334	-71141.02646410707	7705.745393738422	298.3383698260288	32.68987037409066	1.1892327975603305	136	3:42
149.99999999998812	-71482.9363110706	7640.4312203704485	295.8096431404872	32.61482816337645	1.1919690578201037	136	3:41
150.9999999999929	-71573.97239335912	7955.879125527031	308.0226360413327	32.4889224577488	1.1965883463023959	136	3:41
151.99999999999767	-71451.22087528565	7760.615581509857	300.4627434635331	32.571655168274056	1.1935489859517754	136	3:40
153.00000000000244	-71683.55334188492	7639.014705769814	295.75480085915103	32.80373064160554	1.185105024230307	136	3:39
154.00000000000722	-71762.48851974678	7748.918623902825	300.0098799070442	32.414669966405775	1.1993293788631796	136	3:39
155.000000000012	-71372.92809523654	7728.087109846625	299.20335962549115	32.89258142687496	1.1819037701036375	136	3:38
156.00000000001677	-71297.67658468834	7695.065240420922	297.92487322480133	32.97349701029101	1.1790034276537689	136	3:37
157.00000000002154	-71301.94837776193	7550.33182521068	292.32132302338096	33.01849022021338	1.177396838486129	136	3:37
158.00000000002632	-71761.97640987989	7853.801935949952	304.07057939025333	32.946611632528054	1.179965528184465	136	3:36
159.0000000000311	-71644.9062184855	7683.175210671789	297.46453461882794	32.643565275883795	1.1909197316012803	136	3:35
160.00000000003587	-71477.89359480442	7472.110668138284	289.292884982092	32.67879978598513	1.1896356736313491	136	3:35
161.00000000004064	-71979.33600026468	7467.265591710024	289.10530128584577	32.32536671173907	1.2026426906008307	136	3:34
162.00000000004542	-71716.81971136187	7491.0565818248815	290.0264016914187	32.182516093394014	1.2079809385955473	136	3:34
163.0000000000502	-71515.9508802956	7549.582549433573	292.2923137968272	32.83859146561944	1.1838469392807462	136	3:33
164.00000000005497	-71261.2280118423	7578.046814919837	293.3943463880374	32.84561213745646	1.1835938948000657	136	3:32
165.00000000005974	-71734.10343558074	7670.851688279674	296.98741275804525	33.24375170707625	1.1694187328618901	136	3:32
166.00000000006452	-71513.88790252473	7652.0263691549535	296.2585650305188	33.254526669738205	1.169039823749518	136	3:31
167.0000000000693	-71636.42567915178	7854.919841656881	304.1138606238242	32.9553832124748	1.1796514622882155	136	3:30
168.00000000007407	-71318.77019993795	7478.706257737975	289.548242166721	32.899777139713926	1.1816452686524928	136	3:30
169.00000000007884	-71269.5931235135	7477.9436692244335	289.5187175195451	32.648541857934426	1.1907382009900263	136	3:29
170.00000000008362	-71287.669847918	7713.851506412772	298.65220895739395	32.960595864500405	1.1794649027791069	136	3:29
171.0000000000884	-71122.12770206798	7688.230429383273	297.6602542581926	32.95548863461466	1.1796476886715404	136	3:28
172.00000000009317	-71804.221160596	7638.556304768892	295.7370532435274	32.99023755036434	1.178405155086101	136	3:27
173.00000000009794	-71594.54796060617	7455.610709616802	288.6540667398625	32.988533703441746	1.1784660193250245	136	3:27
174.00000000010272	-71617.14245170832	7534.145848500115	291.6946610122281	33.204867881875884	1.1707881547718462	136	3:26
175.0000000001075	-71545.77090578931	7680.234908159509	297.3506968246255	33.29585432961028	1.1675887818349737	136	3:25
176.00000000011227	-71482.00892747776	7534.757540107288	291.71834348129437	33.3252276187131	1.1665596538951906	136	3:25
177.00000000011704	-71516.90071174281	7497.4021993092465	290.2720808670327	32.99625999155893	1.1781900738692686	136	3:24
178.00000000012182	-71353.88159679758	7456.071747519582	288.67191644671306	33.078374308963866	1.175265314847395	136	3:23
179.0000000001266	-71495.2261384074	7612.719341963873	294.7367402341242	33.468940302876504	1.161550549406645	136	3:23
180.00000000013137	-71521.10755967317	7649.304971540503	296.1532024359276	33.049036945649206	1.176308588380282	136	3:22
181.00000000013614	-71597.43319813383	7677.869600552	297.25912073695264	33.11151357115995	1.174089064618453	136	3:21
182.00000000014091	-71629.20189845751	7691.236279336135	297.7766298103368	32.94729549670717	1.1799410364577494	136	3:21
183.0000000001457	-71546.71378890978	7682.540328213849	297.4399542845637	33.110777459470036	1.1741151667142593	136	3:20
184.00000000015046	-71587.35312192657	7640.621300254219	295.81700234063766	32.832136236366246	1.184079699139524	136	3:20
185.00000000015524	-71741.83637398444	7674.491268197256	297.12832402411766	32.62352815238324	1.1916511854658005	136	3:19
186.00000000016001	-71248.18643059058	7872.085841739257	304.7784655671917	33.097450395213784	1.1745879375193877	136	3:18
187.0000000001648	-71249.91570647116	7911.343011546497	306.29836006744245	32.57632661463549	1.1933778309859753	136	3:18
188.00000000016956	-71036.78959610686	7709.506030342195	298.4839679656701	32.889682165816	1.1820079561994117	136	3:17
189.00000000017434	-71110.48254899628	7589.521181730463	293.8385920403593	32.707870447721035	1.1885783288460203	136	3:16
190.0000000001791	-71332.41308848839	7640.318166013351	295.80526608792775	32.35513902917853	1.2015360515621754	136	3:16
191.0000000001839	-71304.07753430775	7839.518845417676	303.5175901948227	32.982950053633196	1.1786655206295618	136	3:15
192.00000000018866	-71536.01720332267	7994.976919258064	309.53636008092906	33.19286984962111	1.1712113527088759	136	3:15
193.00000000019344	-71140.00394673526	7488.047431264495	289.9098983517838	32.966784032532196	1.179243506388158	136	3:14
194.0000000001982	-71543.85913065798	7835.605540835733	303.3660813076282	32.811454612490905	1.1848260449283723	136	3:13
195.000000000203	-71273.98343348643	7815.136367793004	302.5735895491778	33.0506757674442	1.1762502609752439	136	3:13
196.00000000020776	-71383.95610376509	7775.587592347563	301.0424051416841	33.007344815170114	1.1777944034746208	136	3:12
197.00000000021254	-71282.97364293231	7733.355315245221	299.4073253329233	32.94631390187107	1.1799761913473599	136	3:11
198.0000000002173	-71070.51995329472	7534.423377011902	291.7054059044554	33.06011400812718	1.175914456535375	136	3:11
199.0000000002221	-71693.02168167781	7612.877070085797	294.74284689199646	33.04169847448421	1.1765698433113394	136	3:10
200.00000000022686	-71828.15590412982	7783.886504887221	301.3637087809689	33.163592654970536	1.1722453113365483	136	3:09
201.00000000023164	-71684.31160703051	7481.568585072124	289.6590610462901	32.811693966418545	1.18481740188886	136	3:09
202.0000000002364	-71606.63903692449	7618.242214179462	294.9505657123051	32.96459553222075	1.1793217956782078	136	3:08
203.0000000002412	-71753.20187785814	7616.506376705864	294.8833604134411	32.84175507721834	1.1837329005547517	136	3:08
204.00000000024596	-71758.66849411352	7535.215576557073	291.736076982827	32.91591233023243	1.1810660329520293	136	3:07
205.00000000025074	-71435.26854644931	7428.290802552026	287.59633953489583	32.609464140436906	1.1921651281799792	136	3:06
206.0000000002555	-71499.0329993876	7465.131084617775	289.02266095272483	32.71370264955106	1.1883664289954017	136	3:06
207.0000000002603	-71883.06841408613	7710.283000863623	298.51404943176084	32.5376734597798	1.1947955051217574	136	3:05
208.00000000026506	-71729.88448336959	7664.171989303634	296.72879916499045	32.767564639846	1.186413040583144	136	3:04
209.00000000026984	-71673.96818309257	7498.465647285519	290.3132536958019	32.99858593782065	1.1781070276804688	136	3:04
210.0000000002746	-71547.71898832836	7824.434132434134	302.9335651004482	32.86268955739684	1.1829788285881213	136	3:03
211.00000000027939	-71744.88286726305	7790.766534092074	301.6300784301659	32.92540875800335	1.1807253869677363	136	3:03
212.00000000028416	-71585.40696876051	7729.099063629485	299.242538786817	32.562770762604146	1.1938746330981873	136	3:02
213.00000000028894	-71581.77550708447	7936.768921633142	307.2827586141109	32.909585404697744	1.1812930949690723	136	3:01
214.0000000002937	-71624.69436430937	7706.474846698724	298.36661158538124	32.90262493468798	1.1815429946404996	136	3:01
215.00000000029848	-71687.92236607597	7757.544578122135	300.3438454079125	32.705167681136146	1.188676553378059	136	3:00
216.00000000030326	-71830.49352497325	7847.862919449774	303.8406423224555	32.19401383086396	1.2075495215074623	136	2:59
217.00000000030803	-71842.95051768978	7756.341600991975	300.2972705189677	32.195443059562045	1.2074959156469278	136	2:59
218.0000000003128	-71604.35315280835	7552.846013723928	292.4186632369685	32.66835722456092	1.190015945082066	136	2:58
219.00000000031758	-71565.53341739767	7535.499453514582	291.74706766372896	32.71986256792735	1.1881427043330948	136	2:57
220.00000000032236	-71723.36191310367	7431.132415129133	287.70635641458927	33.07722201105368	1.1753062570935657	136	2:57
221.00000000032713	-71629.82241865629	7475.495925186684	289.42394979382095	33.19707186912883	1.1710631030990566	136	2:56
222.0000000003319	-71650.89325888889	7446.685799276223	288.30852674784364	32.947385591856644	1.1799378098902347	136	2:56
223.00000000033668	-71460.99746669989	7651.822938338506	296.25068893092686	32.98368706636159	1.1786391836257735	136	2:55
224.00000000034146	-71774.94740725608	7691.3246254077	297.78005024815616	32.681602175995735	1.1895336644608656	136	2:54
225.00000000034623	-71402.41258899556	7494.4950084838365	290.1595250366349	32.6105319641837	1.1921260910297922	136	2:54
226.000000000351	-71536.62448672322	7511.340148195426	290.81170743616383	32.5767787883017	1.1933612666094753	136	2:53
227.00000000035578	-71367.46461663913	7647.148509270233	296.0697120783528	32.69944888441792	1.1888844406607015	136	2:52
228.00000000036056	-71370.74031481307	7761.793980785338	300.50836678754496	32.777765698180204	1.1860438064887004	136	2:52
229.00000000036533	-71365.26096861347	7899.989866557795	305.85880768214304	32.888152552711745	1.1820629308549881	136	2:51
230.0000000003701	-71373.12355433131	7650.0739049807	296.1829727355328	32.674742490764174	1.1897833933305835	136	2:50
231.00000000037488	-71335.81361376497	7732.326566019197	299.36749591326696	32.73115584002521	1.1877327579530554	136	2:50
232.00000000037966	-71368.30166100667	7751.375247138765	300.1049914029526	33.47098310107262	1.161479657752227	136	2:49
233.00000000038443	-71287.27291032937	7265.832037235085	281.3065283963148	33.02347845265712	1.1772189914093192	136	2:49
234.0000000003892	-71729.97602904544	7542.922052953719	292.03444365442067	33.2595780278362	1.1688622737284196	136	2:48
235.00000000039398	-71660.00160856324	7766.585360774696	300.6938715534309	32.534958307257064	1.194895214855492	136	2:47
236.00000000039876	-71367.96118351861	7807.048210867178	302.2604455989366	32.514400437476006	1.1956507108787462	136	2:47
237.00000000040353	-71214.8485182311	7691.805410883172	297.79866450903023	32.74790878471074	1.1871251459883958	136	2:46
238.0000000004083	-71392.6188269147	7851.928583582105	303.9980500160039	32.4682321229232	1.197350870527296	136	2:45
239.00000000041308	-71385.35296816501	7796.673013444781	301.85875577823003	32.679381531295334	1.1896144962117787	136	2:45
240.00000000041786	-71353.33055429388	7568.289536109649	293.01658012333115	32.877226897691585	1.182455750232207	136	2:44
241.00000000042263	-71520.06810942656	7790.028061820399	301.6014874759576	32.937793312239236	1.1802814362314509	136	2:44
242.0000000004274	-71455.9684091529	7614.067005148814	294.78891683964724	33.43579338467108	1.1627020645093282	136	2:43
243.00000000043218	-71476.7534065147	7664.345889454571	296.73553194486993	33.22562031397745	1.170056890721465	136	2:42
244.00000000043696	-71385.60993271877	7661.7158129089585	296.6337049691469	33.276122556071215	1.1682811280478205	136	2:42
245.00000000044173	-71385.88245207816	7571.845849404992	293.15426760934463	33.045149142565904	1.1764469825553874	136	2:41
246.0000000004465	-71340.90750642176	7716.378867106996	298.7500591498088	32.92183229661814	1.1808536550032143	136	2:40
247.00000000045128	-71350.34614385915	7762.8519786802235	300.54932860903153	32.86940778249307	1.1827370378595776	136	2:40
248.00000000045605	-71084.38073839195	7593.069669498653	293.97597655048986	33.04591535943556	1.176419704947414	136	2:39
249.00000000046083	-71031.02829928798	7575.701265693432	293.30353527285035	32.824444271904824	1.1843571721986204	136	2:38
250.0000000004656	-71360.40318859811	7467.76292816344	289.12455634024815	32.669827899738685	1.1899623749525585	136	2:38
251.00000000047038	-71943.46805005538	7621.233489478627	295.06637698699103	32.55434196861641	1.194183744655081	136	2:37
252.00000000047515	-71469.6180735589	7556.848096234917	292.5736092819297	32.83478470512299	1.183984190729256	136	2:37
253.00000000047993	-71348.63053872436	7583.749827571788	293.61514624719996	32.9528735503216	1.179741303516306	136	2:36
254.0000000004847	-71661.87996260633	7552.3994854087705	292.401375288455	33.188307129314474	1.171372370557769	136	2:35
255.00000000048948	-71671.72195679761	7728.963033240578	299.23727218606655	32.55164689619452	1.194282615587392	136	2:35
256.00000000049425	-70991.76759411168	7507.651985614906	290.66891522649394	33.0627503812037	1.1758206909176403	136	2:34
257.000000000499	-71697.63637263747	7704.935615815679	298.30701817696075	33.02024950699839	1.177334107927469	136	2:33
258.0000000005038	-71721.82297225602	7806.72875436888	302.24807740792295	32.99134286307273	1.1783656748443008	136	2:33
259.0000000005086	-72052.62327688144	7658.174470335845	296.49659709492147	32.82294592951859	1.1844112371980071	136	2:32
260.00000000051335	-71541.8984324492	7610.668529211612	294.6573402407342	32.89083952898847	1.1819663636922677	136	2:31
261.0000000005181	-71547.97496951622	7843.743311039743	303.6811461031321	32.950136595791975	1.179839296988808	136	2:31
262.0000000005229	-71323.73239503897	7628.903295950402	295.3633239327764	32.91161627206309	1.1812202012656559	136	2:30
263.0000000005277	-71473.99866673714	7687.182653418555	297.61968819257737	33.166320240922026	1.1721489063142343	136	2:30
264.00000000053245	-71623.17233866084	7572.448346298629	293.1775940926227	33.16615987540036	1.1721545739064891	136	2:29
265.0000000005372	-71565.84414112245	7702.644249488036	298.21830482608635	32.71564571404614	1.1882958489238509	136	2:28
266.000000000542	-71433.64073575533	7705.588459620624	298.3322939091017	32.77529638812405	1.186133163724825	136	2:28
267.0000000005468	-71317.99984006782	7611.691110702854	294.6969308681846	32.678452269131604	1.1896483247337555	136	2:27
268.00000000055155	-71181.72393657838	7409.188827766606	286.8567807087541	32.91458430423211	1.1811136861863938	136	2:26
269.0000000005563	-71561.86485070948	7769.080322587881	300.7904673792842	32.877573034090425	1.1824433012909563	136	2:26
270.0000000005611	-71572.65325762078	7774.207809700429	300.9889849876787	32.97796583778927	1.1788436614946323	136	2:25
271.0000000005659	-71426.5421221818	7558.948402618818	292.6549254883044	32.724714909705945	1.1879665293992847	136	2:24
272.00000000057065	-71971.97950872337	7629.894499373952	295.4016997158367	32.72702262414659	1.1878827610850577	136	2:24
273.0000000005754	-71682.03295533248	7742.710088253264	299.7695080403327	32.798153686559274	1.1853065379346577	136	2:23
274.0000000005802	-71801.9944986605	7802.35725627168	302.07882893819334	32.78524209165284	1.1857733393636352	136	2:23
275.000000000585	-71544.2894698589	7635.0972762680485	295.6031322700987	32.91208027546074	1.1812035481041976	136	2:22
276.00000000058975	-71541.60898642187	7633.705854910305	295.54926150764817	32.84081834675493	1.1837666645936613	136	2:21
277.0000000005945	-71374.51098652874	7827.745694659343	303.0617767172827	33.08369249533652	1.1750763915589033	136	2:21
278.0000000005993	-71423.16771363668	7731.272622215998	299.32669105143094	33.11069397891174	1.1741181269599636	136	2:20
279.0000000006041	-71808.40391180397	7627.396454820461	295.30498453751704	32.76455522060113	1.186522012434361	136	2:19
280.00000000060885	-71428.00547521841	7490.047152228742	289.9873202574005	32.78739353315693	1.1856955313495836	136	2:19
281.0000000006136	-71370.98075102901	7685.193588417678	297.5426788470153	33.03476391371603	1.1768168254026223	136	2:18
282.0000000006184	-71618.60619115666	7521.911359296771	291.22098619193804	33.11331875665252	1.1740250586949754	136	2:18
283.0000000006232	-71755.3151170621	7557.923126158514	292.6152305214765	32.853387346792644	1.183313780904839	136	2:17
284.00000000062795	-71224.499291961	7748.474569710299	299.99268774753943	32.757467248904845	1.186778748841277	136	2:16
285.0000000006327	-71264.72919802912	7622.261045485342	295.10616020954564	32.79231012604273	1.185517758506141	136	2:16
286.0000000006375	-71370.30097940509	7700.851104147921	298.1488807755506	33.15281681525703	1.172626332582805	136	2:15
287.0000000006423	-71428.06101302081	7637.288569177287	295.68797114303686	33.02221680712518	1.177263968192353	136	2:14
288.00000000064705	-71450.59382531434	7603.3407298381135	294.37363456298397	33.0510237831932	1.1762378754703868	136	2:14
289.0000000006518	-71399.69181498364	7484.81811271933	289.78487091041563	33.07853592727829	1.1752595726222979	136	2:13
290.0000000006566	-71349.34419101442	7828.146100467383	303.07727897046345	33.42456088606155	1.1630927966229803	136	2:12
291.0000000006614	-71202.15384506588	7769.627426599829	300.8116492521219	33.387936573046076	1.1643686309218853	136	2:12
292.00000000066615	-71474.87420710822	7759.2253249531	300.4089177979304	32.85291747304203	1.1833307050664406	136	2:11
293.0000000006709	-71246.97749361608	7814.36272614434	302.54363696490486	33.066910647714444	1.1756727567034289	136	2:11
294.0000000006757	-71049.00419062225	7823.979481939963	302.91596269077326	32.838736684937906	1.183841704077963	136	2:10
295.0000000006805	-71463.30658525327	7773.488521155976	300.9611367574528	33.12683019507185	1.1735462091585154	136	2:09
296.00000000068525	-71477.54121265374	7811.860741915296	302.4467692567101	33.077910202696344	1.1752818046436149	136	2:09
297.00000000069	-71543.03239396462	7626.488726379872	295.2698406014833	32.60676261827354	1.1922639009576963	136	2:08
298.0000000006948	-71240.52400327747	7414.391809303249	287.0582211860294	32.85245555360776	1.1833473431971562	136	2:07
299.0000000006996	-70995.12110539523	7537.9477140697	291.8418553871226	32.96060170394423	1.1794646938199653	136	2:07
300.00000000070435	-71348.07252513891	7477.078030606444	289.48520314800106	32.944546171211336	1.180039506230508	136	2:06
301.0000000007091	-71414.13362017096	7594.795111684844	294.0427793817222	33.00015613693476	1.1780509715029308	136	2:06
302.0000000007139	-71583.80822746275	7823.478872773637	302.89658092885793	32.655664818641576	1.1904784732685034	136	2:05
303.00000000071867	-71527.21608533783	7716.353711309294	298.7490852090289	32.957279134645916	1.1795836008803484	136	2:04
304.00000000072345	-71170.70429583389	7655.766002572442	296.4033500033557	32.933142587990915	1.180448112201734	136	2:04
305.0000000007282	-71481.19062951111	7729.0587215994865	299.24097689048506	32.98265079940505	1.1786762147560819	136	2:03
306.000000000733	-71408.93300660778	7665.612644160407	296.78457606903936	32.761854657270135	1.1866198175760942	136	2:02
307.00000000073777	-71300.39448821178	7632.996529357557	295.52179900814036	32.76241809091011	1.1865994106109787	136	2:02
308.00000000074255	-71435.28976324355	7572.1592058185415	293.16639962731506	33.093232787274474	1.17473763433029	136	2:01
309.0000000007473	-71365.27078343087	7607.327693630713	294.52799526628536	32.96157167816973	1.1794299852094636	136	2:00
310.0000000007521	-71631.48143762117	7892.568816352995	305.571491672157	32.554571220836046	1.1941753351057043	136	2:00
311.00000000075687	-71454.103838746	7756.072612545195	300.2868562669241	32.892916814563286	1.1818917189992761	136	1:59
312.00000000076164	-71469.84371088044	7809.522437064257	302.35623861732745	32.986650319018366	1.1785333042576507	136	1:59
313.0000000007664	-71737.718580343	7771.275360781957	300.87545125599763	33.08188365755558	1.1751406419079626	136	1:58
314.0000000007712	-71650.42629340189	7740.257874427685	299.67456726071873	32.78587872882936	1.1857503139813659	136	1:57
315.00000000077597	-71737.88566382925	7819.13175904778	302.7282765330919	32.75501418040062	1.1868676283500519	136	1:57
316.00000000078074	-71478.04733282121	7591.12746203182	293.90078135782363	32.983478643471685	1.178646631457079	136	1:56
317.0000000007855	-71284.7601666846	7528.155175256332	291.462723983636	32.97319906858148	1.179014080981523	136	1:55
318.0000000007903	-71624.10544276013	7653.6696984189	296.3221887487501	33.17310754831426	1.1719090814824773	136	1:55
319.00000000079507	-71304.16530335473	7583.340245301946	293.59928871487176	32.9222656177014	1.1808381126711376	136	1:54
320.00000000079984	-71484.35487169764	7625.6777941467935	295.2384442617271	33.0325338164031	1.1768962748343468	136	1:53
321.0000000008046	-71216.64427812822	7856.33359748833	304.16859609567484	32.94379092650094	1.1800665589336148	136	1:53
322.0000000008094	-71525.58030560173	7773.454980498938	300.95983818548706	32.746538003897854	1.1871748394360642	136	1:52
323.00000000081417	-71398.61714646671	7709.526039336815	298.48474264099764	32.79031544735562	1.1855898751349023	136	1:52
324.00000000081894	-71056.01442013556	7553.810977050707	292.4560230991419	33.255295907992554	1.1690127823376548	136	1:51
325.0000000008237	-71398.80515381307	7517.198674760576	291.03852822710894	32.9616495102136	1.1794272002321426	136	1:50
326.0000000008285	-71289.01866357811	7600.23579468448	294.25342279308774	32.9004133818309	1.1816224174962318	136	1:50
327.00000000083327	-71363.9070800913	7682.08216311429	297.42221580218086	32.64651930501104	1.1908119709073302	136	1:49
328.00000000083804	-71564.85863755047	7525.010812149562	291.3409857071317	32.80778143669662	1.1849586986513028	136	1:48
329.0000000008428	-71417.82798398432	7589.984890860419	293.856545167388	32.50682973907104	1.1959291726974597	136	1:48
330.0000000008476	-71544.4500201641	7670.034818269445	296.9557865292045	32.741380241806766	1.1873618555403673	136	1:47
331.00000000085237	-71394.10830540987	7887.054566095094	305.35800000474586	32.872831500076146	1.1826138553587742	136	1:47
332.00000000085714	-71225.67722019248	7682.068705664709	297.42169477879315	32.79090276422893	1.185568640070302	136	1:46
333.0000000008619	-71582.2104466159	7867.109413621209	304.58579641236844	32.39492936681161	1.2000602179640023	136	1:45
334.0000000008667	-71866.0598225519	7833.143333340846	303.2707536095713	32.82736499995902	1.184251797148901	136	1:45
335.00000000087147	-71724.02479766836	7913.020333776143	306.36329986938193	32.84746991947764	1.1835269532833057	136	1:44
336.00000000087624	-71615.69102177737	7642.325408379581	295.8829791948094	32.786404000908156	1.1857313170357924	136	1:43
337.000000000881	-71432.13202858655	7379.109742097407	285.69222816699767	32.624881215886305	1.19160176368502	136	1:43
338.0000000008858	-71526.30693875503	7802.394938271093	302.0802878478383	32.74252644784728	1.1873202899839261	136	1:42
339.00000000089057	-71328.06629485474	7667.0994772346185	296.84214082532156	33.10381271818086	1.1743621898728749	136	1:41
340.00000000089534	-71178.1278393016	7704.968556630885	298.3082935252376	33.145688566000246	1.1728785153898413	136	1:41
341.0000000009001	-71169.76303042457	7763.793366766635	300.58577572384297	33.49118441061379	1.1607790730907726	136	1:40
342.0000000009049	-71423.17965162639	7742.862909922929	299.7754247382603	33.08229357498262	1.1751260809275623	136	1:40
343.00000000090967	-71534.60989124436	7794.703925248388	301.78251986171085	33.01671033801142	1.1774603102147176	136	1:39
344.00000000091444	-71843.63822427898	7793.905879910924	301.7516224555729	32.69559819197952	1.1890244603752484	136	1:38
345.0000000009192	-71729.85566830871	7820.22927322159	302.7707682808391	32.53499822131156	1.1948937489536837	136	1:38
346.000000000924	-71688.61125403462	7686.753282959044	297.6030645336843	32.706191597571795	1.1886393400737816	136	1:37
347.00000000092876	-71801.82081901273	7804.407617571897	302.158211453006	32.48617694778147	1.1966894737830729	136	1:36
348.00000000093354	-71453.83677483979	7741.889908705767	299.737753678274	32.88480490566441	1.1821832639234553	136	1:36
349.0000000009383	-71287.9110553067	7859.344129828123	304.285152932771	32.85466489886456	1.1832677678051111	136	1:35
350.0000000009431	-71234.51983409852	7943.950817116625	307.5608154251423	32.8502770022289	1.1834258199474745	136	1:34
351.00000000094786	-71025.59285575984	7484.89545603483	289.7878653616315	32.97599425752902	1.1789141426111311	136	1:34
352.00000000095264	-71150.03731484897	7577.744697608365	293.3826495071264	33.05451288554651	1.1761137164984015	136	1:33
353.0000000009574	-71140.06473381445	7562.776749595603	292.80314512674596	33.0931819435613	1.1747394391740622	136	1:33
354.0000000009622	-71252.40020415836	7630.546781994761	295.4269537209737	32.976970627565706	1.178879237754112	136	1:32
355.00000000096696	-71199.98562993071	7919.754991424903	306.6240412618889	33.3325145189914	1.1663046295146633	136	1:31
356.00000000097174	-71078.73234587323	7609.111418240896	294.5970545805021	32.962757785546835	1.1793875454774687	136	1:31
357.0000000009765	-71121.90461530106	7820.4228266055925	302.77826196225567	33.489717024057256	1.1608299338252999	136	1:30
358.0000000009813	-71034.338442157	7910.740169458241	306.2750202194871	33.34476054995896	1.1658762982753597	136	1:29
359.00000000098606	-71073.40030883928	7791.380586845395	301.65385231420333	33.41090646538493	1.1635681311772068	136	1:29
360.00000000099084	-71313.90679716325	7763.624960916125	300.5792556632462	33.42153364615389	1.163198146693612	136	1:28
361.0000000009956	-71242.2765790988	7659.209031517723	296.5366515323205	32.94940079770296	1.1798656441598963	136	1:28
362.0000000010004	-71583.89292682352	7661.165762078179	296.61240900622687	33.03375063829182	1.176852923016273	136	1:27
363.00000000100516	-71998.15040516783	7766.5268752015245	300.6916072052508	32.735421372197564	1.1875779925008683	136	1:26
364.00000000100994	-71588.81083982458	7414.981558400183	287.0810541210923	32.77618451869679	1.1861010232807339	136	1:26
365.0000000010147	-71911.89586964023	7617.598806300829	294.9256553048317	32.755628272137216	1.1868453773464398	136	1:25
366.0000000010195	-71657.81817920189	7599.952760590728	294.2424647447977	32.44255257058101	1.1982986206861275	136	1:24
367.00000000102426	-71511.65823903447	7632.192677638379	295.49067680006993	32.959881574779814	1.1794904635401169	136	1:24
368.00000000102904	-71894.30304348716	7807.797155422074	302.28944200177386	32.94477686908505	1.180031242929589	136	1:23
369.0000000010338	-71674.09247336825	7764.62270940491	300.61788484737195	32.613785886331385	1.1920071509746892	136	1:22
370.0000000010386	-71562.72998717942	7694.434441515417	297.90045099080055	32.851983149962955	1.1833643594483652	136	1:22
371.00000000104336	-71825.56953189289	7719.592869801736	298.87449361728346	33.0756905800961	1.1753606747143373	136	1:21
372.00000000104814	-71500.92379667048	7539.56938542494	291.90464059008417	33.05549609474989	1.1760787339397683	136	1:21
373.0000000010529	-71378.11561591772	7320.800806618312	283.43471875444163	33.1588379167268	1.1724134028609512	136	1:20
374.0000000010577	-71484.24069892967	7635.977679862184	295.63721828769235	33.06516791624299	1.1757347216666318	136	1:19
375.00000000106246	-71437.20565613714	7769.885256943631	300.8216315030959	32.999857939257744	1.178061616762791	136	1:19
376.00000000106724	-71245.77249439986	7699.667270380865	298.10304704783675	33.1877202215069	1.171393085677255	136	1:18
377.000000001072	-71414.08666548677	7678.011245349624	297.26460470714096	32.732559533452296	1.187681823571839	136	1:17
378.0000000010768	-71277.36588287065	7732.5317646928925	299.3754404578467	32.983924168739804	1.1786307110695042	136	1:17
379.00000000108156	-71237.69547870453	7665.745581476574	296.7897229172893	33.21374087847103	1.170475380629694	136	1:16
380.00000000108633	-71530.63464715157	7854.982790412014	304.116297770139	33.01868049306336	1.1773900536404394	136	1:15
381.0000000010911	-71160.18818126078	7831.392311510769	303.20296042777994	32.84885148087665	1.1834771763480514	136	1:15
382.0000000010959	-71355.33509263792	7779.123366477655	301.1792974260959	33.25529576857892	1.1690127872384177	136	1:14
383.00000000110066	-71577.79743349747	8049.757181961901	311.65725214764393	33.024686482297675	1.1771759292159567	136	1:14
384.00000000110543	-71812.55195564372	7554.513506727903	292.4832224871231	32.9817002824262	1.1787101836462572	136	1:13
385.0000000011102	-71416.70271410092	7713.407979184994	298.63503720004303	32.85921274761008	1.1831039987314342	136	1:12
386.000000001115	-71555.54313393089	7676.815428350462	297.2183070323657	32.887961768087976	1.1820697880580318	136	1:12
387.00000000111976	-71758.42814813569	7508.527695016024	290.70281950204696	32.81851155945594	1.184571272418452	136	1:11
388.00000000112453	-71797.33902200789	7582.826149976416	293.5793848180367	33.0425362977489	1.1765400103233876	136	1:10
389.0000000011293	-71491.12937282282	7726.082910357094	299.1257643277022	33.16770263123795	1.172100052544803	136	1:10
390.0000000011341	-71297.17304917483	7838.93958464736	303.49516332953067	32.94011667387164	1.1801981875705085	136	1:09
391.00000000113886	-71204.64327228689	7859.143057570034	304.2773681479604	32.843305361403374	1.1836770254723004	136	1:09
392.00000000114363	-71194.62337974572	7826.302948761846	303.00591885576006	33.05219765434955	1.176196100586627	136	1:08
393.0000000011484	-71526.88418624175	7894.258117839234	305.63689526724056	32.70845510623341	1.188557083194542	136	1:07
394.0000000011532	-71257.48828737956	7688.722813008803	297.6793175571551	32.96039315162188	1.1794721567194486	136	1:07
395.00000000115796	-71229.38749321253	7724.260588940184	299.0552106858362	33.24816287938453	1.1692635812058452	136	1:06
396.00000000116273	-71554.78003339429	7521.545324700087	291.2068146667585	32.78326156009025	1.1858449753575213	136	1:05
397.0000000011675	-71517.41355395375	7701.447321869296	298.1719641521699	33.14369564544085	1.1729490402260574	136	1:05
398.0000000011723	-71238.20900759948	7502.084436365975	290.45336001645524	33.20177747172086	1.170897131335103	136	1:04
399.00000000117706	-71165.3937546754	7655.37473296712	296.3882014706376	33.297810587871126	1.1675201855771595	136	1:03
400.00000000118183	-71371.64696287736	7858.138394842609	304.2384712697209	33.47029318575345	1.161503599060549	136	1:03
401.0000000011866	-71275.7997981394	7846.838365001643	303.80097530930686	32.96564893275245	1.179284111050517	136	1:02
402.0000000011914	-71456.11329114993	7871.164022215397	304.7427760757837	33.01212131581863	1.1776239892295561	136	1:02
403.00000000119616	-71271.85759955499	7495.447580153026	290.19640513900106	32.76918857414251	1.1863542458155507	136	1:01
404.00000000120093	-71269.14575843603	7750.258388848555	300.0617507215386	33.07943618492349	1.1752275879049818	136	1:00
405.0000000012057	-71473.26786049805	7879.305033216719	305.0579663431449	32.9010648686745	1.1815990197289503	136	1:00
406.0000000012105	-71419.76142063597	7723.103015511456	299.0103936626886	32.60952378380409	1.192162947689919	136	0:59
407.00000000121526	-71317.22499361038	7878.796209898714	305.0382665592218	33.1733372097603	1.1719009682699724	136	0:58
408.00000000122003	-71356.1269134689	7564.7084926772695	292.8779351765671	32.88754103514107	1.1820849103715196	136	0:58
409.0000000012248	-71487.54474304424	7756.810307016297	300.31541710752975	32.92783638847221	1.1806383370659166	136	0:57
410.0000000012296	-71535.82766901166	7940.216972015633	307.4162545548184	32.91205143047941	1.1812045833418328	136	0:57
411.00000000123435	-71255.48644978873	7683.448541397891	297.4751169880969	33.05447063462006	1.176115219831935	136	0:56
412.00000000123913	-71450.5111002122	7844.056025537579	303.6932532684663	32.70401952877566	1.1887182846945847	136	0:55
413.0000000012439	-71448.28881692613	7739.502633054142	299.645327068019	32.9951429434571	1.1782299614062877	136	0:55
414.0000000012487	-71416.58068195856	7624.948365454462	295.210203441942	32.9581311074497	1.1795531084612103	136	0:54
415.00000000125345	-71603.71969918231	7858.702121819475	304.26029672316	32.919611810167304	1.1809333056855031	136	0:53
416.00000000125823	-71637.3756041941	7574.607219976278	293.26117781110037	32.79738136558522	1.1853344498307243	136	0:53
417.000000001263	-71605.52493158076	7650.089510658167	296.1835769304727	32.86002476707859	1.1830747624941806	136	0:52
418.0000000012678	-71484.50773842627	7567.492753868546	292.98573161967954	32.84268490540893	1.1836993872100223	136	0:51
419.00000000127255	-71837.22718610955	7535.053276767407	291.7297933266461	32.61533503331132	1.191950533611228	136	0:51
420.00000000127733	-71746.67795037525	7813.964908882625	302.5282349308012	32.70585808585316	1.1886514609956087	136	0:50
421.0000000012821	-71700.62845194925	7738.348899815879	299.60065872304654	32.832857067751945	1.1840537031743068	136	0:50
422.0000000012869	-71572.17192700936	7584.538332525014	293.6456742844404	32.58942900398636	1.1928980404077987	136	0:49
423.00000000129165	-71661.88940122182	7339.112354624037	284.14367513722823	33.3888256101308	1.1643376275285564	136	0:48
424.0000000012964	-71515.33611840219	7559.44743577691	292.6742462329264	33.109113061030754	1.1741741896016262	136	0:48
425.0000000013012	-71576.87094647682	7714.49271736039	298.6770343077076	33.04945679591041	1.176293644913249	136	0:47
426.000000001306	-71680.09924134493	7540.480321542386	291.939908715672	33.06172842107006	1.1758570363214593	136	0:46
427.00000000131075	-71407.97877370764	7604.052126561636	294.4011772506735	32.77007772085847	1.1863220566034711	136	0:46
428.0000000013155	-71532.48897727922	7624.655407728973	295.1988611868084	32.919664479944466	1.1809314162526965	136	0:45
429.0000000013203	-71247.3163920994	7471.173542272447	289.2566028849229	32.946355205878646	1.17997471204122	136	0:44
430.0000000013251	-71445.97981564642	7625.5902324152285	295.2350541906932	33.20115245322337	1.1709191737135045	136	0:44
431.00000000132985	-71459.18149682565	7885.604635202946	305.3018639664237	33.05136080150861	1.1762258816009155	136	0:43
432.0000000013346	-71239.25781831332	7767.414089105465	300.7259568932127	33.29738781297843	1.1675350095094137	136	0:43
433.0000000013394	-71430.5884949865	7464.6936464510545	289.0057249416201	32.74955224901924	1.187065572721796	136	0:42
434.0000000013442	-71442.50300248605	7775.887884168102	301.0540313462411	32.98820673515868	1.1784776998936013	136	0:41
435.00000000134895	-71587.57735476401	7657.335756802895	296.4641251645129	32.95313312553533	1.1797320105729052	136	0:41
436.0000000013537	-71239.25929119086	7483.106534501867	289.7186048415104	32.85180827574259	1.1833706586425534	136	0:40
437.0000000013585	-71758.33335361996	7605.981096965254	294.4758599525087	32.95154244176256	1.1797889602762084	136	0:39
438.0000000013633	-71691.01987074071	7720.77897195771	298.9204151687466	32.63642827478644	1.1911801643716722	136	0:39
439.00000000136805	-71153.30352498632	7613.221704769155	294.7561898905469	32.76408199222539	1.1865391499779934	136	0:38
440.0000000013728	-71177.40270970625	7410.785914139618	286.91861407083	32.88531727149882	1.182164845055562	136	0:38
441.0000000013776	-71336.30992626955	7485.629975444977	289.81630327545184	32.55007727357164	1.1943402060193835	136	0:37
442.0000000013824	-71183.34945251359	7695.057800292433	297.9245851701498	33.08414018007057	1.175060490775054	136	0:36
443.00000000138715	-71174.49657463928	7614.677678843125	294.81255989883846	32.80669614017794	1.1849978989275187	136	0:36
444.0000000013919	-71102.99685845623	7859.421699275105	304.2881561389734	33.0389110394261	1.1766691084483063	136	0:35
445.0000000013967	-71258.26544935757	7906.182956638688	306.0985815527436	32.82882410700794	1.18419916199696	136	0:34
446.0000000014015	-71069.53923060387	7728.097627940902	299.2037668477571	33.2199034581063	1.1702582473152232	136	0:34
447.00000000140625	-71075.96907744106	7503.542028162077	290.5097926570501	33.310267519785576	1.1670835718678327	136	0:33
448.000000001411	-71258.97808798961	7780.451192974647	301.23070602737755	32.7875178243008	1.1856910366069604	136	0:32
449.0000000014158	-71202.83478484416	7815.101583421936	302.57224282513886	33.36252056261145	1.1652556623803665	136	0:32
450.0000000014206	-71112.19226676665	7375.90627787308	285.56820171067864	33.379147628187994	1.1646752166923084	136	0:31
451.00000000142535	-71557.15409395198	7728.62981782272	299.2243712998466	32.879323673514975	1.1823803428225554	136	0:31
452.0000000014301	-71388.37096974748	7753.598082664401	300.1910514910069	33.068780110233256	1.1756062929226143	136	0:30
453.0000000014349	-71611.46196566019	7686.120058183741	297.5785483788486	33.0620093992059	1.1758470432773558	136	0:29
454.0000000014397	-71919.9229799874	7488.843617576509	289.9407237832336	32.64524481698531	1.1908584608511588	136	0:29
455.00000000144445	-71804.91629637624	7676.325834093585	297.19935172758863	32.92554970749147	1.1807203324541327	136	0:28
456.0000000014492	-71577.28773452449	7679.776496243244	297.3329487863995	33.001858497474316	1.177990203183243	136	0:27
457.000000001454	-71278.2702654101	7490.940259232415	290.0218981047003	32.97420111249861	1.1789782522472945	136	0:27
458.0000000014588	-71687.01364344268	7634.282149297556	295.5715735254021	32.7204389564299	1.1881217745468202	136	0:26
459.00000000146355	-71496.12067480944	7641.121786671994	295.83637935017657	32.82928694422314	1.1841824667990621	136	0:25
460.0000000014683	-71202.39901548126	7683.759255483206	297.4871467047509	32.752537943440956	1.1869573608004844	136	0:25
461.0000000014731	-71432.22669950649	7806.011498597338	302.2203078792536	33.26077181875146	1.168820321089101	136	0:24
462.0000000014779	-71385.75789464061	7751.458892606033	300.10822985050993	33.20616323770739	1.1707424829110868	136	0:24
463.00000000148265	-71440.0459435799	7691.383645671251	297.7823352975984	32.935059192672746	1.1803794178549205	136	0:23
464.0000000014874	-71622.60926845268	7670.261881293551	296.96457758172414	32.78250318130513	1.1858724082740004	136	0:22
465.0000000014922	-71761.9154364735	7549.2373012730495	292.2789470466774	32.81226635103924	1.184796733665217	136	0:22
466.00000000149697	-71771.74743825875	7592.929515662195	293.9705503048825	32.775604697491	1.186122006159062	136	0:21
467.00000000150175	-71301.32140694474	7660.904501452047	296.6022939472264	32.95466669406468	1.179677110916317	136	0:20
468.0000000015065	-71800.016199217	7800.641599056028	302.01240494534846	32.353062965165684	1.2016131529407827	136	0:20
469.0000000015113	-71286.9858379509	7258.884537675775	281.037546540961	33.069259507913365	1.175589250420365	136	0:19
470.00000000151607	-71578.75821895109	7513.706324287601	290.9033171483968	32.93914409263962	1.1802330348210646	136	0:19
471.00000000152085	-71317.16062087152	7539.79635498536	291.9134280240307	32.74265228123643	1.1873157269896149	136	0:18
472.0000000015256	-71539.77119679979	7536.24355536174	291.775876574577	32.64362097235827	1.1909176996566473	136	0:17
473.0000000015304	-71348.63486141196	7623.14342903479	295.14032288379093	32.85005528769423	1.1834338072309871	136	0:17
474.00000000153517	-71532.02364139532	7625.79085203755	295.242821451097	32.90077185860888	1.1816095428986744	136	0:16
475.00000000153995	-71458.80606971224	7542.668655102145	292.0246330133869	33.08945697729535	1.1748716826492334	136	0:15
476.0000000015447	-71701.27023113318	7766.555270849894	300.6927065812374	33.12778096302844	1.1735125283595358	136	0:15
477.0000000015495	-71325.82268089533	7509.726475342306	290.7492319060453	32.82330425690181	1.1843983071475783	136	0:14
478.00000000155427	-71450.10344147045	7901.883604960506	305.9321263293437	32.610865891890434	1.192113883934984	136	0:13
479.00000000155904	-71233.21546418886	7680.6270768792965	297.3658801677779	32.84249875911244	1.183706096238428	136	0:13
480.0000000015638	-71187.52263747514	7712.744450717353	298.60934779671425	32.93313777467192	1.1804482847292763	136	0:12
481.0000000015686	-71357.87069412274	7628.534632433873	295.34905062540435	33.325722903293105	1.166542316566608	136	0:12
482.00000000157337	-71329.41240987662	7511.074418513356	290.80141935160975	33.21000379269874	1.1706070929570715	136	0:11
483.00000000157814	-71378.11512843438	7623.707875998675	295.16217621250274	33.209914801591005	1.1706102297799919	136	0:10
484.0000000015829	-71435.86610411279	7831.616053931556	303.2116229186446	33.57573843871306	1.157855874646684	136	0:10
485.0000000015877	-71362.05420762263	7776.769175047546	301.0881517162873	33.29533926887134	1.1676068437966165	136	0:09
486.00000000159247	-71205.71997132528	7761.297079149445	300.4891285676919	33.15850779038181	1.1724250754173264	136	0:08
487.00000000159724	-71507.19600630575	7831.105190666565	303.191844155411	33.1979644462948	1.171031617307588	136	0:08
488.000000001602	-71904.20981408074	7598.497347826076	294.1861164683568	32.89320644183121	1.181881312349801	136	0:07
489.0000000016068	-71593.84472873536	7686.090580570694	297.5774071131341	32.971968492535595	1.1790580840105245	136	0:06
490.00000000161157	-71439.57748795536	7656.1427698453845	296.4179370586333	32.817202054407645	1.1846185403744078	136	0:06
491.00000000161634	-71433.62758803082	7662.631428640081	296.6691542723165	32.81812711065206	1.1845851491094426	136	0:05
492.0000000016211	-71244.10022153877	7543.155184315025	292.04346965083425	33.05397451178646	1.1761328727049742	136	0:05
493.0000000016259	-71508.007175223	7275.287021032709	281.67259090017154	32.7635997545919	1.1865566142931485	136	0:04
494.00000000163067	-71464.0280765506	7276.1649339660535	281.7065804884593	32.66738877100922	1.1900512241543137	136	0:03
495.00000000163544	-71770.67205967873	7595.415218044058	294.066787639311	32.5405813173286	1.1946887370497625	136	0:03
496.0000000016402	-71350.18162707597	7664.71010782514	296.74963315239546	32.721541495350316	1.188081741270918	136	0:02
497.000000001645	-71279.90004780787	7566.537700284841	292.9487554266314	32.520832025941196	1.19541424911435	136	0:01
498.00000000164977	-71367.89319378906	7726.765681906412	299.1521987530016	32.55338559094376	1.1942188282769437	136	0:01
499.00000000165454	-71379.94645508373	7651.409608607729	296.23468631057284	32.57922950013278	1.1932714982319013	136	0:00
500.0000000016593	-71361.50377129711	7519.550724655273	291.12959102447354	33.16561160229184	1.1721739512314004	136	0:00
