    -44.945         0.00000     0.00000     0.00000     0.00000
    -44.795         0.00000     0.00000     0.00000     0.00000
    -44.645         0.00000     0.00000     0.00000     0.00000
    -44.495         0.00000     0.00000     0.00000     0.00000
    -44.345         0.00000     0.00000     0.00000     0.00000
    -44.195         0.00000     0.00000     0.00000     0.00000
    -44.045         0.00000     0.00000     0.00000     0.00000
    -43.895         0.00000     0.00000     0.00000     0.00000
    -43.745         0.00000     0.00000     0.00000     0.00000
    -43.595         0.00000     0.00000     0.00000     0.00000
    -43.445         0.00000     0.00000     0.00000     0.00000
    -43.295         0.00000     0.00000     0.00000     0.00000
    -43.145         0.00000     0.00000     0.00000     0.00000
    -42.995         0.00000     0.00000     0.00000     0.00000
    -42.845         0.00000     0.00000     0.00000     0.00000
    -42.695         0.00000     0.00000     0.00000     0.00000
    -42.545         0.00000     0.00000     0.00000     0.00000
    -42.395         0.00000     0.00000     0.00000     0.00000
    -42.245         0.00000     0.00000     0.00000     0.00000
    -42.095         0.00000     0.00000     0.00000     0.00000
    -41.945         0.00000     0.00000     0.00000     0.00000
    -41.795         0.00000     0.00000     0.00000     0.00000
    -41.645         0.00000     0.00000     0.00000     0.00000
    -41.495         0.00000     0.00000     0.00000     0.00000
    -41.345         0.00000     0.00000     0.00000     0.00000
    -41.195         0.00000     0.00000     0.00000     0.00000
    -41.045         0.00000     0.00000     0.00000     0.00000
    -40.895         0.00000     0.00000     0.00000     0.00000
    -40.745         0.00000     0.00000     0.00000     0.00000
    -40.595         0.00000     0.00000     0.00000     0.00000
    -40.445         0.00000     0.00000     0.00000     0.00000
    -40.295         0.00000     0.00000     0.00000     0.00000
    -40.145         0.00000     0.00000     0.00000     0.00000
    -39.995         0.00000     0.00000     0.00000     0.00000
    -39.845         0.00000     0.00000     0.00000     0.00000
    -39.695         0.00000     0.00000     0.00000     0.00000
    -39.545         0.00000     0.00000     0.00000     0.00000
    -39.395         0.00000     0.00000     0.00000     0.00000
    -39.245         0.00000     0.00000     0.00000     0.00000
    -39.095         0.00000     0.00000     0.00000     0.00000
    -38.945         0.00000     0.00000     0.00000     0.00000
    -38.795         0.00000     0.00000     0.00000     0.00000
    -38.645         0.00000     0.00000     0.00000     0.00000
    -38.495         0.00000     0.00000     0.00000     0.00000
    -38.345         0.00000     0.00000     0.00000     0.00000
    -38.195         0.00000     0.00000     0.00000     0.00000
    -38.045         0.00000     0.00000     0.00000     0.00000
    -37.895         0.00000     0.00000     0.00000     0.00000
    -37.745         0.00000     0.00000     0.00000     0.00000
    -37.595         0.00000     0.00000     0.00000     0.00000
    -37.445         0.00000     0.00000     0.00000     0.00000
    -37.295         0.00000     0.00000     0.00000     0.00000
    -37.145         0.00000     0.00000     0.00000     0.00000
    -36.995         0.00000     0.00000     0.00000     0.00000
    -36.845         0.00000     0.00000     0.00000     0.00000
    -36.695         0.00000     0.00000     0.00000     0.00000
    -36.545         0.00000     0.00000     0.00000     0.00000
    -36.395         0.00000     0.00000     0.00000     0.00000
    -36.245         0.00000     0.00000     0.00000     0.00000
    -36.095         0.00000     0.00000     0.00000     0.00000
    -35.945         0.00000     0.00000     0.00000     0.00000
    -35.795         0.00000     0.00000     0.00000     0.00000
    -35.645         0.00000     0.00000     0.00000     0.00000
    -35.495         0.00000     0.00000     0.00000     0.00000
    -35.345         0.00000     0.00000     0.00000     0.00000
    -35.195         0.00000     0.00000     0.00000     0.00000
    -35.045         0.00000     0.00000     0.00000     0.00000
    -34.895         0.00000     0.00000     0.00000     0.00000
    -34.745         0.00000     0.00000     0.00000     0.00000
    -34.595         0.00000     0.00000     0.00000     0.00000
    -34.445         0.00000     0.00000     0.00000     0.00000
    -34.295         0.00000     0.00000     0.00000     0.00000
    -34.145        -0.00000    -0.00000     0.00000     0.00000
    -33.995        -0.00000    -0.00000     0.00000     0.00000
    -33.845        -0.00000    -0.00000     0.00000     0.00000
    -33.695        -0.00000    -0.00000     0.00000     0.00000
    -33.545        -0.00000    -0.00000     0.00000     0.00000
    -33.395        -0.00000    -0.00000     0.00000     0.00000
    -33.245        -0.00000    -0.00000     0.00000     0.00000
    -33.095        -0.00000    -0.00000     0.00000     0.00000
    -32.945        -0.00000    -0.00000     0.00000     0.00000
    -32.795        -0.00000    -0.00000     0.00000     0.00000
    -32.645        -0.00000    -0.00000     0.00000     0.00000
    -32.495        -0.00000    -0.00000     0.00000     0.00000
    -32.345        -0.00000    -0.00000     0.00000     0.00000
    -32.195        -0.00000    -0.00000     0.00000     0.00000
    -32.045        -0.00000    -0.00000     0.00000     0.00000
    -31.895        -0.00000    -0.00000     0.00000     0.00000
    -31.745        -0.00000    -0.00000     0.00000     0.00000
    -31.595        -0.00000    -0.00000     0.00000     0.00000
    -31.445        -0.00000    -0.00000     0.00000     0.00000
    -31.295        -0.00000    -0.00000     0.00000     0.00000
    -31.145        -0.00000    -0.00000     0.00000     0.00000
    -30.995        -0.00000    -0.00000     0.00000     0.00000
    -30.845        -0.00000    -0.00000     0.00000     0.00000
    -30.695        -0.00000    -0.00000     0.00000     0.00000
    -30.545        -0.00000    -0.00000     0.00000     0.00000
    -30.395        -0.00000    -0.00000     0.00000     0.00000
    -30.245        -0.00000    -0.00000     0.00000     0.00000
    -30.095        -0.00001    -0.00001     0.00000     0.00000
    -29.945        -0.00001    -0.00001     0.00000     0.00000
    -29.795        -0.00001    -0.00001     0.00000     0.00000
    -29.645        -0.00001    -0.00001     0.00000     0.00000
    -29.495        -0.00001    -0.00001     0.00000     0.00000
    -29.345        -0.00001    -0.00001    -0.00000     0.00000
    -29.195        -0.00001    -0.00001    -0.00000     0.00000
    -29.045        -0.00002    -0.00002    -0.00000     0.00000
    -28.895        -0.00002    -0.00002    -0.00000     0.00000
    -28.745        -0.00002    -0.00002    -0.00000     0.00000
    -28.595        -0.00002    -0.00002    -0.00000     0.00000
    -28.445        -0.00002    -0.00002    -0.00000     0.00000
    -28.295        -0.00003    -0.00003    -0.00000     0.00000
    -28.145        -0.00003    -0.00003    -0.00000     0.00000
    -27.995        -0.00004    -0.00003    -0.00000     0.00000
    -27.845        -0.00004    -0.00004    -0.00000     0.00000
    -27.695        -0.00005    -0.00004    -0.00000     0.00000
    -27.545        -0.00005    -0.00005    -0.00000     0.00000
    -27.395        -0.00005    -0.00005    -0.00000     0.00000
    -27.245        -0.00006    -0.00006    -0.00000     0.00000
    -27.095        -0.00070    -0.00006    -0.00064     0.00000
    -26.945        -0.00070    -0.00007    -0.00064     0.00000
    -26.795        -0.00071    -0.00007    -0.00064     0.00000
    -26.645        -0.00136    -0.00008    -0.00128     0.00000
    -26.495        -0.00138    -0.00009    -0.00129     0.00000
    -26.345        -0.00138    -0.00010    -0.00129     0.00000
    -26.195        -0.00140    -0.00011    -0.00129     0.00000
    -26.045        -0.00209    -0.00012    -0.00198     0.00000
    -25.895        -0.00211    -0.00013    -0.00198     0.00000
    -25.745        -0.00213    -0.00014    -0.00199     0.00000
    -25.595        -0.00412    -0.00015    -0.00397     0.00000
    -25.445        -0.00414    -0.00016    -0.00398     0.00000
    -25.295        -0.00558    -0.00017    -0.00541     0.00000
    -25.145        -0.00561    -0.00018    -0.00543     0.00000
    -24.995        -0.00838    -0.00020    -0.00819     0.00000
    -24.845        -0.00844    -0.00021    -0.00823     0.00000
    -24.695        -0.00953    -0.00023    -0.00930     0.00000
    -24.545        -0.01074    -0.00025    -0.01049     0.00000
    -24.395        -0.01322    -0.00026    -0.01296     0.00000
    -24.245        -0.01516    -0.00028    -0.01488     0.00000
    -24.095        -0.01903    -0.00030    -0.01872     0.00000
    -23.945        -0.02122    -0.00032    -0.02089     0.00000
    -23.795        -0.02405    -0.00034    -0.02371     0.00000
    -23.645        -0.02698    -0.00036    -0.02662     0.00000
    -23.495        -0.02941    -0.00038    -0.02903     0.00000
    -23.345        -0.03193    -0.00041    -0.03152     0.00000
    -23.195        -0.03212    -0.00044    -0.03168     0.00000
    -23.045        -0.03538    -0.00046    -0.03492     0.00000
    -22.895        -0.03876    -0.00049    -0.03827     0.00000
    -22.745        -0.04275    -0.00052    -0.04223     0.00000
    -22.595        -0.04738    -0.00055    -0.04683     0.00000
    -22.445        -0.05035    -0.00059    -0.04976     0.00000
    -22.295        -0.05451    -0.00062    -0.05389     0.00000
    -22.145        -0.05816    -0.00066    -0.05750     0.00000
    -21.995        -0.06186    -0.00070    -0.06116     0.00000
    -21.845        -0.06673    -0.00074    -0.06599     0.00000
    -21.695        -0.07107    -0.00078    -0.07029     0.00000
    -21.545        -0.07424    -0.00082    -0.07342     0.00000
    -21.395        -0.07746    -0.00086    -0.07660     0.00000
    -21.245        -0.08194    -0.00090    -0.08103     0.00000
    -21.095        -0.08695    -0.00095    -0.08600     0.00000
    -20.945        -0.09152    -0.00101    -0.09051     0.00000
    -20.795        -0.09816    -0.00106    -0.09710     0.00000
    -20.645        -0.10533    -0.00111    -0.10422     0.00000
    -20.495        -0.10874    -0.00117    -0.10757     0.00000
    -20.345        -0.11394    -0.00122    -0.11272     0.00000
    -20.195        -0.11807    -0.00128    -0.11679     0.00000
    -20.045        -0.12046    -0.00134    -0.11912     0.00000
    -19.895        -0.12287    -0.00140    -0.12147     0.00000
    -19.745        -0.12859    -0.00146    -0.12713     0.00000
    -19.595        -0.13335    -0.00152    -0.13183     0.00000
    -19.445        -0.13917    -0.00159    -0.13758     0.00000
    -19.295        -0.14499    -0.00165    -0.14334     0.00000
    -19.145        -0.14929    -0.00173    -0.14756     0.00000
    -18.995        -0.15284    -0.00180    -0.15104     0.00000
    -18.845        -0.15872    -0.00187    -0.15685     0.00000
    -18.695        -0.16306    -0.00194    -0.16112     0.00000
    -18.545        -0.16807    -0.00203    -0.16605     0.00000
    -18.395        -0.17500    -0.00212    -0.17287     0.00000
    -18.245        -0.18054    -0.00222    -0.17832     0.00000
    -18.095        -0.18656    -0.00230    -0.18425     0.00000
    -17.945        -0.19215    -0.00239    -0.18975     0.00000
    -17.795        -0.19863    -0.00249    -0.19614     0.00000
    -17.645        -0.20227    -0.00258    -0.19968     0.00000
    -17.495        -0.20791    -0.00269    -0.20522     0.00000
    -17.345        -0.21449    -0.00278    -0.21170     0.00000
    -17.195        -0.22064    -0.00290    -0.21774     0.00000
    -17.045        -0.22686    -0.00301    -0.22385     0.00000
    -16.895        -0.23258    -0.00311    -0.22947     0.00000
    -16.745        -0.23827    -0.00323    -0.23504     0.00000
    -16.595        -0.24195    -0.00335    -0.23860     0.00000
    -16.445        -0.24715    -0.00348    -0.24367     0.00000
    -16.295        -0.25342    -0.00359    -0.24982     0.00000
    -16.145        -0.26218    -0.00370    -0.25848     0.00000
    -15.995        -0.26802    -0.00383    -0.26419     0.00000
    -15.845        -0.27330    -0.00396    -0.26935     0.00000
    -15.695        -0.28009    -0.00408    -0.27601     0.00000
    -15.545        -0.28541    -0.00422    -0.28119     0.00000
    -15.395        -0.29266    -0.00436    -0.28831     0.00000
    -15.245        -0.30167    -0.00585    -0.29582     0.00000
    -15.095        -0.30816    -0.00601    -0.30215     0.00000
    -14.945        -0.31280    -0.00615    -0.30665     0.00000
    -14.795        -0.31927    -0.00629    -0.31298     0.00000
    -14.645        -0.32391    -0.00645    -0.31746     0.00000
    -14.495        -0.33182    -0.00798    -0.32383     0.00000
    -14.345        -0.33975    -0.00954    -0.33021     0.00000
    -14.195        -0.34632    -0.00969    -0.33663     0.00000
    -14.045        -0.35103    -0.00985    -0.34118     0.00000
    -13.895        -0.35476    -0.01002    -0.34474     0.00000
    -13.745        -0.36181    -0.01019    -0.35162     0.00000
    -13.595        -0.36700    -0.01178    -0.35522     0.00000
    -13.445        -0.37071    -0.01196    -0.35875     0.00000
    -13.295        -0.37824    -0.01353    -0.36471     0.00000
    -13.145        -0.38657    -0.01587    -0.37069     0.00000
    -12.995        -0.39469    -0.01746    -0.37723     0.00000
    -12.845        -0.40156    -0.01983    -0.38173     0.00000
    -12.695        -0.40628    -0.02002    -0.38626     0.00000
    -12.545        -0.41576    -0.02242    -0.39335     0.00000
    -12.395        -0.42258    -0.02261    -0.39996     0.00000
    -12.245        -0.42813    -0.02282    -0.40531     0.00000
    -12.095        -0.43775    -0.02528    -0.41248     0.00000
    -11.945        -0.44847    -0.02832    -0.42015     0.00000
    -11.795        -0.45611    -0.02994    -0.42617     0.00000
    -11.645        -0.46641    -0.03306    -0.43335     0.00000
    -11.495        -0.47975    -0.03469    -0.44506     0.00000
    -11.345        -0.49285    -0.03881    -0.45403     0.00000
    -11.195        -0.50661    -0.04257    -0.46404     0.00000
    -11.045        -0.52129    -0.04721    -0.47409     0.00000
    -10.895        -0.53311    -0.04888    -0.48424     0.00000
    -10.745        -0.54772    -0.05476    -0.49296     0.00000
    -10.595        -0.56439    -0.05975    -0.50464     0.00000
    -10.445        -0.57795    -0.06243    -0.51552     0.00000
    -10.295        -0.59632    -0.06847    -0.52785     0.00000
    -10.145        -0.61381    -0.07389    -0.53993     0.00000
    -9.9950        -0.63491    -0.08033    -0.55420    -0.00038
    -9.8450        -0.65884    -0.08892    -0.56827    -0.00166
    -9.6950        -0.68547    -0.09524    -0.58551    -0.00471
    -9.5450        -0.71324    -0.10173    -0.60156    -0.00995
    -9.3950        -0.74753    -0.10938    -0.61834    -0.01981
    -9.2450        -0.78935    -0.11718    -0.63682    -0.03535
    -9.0950        -0.83807    -0.12272    -0.65528    -0.06007
    -8.9450        -0.90506    -0.13182    -0.67109    -0.10215
    -8.7950        -0.99165    -0.14008    -0.69357    -0.15800
    -8.6450        -1.11203    -0.15161    -0.71280    -0.24762
    -8.4950        -1.25685    -0.16165    -0.73653    -0.35867
    -8.3450        -1.43872    -0.17182    -0.76272    -0.50419
    -8.1950        -1.64374    -0.18203    -0.78719    -0.67452
    -8.0450        -1.91503    -0.19677    -0.81564    -0.90262
    -7.8950        -2.21552    -0.21024    -0.84564    -1.15964
    -7.7450        -2.56684    -0.22252    -0.87575    -1.46857
    -7.5950        -2.98315    -0.23919    -0.90832    -1.83564
    -7.4450        -3.46369    -0.25469    -0.94260    -2.26640
    -7.2950        -3.98545    -0.27059    -0.97609    -2.73878
    -7.1450        -4.55188    -0.28617    -1.01105    -3.25465
    -6.9950        -5.15020    -0.30103    -1.05022    -3.79896
    -6.8450        -5.78455    -0.31922    -1.08906    -4.37628
    -6.6950        -6.42978    -0.33836    -1.13040    -4.96103
    -6.5450        -7.08268    -0.35465    -1.16948    -5.55855
    -6.3950        -7.76634    -0.37494    -1.21264    -6.17876
    -6.2450        -8.42365    -0.39632    -1.25106    -6.77627
    -6.0950        -9.08600    -0.41801    -1.29540    -7.37259
    -5.9450        -9.74201    -0.43870    -1.34155    -7.96176
    -5.7950       -10.38285    -0.46247    -1.38432    -8.53606
    -5.6450       -11.00399    -0.48862    -1.43094    -9.08443
    -5.4950       -11.60335    -0.51522    -1.47659    -9.61153
    -5.3450       -12.18471    -0.54347    -1.52236   -10.11887
    -5.1950       -12.73751    -0.57313    -1.57109   -10.59329
    -5.0450       -13.28789    -0.60814    -1.61985   -11.05990
    -4.8950       -13.82565    -0.64068    -1.67331   -11.51166
    -4.7450       -14.34782    -0.67532    -1.72417   -11.94833
    -4.5950       -14.87702    -0.71422    -1.78067   -12.38213
    -4.4450       -15.38399    -0.75409    -1.83709   -12.79282
    -4.2950       -15.89202    -0.79841    -1.89135   -13.20226
    -4.1450       -16.41269    -0.84341    -1.94857   -13.62071
    -3.9950       -16.96317    -0.89326    -2.01541   -14.05450
    -3.8450       -17.51358    -0.94555    -2.08140   -14.48663
    -3.6950       -18.08931    -1.00192    -2.15372   -14.93368
    -3.5450       -18.68099    -1.06201    -2.22963   -15.38935
    -3.3950       -19.29500    -1.12481    -2.30642   -15.86377
    -3.2450       -19.94459    -1.19410    -2.39573   -16.35476
    -3.0950       -20.60170    -1.26565    -2.48782   -16.84823
    -2.9450       -21.29517    -1.34204    -2.59021   -17.36291
    -2.7950       -22.01626    -1.42092    -2.69617   -17.89917
    -2.6450       -22.78954    -1.50844    -2.81352   -18.46757
    -2.4950       -23.61826    -1.59721    -2.94176   -19.07929
    -2.3450       -24.53248    -1.70111    -3.08102   -19.75035
    -2.1950       -25.52929    -1.80687    -3.23569   -20.48673
    -2.0450       -26.65150    -1.93053    -3.40410   -21.31687
    -1.8950       -27.92071    -2.06387    -3.58880   -22.26804
    -1.7450       -29.35611    -2.21180    -3.78919   -23.35512
    -1.5950       -30.98048    -2.37078    -4.01007   -24.59964
    -1.4450       -32.80769    -2.54019    -4.24902   -26.01848
    -1.2950       -34.83208    -2.72663    -4.50954   -27.59591
    -1.1450       -37.07534    -2.93495    -4.80209   -29.33830
   -0.99500       -39.54510    -3.16339    -5.13858   -31.24313
   -0.84500       -42.26347    -3.42260    -5.52132   -33.31954
   -0.69500       -45.29370    -3.72242    -5.96254   -35.60874
   -0.54500       -48.81432    -4.08140    -6.46328   -38.26964
   -0.39500       -53.18666    -4.48785    -7.00581   -41.69300
   -0.25300       -56.73581    -4.73895    -7.32784   -44.66902
   -0.21500       -56.98700    -4.75391    -7.34519   -44.88790
   -0.20900       -57.24247    -4.76801    -7.36261   -45.11184
   -0.20300       -57.50421    -4.78214    -7.37986   -45.34221
   -0.19700       -57.77077    -4.79604    -7.39629   -45.57844
   -0.19100       -58.04501    -4.80997    -7.41258   -45.82246
   -0.18500       -58.32574    -4.82358    -7.42831   -46.07386
   -0.17900       -58.61267    -4.83691    -7.44356   -46.33220
   -0.17300       -58.90903    -4.85016    -7.45845   -46.60042
   -0.16700       -59.21117    -4.86299    -7.47267   -46.87552
   -0.16100       -59.52529    -4.87584    -7.48684   -47.16261
   -0.15500       -59.85000    -4.88819    -7.50043   -47.46137
   -0.14900       -60.18790    -4.90023    -7.51354   -47.77413
   -0.14300       -60.53799    -4.91227    -7.52591   -48.09981
   -0.13700       -60.90078    -4.92352    -7.53787   -48.43939
   -0.13100       -61.27970    -4.93460    -7.54942   -48.79567
   -0.12500       -61.67447    -4.94516    -7.56046   -49.16884
   -0.11900       -62.08859    -4.95513    -7.57081   -49.56265
   -0.11300       -62.52057    -4.96494    -7.58107   -49.97456
   -0.10700       -62.97428    -4.97444    -7.59053   -50.40931
   -0.10100       -63.45148    -4.98330    -7.59968   -50.86850
   -0.95000E-01   -63.95570    -4.99170    -7.60830   -51.35571
   -0.89000E-01   -64.48873    -4.99966    -7.61646   -51.87261
   -0.83000E-01   -65.05077    -5.00713    -7.62405   -52.41959
   -0.77000E-01   -65.64885    -5.01400    -7.63110   -53.00375
   -0.71000E-01   -66.28201    -5.02035    -7.63759   -53.62408
   -0.65000E-01   -66.95707    -5.02612    -7.64371   -54.28724
   -0.59000E-01   -67.67249    -5.03140    -7.64923   -54.99187
   -0.53000E-01   -68.43671    -5.03618    -7.65412   -55.74641
   -0.47000E-01   -69.25424    -5.04050    -7.65852   -56.55522
   -0.41000E-01   -70.13345    -5.04423    -7.66240   -57.42682
   -0.35000E-01   -71.07868    -5.04743    -7.66569   -58.36556
   -0.29000E-01   -72.08272    -5.05009    -7.66838   -59.36425
   -0.23000E-01   -73.10235    -5.05221    -7.67055   -60.37960
   -0.19700E-01   -73.20192    -5.05239    -7.67072   -60.47882
   -0.19100E-01   -73.30038    -5.05256    -7.67090   -60.57692
   -0.18500E-01   -73.39763    -5.05273    -7.67108   -60.67382
   -0.17900E-01   -73.49394    -5.05290    -7.67126   -60.76978
   -0.17300E-01   -73.58850    -5.05305    -7.67142   -60.86403
   -0.16700E-01   -73.68151    -5.05320    -7.67158   -60.95672
   -0.16100E-01   -73.77291    -5.05335    -7.67173   -61.04783
   -0.15500E-01   -73.86229    -5.05350    -7.67188   -61.13691
   -0.14900E-01   -73.94958    -5.05363    -7.67202   -61.22393
   -0.14300E-01   -74.03466    -5.05376    -7.67216   -61.30875
   -0.13700E-01   -74.11737    -5.05389    -7.67228   -61.39119
   -0.13100E-01   -74.19749    -5.05401    -7.67241   -61.47107
   -0.12500E-01   -74.27509    -5.05412    -7.67253   -61.54844
   -0.11900E-01   -74.34956    -5.05423    -7.67264   -61.62268
   -0.11300E-01   -74.42083    -5.05434    -7.67276   -61.69374
   -0.10700E-01   -74.48923    -5.05444    -7.67286   -61.76193
   -0.10100E-01   -74.55433    -5.05453    -7.67296   -61.82685
   -0.95000E-02   -74.61611    -5.05461    -7.67305   -61.88845
   -0.89000E-02   -74.67459    -5.05470    -7.67313   -61.94676
   -0.83000E-02   -74.72945    -5.05477    -7.67321   -62.00147
   -0.77000E-02   -74.78073    -5.05484    -7.67328   -62.05261
   -0.71000E-02   -74.82828    -5.05491    -7.67335   -62.10002
   -0.65000E-02   -74.87216    -5.05497    -7.67341   -62.14378
   -0.59000E-02   -74.91217    -5.05502    -7.67347   -62.18368
   -0.53000E-02   -74.94826    -5.05507    -7.67352   -62.21967
   -0.47000E-02   -74.98047    -5.05512    -7.67356   -62.25178
   -0.41000E-02   -75.00861    -5.05516    -7.67360   -62.27985
   -0.35000E-02   -75.03272    -5.05519    -7.67364   -62.30389
   -0.29000E-02   -75.05275    -5.05522    -7.67366   -62.32387
   -0.23000E-02   -75.06869    -5.05524    -7.67369   -62.33977
   -0.17000E-02   -75.08051    -5.05525    -7.67370   -62.35156
   -0.11000E-02   -75.08818    -5.05526    -7.67371   -62.35920
   -0.50000E-03   -75.09168    -5.05527    -7.67372   -62.36270
    0.10000E-03   -75.09100    -5.05527    -7.67372   -62.36202
    0.70000E-03   -75.08615    -5.05526    -7.67371   -62.35718
    0.13000E-02   -75.07716    -5.05525    -7.67370   -62.34820
    0.19000E-02   -75.06399    -5.05524    -7.67368   -62.33507
    0.25000E-02   -75.04670    -5.05521    -7.67366   -62.31783
    0.31000E-02   -75.02531    -5.05519    -7.67363   -62.29649
    0.37000E-02   -74.99988    -5.05516    -7.67360   -62.27112
    0.43000E-02   -74.97037    -5.05511    -7.67355   -62.24170
    0.49000E-02   -74.93685    -5.05508    -7.67351   -62.20826
    0.55000E-02   -74.89935    -5.05503    -7.67346   -62.17086
    0.61000E-02   -74.85798    -5.05497    -7.67340   -62.12960
    0.67000E-02   -74.81270    -5.05491    -7.67334   -62.08446
    0.73000E-02   -74.76382    -5.05484    -7.67327   -62.03571
    0.79000E-02   -74.71122    -5.05477    -7.67319   -61.98326
    0.85000E-02   -74.65509    -5.05469    -7.67310   -61.92730
    0.91000E-02   -74.59553    -5.05462    -7.67302   -61.86789
    0.97000E-02   -74.53235    -5.05453    -7.67294   -61.80488
    0.10300E-01   -74.46584    -5.05443    -7.67284   -61.73857
    0.10900E-01   -74.39661    -5.05433    -7.67274   -61.66954
    0.11500E-01   -74.32391    -5.05422    -7.67263   -61.59706
    0.12100E-01   -74.24801    -5.05410    -7.67252   -61.52140
    0.12700E-01   -74.16959    -5.05398    -7.67240   -61.44321
    0.13300E-01   -74.08834    -5.05386    -7.67227   -61.36220
    0.13900E-01   -74.00462    -5.05374    -7.67214   -61.27874
    0.14500E-01   -73.91848    -5.05360    -7.67199   -61.19288
    0.15100E-01   -73.83010    -5.05347    -7.67185   -61.10477
    0.15700E-01   -73.73969    -5.05333    -7.67170   -61.01466
    0.16300E-01   -73.64735    -5.05318    -7.67154   -60.92263
    0.16900E-01   -73.55326    -5.05302    -7.67139   -60.82885
    0.17500E-01   -73.45807    -5.05285    -7.67122   -60.73399
    0.18100E-01   -73.36128    -5.05268    -7.67106   -60.63754
    0.18700E-01   -73.26304    -5.05251    -7.67089   -60.53964
    0.19300E-01   -73.16386    -5.05234    -7.67073   -60.44080
    0.20200E-01   -72.77224    -5.05161    -7.66998   -60.05065
    0.25000E-01   -71.74982    -5.04931    -7.66770   -59.03282
    0.31000E-01   -70.76605    -5.04645    -7.66480   -58.05481
    0.37000E-01   -69.84889    -5.04299    -7.66139   -57.14452
    0.43000E-01   -68.99916    -5.03902    -7.65749   -56.30265
    0.49000E-01   -68.20961    -5.03436    -7.65299   -55.52227
    0.55000E-01   -67.47300    -5.02933    -7.64798   -54.79568
    0.61000E-01   -66.78414    -5.02362    -7.64255   -54.11797
    0.67000E-01   -66.14116    -5.01731    -7.63654   -53.48732
    0.73000E-01   -65.53755    -5.01031    -7.62991   -52.89733
    0.79000E-01   -64.97277    -5.00280    -7.62290   -52.34706
    0.85000E-01   -64.44439    -4.99497    -7.61532   -51.83410
    0.91000E-01   -63.94543    -4.98650    -7.60715   -51.35178
    0.97000E-01   -63.47697    -4.97727    -7.59893   -50.90077
    0.10300       -63.03755    -4.96768    -7.59005   -50.47982
    0.10900       -62.62236    -4.95763    -7.58069   -50.08404
    0.11500       -62.22941    -4.94691    -7.57108   -49.71142
    0.12100       -61.85793    -4.93558    -7.56093   -49.36142
    0.12700       -61.50591    -4.92407    -7.55033   -49.03151
    0.13300       -61.17162    -4.91197    -7.53959   -48.72006
    0.13900       -60.85388    -4.89936    -7.52833   -48.42619
    0.14500       -60.55030    -4.88608    -7.51690   -48.14732
    0.15100       -60.26088    -4.87228    -7.50530   -47.88329
    0.15700       -59.98244    -4.85780    -7.49322   -47.63142
    0.16300       -59.71621    -4.84310    -7.48100   -47.39211
    0.16900       -59.45878    -4.82797    -7.46842   -47.16239
    0.17500       -59.21206    -4.81228    -7.45581   -46.94397
    0.18100       -58.97288    -4.79604    -7.44262   -46.73422
    0.18700       -58.74172    -4.78000    -7.42930   -46.53242
    0.19300       -58.51734    -4.76318    -7.41580   -46.33835
    0.19900       -58.30034    -4.74601    -7.40227   -46.15206
    0.20500       -58.08951    -4.72857    -7.38863   -45.97231
    0.21100       -57.88270    -4.71026    -7.37476   -45.79769
    0.21700       -57.68154    -4.69178    -7.36054   -45.62922
    0.29500       -53.58522    -4.14155    -6.97251   -42.47117
    0.44500       -50.83519    -3.58764    -6.59417   -40.65338
    0.59500       -48.79359    -3.10427    -6.26279   -39.42653
    0.74500       -47.16960    -2.69389    -5.97652   -38.49919
    0.89500       -45.80955    -2.34655    -5.72047   -37.74253
     1.0450       -44.64212    -2.04985    -5.49166   -37.10060
     1.1950       -43.62461    -1.79160    -5.28588   -36.54713
     1.3450       -42.73019    -1.56742    -5.09711   -36.06565
     1.4950       -41.93441    -1.36542    -4.92487   -35.64412
     1.6450       -41.23331    -1.18290    -4.76993   -35.28048
     1.7950       -40.60538    -1.01719    -4.62655   -34.96164
     1.9450       -40.05521    -0.86776    -4.49646   -34.69100
     2.0950       -39.55930    -0.73104    -4.37644   -34.45183
     2.2450       -39.10300    -0.60585    -4.26628   -34.23087
     2.3950       -38.68922    -0.49121    -4.16510   -34.03291
     2.5450       -38.31127    -0.38679    -4.06985   -33.85463
     2.6950       -37.96575    -0.29199    -3.98221   -33.69156
     2.8450       -37.65289    -0.20386    -3.90039   -33.54865
     2.9950       -37.36618    -0.12296    -3.82300   -33.42022
     3.1450       -37.10289    -0.04758    -3.75109   -33.30422
     3.2950       -36.85946     0.02259    -3.68334   -33.19871
     3.4450       -36.63019     0.08828    -3.61923   -33.09925
     3.5950       -36.41359     0.15016    -3.56025   -33.00350
     3.7450       -36.21203     0.20851    -3.50346   -32.91708
     3.8950       -36.02389     0.26262    -3.45068   -32.83583
     4.0450       -35.84433     0.31392    -3.40125   -32.75699
     4.1950       -35.67536     0.36259    -3.35409   -32.68386
     4.3450       -35.51692     0.40751    -3.30967   -32.61477
     4.4950       -35.36541     0.45175    -3.26805   -32.54910
     4.6450       -35.22368     0.49336    -3.23048   -32.48657
     4.7950       -35.08886     0.53255    -3.19349   -32.42792
     4.9450       -34.95475     0.57005    -3.15630   -32.36850
     5.0950       -34.82766     0.60591    -3.12099   -32.31258
     5.2450       -34.71120     0.64033    -3.09167   -32.25986
     5.3950       -34.59662     0.67375    -3.06198   -32.20838
     5.5450       -34.48676     0.70560    -3.03396   -32.15839
     5.6950       -34.38093     0.73588    -3.00810   -32.10871
     5.8450       -34.27776     0.76581    -2.98240   -32.06116
     5.9950       -34.18039     0.79363    -2.95832   -32.01570
     6.1450       -34.08629     0.82067    -2.93572   -31.97124
     6.2950       -34.00033     0.84671    -2.91917   -31.92787
     6.4450       -33.91602     0.87235    -2.90371   -31.88465
     6.5950       -33.83166     0.89664    -2.88587   -31.84243
     6.7450       -33.75265     0.91976    -2.87026   -31.80215
     6.8950       -33.67650     0.94284    -2.85654   -31.76281
     7.0450       -33.60188     0.96502    -2.84275   -31.72415
     7.1950       -33.53375     0.98648    -2.83373   -31.68650
     7.3450       -33.46970     1.00555    -2.82566   -31.64959
     7.4950       -33.40167     1.02581    -2.81471   -31.61276
     7.6450       -33.33888     1.04593    -2.80748   -31.57734
     7.7950       -33.27451     1.06451    -2.79644   -31.54259
     7.9450       -33.21242     1.08233    -2.78621   -31.50854
     8.0950       -33.15454     1.10060    -2.77995   -31.47518
     8.2450       -33.09737     1.11756    -2.77250   -31.44242
     8.3950       -33.04441     1.13206    -2.76613   -31.41034
     8.5450       -32.98980     1.14872    -2.75974   -31.37878
     8.6950       -32.93652     1.16343    -2.75221   -31.34774
     8.8450       -32.89060     1.17644    -2.74981   -31.31724
     8.9950       -32.83828     1.19231    -2.74331   -31.28728
     9.1450       -32.79306     1.20281    -2.73799   -31.25787
     9.2950       -32.74777     1.21258    -2.73142   -31.22893
     9.4450       -32.70885     1.22054    -2.72899   -31.20040
     9.5950       -32.66865     1.23032    -2.72658   -31.17239
     9.7450       -32.62902     1.23832    -2.72257   -31.14478
     9.8950       -32.58616     1.24729    -2.71590   -31.11755
     10.045       -32.54810     1.25626    -2.71349   -31.09086
     10.195       -32.50949     1.26603    -2.71101   -31.06451
     10.345       -32.47523     1.27034    -2.70696   -31.03861
     10.495       -32.44286     1.27467    -2.70449   -31.01304
     10.645       -32.40773     1.28048    -2.70037   -30.98783
     10.795       -32.38158     1.28130    -2.69982   -30.96306
     10.945       -32.34852     1.28570    -2.69568   -30.93854
     11.095       -32.31750     1.29008    -2.69319   -30.91439
     11.245       -32.29039     1.29083    -2.69066   -30.89056
     11.395       -32.26185     1.29153    -2.68644   -30.86693
     11.545       -32.23170     1.29425    -2.68217   -30.84378
     11.695       -32.20553     1.29492    -2.67961   -30.82084
     11.845       -32.17969     1.29555    -2.67706   -30.79818
     11.995       -32.15632     1.29616    -2.67665   -30.77583
     12.145       -32.13321     1.29677    -2.67623   -30.75375
     12.295       -32.10825     1.29956    -2.67579   -30.73203
     12.445       -32.08582     1.30013    -2.67539   -30.71056
     12.595       -32.05974     1.30069    -2.67105   -30.68938
     12.745       -32.03783     1.30123    -2.67066   -30.66840
     12.895       -32.01379     1.30175    -2.66798   -30.64756
     13.045       -31.99016     1.30225    -2.66533   -30.62708
     13.195       -31.96670     1.30275    -2.66266   -30.60678
     13.345       -31.94340     1.30326    -2.65996   -30.58669
     13.495       -31.92276     1.30373    -2.65965   -30.56684
     13.645       -31.90244     1.30419    -2.65935   -30.54727
     13.795       -31.88235     1.30463    -2.65903   -30.52796
     13.945       -31.86246     1.30508    -2.65869   -30.50884
     14.095       -31.84278     1.30551    -2.65842   -30.48986
     14.245       -31.82085     1.30591    -2.65566   -30.47110
     14.395       -31.80163     1.30632    -2.65537   -30.45258
     14.545       -31.78260     1.30670    -2.65511   -30.43419
     14.695       -31.76121     1.30707    -2.65230   -30.41598
     14.845       -31.74260     1.30744    -2.65202   -30.39802
     14.995       -31.72420     1.30780    -2.65175   -30.38026
     15.145       -31.70602     1.30817    -2.65148   -30.36271
     15.295       -31.68799     1.30852    -2.65121   -30.34530
     15.445       -31.67015     1.30885    -2.65096   -30.32804
     15.595       -31.65248     1.30919    -2.65075   -30.31092
     15.745       -31.63501     1.30954    -2.65051   -30.29404
     15.895       -31.61771     1.30988    -2.65029   -30.27730
     16.045       -31.60050     1.31021    -2.65005   -30.26065
     16.195       -31.58357     1.31051    -2.64985   -30.24423
     16.345       -31.56674     1.31086    -2.64965   -30.22795
     16.495       -31.55016     1.31114    -2.64945   -30.21185
     16.645       -31.53359     1.31145    -2.64924   -30.19580
     16.795       -31.51722     1.31177    -2.64904   -30.17994
     16.945       -31.50107     1.31206    -2.64886   -30.16427
     17.095       -31.48510     1.31233    -2.64870   -30.14874
     17.245       -31.46923     1.31263    -2.64852   -30.13333
     17.395       -31.45354     1.31290    -2.64833   -30.11811
     17.545       -31.43799     1.31317    -2.64818   -30.10299
     17.695       -31.42253     1.31343    -2.64800   -30.08796
     17.845       -31.40720     1.31370    -2.64781   -30.07308
     17.995       -31.39198     1.31396    -2.64763   -30.05831
     18.145       -31.37695     1.31420    -2.64745   -30.04370
     18.295       -31.36200     1.31445    -2.64728   -30.02917
     18.445       -31.34717     1.31470    -2.64710   -30.01477
     18.595       -31.33252     1.31494    -2.64694   -30.00051
     18.745       -31.31802     1.31516    -2.64677   -29.98641
     18.895       -31.30364     1.31539    -2.64665   -29.97238
     19.045       -31.28936     1.31561    -2.64651   -29.95845
     19.195       -31.27518     1.31583    -2.64637   -29.94464
     19.345       -31.26115     1.31605    -2.64623   -29.93097
     19.495       -31.24717     1.31626    -2.64610   -29.91733
     19.645       -31.23330     1.31646    -2.64594   -29.90382
     19.795       -31.21957     1.31666    -2.64581   -29.89043
     19.945       -31.20588     1.31685    -2.64566   -29.87707
     20.095       -31.19245     1.31705    -2.64556   -29.86394
     20.245       -31.17906     1.31724    -2.64542   -29.85087
     20.395       -31.16578     1.31742    -2.64529   -29.83791
     20.545       -31.15255     1.31763    -2.64517   -29.82501
     20.695       -31.13945     1.31781    -2.64505   -29.81222
     20.845       -31.12642     1.31799    -2.64492   -29.79948
     20.995       -31.11352     1.31816    -2.64480   -29.78689
     21.145       -31.10067     1.31835    -2.64468   -29.77435
     21.295       -31.08795     1.31853    -2.64457   -29.76192
     21.445       -31.07530     1.31870    -2.64446   -29.74954
     21.595       -31.06280     1.31885    -2.64435   -29.73730
     21.745       -31.05037     1.31901    -2.64424   -29.72513
     21.895       -31.03806     1.31917    -2.64415   -29.71307
     22.045       -31.02582     1.31932    -2.64404   -29.70111
     22.195       -31.01359     1.31948    -2.64393   -29.68914
     22.345       -31.00152     1.31964    -2.64382   -29.67734
     22.495       -30.98953     1.31979    -2.64370   -29.66562
     22.645       -30.97760     1.31995    -2.64360   -29.65394
     22.795       -30.96575     1.32011    -2.64351   -29.64235
     22.945       -30.95394     1.32027    -2.64339   -29.63081
     23.095       -30.94233     1.32041    -2.64329   -29.61945
     23.245       -30.93067     1.32056    -2.64318   -29.60805
     23.395       -30.91915     1.32071    -2.64308   -29.59678
     23.545       -30.90766     1.32084    -2.64298   -29.58553
     23.695       -30.89627     1.32100    -2.64288   -29.57439
     23.845       -30.88492     1.32115    -2.64277   -29.56330
     23.995       -30.87362     1.32130    -2.64268   -29.55225
     24.145       -30.86246     1.32145    -2.64257   -29.54134
     24.295       -30.85133     1.32160    -2.64248   -29.53045
     24.445       -30.84033     1.32176    -2.64238   -29.51970
     24.595       -30.82939     1.32187    -2.64230   -29.50896
     24.745       -30.81849     1.32200    -2.64221   -29.49829
     24.895       -30.80769     1.32214    -2.64213   -29.48770
     25.045       -30.79693     1.32229    -2.64205   -29.47717
     25.195       -30.78627     1.32242    -2.64197   -29.46672
     25.345       -30.77564     1.32255    -2.64190   -29.45629
     25.495       -30.76507     1.32269    -2.64181   -29.44595
     25.645       -30.75458     1.32281    -2.64171   -29.43569
     25.795       -30.74416     1.32295    -2.64159   -29.42552
     25.945       -30.73381     1.32308    -2.64148   -29.41541
     26.095       -30.72353     1.32322    -2.64140   -29.40535
     26.245       -30.71329     1.32333    -2.64130   -29.39532
     26.395       -30.70313     1.32345    -2.64122   -29.38537
     26.545       -30.69305     1.32356    -2.64114   -29.37547
     26.695       -30.68298     1.32367    -2.64107   -29.36558
     26.845       -30.67302     1.32379    -2.64101   -29.35580
     26.995       -30.66307     1.32391    -2.64092   -29.34606
     27.145       -30.65323     1.32403    -2.64085   -29.33641
     27.295       -30.64340     1.32415    -2.64077   -29.32678
     27.445       -30.63359     1.32427    -2.64070   -29.31716
     27.595       -30.62389     1.32437    -2.64063   -29.30763
     27.745       -30.61425     1.32447    -2.64055   -29.29817
     27.895       -30.60468     1.32457    -2.64048   -29.28877
     28.045       -30.59509     1.32468    -2.64039   -29.27938
     28.195       -30.58563     1.32478    -2.64031   -29.27009
     28.345       -30.57624     1.32487    -2.64025   -29.26086
     28.495       -30.56682     1.32497    -2.64019   -29.25160
     28.645       -30.55748     1.32507    -2.64012   -29.24243
     28.795       -30.54819     1.32518    -2.64004   -29.23333
     28.945       -30.53896     1.32528    -2.63998   -29.22426
     29.095       -30.52975     1.32539    -2.63991   -29.21523
     29.245       -30.52060     1.32550    -2.63984   -29.20626
     29.395       -30.51147     1.32560    -2.63976   -29.19731
     29.545       -30.50242     1.32571    -2.63969   -29.18844
     29.695       -30.49348     1.32581    -2.63961   -29.17968
     29.845       -30.48452     1.32591    -2.63956   -29.17087
     29.995       -30.47565     1.32601    -2.63950   -29.16216
     30.145       -30.46681     1.32611    -2.63943   -29.15349
     35.794       -29.88355     1.33201    -2.63552   -28.58003
     49.810       -29.30918     1.33721    -2.63217   -28.01422
     69.316       -28.74543     1.34198    -2.62929   -27.45812
     96.460       -28.19282     1.34646    -2.62652   -26.91276
     134.23       -27.65250     1.35093    -2.62394   -26.37949
     186.80       -27.12494     1.35512    -2.62139   -25.85866
     259.95       -26.61067     1.35909    -2.61895   -25.35081
     361.74       -26.10967     1.36317    -2.61653   -24.85631
     503.40       -25.62203     1.36721    -2.61420   -24.37503
     700.53       -25.14802     1.37124    -2.61187   -23.90740
     974.85       -24.68728     1.37530    -2.60949   -23.45309
     1356.6       -24.23987     1.37931    -2.60722   -23.01196
     1887.8       -23.80523     1.38330    -2.60489   -22.58364
     2627.1       -23.38269     1.38715    -2.60260   -22.16724
     3655.9       -22.97292     1.39104    -2.60044   -21.76352
     5087.5       -22.57491     1.39486    -2.59834   -21.37143
     7079.7       -22.18895     1.39866    -2.59628   -20.99133
     9852.1       -21.81495     1.40238    -2.59422   -20.62311
     13710.       -21.45343     1.40606    -2.59231   -20.26718
     19079.       -21.10327     1.40966    -2.59033   -19.92260
     26550.       -20.76549     1.41314    -2.58859   -19.59005
     36947.       -20.44015     1.41654    -2.58687   -19.26982
     51416.       -20.12762     1.41982    -2.58527   -18.96217
     71550.       -19.82808     1.42297    -2.58371   -18.66734
     99568.       -19.54051     1.42599    -2.58222   -18.38427
    0.13856E+06   -19.26546     1.42889    -2.58090   -18.11344
    0.19282E+06   -19.00265     1.43165    -2.57957   -17.85473
    0.26832E+06   -18.75168     1.43430    -2.57839   -17.60759
    0.37340E+06   -18.51182     1.43689    -2.57722   -17.37149
    0.51962E+06   -18.28266     1.43935    -2.57614   -17.14587
    0.72310E+06   -18.06361     1.44166    -2.57515   -16.93012
    0.10063E+07   -17.85469     1.44391    -2.57428   -16.72432
    0.14003E+07   -17.65550     1.44606    -2.57345   -16.52810
    0.19487E+07   -17.46579     1.44811    -2.57274   -16.34116
    0.27118E+07   -17.28509     1.45005    -2.57208   -16.16306
    0.37737E+07   -17.11311     1.45192    -2.57147   -15.99355
    0.52514E+07   -16.94938     1.45369    -2.57092   -15.83214
    0.73079E+07   -16.79343     1.45540    -2.57043   -15.67841
    0.10170E+08   -16.64509     1.45698    -2.56996   -15.53212
    0.14152E+08   -16.50393     1.45850    -2.56958   -15.39285
    0.19694E+08   -16.36956     1.45999    -2.56922   -15.26033
    0.27406E+08   -16.24165     1.46140    -2.56885   -15.13419
    0.38138E+08   -16.12061     1.46274    -2.56852   -15.01483
    0.53073E+08   -16.00640     1.46399    -2.56826   -14.90213
    0.73856E+08   -15.89875     1.46517    -2.56800   -14.79592
    0.10278E+09   -15.79731     1.46629    -2.56773   -14.69586
    0.14302E+09   -15.70244     1.46734    -2.56755   -14.60223
    0.19903E+09   -15.61461     1.46831    -2.56739   -14.51552
    0.27697E+09   -15.53342     1.46925    -2.56722   -14.43545
    0.38543E+09   -15.45959     1.47008    -2.56707   -14.36261
    0.53637E+09   -15.39230     1.47087    -2.56696   -14.29620
    0.74641E+09   -15.33051     1.47157    -2.56687   -14.23521
    0.10387E+10   -15.27372     1.47223    -2.56680   -14.17914
    0.14454E+10   -15.22136     1.47284    -2.56670   -14.12750
    0.20115E+10   -15.17324     1.47343    -2.56663   -14.08003
    0.27992E+10   -15.12887     1.47397    -2.56657   -14.03627
    0.38953E+10   -15.08798     1.47447    -2.56649   -13.99595
    0.54207E+10   -15.05034     1.47494    -2.56645   -13.95882
    0.75434E+10   -15.01567     1.47536    -2.56640   -13.92462
    0.10497E+11   -14.98373     1.47576    -2.56636   -13.89314
    0.14608E+11   -14.95425     1.47614    -2.56632   -13.86408
    0.20329E+11   -14.92718     1.47648    -2.56628   -13.83738
    0.28289E+11   -14.90224     1.47680    -2.56626   -13.81278
    0.39367E+11   -14.87923     1.47710    -2.56621   -13.79011
    0.54783E+11   -14.85807     1.47737    -2.56618   -13.76926
    0.10000E+12   -14.61075     1.48078    -2.56589   -13.52563
