    -44.945         0.00000     0.00000     0.00000     0.00000
    -44.795         0.00000     0.00000     0.00000     0.00000
    -44.645         0.00000     0.00000     0.00000     0.00000
    -44.495         0.00000     0.00000     0.00000     0.00000
    -44.345         0.00000     0.00000     0.00000     0.00000
    -44.195         0.00000     0.00000     0.00000     0.00000
    -44.045         0.00000     0.00000     0.00000     0.00000
    -43.895         0.00000     0.00000     0.00000     0.00000
    -43.745         0.00000     0.00000     0.00000     0.00000
    -43.595         0.00000     0.00000     0.00000     0.00000
    -43.445         0.00000     0.00000     0.00000     0.00000
    -43.295         0.00000     0.00000     0.00000     0.00000
    -43.145         0.00000     0.00000     0.00000     0.00000
    -42.995         0.00000     0.00000     0.00000     0.00000
    -42.845         0.00000     0.00000     0.00000     0.00000
    -42.695         0.00000     0.00000     0.00000     0.00000
    -42.545         0.00000     0.00000     0.00000     0.00000
    -42.395         0.00000     0.00000     0.00000     0.00000
    -42.245         0.00000     0.00000     0.00000     0.00000
    -42.095         0.00000     0.00000     0.00000     0.00000
    -41.945         0.00000     0.00000     0.00000     0.00000
    -41.795         0.00000     0.00000     0.00000     0.00000
    -41.645         0.00000     0.00000     0.00000     0.00000
    -41.495         0.00000     0.00000     0.00000     0.00000
    -41.345         0.00000     0.00000     0.00000     0.00000
    -41.195         0.00000     0.00000     0.00000     0.00000
    -41.045         0.00000     0.00000     0.00000     0.00000
    -40.895         0.00000     0.00000     0.00000     0.00000
    -40.745         0.00000     0.00000     0.00000     0.00000
    -40.595         0.00000     0.00000     0.00000     0.00000
    -40.445         0.00000     0.00000     0.00000     0.00000
    -40.295         0.00000     0.00000     0.00000     0.00000
    -40.145         0.00000     0.00000     0.00000     0.00000
    -39.995         0.00000     0.00000     0.00000     0.00000
    -39.845         0.00000     0.00000     0.00000     0.00000
    -39.695         0.00000     0.00000     0.00000     0.00000
    -39.545         0.00000     0.00000     0.00000     0.00000
    -39.395         0.00000     0.00000     0.00000     0.00000
    -39.245         0.00000     0.00000     0.00000     0.00000
    -39.095         0.00000     0.00000     0.00000     0.00000
    -38.945         0.00000     0.00000     0.00000     0.00000
    -38.795         0.00000     0.00000     0.00000     0.00000
    -38.645         0.00000     0.00000     0.00000     0.00000
    -38.495         0.00000     0.00000     0.00000     0.00000
    -38.345         0.00000     0.00000     0.00000     0.00000
    -38.195         0.00000     0.00000     0.00000     0.00000
    -38.045         0.00000     0.00000     0.00000     0.00000
    -37.895         0.00000     0.00000     0.00000     0.00000
    -37.745         0.00000     0.00000     0.00000     0.00000
    -37.595         0.00000     0.00000     0.00000     0.00000
    -37.445         0.00000     0.00000     0.00000     0.00000
    -37.295         0.00000     0.00000     0.00000     0.00000
    -37.145         0.00000     0.00000     0.00000     0.00000
    -36.995         0.00000     0.00000     0.00000     0.00000
    -36.845         0.00000     0.00000     0.00000     0.00000
    -36.695         0.00000     0.00000     0.00000     0.00000
    -36.545         0.00000     0.00000     0.00000     0.00000
    -36.395         0.00000     0.00000     0.00000     0.00000
    -36.245         0.00000     0.00000     0.00000     0.00000
    -36.095         0.00000     0.00000     0.00000     0.00000
    -35.945         0.00000     0.00000     0.00000     0.00000
    -35.795         0.00000     0.00000     0.00000     0.00000
    -35.645         0.00000     0.00000     0.00000     0.00000
    -35.495         0.00000     0.00000     0.00000     0.00000
    -35.345         0.00000     0.00000     0.00000     0.00000
    -35.195         0.00000     0.00000     0.00000     0.00000
    -35.045         0.00000     0.00000     0.00000     0.00000
    -34.895         0.00000     0.00000     0.00000     0.00000
    -34.745         0.00000     0.00000     0.00000     0.00000
    -34.595         0.00000     0.00000     0.00000     0.00000
    -34.445         0.00000     0.00000     0.00000     0.00000
    -34.295         0.00000     0.00000     0.00000     0.00000
    -34.145         0.00000     0.00000     0.00000     0.00000
    -33.995         0.00000     0.00000     0.00000     0.00000
    -33.845         0.00000     0.00000     0.00000     0.00000
    -33.695         0.00000     0.00000     0.00000     0.00000
    -33.545         0.00000     0.00000     0.00000     0.00000
    -33.395         0.00000     0.00000     0.00000     0.00000
    -33.245         0.00000     0.00000     0.00000     0.00000
    -33.095         0.00000     0.00000     0.00000     0.00000
    -32.945         0.00000     0.00000     0.00000     0.00000
    -32.795         0.00000     0.00000     0.00000     0.00000
    -32.645         0.00000     0.00000     0.00000     0.00000
    -32.495         0.00000     0.00000     0.00000     0.00000
    -32.345         0.00000     0.00000     0.00000     0.00000
    -32.195         0.00000     0.00000     0.00000     0.00000
    -32.045         0.00000     0.00000     0.00000     0.00000
    -31.895         0.00000     0.00000     0.00000     0.00000
    -31.745         0.00000     0.00000     0.00000     0.00000
    -31.595         0.00000     0.00000     0.00000     0.00000
    -31.445         0.00000     0.00000     0.00000     0.00000
    -31.295         0.00000     0.00000     0.00000     0.00000
    -31.145         0.00000     0.00000     0.00000     0.00000
    -30.995         0.00000     0.00000     0.00000     0.00000
    -30.845         0.00000     0.00000     0.00000     0.00000
    -30.695         0.00000     0.00000     0.00000     0.00000
    -30.545         0.00000     0.00000     0.00000     0.00000
    -30.395         0.00000     0.00000     0.00000     0.00000
    -30.245         0.00000     0.00000     0.00000     0.00000
    -30.095         0.00000     0.00000     0.00000     0.00000
    -29.945         0.00000     0.00000     0.00000     0.00000
    -29.795         0.00000     0.00000     0.00000     0.00000
    -29.645         0.00000     0.00000     0.00000     0.00000
    -29.495         0.00000     0.00000     0.00000     0.00000
    -29.345         0.00000     0.00000     0.00000     0.00000
    -29.195         0.00000     0.00000     0.00000     0.00000
    -29.045         0.00000     0.00000     0.00000     0.00000
    -28.895         0.00000     0.00000     0.00000     0.00000
    -28.745         0.00000     0.00000     0.00000     0.00000
    -28.595         0.00000     0.00000     0.00000     0.00000
    -28.445         0.00000     0.00000     0.00000     0.00000
    -28.295         0.00000     0.00000     0.00000     0.00000
    -28.145         0.00000     0.00000     0.00000     0.00000
    -27.995         0.00000     0.00000     0.00000     0.00000
    -27.845         0.00000     0.00000     0.00000     0.00000
    -27.695         0.00000     0.00000     0.00000     0.00000
    -27.545         0.00000     0.00000     0.00000     0.00000
    -27.395         0.00000     0.00000     0.00000     0.00000
    -27.245         0.00000     0.00000     0.00000     0.00000
    -27.095         0.00000     0.00000     0.00000     0.00000
    -26.945         0.00000     0.00000     0.00000     0.00000
    -26.795         0.00000     0.00000     0.00000     0.00000
    -26.645         0.00000     0.00000     0.00000     0.00000
    -26.495         0.00000     0.00000     0.00000     0.00000
    -26.345         0.00000     0.00000     0.00000     0.00000
    -26.195         0.00000     0.00000     0.00000     0.00000
    -26.045         0.00000     0.00000     0.00000     0.00000
    -25.895         0.00000     0.00000     0.00000     0.00000
    -25.745         0.00000     0.00000     0.00000     0.00000
    -25.595         0.00000     0.00000     0.00000     0.00000
    -25.445         0.00000     0.00000     0.00000     0.00000
    -25.295         0.00000     0.00000     0.00000     0.00000
    -25.145         0.00000     0.00000     0.00000     0.00000
    -24.995         0.00000     0.00000     0.00000     0.00000
    -24.845         0.00000     0.00000     0.00000     0.00000
    -24.695         0.00000     0.00000     0.00000     0.00000
    -24.545         0.00000     0.00000     0.00000     0.00000
    -24.395         0.00000     0.00000     0.00000     0.00000
    -24.245         0.00000     0.00000     0.00000     0.00000
    -24.095         0.00000     0.00000     0.00000     0.00000
    -23.945         0.00000     0.00000     0.00000     0.00000
    -23.795         0.00000     0.00000     0.00000     0.00000
    -23.645         0.00000     0.00000     0.00000     0.00000
    -23.495         0.00000     0.00000     0.00000     0.00000
    -23.345         0.00000     0.00000     0.00000     0.00000
    -23.195         0.00000     0.00000     0.00000     0.00000
    -23.045         0.00000     0.00000     0.00000     0.00000
    -22.895         0.00000     0.00000     0.00000     0.00000
    -22.745         0.00000     0.00000     0.00000     0.00000
    -22.595         0.00000     0.00000     0.00000     0.00000
    -22.445         0.00000     0.00000     0.00000     0.00000
    -22.295        -0.00044    -0.00044     0.00000     0.00000
    -22.145        -0.00137    -0.00089    -0.00048     0.00000
    -21.995        -0.00137    -0.00089    -0.00048     0.00000
    -21.845        -0.00137    -0.00089    -0.00048     0.00000
    -21.695        -0.00137    -0.00089    -0.00048     0.00000
    -21.545        -0.00137    -0.00089    -0.00048     0.00000
    -21.395        -0.00137    -0.00089    -0.00048     0.00000
    -21.245        -0.00137    -0.00089    -0.00048     0.00000
    -21.095        -0.00137    -0.00089    -0.00048     0.00000
    -20.945        -0.00137    -0.00089    -0.00048     0.00000
    -20.795        -0.00137    -0.00089    -0.00048     0.00000
    -20.645        -0.00137    -0.00089    -0.00048     0.00000
    -20.495        -0.00180    -0.00132    -0.00048     0.00000
    -20.345        -0.00222    -0.00174    -0.00048     0.00000
    -20.195        -0.00265    -0.00217    -0.00048     0.00000
    -20.045        -0.00349    -0.00301    -0.00048     0.00000
    -19.895        -0.00429    -0.00381    -0.00048     0.00000
    -19.745        -0.00429    -0.00381    -0.00048     0.00000
    -19.595        -0.00472    -0.00381    -0.00090     0.00000
    -19.445        -0.00472    -0.00381    -0.00090     0.00000
    -19.295        -0.00513    -0.00422    -0.00090     0.00000
    -19.145        -0.00513    -0.00422    -0.00090     0.00000
    -18.995        -0.00556    -0.00422    -0.00133     0.00000
    -18.845        -0.00599    -0.00422    -0.00177     0.00000
    -18.695        -0.00807    -0.00503    -0.00304     0.00000
    -18.545        -0.00893    -0.00544    -0.00349     0.00000
    -18.395        -0.00979    -0.00585    -0.00394     0.00000
    -18.245        -0.01225    -0.00662    -0.00564     0.00000
    -18.095        -0.01352    -0.00741    -0.00611     0.00000
    -17.945        -0.01526    -0.00741    -0.00785     0.00000
    -17.795        -0.01778    -0.00859    -0.00920     0.00000
    -17.645        -0.02118    -0.00899    -0.01218     0.00000
    -17.495        -0.02657    -0.01052    -0.01605     0.00000
    -17.345        -0.03199    -0.01205    -0.01994     0.00000
    -17.195        -0.03633    -0.01245    -0.02387     0.00000
    -17.045        -0.04216    -0.01433    -0.02783     0.00000
    -16.895        -0.04813    -0.01547    -0.03266     0.00000
    -16.745        -0.05570    -0.01697    -0.03873     0.00000
    -16.595        -0.05981    -0.01812    -0.04169     0.00000
    -16.445        -0.06674    -0.01926    -0.04747     0.00000
    -16.295        -0.07377    -0.02004    -0.05373     0.00000
    -16.145        -0.07890    -0.02083    -0.05807     0.00000
    -15.995        -0.08784    -0.02266    -0.06518     0.00000
    -15.845        -0.09741    -0.02583    -0.07158     0.00000
    -15.695        -0.10640    -0.02765    -0.07875     0.00000
    -15.545        -0.11442    -0.02843    -0.08599     0.00000
    -15.395        -0.12129    -0.02990    -0.09139     0.00000
    -15.245        -0.13236    -0.03406    -0.09831     0.00000
    -15.095        -0.14465    -0.03754    -0.10710     0.00000
    -14.945        -0.15667    -0.03968    -0.11699     0.00000
    -14.795        -0.16576    -0.04214    -0.12362     0.00000
    -14.645        -0.18019    -0.04493    -0.13526     0.00000
    -14.495        -0.19355    -0.04769    -0.14586     0.00000
    -14.345        -0.20506    -0.05109    -0.15397     0.00000
    -14.195        -0.21686    -0.05480    -0.16206     0.00000
    -14.045        -0.23112    -0.05724    -0.17388     0.00000
    -13.895        -0.24537    -0.05935    -0.18602     0.00000
    -13.745        -0.25783    -0.06301    -0.19481     0.00000
    -13.595        -0.26898    -0.06511    -0.20387     0.00000
    -13.445        -0.28173    -0.06816    -0.21357     0.00000
    -13.295        -0.29533    -0.07238    -0.22295     0.00000
    -13.145        -0.30672    -0.07509    -0.23163     0.00000
    -12.995        -0.31865    -0.07900    -0.23966     0.00000
    -12.845        -0.33115    -0.08376    -0.24739     0.00000
    -12.695        -0.34578    -0.08794    -0.25784     0.00000
    -12.545        -0.35919    -0.09091    -0.26828     0.00000
    -12.395        -0.37131    -0.09476    -0.27655     0.00000
    -12.245        -0.38304    -0.09913    -0.28391     0.00000
    -12.095        -0.39598    -0.10352    -0.29246     0.00000
    -11.945        -0.40952    -0.10592    -0.30360     0.00000
    -11.795        -0.42238    -0.10916    -0.31322     0.00000
    -11.645        -0.43270    -0.11071    -0.32199     0.00000
    -11.495        -0.44743    -0.11584    -0.33160     0.00000
    -11.345        -0.46241    -0.12015    -0.34226     0.00000
    -11.195        -0.47512    -0.12417    -0.35094     0.00000
    -11.045        -0.48783    -0.12714    -0.36069     0.00000
    -10.895        -0.50108    -0.12983    -0.37125     0.00000
    -10.745        -0.51244    -0.13385    -0.37859     0.00000
    -10.595        -0.52398    -0.13810    -0.38588     0.00000
    -10.445        -0.53795    -0.14162    -0.39633     0.00000
    -10.295        -0.55332    -0.14658    -0.40674    -0.00000
    -10.145        -0.56664    -0.15105    -0.41559     0.00000
    -9.9950        -0.57924    -0.15554    -0.42370    -0.00000
    -9.8450        -0.59804    -0.16141    -0.43521    -0.00141
    -9.6950        -0.61799    -0.16732    -0.44722    -0.00346
    -9.5450        -0.63836    -0.17207    -0.45696    -0.00933
    -9.3950        -0.66366    -0.17861    -0.46672    -0.01832
    -9.2450        -0.69658    -0.18425    -0.47923    -0.03310
    -9.0950        -0.74495    -0.19310    -0.49010    -0.06174
    -8.9450        -0.80654    -0.20049    -0.49966    -0.10640
    -8.7950        -0.88338    -0.20659    -0.50983    -0.16696
    -8.6450        -0.98463    -0.21376    -0.52004    -0.25083
    -8.4950        -1.12990    -0.22371    -0.53047    -0.37573
    -8.3450        -1.30777    -0.23291    -0.54069    -0.53417
    -8.1950        -1.52837    -0.24315    -0.55213    -0.73309
    -8.0450        -1.78841    -0.25307    -0.56397    -0.97137
    -7.8950        -2.09885    -0.26585    -0.57462    -1.25838
    -7.7450        -2.45353    -0.28059    -0.58645    -1.58649
    -7.5950        -2.87085    -0.29599    -0.59853    -1.97633
    -7.4450        -3.33492    -0.31152    -0.61172    -2.41167
    -7.2950        -3.83638    -0.32953    -0.62577    -2.88108
    -7.1450        -4.37324    -0.34737    -0.64142    -3.38445
    -6.9950        -4.94655    -0.36948    -0.65669    -3.92037
    -6.8450        -5.55582    -0.39402    -0.67363    -4.48817
    -6.6950        -6.17626    -0.41938    -0.68934    -5.06754
    -6.5450        -6.80333    -0.44473    -0.70520    -5.65339
    -6.3950        -7.44776    -0.47096    -0.72341    -6.25339
    -6.2450        -8.07429    -0.49819    -0.74405    -6.83205
    -6.0950        -8.68701    -0.52411    -0.76177    -7.40113
    -5.9450        -9.29604    -0.55275    -0.77952    -7.96377
    -5.7950        -9.87296    -0.57962    -0.79898    -8.49437
    -5.6450       -10.44370    -0.60860    -0.81943    -9.01566
    -5.4950       -11.00683    -0.64124    -0.84257    -9.52301
    -5.3450       -11.54154    -0.66837    -0.86578   -10.00738
    -5.1950       -12.07406    -0.70133    -0.89023   -10.48250
    -5.0450       -12.58066    -0.73491    -0.91648   -10.92927
    -4.8950       -13.06018    -0.76644    -0.94076   -11.35297
    -4.7450       -13.53531    -0.80053    -0.96528   -11.76949
    -4.5950       -14.00572    -0.83424    -0.99531   -12.17617
    -4.4450       -14.46885    -0.86940    -1.02397   -12.57548
    -4.2950       -14.93502    -0.90614    -1.05365   -12.97523
    -4.1450       -15.39456    -0.94219    -1.08245   -13.36993
    -3.9950       -15.87214    -0.97725    -1.11424   -13.78064
    -3.8450       -16.36549    -1.01378    -1.14639   -14.20532
    -3.6950       -16.86623    -1.05748    -1.18245   -14.62630
    -3.5450       -17.38442    -1.09976    -1.22111   -15.06356
    -3.3950       -17.91264    -1.14239    -1.26064   -15.50961
    -3.2450       -18.45505    -1.18234    -1.30202   -15.97069
    -3.0950       -19.02323    -1.22996    -1.35065   -16.44262
    -2.9450       -19.60850    -1.27743    -1.40021   -16.93086
    -2.7950       -20.21413    -1.32639    -1.45039   -17.43735
    -2.6450       -20.86627    -1.37936    -1.50669   -17.98022
    -2.4950       -21.56572    -1.43838    -1.56606   -18.56128
    -2.3450       -22.31346    -1.49694    -1.62669   -19.18983
    -2.1950       -23.15334    -1.55884    -1.69712   -19.89738
    -2.0450       -24.07650    -1.62370    -1.77055   -20.68225
    -1.8950       -25.13590    -1.69265    -1.85255   -21.59070
    -1.7450       -26.34202    -1.76582    -1.93731   -22.63889
    -1.5950       -27.69601    -1.84309    -2.03074   -23.82219
    -1.4450       -29.21565    -1.92409    -2.13132   -25.16025
    -1.2950       -30.92765    -2.01424    -2.24524   -26.66817
    -1.1450       -32.82188    -2.11696    -2.37358   -28.33135
   -0.99500       -34.91682    -2.23373    -2.52100   -30.16209
   -0.84500       -37.19231    -2.36447    -2.68816   -32.13968
   -0.69500       -39.73852    -2.51612    -2.89293   -34.32947
   -0.54500       -42.70554    -2.69654    -3.13203   -36.87696
   -0.39500       -46.43915    -2.90572    -3.39688   -40.13655
   -0.25300       -49.56269    -3.03571    -3.55801   -42.96896
   -0.21500       -49.78747    -3.04304    -3.56689   -43.17754
   -0.20900       -50.01627    -3.05020    -3.57543   -43.39064
   -0.20300       -50.25025    -3.05723    -3.58378   -43.60924
   -0.19700       -50.49148    -3.06408    -3.59221   -43.83519
   -0.19100       -50.73825    -3.07078    -3.60050   -44.06696
   -0.18500       -50.99308    -3.07765    -3.60838   -44.30706
   -0.17900       -51.25477    -3.08453    -3.61631   -44.55393
   -0.17300       -51.52412    -3.09111    -3.62374   -44.80927
   -0.16700       -51.80119    -3.09771    -3.63099   -45.07250
   -0.16100       -52.08826    -3.10397    -3.63809   -45.34620
   -0.15500       -52.38542    -3.11009    -3.64486   -45.63047
   -0.14900       -52.69427    -3.11610    -3.65151   -45.92666
   -0.14300       -53.01552    -3.12212    -3.65789   -46.23551
   -0.13700       -53.35123    -3.12787    -3.66403   -46.55934
   -0.13100       -53.70005    -3.13336    -3.67006   -46.89664
   -0.12500       -54.06660    -3.13868    -3.67569   -47.25223
   -0.11900       -54.45357    -3.14389    -3.68123   -47.62846
   -0.11300       -54.86053    -3.14892    -3.68655   -48.02506
   -0.10700       -55.28622    -3.15355    -3.69143   -48.44124
   -0.10100       -55.73658    -3.15823    -3.69612   -48.88223
   -0.95000E-01   -56.21358    -3.16255    -3.70056   -49.35047
   -0.89000E-01   -56.71977    -3.16656    -3.70477   -49.84843
   -0.83000E-01   -57.25695    -3.17045    -3.70868   -50.37782
   -0.77000E-01   -57.82993    -3.17411    -3.71235   -50.94347
   -0.71000E-01   -58.43922    -3.17743    -3.71571   -51.54608
   -0.65000E-01   -59.08976    -3.18045    -3.71870   -52.19061
   -0.59000E-01   -59.78337    -3.18328    -3.72148   -52.87860
   -0.53000E-01   -60.52583    -3.18590    -3.72399   -53.61594
   -0.47000E-01   -61.32062    -3.18816    -3.72620   -54.40626
   -0.41000E-01   -62.17803    -3.19019    -3.72818   -55.25966
   -0.35000E-01   -63.10375    -3.19187    -3.72980   -56.18208
   -0.29000E-01   -64.09523    -3.19332    -3.73117   -57.17074
   -0.23000E-01   -65.11528    -3.19446    -3.73223   -58.18859
   -0.19700E-01   -65.21527    -3.19456    -3.73233   -58.28838
   -0.19100E-01   -65.31501    -3.19465    -3.73242   -58.38794
   -0.18500E-01   -65.41381    -3.19475    -3.73251   -58.48655
   -0.17900E-01   -65.51146    -3.19484    -3.73259   -58.58403
   -0.17300E-01   -65.60794    -3.19492    -3.73267   -58.68035
   -0.16700E-01   -65.70281    -3.19500    -3.73275   -58.77506
   -0.16100E-01   -65.79609    -3.19508    -3.73283   -58.86818
   -0.15500E-01   -65.88765    -3.19515    -3.73290   -58.95960
   -0.14900E-01   -65.97725    -3.19522    -3.73297   -59.04905
   -0.14300E-01   -66.06475    -3.19530    -3.73304   -59.13641
   -0.13700E-01   -66.14993    -3.19536    -3.73311   -59.22146
   -0.13100E-01   -66.23250    -3.19542    -3.73317   -59.30391
   -0.12500E-01   -66.31235    -3.19548    -3.73323   -59.38364
   -0.11900E-01   -66.38938    -3.19554    -3.73328   -59.46055
   -0.11300E-01   -66.46335    -3.19560    -3.73333   -59.53442
   -0.10700E-01   -66.53423    -3.19565    -3.73339   -59.60519
   -0.10100E-01   -66.60182    -3.19570    -3.73343   -59.67269
   -0.95000E-02   -66.66579    -3.19574    -3.73348   -59.73657
   -0.89000E-02   -66.72650    -3.19579    -3.73352   -59.79719
   -0.83000E-02   -66.78362    -3.19583    -3.73356   -59.85423
   -0.77000E-02   -66.83699    -3.19587    -3.73360   -59.90753
   -0.71000E-02   -66.88662    -3.19590    -3.73363   -59.95709
   -0.65000E-02   -66.93226    -3.19594    -3.73367   -60.00266
   -0.59000E-02   -66.97401    -3.19597    -3.73369   -60.04435
   -0.53000E-02   -67.01168    -3.19600    -3.73372   -60.08196
   -0.47000E-02   -67.04525    -3.19602    -3.73374   -60.11548
   -0.41000E-02   -67.07463    -3.19604    -3.73376   -60.14482
   -0.35000E-02   -67.09986    -3.19606    -3.73378   -60.17002
   -0.29000E-02   -67.12081    -3.19607    -3.73379   -60.19094
   -0.23000E-02   -67.13748    -3.19609    -3.73381   -60.20759
   -0.17000E-02   -67.14985    -3.19609    -3.73381   -60.21995
   -0.11000E-02   -67.15788    -3.19610    -3.73382   -60.22796
   -0.50000E-03   -67.16155    -3.19610    -3.73383   -60.23162
    0.10000E-03   -67.16086    -3.19610    -3.73383   -60.23094
    0.70000E-03   -67.15582    -3.19610    -3.73382   -60.22590
    0.13000E-02   -67.14637    -3.19609    -3.73382   -60.21646
    0.19000E-02   -67.13262    -3.19608    -3.73381   -60.20273
    0.25000E-02   -67.11454    -3.19607    -3.73380   -60.18468
    0.31000E-02   -67.09223    -3.19606    -3.73378   -60.16239
    0.37000E-02   -67.06561    -3.19604    -3.73377   -60.13580
    0.43000E-02   -67.03480    -3.19602    -3.73375   -60.10503
    0.49000E-02   -66.99986    -3.19600    -3.73373   -60.07014
    0.55000E-02   -66.96074    -3.19597    -3.73370   -60.03107
    0.61000E-02   -66.91765    -3.19594    -3.73368   -59.98803
    0.67000E-02   -66.87055    -3.19591    -3.73365   -59.94099
    0.73000E-02   -66.81956    -3.19587    -3.73362   -59.89006
    0.79000E-02   -66.76486    -3.19584    -3.73359   -59.83543
    0.85000E-02   -66.70631    -3.19580    -3.73355   -59.77696
    0.91000E-02   -66.64405    -3.19576    -3.73351   -59.71479
    0.97000E-02   -66.57852    -3.19571    -3.73347   -59.64935
    0.10300E-01   -66.50956    -3.19566    -3.73341   -59.58049
    0.10900E-01   -66.43728    -3.19561    -3.73337   -59.50830
    0.11500E-01   -66.36197    -3.19555    -3.73332   -59.43309
    0.12100E-01   -66.28394    -3.19550    -3.73326   -59.35518
    0.12700E-01   -66.20304    -3.19543    -3.73320   -59.27441
    0.13300E-01   -66.11907    -3.19536    -3.73314   -59.19057
    0.13900E-01   -66.03281    -3.19529    -3.73308   -59.10444
    0.14500E-01   -65.94411    -3.19522    -3.73302   -59.01588
    0.15100E-01   -65.85340    -3.19514    -3.73296   -58.92529
    0.15700E-01   -65.76053    -3.19507    -3.73289   -58.83258
    0.16300E-01   -65.66592    -3.19499    -3.73282   -58.73812
    0.16900E-01   -65.56978    -3.19489    -3.73275   -58.64214
    0.17500E-01   -65.47260    -3.19481    -3.73267   -58.54513
    0.18100E-01   -65.37391    -3.19471    -3.73259   -58.44661
    0.18700E-01   -65.27434    -3.19462    -3.73250   -58.34722
    0.19300E-01   -65.17415    -3.19452    -3.73240   -58.24723
    0.20200E-01   -64.77948    -3.19412    -3.73204   -57.85332
    0.25000E-01   -63.76188    -3.19288    -3.73089   -56.83811
    0.31000E-01   -62.79440    -3.19131    -3.72959   -55.87349
    0.37000E-01   -61.89952    -3.18946    -3.72790   -54.98216
    0.43000E-01   -61.07594    -3.18734    -3.72599   -54.16261
    0.49000E-01   -60.31309    -3.18489    -3.72375   -53.40445
    0.55000E-01   -59.60493    -3.18220    -3.72127   -52.70146
    0.61000E-01   -58.94801    -3.17922    -3.71863   -52.05015
    0.67000E-01   -58.33644    -3.17601    -3.71569   -51.44474
    0.73000E-01   -57.76524    -3.17241    -3.71250   -50.88033
    0.79000E-01   -57.23250    -3.16863    -3.70904   -50.35483
    0.85000E-01   -56.73536    -3.16458    -3.70535   -49.86543
    0.91000E-01   -56.26991    -3.16011    -3.70146   -49.40834
    0.97000E-01   -55.83204    -3.15541    -3.69716   -48.97947
    0.10300       -55.42198    -3.15059    -3.69281   -48.57859
    0.10900       -55.03807    -3.14535    -3.68826   -48.20446
    0.11500       -54.67583    -3.13995    -3.68348   -47.85239
    0.12100       -54.33452    -3.13430    -3.67850   -47.52171
    0.12700       -54.01258    -3.12824    -3.67328   -47.21106
    0.13300       -53.70797    -3.12218    -3.66784   -46.91794
    0.13900       -53.41778    -3.11566    -3.66232   -46.63979
    0.14500       -53.14202    -3.10895    -3.65662   -46.37645
    0.15100       -52.87984    -3.10203    -3.65078   -46.12703
    0.15700       -52.62804    -3.09491    -3.64488   -45.88825
    0.16300       -52.38909    -3.08774    -3.63859   -45.66276
    0.16900       -52.15920    -3.08042    -3.63225   -45.44653
    0.17500       -51.93807    -3.07270    -3.62579   -45.23958
    0.18100       -51.72555    -3.06475    -3.61948   -45.04132
    0.18700       -51.52018    -3.05677    -3.61284   -44.85057
    0.19300       -51.32189    -3.04849    -3.60603   -44.66738
    0.19900       -51.12862    -3.04019    -3.59917   -44.48926
    0.20500       -50.94098    -3.03153    -3.59215   -44.31730
    0.21100       -50.75884    -3.02261    -3.58528   -44.15095
    0.21700       -50.58239    -3.01385    -3.57809   -43.99045
    0.29500       -47.10385    -2.75263    -3.38327   -40.96796
    0.44500       -44.91695    -2.49428    -3.18649   -39.23618
    0.59500       -43.34639    -2.27277    -3.01000   -38.06361
    0.74500       -42.11482    -2.08935    -2.85421   -37.17126
    0.89500       -41.10201    -1.93476    -2.71693   -36.45032
     1.0450       -40.22938    -1.79891    -2.59392   -35.83654
     1.1950       -39.47311    -1.67738    -2.48309   -35.31265
     1.3450       -38.80716    -1.56827    -2.38336   -34.85553
     1.4950       -38.22114    -1.46848    -2.29394   -34.45873
     1.6450       -37.70532    -1.38012    -2.21192   -34.11327
     1.7950       -37.25130    -1.29967    -2.13829   -33.81333
     1.9450       -36.85128    -1.22756    -2.07196   -33.55176
     2.0950       -36.49937    -1.16267    -2.01046   -33.32624
     2.2450       -36.18217    -1.10355    -1.95456   -33.12406
     2.3950       -35.90038    -1.05009    -1.90228   -32.94801
     2.5450       -35.64946    -1.00151    -1.85394   -32.79401
     2.6950       -35.41787    -0.95685    -1.80937   -32.65165
     2.8450       -35.20870    -0.91775    -1.76795   -32.52301
     2.9950       -35.01748    -0.88096    -1.72953   -32.40699
     3.1450       -34.84251    -0.84734    -1.69348   -32.30169
     3.2950       -34.68228    -0.81624    -1.66072   -32.20532
     3.4450       -34.52977    -0.78705    -1.63046   -32.11226
     3.5950       -34.38902    -0.76014    -1.60295   -32.02593
     3.7450       -34.26188    -0.73586    -1.57684   -31.94919
     3.8950       -34.14100    -0.71261    -1.55198   -31.87641
     4.0450       -34.02790    -0.69095    -1.52928   -31.80768
     4.1950       -33.92026    -0.67043    -1.50773   -31.74209
     4.3450       -33.81930    -0.65087    -1.48909   -31.67933
     4.4950       -33.72207    -0.63245    -1.47094   -31.61867
     4.6450       -33.62807    -0.61558    -1.45281   -31.55969
     4.7950       -33.54061    -0.59937    -1.43652   -31.50473
     4.9450       -33.45644    -0.58372    -1.42100   -31.45172
     5.0950       -33.37868    -0.56984    -1.40817   -31.40067
     5.2450       -33.30414    -0.55652    -1.39696   -31.35067
     5.3950       -33.23145    -0.54424    -1.38484   -31.30237
     5.5450       -33.16473    -0.53144    -1.37705   -31.25625
     5.6950       -33.10083    -0.51995    -1.36974   -31.21113
     5.8450       -33.03764    -0.50878    -1.36196   -31.16690
     5.9950       -32.97511    -0.49741    -1.35368   -31.12402
     6.1450       -32.91664    -0.48759    -1.34640   -31.08265
     6.2950       -32.86256    -0.47789    -1.34243   -31.04224
     6.4450       -32.81185    -0.47107    -1.33842   -31.00236
     6.5950       -32.76451    -0.46608    -1.33445   -30.96399
     6.7450       -32.71383    -0.45774    -1.32973   -30.92637
     6.8950       -32.66976    -0.45147    -1.32857   -30.88971
     7.0450       -32.62275    -0.44582    -1.32312   -30.85380
     7.1950       -32.57751    -0.43869    -1.32006   -30.81877
     7.3450       -32.53521    -0.43369    -1.31701   -30.78451
     7.4950       -32.49070    -0.42752    -1.31228   -30.75090
     7.6450       -32.44955    -0.42330    -1.30832   -30.71794
     7.7950       -32.41155    -0.41832    -1.30748   -30.68574
     7.9450       -32.37345    -0.41497    -1.30443   -30.65405
     8.0950       -32.33659    -0.40998    -1.30367   -30.62295
     8.2450       -32.30211    -0.40667    -1.30296   -30.59248
     8.3950       -32.26920    -0.40566    -1.30098   -30.56256
     8.5450       -32.23687    -0.40467    -1.29901   -30.53319
     8.6950       -32.20077    -0.40042    -1.29595   -30.50440
     8.8450       -32.16845    -0.39949    -1.29287   -30.47608
     8.9950       -32.13773    -0.39727    -1.29229   -30.44816
     9.1450       -32.10755    -0.39642    -1.29033   -30.42081
     9.2950       -32.07771    -0.39559    -1.28835   -30.39377
     9.4450       -32.04852    -0.39479    -1.28637   -30.36736
     9.5950       -32.02111    -0.39401    -1.28585   -30.34126
     9.7450       -31.99269    -0.39324    -1.28385   -30.31560
     9.8950       -31.96315    -0.39100    -1.28186   -30.29029
     10.045       -31.93709    -0.39029    -1.28141   -30.26540
     10.195       -31.91145    -0.38961    -1.28096   -30.24088
     10.345       -31.88613    -0.38894    -1.28053   -30.21667
     10.495       -31.86130    -0.38827    -1.28012   -30.19290
     10.645       -31.83685    -0.38765    -1.27972   -30.16948
     10.795       -31.81268    -0.38703    -1.27933   -30.14632
     10.945       -31.78732    -0.38477    -1.27897   -30.12358
     11.095       -31.76386    -0.38418    -1.27862   -30.10105
     11.245       -31.74069    -0.38360    -1.27827   -30.07882
     11.395       -31.71791    -0.38303    -1.27793   -30.05695
     11.545       -31.69366    -0.38249    -1.27586   -30.03531
     11.695       -31.67141    -0.38195    -1.27552   -30.01394
     11.845       -31.64956    -0.38143    -1.27519   -29.99293
     11.995       -31.62793    -0.38091    -1.27488   -29.97213
     12.145       -31.60666    -0.38041    -1.27457   -29.95169
     12.295       -31.58564    -0.37992    -1.27427   -29.93144
     12.445       -31.56492    -0.37945    -1.27397   -29.91150
     12.595       -31.54443    -0.37898    -1.27367   -29.89178
     12.745       -31.52410    -0.37852    -1.27339   -29.87220
     12.895       -31.50412    -0.37806    -1.27310   -29.85296
     13.045       -31.48436    -0.37763    -1.27282   -29.83391
     13.195       -31.46479    -0.37718    -1.27256   -29.81505
     13.345       -31.44546    -0.37676    -1.27230   -29.79640
     13.495       -31.42643    -0.37635    -1.27205   -29.77803
     13.645       -31.40753    -0.37593    -1.27178   -29.75982
     13.795       -31.38895    -0.37552    -1.27153   -29.74190
     13.945       -31.37052    -0.37513    -1.27129   -29.72411
     14.095       -31.35224    -0.37474    -1.27105   -29.70645
     14.245       -31.33425    -0.37436    -1.27081   -29.68909
     14.395       -31.31644    -0.37397    -1.27058   -29.67189
     14.545       -31.29881    -0.37361    -1.27035   -29.65484
     14.695       -31.28135    -0.37324    -1.27013   -29.63798
     14.845       -31.26402    -0.37288    -1.26992   -29.62122
     14.995       -31.24686    -0.37251    -1.26970   -29.60465
     15.145       -31.22994    -0.37216    -1.26948   -29.58830
     15.295       -31.21323    -0.37182    -1.26927   -29.57213
     15.445       -31.19659    -0.37149    -1.26906   -29.55604
     15.595       -31.18018    -0.37116    -1.26885   -29.54017
     15.745       -31.16395    -0.37083    -1.26865   -29.52447
     15.895       -31.14784    -0.37050    -1.26845   -29.50888
     16.045       -31.13191    -0.37018    -1.26825   -29.49348
     16.195       -31.11613    -0.36986    -1.26806   -29.47821
     16.345       -31.10053    -0.36955    -1.26787   -29.46311
     16.495       -31.08497    -0.36925    -1.26767   -29.44805
     16.645       -31.06960    -0.36894    -1.26749   -29.43317
     16.795       -31.05436    -0.36864    -1.26730   -29.41841
     16.945       -31.03924    -0.36834    -1.26713   -29.40376
     17.095       -31.02432    -0.36805    -1.26696   -29.38931
     17.245       -31.00952    -0.36776    -1.26679   -29.37498
     17.395       -30.99483    -0.36747    -1.26662   -29.36074
     17.545       -30.98028    -0.36719    -1.26645   -29.34664
     17.695       -30.96586    -0.36691    -1.26628   -29.33267
     17.845       -30.95154    -0.36663    -1.26612   -29.31879
     17.995       -30.93737    -0.36635    -1.26594   -29.30508
     18.145       -30.92331    -0.36609    -1.26579   -29.29144
     18.295       -30.90942    -0.36582    -1.26561   -29.27799
     18.445       -30.89556    -0.36555    -1.26546   -29.26455
     18.595       -30.88190    -0.36529    -1.26530   -29.25131
     18.745       -30.86830    -0.36503    -1.26515   -29.23812
     18.895       -30.85480    -0.36478    -1.26500   -29.22502
     19.045       -30.84144    -0.36452    -1.26485   -29.21207
     19.195       -30.82819    -0.36427    -1.26470   -29.19921
     19.345       -30.81504    -0.36402    -1.26456   -29.18646
     19.495       -30.80204    -0.36378    -1.26441   -29.17385
     19.645       -30.78914    -0.36354    -1.26427   -29.16133
     19.795       -30.77630    -0.36330    -1.26413   -29.14887
     19.945       -30.76357    -0.36306    -1.26398   -29.13653
     20.095       -30.75088    -0.36283    -1.26383   -29.12422
     20.245       -30.73834    -0.36259    -1.26370   -29.11204
     20.395       -30.72591    -0.36237    -1.26356   -29.09998
     20.545       -30.71352    -0.36214    -1.26343   -29.08795
     20.695       -30.70122    -0.36191    -1.26329   -29.07602
     20.845       -30.68909    -0.36169    -1.26315   -29.06424
     20.995       -30.67703    -0.36147    -1.26303   -29.05253
     21.145       -30.66508    -0.36125    -1.26290   -29.04093
     21.295       -30.65317    -0.36103    -1.26277   -29.02938
     21.445       -30.64132    -0.36081    -1.26264   -29.01788
     21.595       -30.62959    -0.36059    -1.26251   -29.00649
     21.745       -30.61791    -0.36038    -1.26238   -28.99515
     21.895       -30.60629    -0.36016    -1.26225   -28.98387
     22.045       -30.59482    -0.35995    -1.26212   -28.97275
     22.195       -30.58343    -0.35975    -1.26200   -28.96168
     22.345       -30.57210    -0.35955    -1.26187   -28.95068
     22.495       -30.56090    -0.35935    -1.26176   -28.93979
     22.645       -30.54970    -0.35915    -1.26163   -28.92892
     22.795       -30.53859    -0.35895    -1.26151   -28.91813
     22.945       -30.52758    -0.35875    -1.26139   -28.90743
     23.095       -30.51668    -0.35855    -1.26128   -28.89684
     23.245       -30.50582    -0.35836    -1.26116   -28.88630
     23.395       -30.49501    -0.35816    -1.26105   -28.87580
     23.545       -30.48424    -0.35797    -1.26093   -28.86534
     23.695       -30.47358    -0.35778    -1.26082   -28.85498
     23.845       -30.46296    -0.35759    -1.26071   -28.84466
     23.995       -30.45247    -0.35740    -1.26060   -28.83447
     24.145       -30.44202    -0.35722    -1.26049   -28.82432
     24.295       -30.43163    -0.35703    -1.26037   -28.81424
     24.445       -30.42130    -0.35684    -1.26026   -28.80420
     24.595       -30.41106    -0.35666    -1.26015   -28.79425
     24.745       -30.40088    -0.35648    -1.26005   -28.78435
     24.895       -30.39077    -0.35630    -1.25994   -28.77452
     25.045       -30.38077    -0.35612    -1.25984   -28.76482
     25.195       -30.37078    -0.35594    -1.25973   -28.75511
     25.345       -30.36082    -0.35576    -1.25963   -28.74544
     25.495       -30.35095    -0.35559    -1.25952   -28.73584
     25.645       -30.34109    -0.35541    -1.25942   -28.72625
     25.795       -30.33134    -0.35524    -1.25932   -28.71678
     25.945       -30.32164    -0.35507    -1.25922   -28.70735
     26.095       -30.31197    -0.35490    -1.25912   -28.69795
     26.245       -30.30238    -0.35474    -1.25902   -28.68862
     26.395       -30.29282    -0.35457    -1.25892   -28.67932
     26.545       -30.28334    -0.35441    -1.25882   -28.67011
     26.695       -30.27390    -0.35424    -1.25872   -28.66094
     26.845       -30.26457    -0.35407    -1.25863   -28.65187
     26.995       -30.25521    -0.35391    -1.25853   -28.64277
     27.145       -30.24596    -0.35375    -1.25843   -28.63378
     27.295       -30.23670    -0.35359    -1.25834   -28.62477
     27.445       -30.22754    -0.35342    -1.25824   -28.61588
     27.595       -30.21846    -0.35326    -1.25815   -28.60705
     27.745       -30.20941    -0.35311    -1.25806   -28.59824
     27.895       -30.20038    -0.35295    -1.25796   -28.58947
     28.045       -30.19143    -0.35279    -1.25787   -28.58076
     28.195       -30.18246    -0.35264    -1.25778   -28.57204
     28.345       -30.17362    -0.35249    -1.25769   -28.56345
     28.495       -30.16480    -0.35233    -1.25759   -28.55488
     28.645       -30.15602    -0.35217    -1.25750   -28.54635
     28.795       -30.14731    -0.35202    -1.25741   -28.53788
     28.945       -30.13866    -0.35187    -1.25732   -28.52947
     29.095       -30.13003    -0.35172    -1.25723   -28.52108
     29.245       -30.12144    -0.35157    -1.25715   -28.51272
     29.395       -30.11287    -0.35142    -1.25706   -28.50438
     29.545       -30.10437    -0.35128    -1.25698   -28.49611
     29.695       -30.09590    -0.35113    -1.25690   -28.48787
     29.845       -30.08755    -0.35099    -1.25681   -28.47975
     29.995       -30.07920    -0.35084    -1.25673   -28.47164
     30.145       -30.07093    -0.35070    -1.25664   -28.46359
     35.794       -29.52275    -0.34140    -1.25128   -27.93007
     49.810       -28.98268    -0.33242    -1.24621   -27.40404
     69.316       -28.45201    -0.32372    -1.24131   -26.88698
     96.460       -27.93189    -0.31528    -1.23652   -26.38009
     134.23       -27.42284    -0.30712    -1.23188   -25.88385
     186.80       -26.92573    -0.29917    -1.22729   -25.39927
     259.95       -26.44129    -0.29149    -1.22289   -24.92691
     361.74       -25.96953    -0.28405    -1.21858   -24.46690
     503.40       -25.51053    -0.27682    -1.21440   -24.01931
     700.53       -25.06435    -0.26986    -1.21033   -23.58416
     974.85       -24.63071    -0.26315    -1.20634   -23.16122
     1356.6       -24.20933    -0.25662    -1.20249   -22.75022
     1887.8       -23.80013    -0.25036    -1.19876   -22.35100
     2627.1       -23.40285    -0.24433    -1.19511   -21.96340
     3655.9       -23.01711    -0.23846    -1.19155   -21.58711
     5087.5       -22.64279    -0.23284    -1.18811   -21.22184
     7079.7       -22.27990    -0.22738    -1.18479   -20.86773
     9852.1       -21.92811    -0.22214    -1.18158   -20.52439
     13710.       -21.58765    -0.21710    -1.17843   -20.19211
     19079.       -21.25858    -0.21223    -1.17540   -19.87095
     26550.       -20.94067    -0.20751    -1.17244   -19.56072
     36947.       -20.63439    -0.20296    -1.16957   -19.26186
     51416.       -20.34005    -0.19856    -1.16681   -18.97468
     71550.       -20.05793    -0.19429    -1.16414   -18.69950
     99568.       -19.78713    -0.19016    -1.16158   -18.43540
    0.13856E+06   -19.52771    -0.18617    -1.15912   -18.18242
    0.19282E+06   -19.27985    -0.18233    -1.15676   -17.94075
    0.26832E+06   -19.04306    -0.17861    -1.15449   -17.70996
    0.37340E+06   -18.81714    -0.17503    -1.15230   -17.48981
    0.51962E+06   -18.60127    -0.17161    -1.15023   -17.27944
    0.72310E+06   -18.39463    -0.16834    -1.14824   -17.07805
    0.10063E+07   -18.19729    -0.16519    -1.14634   -16.88575
    0.14003E+07   -18.00923    -0.16217    -1.14453   -16.70253
    0.19487E+07   -17.83017    -0.15929    -1.14278   -16.52810
    0.27118E+07   -17.65947    -0.15654    -1.14111   -16.36181
    0.37737E+07   -17.49691    -0.15392    -1.13952   -16.20348
    0.52514E+07   -17.34219    -0.15141    -1.13800   -16.05278
    0.73079E+07   -17.19488    -0.14902    -1.13657   -15.90930
    0.10170E+08   -17.05455    -0.14673    -1.13519   -15.77262
    0.14152E+08   -16.92100    -0.14455    -1.13388   -15.64258
    0.19694E+08   -16.79392    -0.14249    -1.13263   -15.51881
    0.27406E+08   -16.67305    -0.14050    -1.13144   -15.40112
    0.38138E+08   -16.55853    -0.13861    -1.13030   -15.28961
    0.53073E+08   -16.45042    -0.13682    -1.12922   -15.18438
    0.73856E+08   -16.34850    -0.13512    -1.12819   -15.08519
    0.10278E+09   -16.25253    -0.13348    -1.12722   -14.99182
    0.14302E+09   -16.16273    -0.13195    -1.12631   -14.90446
    0.19903E+09   -16.07945    -0.13048    -1.12545   -14.82352
    0.27697E+09   -16.00249    -0.12909    -1.12463   -14.74877
    0.38543E+09   -15.93234    -0.12776    -1.12386   -14.68072
    0.53637E+09   -15.86823    -0.12650    -1.12316   -14.61857
    0.74641E+09   -15.80942    -0.12531    -1.12251   -14.56160
    0.10387E+10   -15.75534    -0.12421    -1.12193   -14.50921
    0.14454E+10   -15.70554    -0.12316    -1.12138   -14.46101
    0.20115E+10   -15.65971    -0.12217    -1.12088   -14.41665
    0.27992E+10   -15.61748    -0.12126    -1.12044   -14.37579
    0.38953E+10   -15.57858    -0.12041    -1.12002   -14.33815
    0.54207E+10   -15.54276    -0.11964    -1.11964   -14.30348
    0.75434E+10   -15.50975    -0.11893    -1.11929   -14.27154
    0.10497E+11   -15.47937    -0.11830    -1.11896   -14.24211
    0.14608E+11   -15.45139    -0.11771    -1.11866   -14.21501
    0.20329E+11   -15.42557    -0.11716    -1.11839   -14.19002
    0.28289E+11   -15.40181    -0.11667    -1.11813   -14.16701
    0.39367E+11   -15.37991    -0.11620    -1.11790   -14.14581
    0.54783E+11   -15.35975    -0.11577    -1.11769   -14.12629
    0.10000E+12   -15.12456    -0.11088    -1.11515   -13.89853
