    -44.945         0.00000     0.00000     0.00000     0.00000
    -44.795         0.00000     0.00000     0.00000     0.00000
    -44.645         0.00000     0.00000     0.00000     0.00000
    -44.495         0.00000     0.00000     0.00000     0.00000
    -44.345         0.00000     0.00000     0.00000     0.00000
    -44.195         0.00000     0.00000     0.00000     0.00000
    -44.045         0.00000     0.00000     0.00000     0.00000
    -43.895         0.00000     0.00000     0.00000     0.00000
    -43.745         0.00000     0.00000     0.00000     0.00000
    -43.595         0.00000     0.00000     0.00000     0.00000
    -43.445         0.00000     0.00000     0.00000     0.00000
    -43.295         0.00000     0.00000     0.00000     0.00000
    -43.145         0.00000     0.00000     0.00000     0.00000
    -42.995         0.00000     0.00000     0.00000     0.00000
    -42.845         0.00000     0.00000     0.00000     0.00000
    -42.695         0.00000     0.00000     0.00000     0.00000
    -42.545         0.00000     0.00000     0.00000     0.00000
    -42.395         0.00000     0.00000     0.00000     0.00000
    -42.245         0.00000     0.00000     0.00000     0.00000
    -42.095         0.00000     0.00000     0.00000     0.00000
    -41.945         0.00000     0.00000     0.00000     0.00000
    -41.795         0.00000     0.00000     0.00000     0.00000
    -41.645         0.00000     0.00000     0.00000     0.00000
    -41.495         0.00000     0.00000     0.00000     0.00000
    -41.345         0.00000     0.00000     0.00000     0.00000
    -41.195         0.00000     0.00000     0.00000     0.00000
    -41.045         0.00000     0.00000     0.00000     0.00000
    -40.895         0.00000     0.00000     0.00000     0.00000
    -40.745         0.00000     0.00000     0.00000     0.00000
    -40.595         0.00000     0.00000     0.00000     0.00000
    -40.445         0.00000     0.00000     0.00000     0.00000
    -40.295         0.00000     0.00000     0.00000     0.00000
    -40.145         0.00000     0.00000     0.00000     0.00000
    -39.995         0.00000     0.00000     0.00000     0.00000
    -39.845         0.00000     0.00000     0.00000     0.00000
    -39.695         0.00000     0.00000     0.00000     0.00000
    -39.545         0.00000     0.00000     0.00000     0.00000
    -39.395         0.00000     0.00000     0.00000     0.00000
    -39.245         0.00000     0.00000     0.00000     0.00000
    -39.095         0.00000     0.00000     0.00000     0.00000
    -38.945         0.00000     0.00000     0.00000     0.00000
    -38.795         0.00000     0.00000     0.00000     0.00000
    -38.645         0.00000     0.00000     0.00000     0.00000
    -38.495         0.00000     0.00000     0.00000     0.00000
    -38.345         0.00000     0.00000     0.00000     0.00000
    -38.195         0.00000     0.00000     0.00000     0.00000
    -38.045         0.00000     0.00000     0.00000     0.00000
    -37.895         0.00000     0.00000     0.00000     0.00000
    -37.745         0.00000     0.00000     0.00000     0.00000
    -37.595         0.00000     0.00000     0.00000     0.00000
    -37.445         0.00000     0.00000     0.00000     0.00000
    -37.295         0.00000     0.00000     0.00000     0.00000
    -37.145         0.00000     0.00000     0.00000     0.00000
    -36.995         0.00000     0.00000     0.00000     0.00000
    -36.845         0.00000     0.00000     0.00000     0.00000
    -36.695         0.00000     0.00000     0.00000     0.00000
    -36.545         0.00000     0.00000     0.00000     0.00000
    -36.395         0.00000     0.00000     0.00000     0.00000
    -36.245         0.00000     0.00000     0.00000     0.00000
    -36.095         0.00000     0.00000     0.00000     0.00000
    -35.945         0.00000     0.00000     0.00000     0.00000
    -35.795         0.00000     0.00000     0.00000     0.00000
    -35.645         0.00000     0.00000     0.00000     0.00000
    -35.495         0.00000     0.00000     0.00000     0.00000
    -35.345         0.00000     0.00000     0.00000     0.00000
    -35.195         0.00000     0.00000     0.00000     0.00000
    -35.045         0.00000     0.00000     0.00000     0.00000
    -34.895         0.00000     0.00000     0.00000     0.00000
    -34.745         0.00000     0.00000     0.00000     0.00000
    -34.595         0.00000     0.00000     0.00000     0.00000
    -34.445         0.00000     0.00000     0.00000     0.00000
    -34.295         0.00000     0.00000     0.00000     0.00000
    -34.145         0.00000     0.00000     0.00000     0.00000
    -33.995         0.00000     0.00000     0.00000     0.00000
    -33.845         0.00000     0.00000     0.00000     0.00000
    -33.695         0.00000     0.00000     0.00000     0.00000
    -33.545         0.00000     0.00000     0.00000     0.00000
    -33.395         0.00000     0.00000     0.00000     0.00000
    -33.245         0.00000     0.00000     0.00000     0.00000
    -33.095         0.00000     0.00000     0.00000     0.00000
    -32.945         0.00000     0.00000     0.00000     0.00000
    -32.795         0.00000     0.00000     0.00000     0.00000
    -32.645         0.00000     0.00000     0.00000     0.00000
    -32.495         0.00000     0.00000     0.00000     0.00000
    -32.345         0.00000     0.00000     0.00000     0.00000
    -32.195         0.00000     0.00000     0.00000     0.00000
    -32.045         0.00000     0.00000     0.00000     0.00000
    -31.895         0.00000     0.00000     0.00000     0.00000
    -31.745         0.00000     0.00000     0.00000     0.00000
    -31.595         0.00000     0.00000     0.00000     0.00000
    -31.445         0.00000     0.00000     0.00000     0.00000
    -31.295         0.00000     0.00000     0.00000     0.00000
    -31.145         0.00000     0.00000     0.00000     0.00000
    -30.995         0.00000     0.00000     0.00000     0.00000
    -30.845         0.00000     0.00000     0.00000     0.00000
    -30.695         0.00000     0.00000     0.00000     0.00000
    -30.545         0.00000     0.00000     0.00000     0.00000
    -30.395         0.00000     0.00000     0.00000     0.00000
    -30.245         0.00000     0.00000     0.00000     0.00000
    -30.095         0.00000     0.00000     0.00000     0.00000
    -29.945         0.00000     0.00000     0.00000     0.00000
    -29.795         0.00000     0.00000     0.00000     0.00000
    -29.645         0.00000     0.00000     0.00000     0.00000
    -29.495         0.00000     0.00000     0.00000     0.00000
    -29.345         0.00000     0.00000     0.00000     0.00000
    -29.195         0.00000     0.00000     0.00000     0.00000
    -29.045         0.00000     0.00000     0.00000     0.00000
    -28.895         0.00000     0.00000     0.00000     0.00000
    -28.745         0.00000     0.00000     0.00000     0.00000
    -28.595         0.00000     0.00000     0.00000     0.00000
    -28.445         0.00000     0.00000     0.00000     0.00000
    -28.295         0.00000     0.00000     0.00000     0.00000
    -28.145         0.00000     0.00000     0.00000     0.00000
    -27.995         0.00000     0.00000     0.00000     0.00000
    -27.845         0.00000     0.00000     0.00000     0.00000
    -27.695         0.00000     0.00000     0.00000     0.00000
    -27.545         0.00000     0.00000     0.00000     0.00000
    -27.395         0.00000     0.00000     0.00000     0.00000
    -27.245         0.00000     0.00000     0.00000     0.00000
    -27.095         0.00000     0.00000     0.00000     0.00000
    -26.945         0.00000     0.00000     0.00000     0.00000
    -26.795         0.00000     0.00000     0.00000     0.00000
    -26.645         0.00000     0.00000     0.00000     0.00000
    -26.495         0.00000     0.00000     0.00000     0.00000
    -26.345         0.00000     0.00000     0.00000     0.00000
    -26.195         0.00000     0.00000     0.00000     0.00000
    -26.045         0.00000     0.00000     0.00000     0.00000
    -25.895         0.00000     0.00000     0.00000     0.00000
    -25.745         0.00000     0.00000     0.00000     0.00000
    -25.595         0.00000     0.00000     0.00000     0.00000
    -25.445         0.00000     0.00000     0.00000     0.00000
    -25.295         0.00000     0.00000     0.00000     0.00000
    -25.145         0.00000     0.00000     0.00000     0.00000
    -24.995         0.00000     0.00000     0.00000     0.00000
    -24.845         0.00000     0.00000     0.00000     0.00000
    -24.695         0.00000     0.00000     0.00000     0.00000
    -24.545         0.00000     0.00000     0.00000     0.00000
    -24.395         0.00000     0.00000     0.00000     0.00000
    -24.245         0.00000     0.00000     0.00000     0.00000
    -24.095         0.00000     0.00000     0.00000     0.00000
    -23.945         0.00000     0.00000     0.00000     0.00000
    -23.795         0.00000     0.00000     0.00000     0.00000
    -23.645         0.00000     0.00000     0.00000     0.00000
    -23.495         0.00000     0.00000     0.00000     0.00000
    -23.345         0.00000     0.00000     0.00000     0.00000
    -23.195         0.00000     0.00000     0.00000     0.00000
    -23.045         0.00000     0.00000     0.00000     0.00000
    -22.895         0.00000     0.00000     0.00000     0.00000
    -22.745         0.00000     0.00000     0.00000     0.00000
    -22.595         0.00000     0.00000     0.00000     0.00000
    -22.445         0.00000     0.00000     0.00000     0.00000
    -22.295         0.00000     0.00000     0.00000     0.00000
    -22.145         0.00000     0.00000     0.00000     0.00000
    -21.995        -0.00043    -0.00043     0.00000     0.00000
    -21.845        -0.00043    -0.00043     0.00000     0.00000
    -21.695        -0.00043    -0.00043     0.00000     0.00000
    -21.545        -0.00043    -0.00043     0.00000     0.00000
    -21.395        -0.00043    -0.00043     0.00000     0.00000
    -21.245        -0.00043    -0.00043     0.00000     0.00000
    -21.095        -0.00085    -0.00085     0.00000     0.00000
    -20.945        -0.00168    -0.00168     0.00000     0.00000
    -20.795        -0.00168    -0.00168     0.00000     0.00000
    -20.645        -0.00168    -0.00168     0.00000     0.00000
    -20.495        -0.00168    -0.00168     0.00000     0.00000
    -20.345        -0.00251    -0.00251     0.00000     0.00000
    -20.195        -0.00251    -0.00251     0.00000     0.00000
    -20.045        -0.00333    -0.00333     0.00000     0.00000
    -19.895        -0.00413    -0.00413    -0.00000     0.00000
    -19.745        -0.00572    -0.00531    -0.00041     0.00000
    -19.595        -0.00734    -0.00650    -0.00084     0.00000
    -19.445        -0.00775    -0.00691    -0.00084     0.00000
    -19.295        -0.00898    -0.00771    -0.00127     0.00000
    -19.145        -0.00898    -0.00771    -0.00127     0.00000
    -18.995        -0.00978    -0.00851    -0.00127     0.00000
    -18.845        -0.01136    -0.01009    -0.00127     0.00000
    -18.695        -0.01456    -0.01202    -0.00254     0.00000
    -18.545        -0.01583    -0.01284    -0.00299     0.00000
    -18.395        -0.01710    -0.01324    -0.00386     0.00000
    -18.245        -0.01896    -0.01511    -0.00386     0.00000
    -18.095        -0.02354    -0.01921    -0.00433     0.00000
    -17.945        -0.02480    -0.01999    -0.00481     0.00000
    -17.795        -0.02795    -0.02264    -0.00531     0.00000
    -17.645        -0.02964    -0.02381    -0.00584     0.00000
    -17.495        -0.03361    -0.02678    -0.00683     0.00000
    -17.345        -0.03930    -0.02939    -0.00991     0.00000
    -17.195        -0.04234    -0.03093    -0.01141     0.00000
    -17.045        -0.04642    -0.03389    -0.01253     0.00000
    -16.895        -0.05173    -0.03719    -0.01455     0.00000
    -16.745        -0.05602    -0.03940    -0.01662     0.00000
    -16.595        -0.05995    -0.04199    -0.01796     0.00000
    -16.445        -0.06819    -0.04562    -0.02257     0.00000
    -16.295        -0.07459    -0.04853    -0.02606     0.00000
    -16.145        -0.08056    -0.05214    -0.02842     0.00000
    -15.995        -0.08621    -0.05534    -0.03087     0.00000
    -15.845        -0.09470    -0.05819    -0.03651     0.00000
    -15.695        -0.10301    -0.06236    -0.04065     0.00000
    -15.545        -0.11025    -0.06655    -0.04370     0.00000
    -15.395        -0.11705    -0.06870    -0.04835     0.00000
    -15.245        -0.12446    -0.07219    -0.05227     0.00000
    -15.095        -0.13301    -0.07636    -0.05666     0.00000
    -14.945        -0.14159    -0.08014    -0.06146     0.00000
    -14.795        -0.14942    -0.08423    -0.06519     0.00000
    -14.645        -0.15916    -0.08799    -0.07117     0.00000
    -14.495        -0.16792    -0.09110    -0.07682     0.00000
    -14.345        -0.17836    -0.09731    -0.08106     0.00000
    -14.195        -0.19075    -0.10227    -0.08848     0.00000
    -14.045        -0.20058    -0.10503    -0.09554     0.00000
    -13.895        -0.20771    -0.10715    -0.10056     0.00000
    -13.745        -0.21706    -0.11111    -0.10595     0.00000
    -13.595        -0.22576    -0.11477    -0.11099     0.00000
    -13.445        -0.23514    -0.11872    -0.11641     0.00000
    -13.295        -0.24363    -0.12113    -0.12250     0.00000
    -13.145        -0.25452    -0.12625    -0.12827     0.00000
    -12.995        -0.26536    -0.13162    -0.13374     0.00000
    -12.845        -0.27437    -0.13609    -0.13828     0.00000
    -12.695        -0.28525    -0.14026    -0.14499     0.00000
    -12.545        -0.29307    -0.14383    -0.14923     0.00000
    -12.395        -0.30209    -0.14826    -0.15382     0.00000
    -12.245        -0.31211    -0.15094    -0.16117     0.00000
    -12.095        -0.31997    -0.15449    -0.16549     0.00000
    -11.945        -0.32905    -0.15830    -0.17074     0.00000
    -11.795        -0.33683    -0.16211    -0.17472     0.00000
    -11.645        -0.34926    -0.16778    -0.18148     0.00000
    -11.495        -0.35833    -0.17318    -0.18514     0.00000
    -11.345        -0.36743    -0.17696    -0.19048     0.00000
    -11.195        -0.37541    -0.18177    -0.19364     0.00000
    -11.045        -0.38615    -0.18631    -0.19985     0.00000
    -10.895        -0.39836    -0.19310    -0.20526     0.00000
    -10.745        -0.40781    -0.19838    -0.20943     0.00000
    -10.595        -0.41595    -0.20137    -0.21458     0.00000
    -10.445        -0.42354    -0.20438    -0.21916     0.00000
    -10.295        -0.43154    -0.20862    -0.22292    -0.00000
    -10.145        -0.44067    -0.21263    -0.22786    -0.00019
    -9.9950        -0.45132    -0.21830    -0.23284    -0.00019
    -9.8450        -0.46236    -0.22279    -0.23749    -0.00209
    -9.6950        -0.47391    -0.22708    -0.24286    -0.00396
    -9.5450        -0.49018    -0.23182    -0.24822    -0.01014
    -9.3950        -0.51039    -0.23655    -0.25420    -0.01964
    -9.2450        -0.54033    -0.24062    -0.26047    -0.03925
    -9.0950        -0.58306    -0.24647    -0.26651    -0.07007
    -8.9450        -0.63838    -0.25216    -0.27081    -0.11540
    -8.7950        -0.72093    -0.25848    -0.27879    -0.18365
    -8.6450        -0.82903    -0.26397    -0.28572    -0.27934
    -8.4950        -0.96941    -0.27133    -0.29190    -0.40618
    -8.3450        -1.15608    -0.27995    -0.29983    -0.57630
    -8.1950        -1.36592    -0.28782    -0.30608    -0.77202
    -8.0450        -1.63035    -0.29735    -0.31267    -1.02033
    -7.8950        -1.92335    -0.30599    -0.31927    -1.29810
    -7.7450        -2.28123    -0.31423    -0.32759    -1.63941
    -7.5950        -2.68969    -0.32455    -0.33621    -2.02894
    -7.4450        -3.13685    -0.33774    -0.34401    -2.45510
    -7.2950        -3.63947    -0.34976    -0.35229    -2.93742
    -7.1450        -4.17346    -0.36484    -0.35994    -3.44868
    -6.9950        -4.76738    -0.38244    -0.36941    -4.01554
    -6.8450        -5.35947    -0.39944    -0.37789    -4.58214
    -6.6950        -5.98303    -0.41787    -0.38805    -5.17710
    -6.5450        -6.59569    -0.43835    -0.39686    -5.76049
    -6.3950        -7.21358    -0.45616    -0.40786    -6.34956
    -6.2450        -7.84170    -0.47593    -0.41966    -6.94611
    -6.0950        -8.45795    -0.49540    -0.42912    -7.53343
    -5.9450        -9.05165    -0.51530    -0.44208    -8.09428
    -5.7950        -9.63567    -0.53387    -0.45546    -8.64635
    -5.6450       -10.20922    -0.55522    -0.46971    -9.18429
    -5.4950       -10.74820    -0.57762    -0.48407    -9.68651
    -5.3450       -11.26244    -0.59772    -0.49830   -10.16643
    -5.1950       -11.76262    -0.62072    -0.51280   -10.62909
    -5.0450       -12.24787    -0.64247    -0.52939   -11.07601
    -4.8950       -12.70746    -0.66552    -0.54857   -11.49337
    -4.7450       -13.15754    -0.69060    -0.56579   -11.90115
    -4.5950       -13.61040    -0.71637    -0.58610   -12.30793
    -4.4450       -14.04081    -0.73944    -0.60579   -12.69559
    -4.2950       -14.48045    -0.76632    -0.62551   -13.08862
    -4.1450       -14.92100    -0.79114    -0.65036   -13.47949
    -3.9950       -15.38400    -0.81885    -0.67507   -13.89008
    -3.8450       -15.86659    -0.84560    -0.70177   -14.31923
    -3.6950       -16.35208    -0.87310    -0.73052   -14.74845
    -3.5450       -16.84831    -0.90295    -0.76148   -15.18387
    -3.3950       -17.35893    -0.93512    -0.79628   -15.62754
    -3.2450       -17.88020    -0.96773    -0.83238   -16.08008
    -3.0950       -18.43416    -1.00289    -0.87147   -16.55981
    -2.9450       -19.01932    -1.04043    -0.91553   -17.06336
    -2.7950       -19.61939    -1.07959    -0.96045   -17.57936
    -2.6450       -20.25301    -1.11962    -1.00697   -18.12642
    -2.4950       -20.92213    -1.16285    -1.06066   -18.69861
    -2.3450       -21.66042    -1.20859    -1.11955   -19.33228
    -2.1950       -22.47520    -1.25908    -1.18448   -20.03164
    -2.0450       -23.38604    -1.31282    -1.25419   -20.81903
    -1.8950       -24.43421    -1.36972    -1.33224   -21.73225
    -1.7450       -25.62392    -1.42920    -1.41769   -22.77703
    -1.5950       -26.97287    -1.49370    -1.51034   -23.96883
    -1.4450       -28.49581    -1.56787    -1.60949   -25.31845
    -1.2950       -30.22063    -1.65028    -1.72149   -26.84885
    -1.1450       -32.12157    -1.74298    -1.84553   -28.53306
   -0.99500       -34.20564    -1.84542    -1.98869   -30.37154
   -0.84500       -36.49641    -1.96083    -2.15962   -32.37596
   -0.69500       -39.07128    -2.09585    -2.37781   -34.59762
   -0.54500       -42.07783    -2.26172    -2.63437   -37.18174
   -0.39500       -45.89193    -2.45254    -2.92468   -40.51471
   -0.25300       -49.07640    -2.57329    -3.10723   -43.39589
   -0.21500       -49.30265    -2.58047    -3.11707   -43.60511
   -0.20900       -49.53461    -2.58776    -3.12707   -43.81978
   -0.20300       -49.77406    -2.59472    -3.13683   -44.04250
   -0.19700       -50.01849    -2.60162    -3.14619   -44.27068
   -0.19100       -50.26872    -2.60861    -3.15501   -44.50509
   -0.18500       -50.52459    -2.61510    -3.16402   -44.74547
   -0.17900       -50.78798    -2.62173    -3.17246   -44.99379
   -0.17300       -51.05959    -2.62825    -3.18083   -45.25051
   -0.16700       -51.34175    -2.63482    -3.18888   -45.51805
   -0.16100       -51.63172    -2.64106    -3.19690   -45.79376
   -0.15500       -51.93093    -2.64700    -3.20461   -46.07932
   -0.14900       -52.24267    -2.65313    -3.21199   -46.37755
   -0.14300       -52.56669    -2.65892    -3.21882   -46.68896
   -0.13700       -52.90342    -2.66452    -3.22571   -47.01319
   -0.13100       -53.25565    -2.67013    -3.23212   -47.35340
   -0.12500       -53.62459    -2.67551    -3.23845   -47.71063
   -0.11900       -54.01289    -2.68059    -3.24448   -48.08782
   -0.11300       -54.42039    -2.68555    -3.25016   -48.48469
   -0.10700       -54.85046    -2.69026    -3.25564   -48.90457
   -0.10100       -55.30466    -2.69468    -3.26085   -49.34912
   -0.95000E-01   -55.78425    -2.69892    -3.26579   -49.81954
   -0.89000E-01   -56.29389    -2.70311    -3.27032   -50.32046
   -0.83000E-01   -56.83410    -2.70682    -3.27455   -50.85273
   -0.77000E-01   -57.40775    -2.71031    -3.27856   -51.41888
   -0.71000E-01   -58.01989    -2.71352    -3.28229   -52.02409
   -0.65000E-01   -58.67147    -2.71648    -3.28565   -52.66935
   -0.59000E-01   -59.36784    -2.71928    -3.28861   -53.35995
   -0.53000E-01   -60.11102    -2.72179    -3.29129   -54.09793
   -0.47000E-01   -60.90693    -2.72403    -3.29370   -54.88920
   -0.41000E-01   -61.76358    -2.72599    -3.29583   -55.74176
   -0.35000E-01   -62.68847    -2.72770    -3.29759   -56.66318
   -0.29000E-01   -63.68080    -2.72909    -3.29908   -57.65262
   -0.23000E-01   -64.70233    -2.73022    -3.30023   -58.67187
   -0.19700E-01   -64.80295    -2.73032    -3.30033   -58.77230
   -0.19100E-01   -64.90250    -2.73042    -3.30042   -58.87167
   -0.18500E-01   -65.00123    -2.73051    -3.30051   -58.97021
   -0.17900E-01   -65.09901    -2.73059    -3.30060   -59.06782
   -0.17300E-01   -65.19545    -2.73068    -3.30070   -59.16408
   -0.16700E-01   -65.29058    -2.73077    -3.30078   -59.25904
   -0.16100E-01   -65.38399    -2.73084    -3.30086   -59.35230
   -0.15500E-01   -65.47583    -2.73091    -3.30093   -59.44399
   -0.14900E-01   -65.56560    -2.73099    -3.30101   -59.53360
   -0.14300E-01   -65.65306    -2.73106    -3.30108   -59.62093
   -0.13700E-01   -65.73822    -2.73113    -3.30115   -59.70594
   -0.13100E-01   -65.82067    -2.73119    -3.30121   -59.78826
   -0.12500E-01   -65.90043    -2.73126    -3.30128   -59.86790
   -0.11900E-01   -65.97714    -2.73132    -3.30133   -59.94449
   -0.11300E-01   -66.05105    -2.73138    -3.30139   -60.01828
   -0.10700E-01   -66.12197    -2.73143    -3.30144   -60.08910
   -0.10100E-01   -66.18945    -2.73148    -3.30149   -60.15648
   -0.95000E-02   -66.25351    -2.73152    -3.30154   -60.22044
   -0.89000E-02   -66.31410    -2.73157    -3.30159   -60.28094
   -0.83000E-02   -66.37101    -2.73161    -3.30163   -60.33777
   -0.77000E-02   -66.42426    -2.73165    -3.30167   -60.39094
   -0.71000E-02   -66.47369    -2.73169    -3.30171   -60.44030
   -0.65000E-02   -66.51916    -2.73172    -3.30174   -60.48570
   -0.59000E-02   -66.56080    -2.73175    -3.30177   -60.52728
   -0.53000E-02   -66.59835    -2.73178    -3.30180   -60.56478
   -0.47000E-02   -66.63180    -2.73180    -3.30182   -60.59818
   -0.41000E-02   -66.66113    -2.73182    -3.30184   -60.62746
   -0.35000E-02   -66.68624    -2.73184    -3.30186   -60.65254
   -0.29000E-02   -66.70713    -2.73185    -3.30187   -60.67341
   -0.23000E-02   -66.72372    -2.73187    -3.30188   -60.68997
   -0.17000E-02   -66.73606    -2.73187    -3.30189   -60.70229
   -0.11000E-02   -66.74406    -2.73188    -3.30190   -60.71029
   -0.50000E-03   -66.74775    -2.73188    -3.30190   -60.71397
    0.10000E-03   -66.74711    -2.73188    -3.30190   -60.71333
    0.70000E-03   -66.74213    -2.73188    -3.30190   -60.70836
    0.13000E-02   -66.73281    -2.73187    -3.30189   -60.69905
    0.19000E-02   -66.71920    -2.73186    -3.30188   -60.68546
    0.25000E-02   -66.70130    -2.73185    -3.30187   -60.66759
    0.31000E-02   -66.67905    -2.73183    -3.30185   -60.64537
    0.37000E-02   -66.65265    -2.73181    -3.30184   -60.61901
    0.43000E-02   -66.62209    -2.73179    -3.30182   -60.58849
    0.49000E-02   -66.58739    -2.73176    -3.30179   -60.55383
    0.55000E-02   -66.54866    -2.73174    -3.30176   -60.51515
    0.61000E-02   -66.50589    -2.73171    -3.30173   -60.47245
    0.67000E-02   -66.45914    -2.73167    -3.30170   -60.42577
    0.73000E-02   -66.40851    -2.73164    -3.30166   -60.37521
    0.79000E-02   -66.35412    -2.73160    -3.30162   -60.32090
    0.85000E-02   -66.29605    -2.73156    -3.30158   -60.26292
    0.91000E-02   -66.23447    -2.73151    -3.30153   -60.20143
    0.97000E-02   -66.16925    -2.73146    -3.30148   -60.13630
    0.10300E-01   -66.10085    -2.73141    -3.30143   -60.06801
    0.10900E-01   -66.02915    -2.73135    -3.30138   -59.99642
    0.11500E-01   -65.95436    -2.73129    -3.30132   -59.92174
    0.12100E-01   -65.87653    -2.73124    -3.30126   -59.84404
    0.12700E-01   -65.79570    -2.73117    -3.30120   -59.76333
    0.13300E-01   -65.71239    -2.73111    -3.30113   -59.68015
    0.13900E-01   -65.62624    -2.73104    -3.30106   -59.59414
    0.14500E-01   -65.53772    -2.73096    -3.30099   -59.50578
    0.15100E-01   -65.44736    -2.73088    -3.30092   -59.41556
    0.15700E-01   -65.35515    -2.73080    -3.30083   -59.32351
    0.16300E-01   -65.26075    -2.73072    -3.30075   -59.22928
    0.16900E-01   -65.16498    -2.73063    -3.30067   -59.13367
    0.17500E-01   -65.06774    -2.73055    -3.30059   -59.03661
    0.18100E-01   -64.96928    -2.73045    -3.30050   -58.93833
    0.18700E-01   -64.86972    -2.73035    -3.30040   -58.83897
    0.19300E-01   -64.76956    -2.73026    -3.30030   -58.73900
    0.20200E-01   -64.37507    -2.72987    -3.29991   -58.34530
    0.25000E-01   -63.35272    -2.72860    -3.29868   -57.32543
    0.31000E-01   -62.37779    -2.72702    -3.29720   -56.35356
    0.37000E-01   -61.47638    -2.72518    -3.29540   -55.45581
    0.43000E-01   -60.64801    -2.72306    -3.29334   -54.63161
    0.49000E-01   -59.88091    -2.72054    -3.29100   -53.86937
    0.55000E-01   -59.16896    -2.71773    -3.28833   -53.16290
    0.61000E-01   -58.50814    -2.71463    -3.28544   -52.50807
    0.67000E-01   -57.89382    -2.71112    -3.28222   -51.90048
    0.73000E-01   -57.32096    -2.70740    -3.27874   -51.33481
    0.79000E-01   -56.78761    -2.70334    -3.27499   -50.80928
    0.85000E-01   -56.28813    -2.69891    -3.27100   -50.31822
    0.91000E-01   -55.82313    -2.69434    -3.26679   -49.86200
    0.97000E-01   -55.38816    -2.68947    -3.26235   -49.43634
    0.10300       -54.97934    -2.68428    -3.25776   -49.03729
    0.10900       -54.59538    -2.67865    -3.25277   -48.66396
    0.11500       -54.23218    -2.67265    -3.24773   -48.31180
    0.12100       -53.89104    -2.66663    -3.24265   -47.98175
    0.12700       -53.56893    -2.66039    -3.23719   -47.67135
    0.13300       -53.26455    -2.65377    -3.23174   -47.37905
    0.13900       -52.97551    -2.64678    -3.22600   -47.10272
    0.14500       -52.70083    -2.63970    -3.22020   -46.84093
    0.15100       -52.43891    -2.63236    -3.21411   -46.59244
    0.15700       -52.18909    -2.62466    -3.20809   -46.35634
    0.16300       -51.95110    -2.61683    -3.20176   -46.13252
    0.16900       -51.72163    -2.60884    -3.19515   -45.91764
    0.17500       -51.50132    -2.60062    -3.18834   -45.71235
    0.18100       -51.28801    -2.59215    -3.18148   -45.51437
    0.18700       -51.08321    -2.58343    -3.17471   -45.32508
    0.19300       -50.88468    -2.57469    -3.16790   -45.14209
    0.19900       -50.69266    -2.56555    -3.16077   -44.96634
    0.20500       -50.50684    -2.55623    -3.15387   -44.79674
    0.21100       -50.32619    -2.54618    -3.14669   -44.63332
    0.21700       -50.15057    -2.53620    -3.13952   -44.47485
    0.29500       -46.68765    -2.24910    -2.94616   -41.49239
    0.44500       -44.52098    -1.96667    -2.76811   -39.78620
    0.59500       -42.96993    -1.72957    -2.61489   -38.62547
    0.74500       -41.76206    -1.53679    -2.48138   -37.74389
    0.89500       -40.76650    -1.37829    -2.36162   -37.02659
     1.0450       -39.91363    -1.24249    -2.25553   -36.41561
     1.1950       -39.17602    -1.12382    -2.15861   -35.89360
     1.3450       -38.53220    -1.01665    -2.07317   -35.44238
     1.4950       -37.96874    -0.92225    -1.99457   -35.05193
     1.6450       -37.48120    -0.83826    -1.92339   -34.71956
     1.7950       -37.05223    -0.76164    -1.86091   -34.42968
     1.9450       -36.66897    -0.69138    -1.80294   -34.17465
     2.0950       -36.34062    -0.62916    -1.75029   -33.96117
     2.2450       -36.04164    -0.57319    -1.70099   -33.76746
     2.3950       -35.77537    -0.52155    -1.65722   -33.59661
     2.5450       -35.53378    -0.47319    -1.61641   -33.44418
     2.6950       -35.31821    -0.42915    -1.57888   -33.31018
     2.8450       -35.11905    -0.38859    -1.54484   -33.18562
     2.9950       -34.93938    -0.35181    -1.51274   -33.07482
     3.1450       -34.77199    -0.31746    -1.48227   -32.97226
     3.2950       -34.61449    -0.28513    -1.45455   -32.87482
     3.4450       -34.46768    -0.25477    -1.42962   -32.78329
     3.5950       -34.32906    -0.22582    -1.40443   -32.69881
     3.7450       -34.19577    -0.19880    -1.38094   -32.61603
     3.8950       -34.08023    -0.17338    -1.36237   -32.54447
     4.0450       -33.96660    -0.14964    -1.34319   -32.47377
     4.1950       -33.86374    -0.12708    -1.32677   -32.40989
     4.3450       -33.76449    -0.10583    -1.31306   -32.34560
     4.4950       -33.67127    -0.08564    -1.29994   -32.28569
     4.6450       -33.58279    -0.06633    -1.28857   -32.22788
     4.7950       -33.49969    -0.04818    -1.27883   -32.17268
     4.9450       -33.41903    -0.03066    -1.26862   -32.11975
     5.0950       -33.34141    -0.01396    -1.25838   -32.06908
     5.2450       -33.26958     0.00212    -1.25159   -32.02011
     5.3950       -33.19747     0.01728    -1.24221   -31.97254
     5.5450       -33.13038     0.03151    -1.23542   -31.92648
     5.6950       -33.06453     0.04548    -1.22858   -31.88143
     5.8450       -33.00286     0.05886    -1.22447   -31.83726
     5.9950       -32.94073     0.07160    -1.21766   -31.79467
     6.1450       -32.88033     0.08417    -1.21144   -31.75305
     6.2950       -32.82126     0.09613    -1.20469   -31.71271
     6.4450       -32.76416     0.10757    -1.19847   -31.67326
     6.5950       -32.71126     0.11850    -1.19526   -31.63450
     6.7450       -32.66198     0.12891    -1.19396   -31.59693
     6.8950       -32.61137     0.13887    -1.18992   -31.56032
     7.0450       -32.56073     0.14885    -1.18513   -31.52446
     7.1950       -32.51428     0.15818    -1.18300   -31.48947
     7.3450       -32.46891     0.16726    -1.18091   -31.45526
     7.4950       -32.42365     0.17584    -1.17780   -31.42169
     7.6450       -32.38127     0.18433    -1.17682   -31.38877
     7.7950       -32.33898     0.19242    -1.17478   -31.35662
     7.9450       -32.29825     0.20064    -1.17393   -31.32496
     8.0950       -32.25866     0.20833    -1.17310   -31.29389
     8.2450       -32.21875     0.21580    -1.17110   -31.26345
     8.3950       -32.18316     0.22075    -1.17035   -31.23357
     8.5450       -32.14592     0.22795    -1.16963   -31.20424
     8.6950       -32.10853     0.23350    -1.16655   -31.17548
     8.8450       -32.07201     0.23974    -1.16456   -31.14720
     8.9950       -32.03710     0.24614    -1.16393   -31.11931
     9.1450       -32.00307     0.25223    -1.16333   -31.09197
     9.2950       -31.96944     0.25716    -1.16275   -31.06385
     9.4450       -31.93631     0.26334    -1.16218   -31.03746
     9.5950       -31.90744     0.26556    -1.16162   -31.01138
     9.7450       -31.87637     0.26898    -1.15960   -30.98575
     9.8950       -31.84833     0.27122    -1.15909   -30.96046
     10.045       -31.81959     0.27461    -1.15860   -30.93560
     10.195       -31.78984     0.27940    -1.15813   -30.91111
     10.345       -31.76296     0.28163    -1.15766   -30.88693
     10.495       -31.73812     0.28229    -1.15722   -30.86319
     10.645       -31.71366     0.28293    -1.15680   -30.83979
     10.795       -31.68949     0.28355    -1.15638   -30.81666
     10.945       -31.66412     0.28582    -1.15600   -30.79394
     11.095       -31.63896     0.28809    -1.15562   -30.77143
     11.245       -31.61580     0.28868    -1.15524   -30.74923
     11.395       -31.59128     0.29098    -1.15488   -30.72739
     11.545       -31.56586     0.29442    -1.15451   -30.70577
     11.695       -31.54362     0.29496    -1.15416   -30.68442
     11.845       -31.52176     0.29548    -1.15381   -30.66343
     11.995       -31.50013     0.29600    -1.15348   -30.64265
     12.145       -31.47888     0.29650    -1.15314   -30.62224
     12.295       -31.45786     0.29699    -1.15283   -30.60202
     12.445       -31.43714     0.29747    -1.15251   -30.58210
     12.595       -31.41666     0.29794    -1.15219   -30.56240
     12.745       -31.39632     0.29840    -1.15189   -30.54284
     12.895       -31.37635     0.29886    -1.15159   -30.52362
     13.045       -31.35658     0.29930    -1.15129   -30.50459
     13.195       -31.33701     0.29974    -1.15101   -30.48574
     13.345       -31.31768     0.30016    -1.15073   -30.46711
     13.495       -31.29865     0.30058    -1.15047   -30.44876
     13.645       -31.27975     0.30099    -1.15018   -30.43056
     13.795       -31.26117     0.30141    -1.14992   -30.41266
     13.945       -31.24275     0.30180    -1.14966   -30.39489
     14.095       -31.22446     0.30219    -1.14940   -30.37724
     14.245       -31.20645     0.30257    -1.14915   -30.35988
     14.395       -31.18865     0.30296    -1.14891   -30.34270
     14.545       -31.17102     0.30332    -1.14867   -30.32567
     14.695       -31.15357     0.30369    -1.14843   -30.30882
     14.845       -31.13622     0.30405    -1.14821   -30.29207
     14.995       -31.11906     0.30442    -1.14797   -30.27550
     15.145       -31.10214     0.30477    -1.14775   -30.25917
     15.295       -31.08541     0.30511    -1.14752   -30.24300
     15.445       -31.06878     0.30545    -1.14730   -30.22693
     15.595       -31.05237     0.30578    -1.14708   -30.21107
     15.745       -31.03614     0.30611    -1.14687   -30.19538
     15.895       -31.02004     0.30644    -1.14666   -30.17981
     16.045       -31.00411     0.30676    -1.14645   -30.16443
     16.195       -30.98834     0.30707    -1.14624   -30.14917
     16.345       -30.97273     0.30738    -1.14604   -30.13408
     16.495       -30.95719     0.30769    -1.14584   -30.11904
     16.645       -30.94181     0.30800    -1.14564   -30.10417
     16.795       -30.92657     0.30830    -1.14545   -30.08942
     16.945       -30.91146     0.30860    -1.14526   -30.07479
     17.095       -30.89654     0.30889    -1.14509   -30.06035
     17.245       -30.88175     0.30918    -1.14490   -30.04604
     17.395       -30.86706     0.30947    -1.14472   -30.03181
     17.545       -30.85251     0.30975    -1.14454   -30.01772
     17.695       -30.83809     0.31003    -1.14437   -30.00375
     17.845       -30.82376     0.31031    -1.14419   -29.98988
     17.995       -30.80961     0.31059    -1.14401   -29.97619
     18.145       -30.79555     0.31086    -1.14384   -29.96257
     18.295       -30.78166     0.31112    -1.14366   -29.94912
     18.445       -30.76780     0.31139    -1.14350   -29.93569
     18.595       -30.75414     0.31165    -1.14333   -29.92245
     18.745       -30.74054     0.31191    -1.14317   -29.90928
     18.895       -30.72705     0.31217    -1.14301   -29.89620
     19.045       -30.71369     0.31242    -1.14285   -29.88326
     19.195       -30.70044     0.31267    -1.14269   -29.87042
     19.345       -30.68730     0.31292    -1.14254   -29.85768
     19.495       -30.67430     0.31316    -1.14239   -29.84507
     19.645       -30.66140     0.31340    -1.14224   -29.83256
     19.795       -30.64856     0.31364    -1.14209   -29.82011
     19.945       -30.63583     0.31388    -1.14194   -29.80778
     20.095       -30.62315     0.31412    -1.14178   -29.79548
     20.245       -30.61060     0.31435    -1.14164   -29.78331
     20.395       -30.59818     0.31458    -1.14150   -29.77126
     20.545       -30.58579     0.31481    -1.14135   -29.75924
     20.695       -30.57349     0.31503    -1.14121   -29.74732
     20.845       -30.56136     0.31526    -1.14106   -29.73555
     20.995       -30.54930     0.31548    -1.14094   -29.72384
     21.145       -30.53736     0.31570    -1.14079   -29.71226
     21.295       -30.52545     0.31592    -1.14066   -29.70071
     21.445       -30.51361     0.31614    -1.14052   -29.68922
     21.595       -30.50187     0.31636    -1.14039   -29.67784
     21.745       -30.49019     0.31657    -1.14025   -29.66651
     21.895       -30.47857     0.31678    -1.14011   -29.65524
     22.045       -30.46711     0.31699    -1.13998   -29.64413
     22.195       -30.45572     0.31719    -1.13985   -29.63306
     22.345       -30.44439     0.31740    -1.13971   -29.62207
     22.495       -30.43320     0.31760    -1.13959   -29.61120
     22.645       -30.42200     0.31780    -1.13946   -29.60033
     22.795       -30.41089     0.31800    -1.13933   -29.58956
     22.945       -30.39988     0.31820    -1.13921   -29.57886
     23.095       -30.38898     0.31840    -1.13909   -29.56828
     23.245       -30.37812     0.31859    -1.13897   -29.55775
     23.395       -30.36732     0.31879    -1.13885   -29.54726
     23.545       -30.35656     0.31898    -1.13872   -29.53681
     23.695       -30.34589     0.31917    -1.13861   -29.52645
     23.845       -30.33528     0.31936    -1.13849   -29.51615
     23.995       -30.32479     0.31955    -1.13837   -29.50596
     24.145       -30.31435     0.31973    -1.13826   -29.49582
     24.295       -30.30396     0.31992    -1.13814   -29.48575
     24.445       -30.29363     0.32011    -1.13802   -29.47571
     24.595       -30.28339     0.32029    -1.13791   -29.46577
     24.745       -30.27321     0.32047    -1.13780   -29.45588
     24.895       -30.26310     0.32064    -1.13768   -29.44606
     25.045       -30.25312     0.32083    -1.13757   -29.43637
     25.195       -30.24312     0.32101    -1.13746   -29.42667
     25.345       -30.23316     0.32119    -1.13735   -29.41699
     25.495       -30.22329     0.32136    -1.13724   -29.40741
     25.645       -30.21343     0.32154    -1.13714   -29.39783
     25.795       -30.20369     0.32171    -1.13703   -29.38836
     25.945       -30.19399     0.32188    -1.13693   -29.37895
     26.095       -30.18433     0.32205    -1.13682   -29.36956
     26.245       -30.17474     0.32221    -1.13672   -29.36023
     26.395       -30.16518     0.32238    -1.13662   -29.35094
     26.545       -30.15570     0.32254    -1.13651   -29.34174
     26.695       -30.14626     0.32271    -1.13640   -29.33257
     26.845       -30.13693     0.32288    -1.13630   -29.32351
     26.995       -30.12758     0.32304    -1.13620   -29.31442
     27.145       -30.11834     0.32320    -1.13610   -29.30544
     27.295       -30.10908     0.32336    -1.13600   -29.29644
     27.445       -30.09992     0.32353    -1.13590   -29.28755
     27.595       -30.09084     0.32369    -1.13580   -29.27873
     27.745       -30.08180     0.32384    -1.13571   -29.26993
     27.895       -30.07277     0.32400    -1.13561   -29.26116
     28.045       -30.06382     0.32416    -1.13551   -29.25246
     28.195       -30.05485     0.32431    -1.13541   -29.24375
     28.345       -30.04602     0.32446    -1.13532   -29.23516
     28.495       -30.03720     0.32462    -1.13522   -29.22660
     28.645       -30.02842     0.32478    -1.13512   -29.21807
     28.795       -30.01971     0.32493    -1.13503   -29.20961
     28.945       -30.01105     0.32508    -1.13493   -29.20120
     29.095       -30.00243     0.32523    -1.13484   -29.19282
     29.245       -29.99384     0.32538    -1.13476   -29.18446
     29.395       -29.98527     0.32553    -1.13467   -29.17613
     29.545       -29.97678     0.32567    -1.13458   -29.16787
     29.695       -29.96831     0.32582    -1.13449   -29.15963
     29.845       -29.95996     0.32597    -1.13440   -29.15152
     29.995       -29.95162     0.32611    -1.13431   -29.14342
     30.145       -29.94335     0.32625    -1.13422   -29.13537
     35.794       -29.39533     0.33555    -1.12860   -28.60228
     49.810       -28.85541     0.34453    -1.12330   -28.07665
     69.316       -28.32486     0.35323    -1.11818   -27.55991
     96.460       -27.80489     0.36167    -1.11320   -27.05336
     134.23       -27.29599     0.36983    -1.10837   -26.55745
     186.80       -26.79900     0.37777    -1.10362   -26.07315
     259.95       -26.31470     0.38545    -1.09907   -25.60108
     361.74       -25.84309     0.39288    -1.09462   -25.14135
     503.40       -25.38424     0.40011    -1.09031   -24.69403
     700.53       -24.93819     0.40706    -1.08613   -24.25913
     974.85       -24.50469     0.41377    -1.08204   -23.83642
     1356.6       -24.08344     0.42029    -1.07809   -23.42564
     1887.8       -23.67434     0.42655    -1.07427   -23.02662
     2627.1       -23.27715     0.43258    -1.07053   -22.63920
     3655.9       -22.89151     0.43845    -1.06689   -22.26307
     5087.5       -22.51728     0.44407    -1.06338   -21.89797
     7079.7       -22.15446     0.44952    -1.05999   -21.54398
     9852.1       -21.80275     0.45476    -1.05671   -21.20080
     13710.       -21.46234     0.45980    -1.05351   -20.86863
     19079.       -21.13333     0.46467    -1.05042   -20.54759
     26550.       -20.81549     0.46938    -1.04740   -20.23747
     36947.       -20.50925     0.47393    -1.04448   -19.93869
     51416.       -20.21496     0.47833    -1.04167   -19.65161
     71550.       -19.93287     0.48260    -1.03897   -19.37650
     99568.       -19.66210     0.48673    -1.03636   -19.11247
    0.13856E+06   -19.40269     0.49072    -1.03387   -18.85954
    0.19282E+06   -19.15484     0.49455    -1.03147   -18.61793
    0.26832E+06   -18.91807     0.49827    -1.02916   -18.38718
    0.37340E+06   -18.69217     0.50185    -1.02695   -18.16708
    0.51962E+06   -18.47631     0.50527    -1.02484   -17.95675
    0.72310E+06   -18.26967     0.50854    -1.02283   -17.75539
    0.10063E+07   -18.07233     0.51169    -1.02090   -17.56312
    0.14003E+07   -17.88428     0.51470    -1.01906   -17.37992
    0.19487E+07   -17.70522     0.51759    -1.01729   -17.20552
    0.27118E+07   -17.53452     0.52033    -1.01560   -17.03925
    0.37737E+07   -17.37197     0.52296    -1.01398   -16.88094
    0.52514E+07   -17.21725     0.52547    -1.01245   -16.73027
    0.73079E+07   -17.06993     0.52786    -1.01100   -16.58679
    0.10170E+08   -16.92960     0.53014    -1.00960   -16.45013
    0.14152E+08   -16.79604     0.53232    -1.00827   -16.32010
    0.19694E+08   -16.66895     0.53438    -1.00700   -16.19633
    0.27406E+08   -16.54808     0.53637    -1.00580   -16.07865
    0.38138E+08   -16.43354     0.53826    -1.00465   -15.96715
    0.53073E+08   -16.32544     0.54005    -1.00356   -15.86193
    0.73856E+08   -16.22351     0.54175    -1.00252   -15.76274
    0.10278E+09   -16.12752     0.54339    -1.00154   -15.66937
    0.14302E+09   -16.03772     0.54491    -1.00061   -15.58202
    0.19903E+09   -15.95443     0.54638    -0.99974   -15.50108
    0.27697E+09   -15.87746     0.54778    -0.99891   -15.42633
    0.38543E+09   -15.80731     0.54911    -0.99814   -15.35828
    0.53637E+09   -15.74318     0.55037    -0.99743   -15.29612
    0.74641E+09   -15.68435     0.55155    -0.99677   -15.23914
    0.10387E+10   -15.63026     0.55266    -0.99618   -15.18674
    0.14454E+10   -15.58046     0.55371    -0.99562   -15.13854
    0.20115E+10   -15.53461     0.55469    -0.99512   -15.09418
    0.27992E+10   -15.49238     0.55561    -0.99467   -15.05331
    0.38953E+10   -15.45347     0.55645    -0.99425   -15.01567
    0.54207E+10   -15.41764     0.55723    -0.99386   -14.98100
    0.75434E+10   -15.38462     0.55794    -0.99351   -14.94905
    0.10497E+11   -15.35423     0.55856    -0.99317   -14.91962
    0.14608E+11   -15.32624     0.55915    -0.99288   -14.89251
    0.20329E+11   -15.30042     0.55970    -0.99259   -14.86752
    0.28289E+11   -15.27665     0.56020    -0.99234   -14.84451
    0.39367E+11   -15.25474     0.56066    -0.99210   -14.82330
    0.54783E+11   -15.23458     0.56109    -0.99189   -14.80378
    0.10000E+12   -14.99930     0.56598    -0.98933   -14.57596
