    -44.945         0.00000     0.00000     0.00000     0.00000
    -44.795         0.00000     0.00000     0.00000     0.00000
    -44.645         0.00000     0.00000     0.00000     0.00000
    -44.495         0.00000     0.00000     0.00000     0.00000
    -44.345         0.00000     0.00000     0.00000     0.00000
    -44.195         0.00000     0.00000     0.00000     0.00000
    -44.045         0.00000     0.00000     0.00000     0.00000
    -43.895         0.00000     0.00000     0.00000     0.00000
    -43.745         0.00000     0.00000     0.00000     0.00000
    -43.595         0.00000     0.00000     0.00000     0.00000
    -43.445         0.00000     0.00000     0.00000     0.00000
    -43.295         0.00000     0.00000     0.00000     0.00000
    -43.145         0.00000     0.00000     0.00000     0.00000
    -42.995         0.00000     0.00000     0.00000     0.00000
    -42.845         0.00000     0.00000     0.00000     0.00000
    -42.695         0.00000     0.00000     0.00000     0.00000
    -42.545         0.00000     0.00000     0.00000     0.00000
    -42.395         0.00000     0.00000     0.00000     0.00000
    -42.245         0.00000     0.00000     0.00000     0.00000
    -42.095         0.00000     0.00000     0.00000     0.00000
    -41.945         0.00000     0.00000     0.00000     0.00000
    -41.795         0.00000     0.00000     0.00000     0.00000
    -41.645         0.00000     0.00000     0.00000     0.00000
    -41.495         0.00000     0.00000     0.00000     0.00000
    -41.345         0.00000     0.00000     0.00000     0.00000
    -41.195         0.00000     0.00000     0.00000     0.00000
    -41.045         0.00000     0.00000     0.00000     0.00000
    -40.895         0.00000     0.00000     0.00000     0.00000
    -40.745         0.00000     0.00000     0.00000     0.00000
    -40.595         0.00000     0.00000     0.00000     0.00000
    -40.445         0.00000     0.00000     0.00000     0.00000
    -40.295         0.00000     0.00000     0.00000     0.00000
    -40.145         0.00000     0.00000     0.00000     0.00000
    -39.995         0.00000     0.00000     0.00000     0.00000
    -39.845         0.00000     0.00000     0.00000     0.00000
    -39.695         0.00000     0.00000     0.00000     0.00000
    -39.545         0.00000     0.00000     0.00000     0.00000
    -39.395         0.00000     0.00000     0.00000     0.00000
    -39.245         0.00000     0.00000     0.00000     0.00000
    -39.095         0.00000     0.00000     0.00000     0.00000
    -38.945         0.00000     0.00000     0.00000     0.00000
    -38.795         0.00000     0.00000     0.00000     0.00000
    -38.645         0.00000     0.00000     0.00000     0.00000
    -38.495         0.00000     0.00000     0.00000     0.00000
    -38.345         0.00000     0.00000     0.00000     0.00000
    -38.195         0.00000     0.00000     0.00000     0.00000
    -38.045         0.00000     0.00000     0.00000     0.00000
    -37.895         0.00000     0.00000     0.00000     0.00000
    -37.745         0.00000     0.00000     0.00000     0.00000
    -37.595         0.00000     0.00000     0.00000     0.00000
    -37.445         0.00000     0.00000     0.00000     0.00000
    -37.295         0.00000     0.00000     0.00000     0.00000
    -37.145         0.00000     0.00000     0.00000     0.00000
    -36.995         0.00000     0.00000     0.00000     0.00000
    -36.845         0.00000     0.00000     0.00000     0.00000
    -36.695         0.00000     0.00000     0.00000     0.00000
    -36.545         0.00000     0.00000     0.00000     0.00000
    -36.395         0.00000     0.00000     0.00000     0.00000
    -36.245         0.00000     0.00000     0.00000     0.00000
    -36.095         0.00000     0.00000     0.00000     0.00000
    -35.945         0.00000     0.00000     0.00000     0.00000
    -35.795         0.00000     0.00000     0.00000     0.00000
    -35.645         0.00000     0.00000     0.00000     0.00000
    -35.495         0.00000     0.00000     0.00000     0.00000
    -35.345         0.00000     0.00000     0.00000     0.00000
    -35.195         0.00000     0.00000     0.00000     0.00000
    -35.045         0.00000     0.00000     0.00000     0.00000
    -34.895         0.00000     0.00000     0.00000     0.00000
    -34.745         0.00000     0.00000     0.00000     0.00000
    -34.595         0.00000     0.00000     0.00000     0.00000
    -34.445         0.00000     0.00000     0.00000     0.00000
    -34.295         0.00000     0.00000     0.00000     0.00000
    -34.145         0.00000     0.00000     0.00000     0.00000
    -33.995         0.00000     0.00000     0.00000     0.00000
    -33.845         0.00000     0.00000     0.00000     0.00000
    -33.695         0.00000     0.00000     0.00000     0.00000
    -33.545         0.00000     0.00000     0.00000     0.00000
    -33.395         0.00000     0.00000     0.00000     0.00000
    -33.245         0.00000     0.00000     0.00000     0.00000
    -33.095         0.00000     0.00000     0.00000     0.00000
    -32.945         0.00000     0.00000     0.00000     0.00000
    -32.795         0.00000     0.00000     0.00000     0.00000
    -32.645         0.00000     0.00000     0.00000     0.00000
    -32.495         0.00000     0.00000     0.00000     0.00000
    -32.345         0.00000     0.00000     0.00000     0.00000
    -32.195         0.00000     0.00000     0.00000     0.00000
    -32.045         0.00000     0.00000     0.00000     0.00000
    -31.895         0.00000     0.00000     0.00000     0.00000
    -31.745         0.00000     0.00000     0.00000     0.00000
    -31.595         0.00000     0.00000     0.00000     0.00000
    -31.445         0.00000     0.00000     0.00000     0.00000
    -31.295         0.00000     0.00000     0.00000     0.00000
    -31.145         0.00000     0.00000     0.00000     0.00000
    -30.995         0.00000     0.00000     0.00000     0.00000
    -30.845         0.00000     0.00000     0.00000     0.00000
    -30.695         0.00000     0.00000     0.00000     0.00000
    -30.545         0.00000     0.00000     0.00000     0.00000
    -30.395         0.00000     0.00000     0.00000     0.00000
    -30.245         0.00000     0.00000     0.00000     0.00000
    -30.095         0.00000     0.00000     0.00000     0.00000
    -29.945         0.00000     0.00000     0.00000     0.00000
    -29.795         0.00000     0.00000     0.00000     0.00000
    -29.645         0.00000     0.00000     0.00000     0.00000
    -29.495         0.00000     0.00000     0.00000     0.00000
    -29.345         0.00000     0.00000     0.00000     0.00000
    -29.195         0.00000     0.00000     0.00000     0.00000
    -29.045         0.00000     0.00000     0.00000     0.00000
    -28.895         0.00000     0.00000     0.00000     0.00000
    -28.745         0.00000     0.00000     0.00000     0.00000
    -28.595         0.00000     0.00000     0.00000     0.00000
    -28.445         0.00000     0.00000     0.00000     0.00000
    -28.295         0.00000     0.00000     0.00000     0.00000
    -28.145         0.00000     0.00000     0.00000     0.00000
    -27.995         0.00000     0.00000     0.00000     0.00000
    -27.845         0.00000     0.00000     0.00000     0.00000
    -27.695         0.00000     0.00000     0.00000     0.00000
    -27.545         0.00000     0.00000     0.00000     0.00000
    -27.395         0.00000     0.00000     0.00000     0.00000
    -27.245         0.00000     0.00000     0.00000     0.00000
    -27.095         0.00000     0.00000     0.00000     0.00000
    -26.945         0.00000     0.00000     0.00000     0.00000
    -26.795         0.00000     0.00000     0.00000     0.00000
    -26.645         0.00000     0.00000     0.00000     0.00000
    -26.495         0.00000     0.00000     0.00000     0.00000
    -26.345         0.00000     0.00000     0.00000     0.00000
    -26.195         0.00000     0.00000     0.00000     0.00000
    -26.045         0.00000     0.00000     0.00000     0.00000
    -25.895         0.00000     0.00000     0.00000     0.00000
    -25.745         0.00000     0.00000     0.00000     0.00000
    -25.595         0.00000     0.00000     0.00000     0.00000
    -25.445         0.00000     0.00000     0.00000     0.00000
    -25.295         0.00000     0.00000     0.00000     0.00000
    -25.145         0.00000     0.00000     0.00000     0.00000
    -24.995         0.00000     0.00000     0.00000     0.00000
    -24.845         0.00000     0.00000     0.00000     0.00000
    -24.695         0.00000     0.00000     0.00000     0.00000
    -24.545         0.00000     0.00000     0.00000     0.00000
    -24.395        -0.00002    -0.00002     0.00000     0.00000
    -24.245        -0.00004    -0.00004     0.00000     0.00000
    -24.095        -0.00004    -0.00004     0.00000     0.00000
    -23.945        -0.00004    -0.00004     0.00000     0.00000
    -23.795        -0.00004    -0.00004     0.00000     0.00000
    -23.645        -0.00004    -0.00004     0.00000     0.00000
    -23.495        -0.00005    -0.00005     0.00000     0.00000
    -23.345        -0.00005    -0.00005     0.00000     0.00000
    -23.195        -0.00007    -0.00005    -0.00002     0.00000
    -23.045        -0.00007    -0.00005    -0.00002     0.00000
    -22.895        -0.00009    -0.00007    -0.00002     0.00000
    -22.745        -0.00009    -0.00007    -0.00002     0.00000
    -22.595        -0.00013    -0.00011    -0.00002     0.00000
    -22.445        -0.00015    -0.00013    -0.00002     0.00000
    -22.295        -0.00018    -0.00016    -0.00002     0.00000
    -22.145        -0.00025    -0.00022    -0.00004     0.00000
    -21.995        -0.00032    -0.00028    -0.00004     0.00000
    -21.845        -0.00041    -0.00035    -0.00006     0.00000
    -21.695        -0.00045    -0.00039    -0.00006     0.00000
    -21.545        -0.00046    -0.00041    -0.00006     0.00000
    -21.395        -0.00052    -0.00046    -0.00006     0.00000
    -21.245        -0.00057    -0.00049    -0.00008     0.00000
    -21.095        -0.00060    -0.00053    -0.00008     0.00000
    -20.945        -0.00074    -0.00064    -0.00009     0.00000
    -20.795        -0.00074    -0.00064    -0.00009     0.00000
    -20.645        -0.00084    -0.00073    -0.00011     0.00000
    -20.495        -0.00096    -0.00081    -0.00015     0.00000
    -20.345        -0.00120    -0.00103    -0.00017     0.00000
    -20.195        -0.00143    -0.00121    -0.00022     0.00000
    -20.045        -0.00172    -0.00141    -0.00031     0.00000
    -19.895        -0.00203    -0.00162    -0.00041     0.00000
    -19.745        -0.00235    -0.00183    -0.00053     0.00000
    -19.595        -0.00284    -0.00212    -0.00073     0.00000
    -19.445        -0.00331    -0.00233    -0.00098     0.00000
    -19.295        -0.00378    -0.00255    -0.00123     0.00000
    -19.145        -0.00427    -0.00275    -0.00152     0.00000
    -18.995        -0.00502    -0.00313    -0.00189     0.00000
    -18.845        -0.00592    -0.00354    -0.00238     0.00000
    -18.695        -0.00722    -0.00396    -0.00326     0.00000
    -18.545        -0.00822    -0.00434    -0.00388     0.00000
    -18.395        -0.00952    -0.00475    -0.00477     0.00000
    -18.245        -0.01123    -0.00527    -0.00596     0.00000
    -18.095        -0.01312    -0.00595    -0.00716     0.00000
    -17.945        -0.01493    -0.00622    -0.00872     0.00000
    -17.795        -0.01735    -0.00685    -0.01050     0.00000
    -17.645        -0.02008    -0.00737    -0.01271     0.00000
    -17.495        -0.02392    -0.00810    -0.01582     0.00000
    -17.345        -0.02777    -0.00881    -0.01896     0.00000
    -17.195        -0.03203    -0.00945    -0.02258     0.00000
    -17.045        -0.03704    -0.01016    -0.02688     0.00000
    -16.895        -0.04285    -0.01105    -0.03180     0.00000
    -16.745        -0.04938    -0.01207    -0.03730     0.00000
    -16.595        -0.05645    -0.01292    -0.04353     0.00000
    -16.445        -0.06376    -0.01381    -0.04995     0.00000
    -16.295        -0.07205    -0.01461    -0.05743     0.00000
    -16.145        -0.08071    -0.01545    -0.06525     0.00000
    -15.995        -0.08942    -0.01640    -0.07302     0.00000
    -15.845        -0.09847    -0.01750    -0.08097     0.00000
    -15.695        -0.10735    -0.01833    -0.08901     0.00000
    -15.545        -0.11709    -0.01963    -0.09745     0.00000
    -15.395        -0.12697    -0.02063    -0.10634     0.00000
    -15.245        -0.13745    -0.02197    -0.11548     0.00000
    -15.095        -0.14844    -0.02303    -0.12541     0.00000
    -14.945        -0.15974    -0.02434    -0.13540     0.00000
    -14.795        -0.17146    -0.02567    -0.14579     0.00000
    -14.645        -0.18314    -0.02711    -0.15603     0.00000
    -14.495        -0.19478    -0.02853    -0.16625     0.00000
    -14.345        -0.20660    -0.03007    -0.17653     0.00000
    -14.195        -0.21794    -0.03180    -0.18615     0.00000
    -14.045        -0.22981    -0.03344    -0.19637     0.00000
    -13.895        -0.24090    -0.03490    -0.20600     0.00000
    -13.745        -0.25209    -0.03637    -0.21573     0.00000
    -13.595        -0.26348    -0.03794    -0.22554     0.00000
    -13.445        -0.27416    -0.03954    -0.23462     0.00000
    -13.295        -0.28533    -0.04107    -0.24426     0.00000
    -13.145        -0.29547    -0.04278    -0.25268     0.00000
    -12.995        -0.30669    -0.04475    -0.26194     0.00000
    -12.845        -0.31796    -0.04667    -0.27129     0.00000
    -12.695        -0.32839    -0.04857    -0.27982     0.00000
    -12.545        -0.33872    -0.05049    -0.28823     0.00000
    -12.395        -0.34928    -0.05250    -0.29677     0.00000
    -12.245        -0.35927    -0.05430    -0.30497     0.00000
    -12.095        -0.36987    -0.05645    -0.31342     0.00000
    -11.945        -0.38003    -0.05858    -0.32145     0.00000
    -11.795        -0.38984    -0.06084    -0.32900     0.00000
    -11.645        -0.39981    -0.06301    -0.33680     0.00000
    -11.495        -0.40987    -0.06533    -0.34454     0.00000
    -11.345        -0.41983    -0.06748    -0.35235     0.00000
    -11.195        -0.42950    -0.06979    -0.35971     0.00000
    -11.045        -0.43942    -0.07217    -0.36725     0.00000
    -10.895        -0.44956    -0.07472    -0.37484     0.00000
    -10.745        -0.45940    -0.07742    -0.38199     0.00000
    -10.595        -0.46942    -0.08020    -0.38923     0.00000
    -10.445        -0.47962    -0.08295    -0.39667     0.00000
    -10.295        -0.48999    -0.08577    -0.40420    -0.00001
    -10.145        -0.49953    -0.08852    -0.41091    -0.00010
    -9.9950        -0.51021    -0.09154    -0.41824    -0.00044
    -9.8450        -0.52161    -0.09484    -0.42515    -0.00162
    -9.6950        -0.53510    -0.09821    -0.43254    -0.00435
    -9.5450        -0.55070    -0.10166    -0.43916    -0.00988
    -9.3950        -0.57177    -0.10519    -0.44658    -0.01999
    -9.2450        -0.60084    -0.10901    -0.45398    -0.03785
    -9.0950        -0.64187    -0.11304    -0.46161    -0.06721
    -8.9450        -0.69772    -0.11779    -0.46893    -0.11100
    -8.7950        -0.77414    -0.12228    -0.47651    -0.17535
    -8.6450        -0.87579    -0.12718    -0.48453    -0.26408
    -8.4950        -1.00703    -0.13272    -0.49268    -0.38163
    -8.3450        -1.17466    -0.13871    -0.50098    -0.53496
    -8.1950        -1.37749    -0.14503    -0.50949    -0.72297
    -8.0450        -1.62520    -0.15243    -0.51801    -0.95476
    -7.8950        -1.91853    -0.16073    -0.52718    -1.23061
    -7.7450        -2.25856    -0.16976    -0.53656    -1.55225
    -7.5950        -2.64943    -0.18021    -0.54645    -1.92277
    -7.4450        -3.08721    -0.19170    -0.55662    -2.33889
    -7.2950        -3.57397    -0.20380    -0.56727    -2.80291
    -7.1450        -4.10445    -0.21797    -0.57817    -3.30830
    -6.9950        -4.67175    -0.23424    -0.58974    -3.84777
    -6.8450        -5.26642    -0.25128    -0.60209    -4.41306
    -6.6950        -5.88319    -0.26950    -0.61467    -4.99902
    -6.5450        -6.50813    -0.28918    -0.62756    -5.59139
    -6.3950        -7.13614    -0.30964    -0.64119    -6.18531
    -6.2450        -7.76339    -0.33131    -0.65587    -6.77622
    -6.0950        -8.38388    -0.35398    -0.67083    -7.35906
    -5.9450        -8.99015    -0.37742    -0.68658    -7.92615
    -5.7950        -9.58077    -0.40083    -0.70280    -8.47714
    -5.6450       -10.15535    -0.42542    -0.72003    -9.00990
    -5.4950       -10.70887    -0.45072    -0.73808    -9.52007
    -5.3450       -11.24410    -0.47587    -0.75662   -10.01161
    -5.1950       -11.75840    -0.50211    -0.77639   -10.47989
    -5.0450       -12.25532    -0.52791    -0.79700   -10.93040
    -4.8950       -12.73562    -0.55443    -0.81791   -11.36328
    -4.7450       -13.20325    -0.58150    -0.84021   -11.78153
    -4.5950       -13.66276    -0.60865    -0.86391   -12.19019
    -4.4450       -14.11297    -0.63662    -0.88812   -12.58823
    -4.2950       -14.56620    -0.66543    -0.91330   -12.98747
    -4.1450       -15.02146    -0.69458    -0.93954   -13.38734
    -3.9950       -15.49163    -0.72470    -0.96754   -13.79940
    -3.8450       -15.97770    -0.75575    -0.99724   -14.22470
    -3.6950       -16.47621    -0.78851    -1.02894   -14.65876
    -3.5450       -16.98822    -0.82264    -1.06251   -15.10307
    -3.3950       -17.51356    -0.85804    -1.09782   -15.55770
    -3.2450       -18.05477    -0.89575    -1.13636   -16.02266
    -3.0950       -18.61437    -0.93554    -1.17747   -16.50136
    -2.9450       -19.19608    -0.97748    -1.22242   -16.99619
    -2.7950       -19.80501    -1.02225    -1.27116   -17.51160
    -2.6450       -20.45001    -1.07013    -1.32316   -18.05672
    -2.4950       -21.14197    -1.12133    -1.38022   -18.64043
    -2.3450       -21.89279    -1.17606    -1.44165   -19.27508
    -2.1950       -22.72367    -1.23436    -1.50929   -19.98002
    -2.0450       -23.65502    -1.29707    -1.58280   -20.77516
    -1.8950       -24.71623    -1.36436    -1.66368   -21.68819
    -1.7450       -25.92427    -1.43687    -1.75125   -22.73615
    -1.5950       -27.29681    -1.51500    -1.84701   -23.93480
    -1.4450       -28.84400    -1.60055    -1.95194   -25.29151
    -1.2950       -30.57620    -1.69417    -2.06829   -26.81373
    -1.1450       -32.49355    -1.79819    -2.19811   -28.49724
   -0.99500       -34.59516    -1.91352    -2.34438   -30.33726
   -0.84500       -36.89581    -2.04207    -2.51605   -32.33770
   -0.69500       -39.45358    -2.18753    -2.72481   -34.54125
   -0.54500       -42.43416    -2.35665    -2.97164   -37.10587
   -0.39500       -46.20293    -2.54945    -3.24985   -40.40363
   -0.25300       -49.35549    -2.67172    -3.42249   -43.26128
   -0.21500       -49.58136    -2.67882    -3.43206   -43.47048
   -0.20900       -49.81260    -2.68585    -3.44147   -43.68528
   -0.20300       -50.04899    -2.69275    -3.45067   -43.90557
   -0.19700       -50.29103    -2.69962    -3.45967   -44.13175
   -0.19100       -50.53964    -2.70635    -3.46846   -44.36483
   -0.18500       -50.79476    -2.71303    -3.47703   -44.60470
   -0.17900       -51.05685    -2.71960    -3.48536   -44.85189
   -0.17300       -51.32652    -2.72604    -3.49342   -45.10706
   -0.16700       -51.60485    -2.73233    -3.50130   -45.37121
   -0.16100       -51.89267    -2.73849    -3.50891   -45.64528
   -0.15500       -52.19058    -2.74453    -3.51626   -45.92979
   -0.14900       -52.49984    -2.75042    -3.52334   -46.22607
   -0.14300       -52.82149    -2.75615    -3.53015   -46.53520
   -0.13700       -53.15666    -2.76174    -3.53672   -46.85820
   -0.13100       -53.50676    -2.76713    -3.54303   -47.19660
   -0.12500       -53.87326    -2.77236    -3.54908   -47.55181
   -0.11900       -54.25773    -2.77736    -3.55484   -47.92553
   -0.11300       -54.66228    -2.78219    -3.56033   -48.31976
   -0.10700       -55.08843    -2.78680    -3.56557   -48.73606
   -0.10100       -55.53839    -2.79118    -3.57052   -49.17669
   -0.95000E-01   -56.01449    -2.79537    -3.57518   -49.64394
   -0.89000E-01   -56.51932    -2.79935    -3.57957   -50.14041
   -0.83000E-01   -57.05568    -2.80308    -3.58369   -50.66891
   -0.77000E-01   -57.62622    -2.80656    -3.58750   -51.23216
   -0.71000E-01   -58.23399    -2.80979    -3.59100   -51.83320
   -0.65000E-01   -58.88242    -2.81278    -3.59419   -52.47545
   -0.59000E-01   -59.57521    -2.81550    -3.59711   -53.16260
   -0.53000E-01   -60.31645    -2.81798    -3.59973   -53.89874
   -0.47000E-01   -61.11178    -2.82018    -3.60204   -54.68956
   -0.41000E-01   -61.96958    -2.82212    -3.60408   -55.54338
   -0.35000E-01   -62.89769    -2.82377    -3.60580   -56.46811
   -0.29000E-01   -63.89294    -2.82515    -3.60724   -57.46055
   -0.23000E-01   -64.91898    -2.82625    -3.60836   -58.48436
   -0.19700E-01   -65.01974    -2.82635    -3.60846   -58.58493
   -0.19100E-01   -65.11983    -2.82644    -3.60856   -58.68483
   -0.18500E-01   -65.21896    -2.82653    -3.60865   -58.78378
   -0.17900E-01   -65.31704    -2.82662    -3.60874   -58.88168
   -0.17300E-01   -65.41392    -2.82670    -3.60882   -58.97840
   -0.16700E-01   -65.50937    -2.82678    -3.60890   -59.07368
   -0.16100E-01   -65.60320    -2.82686    -3.60898   -59.16736
   -0.15500E-01   -65.69520    -2.82693    -3.60906   -59.25921
   -0.14900E-01   -65.78517    -2.82701    -3.60913   -59.34904
   -0.14300E-01   -65.87291    -2.82708    -3.60920   -59.43663
   -0.13700E-01   -65.95822    -2.82714    -3.60927   -59.52180
   -0.13100E-01   -66.04093    -2.82720    -3.60934   -59.60439
   -0.12500E-01   -66.12094    -2.82726    -3.60940   -59.68428
   -0.11900E-01   -66.19808    -2.82732    -3.60946   -59.76130
   -0.11300E-01   -66.27222    -2.82738    -3.60951   -59.83533
   -0.10700E-01   -66.34316    -2.82743    -3.60957   -59.90616
   -0.10100E-01   -66.41081    -2.82748    -3.60962   -59.97371
   -0.95000E-02   -66.47503    -2.82752    -3.60967   -60.03784
   -0.89000E-02   -66.53575    -2.82757    -3.60971   -60.09847
   -0.83000E-02   -66.59283    -2.82761    -3.60975   -60.15548
   -0.77000E-02   -66.64622    -2.82764    -3.60979   -60.20879
   -0.71000E-02   -66.69577    -2.82768    -3.60983   -60.25826
   -0.65000E-02   -66.74141    -2.82771    -3.60986   -60.30384
   -0.59000E-02   -66.78311    -2.82774    -3.60989   -60.34548
   -0.53000E-02   -66.82074    -2.82777    -3.60991   -60.38306
   -0.47000E-02   -66.85427    -2.82779    -3.60994   -60.41654
   -0.41000E-02   -66.88365    -2.82781    -3.60996   -60.44589
   -0.35000E-02   -66.90884    -2.82783    -3.60998   -60.47103
   -0.29000E-02   -66.92977    -2.82784    -3.60999   -60.49194
   -0.23000E-02   -66.94642    -2.82785    -3.61000   -60.50856
   -0.17000E-02   -66.95876    -2.82786    -3.61001   -60.52088
   -0.11000E-02   -66.96677    -2.82787    -3.61002   -60.52889
   -0.50000E-03   -66.97045    -2.82787    -3.61002   -60.53255
    0.10000E-03   -66.96978    -2.82787    -3.61002   -60.53188
    0.70000E-03   -66.96476    -2.82787    -3.61002   -60.52688
    0.13000E-02   -66.95542    -2.82786    -3.61001   -60.51754
    0.19000E-02   -66.94176    -2.82786    -3.61000   -60.50390
    0.25000E-02   -66.92380    -2.82784    -3.60999   -60.48596
    0.31000E-02   -66.90156    -2.82783    -3.60998   -60.46375
    0.37000E-02   -66.87513    -2.82781    -3.60996   -60.43735
    0.43000E-02   -66.84450    -2.82779    -3.60994   -60.40677
    0.49000E-02   -66.80974    -2.82777    -3.60992   -60.37205
    0.55000E-02   -66.77090    -2.82774    -3.60989   -60.33327
    0.61000E-02   -66.72805    -2.82771    -3.60986   -60.29047
    0.67000E-02   -66.68126    -2.82768    -3.60983   -60.24374
    0.73000E-02   -66.63058    -2.82765    -3.60980   -60.19314
    0.79000E-02   -66.57613    -2.82761    -3.60976   -60.13876
    0.85000E-02   -66.51803    -2.82757    -3.60972   -60.08074
    0.91000E-02   -66.45632    -2.82753    -3.60968   -60.01912
    0.97000E-02   -66.39112    -2.82748    -3.60963   -59.95401
    0.10300E-01   -66.32258    -2.82743    -3.60958   -59.88557
    0.10900E-01   -66.25081    -2.82738    -3.60953   -59.81390
    0.11500E-01   -66.17594    -2.82732    -3.60947   -59.73915
    0.12100E-01   -66.09806    -2.82727    -3.60942   -59.66138
    0.12700E-01   -66.01743    -2.82721    -3.60936   -59.58086
    0.13300E-01   -65.93410    -2.82714    -3.60929   -59.49767
    0.13900E-01   -65.84822    -2.82708    -3.60923   -59.41192
    0.14500E-01   -65.76009    -2.82701    -3.60916   -59.32392
    0.15100E-01   -65.66977    -2.82693    -3.60909   -59.23375
    0.15700E-01   -65.57753    -2.82686    -3.60901   -59.14166
    0.16300E-01   -65.48350    -2.82678    -3.60893   -59.04779
    0.16900E-01   -65.38793    -2.82670    -3.60885   -58.95238
    0.17500E-01   -65.29099    -2.82661    -3.60877   -58.85561
    0.18100E-01   -65.19286    -2.82653    -3.60868   -58.75765
    0.18700E-01   -65.09374    -2.82643    -3.60859   -58.65872
    0.19300E-01   -64.99392    -2.82634    -3.60850   -58.55908
    0.20200E-01   -64.60070    -2.82595    -3.60811   -58.16664
    0.25000E-01   -63.58420    -2.82473    -3.60691   -57.15255
    0.31000E-01   -62.61658    -2.82322    -3.60543   -56.18793
    0.37000E-01   -61.72084    -2.82142    -3.60367   -55.29575
    0.43000E-01   -60.89443    -2.81932    -3.60164   -54.47348
    0.49000E-01   -60.12935    -2.81692    -3.59933   -53.71310
    0.55000E-01   -59.41819    -2.81421    -3.59676   -53.00722
    0.61000E-01   -58.75623    -2.81124    -3.59393   -52.35106
    0.67000E-01   -58.13964    -2.80794    -3.59083   -51.74087
    0.73000E-01   -57.56482    -2.80438    -3.58749   -51.17296
    0.79000E-01   -57.02844    -2.80051    -3.58390   -50.64403
    0.85000E-01   -56.52750    -2.79635    -3.58003   -50.15112
    0.91000E-01   -56.05921    -2.79191    -3.57596   -49.69134
    0.97000E-01   -55.62087    -2.78718    -3.57163   -49.26206
    0.10300       -55.20986    -2.78216    -3.56708   -48.86062
    0.10900       -54.82423    -2.77684    -3.56233   -48.48507
    0.11500       -54.46172    -2.77126    -3.55736   -48.13309
    0.12100       -54.12005    -2.76540    -3.55222   -47.80244
    0.12700       -53.79734    -2.75926    -3.54687   -47.49121
    0.13300       -53.49218    -2.75284    -3.54138   -47.19796
    0.13900       -53.20274    -2.74614    -3.53568   -46.92092
    0.14500       -52.92746    -2.73922    -3.52979   -46.65844
    0.15100       -52.66530    -2.73196    -3.52378   -46.40956
    0.15700       -52.41492    -2.72442    -3.51764   -46.17285
    0.16300       -52.17545    -2.71668    -3.51133   -45.94743
    0.16900       -51.94535    -2.70870    -3.50488   -45.73178
    0.17500       -51.72410    -2.70047    -3.49825   -45.52538
    0.18100       -51.51110    -2.69201    -3.49155   -45.32754
    0.18700       -51.30550    -2.68333    -3.48471   -45.13746
    0.19300       -51.10656    -2.67445    -3.47778   -44.95433
    0.19900       -50.91393    -2.66529    -3.47073   -44.77790
    0.20500       -50.72711    -2.65594    -3.46359   -44.60757
    0.21100       -50.54589    -2.64633    -3.45639   -44.44316
    0.21700       -50.36963    -2.63660    -3.44914   -44.28389
    0.29500       -46.89287    -2.35548    -3.25100   -41.28640
    0.44500       -44.71064    -2.08266    -3.06191   -39.56607
    0.59500       -43.14907    -1.84825    -2.89986   -38.40097
    0.74500       -41.92702    -1.65374    -2.75982   -37.51346
    0.89500       -40.91998    -1.49298    -2.63709   -36.78991
     1.0450       -40.05966    -1.35544    -2.52843   -36.17579
     1.1950       -39.31360    -1.23524    -2.43111   -35.64725
     1.3450       -38.66091    -1.12844    -2.34368   -35.18879
     1.4950       -38.08921    -1.03341    -2.26484   -34.79096
     1.6450       -37.58640    -0.94743    -2.19339   -34.44558
     1.7950       -37.14440    -0.86988    -2.12824   -34.14628
     1.9450       -36.75557    -0.79977    -2.06888   -33.88692
     2.0950       -36.41105    -0.73649    -2.01452   -33.66004
     2.2450       -36.10237    -0.67928    -1.96438   -33.45871
     2.3950       -35.82577    -0.62721    -1.91779   -33.28077
     2.5450       -35.57622    -0.57983    -1.87453   -33.12186
     2.6950       -35.34986    -0.53644    -1.83395   -32.97948
     2.8450       -35.14299    -0.49704    -1.79675   -32.84920
     2.9950       -34.95421    -0.46085    -1.76181   -32.73155
     3.1450       -34.78068    -0.42726    -1.72929   -32.62414
     3.2950       -34.62055    -0.39618    -1.69922   -32.52515
     3.4450       -34.47207    -0.36745    -1.67094   -32.43367
     3.5950       -34.33412    -0.34065    -1.64498   -32.34849
     3.7450       -34.20447    -0.31527    -1.62031   -32.26889
     3.8950       -34.08317    -0.29155    -1.59771   -32.19391
     4.0450       -33.96977    -0.26953    -1.57656   -32.12368
     4.1950       -33.86238    -0.24846    -1.55696   -32.05696
     4.3450       -33.76060    -0.22851    -1.53871   -31.99338
     4.4950       -33.66398    -0.20953    -1.52195   -31.93251
     4.6450       -33.57243    -0.19162    -1.50621   -31.87460
     4.7950       -33.48490    -0.17447    -1.49149   -31.81894
     4.9450       -33.40072    -0.15818    -1.47752   -31.76502
     5.0950       -33.32082    -0.14262    -1.46468   -31.71352
     5.2450       -33.24448    -0.12773    -1.45303   -31.66371
     5.3950       -33.17135    -0.11365    -1.44210   -31.61561
     5.5450       -33.10169    -0.10028    -1.43245   -31.56896
     5.6950       -33.03407    -0.08755    -1.42293   -31.52359
     5.8450       -32.96914    -0.07552    -1.41398   -31.47964
     5.9950       -32.90663    -0.06414    -1.40565   -31.43685
     6.1450       -32.84632    -0.05315    -1.39780   -31.39537
     6.2950       -32.78851    -0.04272    -1.39092   -31.35488
     6.4450       -32.73264    -0.03285    -1.38453   -31.31527
     6.5950       -32.67896    -0.02381    -1.37831   -31.27685
     6.7450       -32.62703    -0.01494    -1.37290   -31.23919
     6.8950       -32.57762    -0.00688    -1.36827   -31.20247
     7.0450       -32.52960     0.00071    -1.36379   -31.16653
     7.1950       -32.48295     0.00811    -1.35960   -31.13145
     7.3450       -32.43798     0.01475    -1.35561   -31.09712
     7.4950       -32.39501     0.02094    -1.35243   -31.06352
     7.6450       -32.35318     0.02652    -1.34910   -31.03059
     7.7950       -32.31325     0.03176    -1.34661   -30.99840
     7.9450       -32.27411     0.03687    -1.34428   -30.96670
     8.0950       -32.23608     0.04161    -1.34217   -30.93553
     8.2450       -32.20002     0.04556    -1.34049   -30.90509
     8.3950       -32.16462     0.04918    -1.33861   -30.87519
     8.5450       -32.13048     0.05216    -1.33678   -30.84585
     8.6950       -32.09699     0.05525    -1.33516   -30.81709
     8.8450       -32.06485     0.05752    -1.33358   -30.78879
     8.9950       -32.03344     0.05968    -1.33222   -30.76089
     9.1450       -32.00254     0.06211    -1.33109   -30.73356
     9.2950       -31.97264     0.06391    -1.33006   -30.70650
     9.4450       -31.94363     0.06559    -1.32911   -30.68011
     9.5950       -31.91507     0.06729    -1.32833   -30.65402
     9.7450       -31.88684     0.06895    -1.32740   -30.62839
     9.8950       -31.85941     0.07030    -1.32662   -30.60309
     10.045       -31.83289     0.07136    -1.32602   -30.57822
     10.195       -31.80659     0.07263    -1.32550   -30.55373
     10.345       -31.78096     0.07349    -1.32491   -30.52954
     10.495       -31.75587     0.07422    -1.32429   -30.50580
     10.645       -31.73112     0.07484    -1.32357   -30.48239
     10.795       -31.70677     0.07566    -1.32317   -30.45925
     10.945       -31.68273     0.07645    -1.32265   -30.43653
     11.095       -31.65900     0.07717    -1.32215   -30.41401
     11.245       -31.63552     0.07789    -1.32161   -30.39181
     11.395       -31.61254     0.07852    -1.32111   -30.36995
     11.545       -31.58977     0.07925    -1.32069   -30.34833
     11.695       -31.56745     0.07979    -1.32026   -30.32697
     11.845       -31.54539     0.08045    -1.31986   -30.30598
     11.995       -31.52377     0.08096    -1.31953   -30.28520
     12.145       -31.50251     0.08146    -1.31920   -30.26477
     12.295       -31.48134     0.08209    -1.31890   -30.24454
     12.445       -31.46063     0.08257    -1.31858   -30.22462
     12.595       -31.44008     0.08304    -1.31820   -30.20491
     12.745       -31.41975     0.08350    -1.31790   -30.18535
     12.895       -31.39970     0.08395    -1.31753   -30.16612
     13.045       -31.37994     0.08438    -1.31724   -30.14709
     13.195       -31.36030     0.08490    -1.31696   -30.12823
     13.345       -31.34081     0.08548    -1.31670   -30.10960
     13.495       -31.32178     0.08589    -1.31643   -30.09124
     13.645       -31.30281     0.08639    -1.31615   -30.07304
     13.795       -31.28423     0.08680    -1.31590   -30.05514
     13.945       -31.26573     0.08727    -1.31564   -30.03736
     14.095       -31.24745     0.08766    -1.31539   -30.01971
     14.245       -31.22945     0.08804    -1.31515   -30.00235
     14.395       -31.21165     0.08842    -1.31491   -29.98516
     14.545       -31.19402     0.08878    -1.31467   -29.96813
     14.695       -31.17657     0.08915    -1.31444   -29.95127
     14.845       -31.15924     0.08951    -1.31422   -29.93453
     14.995       -31.14208     0.08987    -1.31399   -29.91796
     15.145       -31.12517     0.09022    -1.31377   -29.90162
     15.295       -31.10846     0.09056    -1.31355   -29.88547
     15.445       -31.09182     0.09090    -1.31333   -29.86939
     15.595       -31.07542     0.09122    -1.31312   -29.85352
     15.745       -31.05919     0.09155    -1.31291   -29.83783
     15.895       -31.04308     0.09188    -1.31270   -29.82226
     16.045       -31.02716     0.09220    -1.31249   -29.80687
     16.195       -31.01139     0.09251    -1.31229   -29.79161
     16.345       -30.99578     0.09282    -1.31209   -29.77651
     16.495       -30.98024     0.09312    -1.31189   -29.76147
     16.645       -30.96486     0.09343    -1.31170   -29.74659
     16.795       -30.94963     0.09373    -1.31151   -29.73184
     16.945       -30.93451     0.09403    -1.31133   -29.71721
     17.095       -30.91960     0.09432    -1.31116   -29.70276
     17.245       -30.90481     0.09461    -1.31097   -29.68845
     17.395       -30.89012     0.09490    -1.31080   -29.67422
     17.545       -30.87557     0.09517    -1.31062   -29.66013
     17.695       -30.86116     0.09545    -1.31045   -29.64616
     17.845       -30.84684     0.09573    -1.31028   -29.63229
     17.995       -30.83268     0.09601    -1.31010   -29.61859
     18.145       -30.81862     0.09627    -1.30994   -29.60496
     18.295       -30.80474     0.09654    -1.30976   -29.59151
     18.445       -30.79088     0.09680    -1.30960   -29.57809
     18.595       -30.77722     0.09706    -1.30944   -29.56485
     18.745       -30.76363     0.09732    -1.30928   -29.55168
     18.895       -30.75013     0.09758    -1.30912   -29.53859
     19.045       -30.73677     0.09783    -1.30896   -29.52564
     19.195       -30.72352     0.09808    -1.30881   -29.51279
     19.345       -30.71037     0.09833    -1.30866   -29.50004
     19.495       -30.69738     0.09857    -1.30851   -29.48744
     19.645       -30.68448     0.09881    -1.30836   -29.47492
     19.795       -30.67164     0.09905    -1.30821   -29.46248
     19.945       -30.65892     0.09928    -1.30807   -29.45014
     20.095       -30.64623     0.09952    -1.30791   -29.43784
     20.245       -30.63370     0.09975    -1.30778   -29.42567
     20.395       -30.62127     0.09998    -1.30763   -29.41362
     20.545       -30.60889     0.10020    -1.30749   -29.40160
     20.695       -30.59659     0.10043    -1.30735   -29.38967
     20.845       -30.58445     0.10066    -1.30721   -29.37790
     20.995       -30.57240     0.10088    -1.30708   -29.36619
     21.145       -30.56045     0.10109    -1.30694   -29.35460
     21.295       -30.54855     0.10131    -1.30681   -29.34305
     21.445       -30.53671     0.10153    -1.30668   -29.33157
     21.595       -30.52498     0.10175    -1.30654   -29.32019
     21.745       -30.51330     0.10196    -1.30641   -29.30886
     21.895       -30.50169     0.10217    -1.30628   -29.29758
     22.045       -30.49022     0.10238    -1.30614   -29.28646
     22.195       -30.47884     0.10258    -1.30602   -29.27540
     22.345       -30.46751     0.10278    -1.30589   -29.26441
     22.495       -30.45631     0.10298    -1.30577   -29.25353
     22.645       -30.44512     0.10318    -1.30564   -29.24266
     22.795       -30.43401     0.10338    -1.30551   -29.23188
     22.945       -30.42300     0.10358    -1.30539   -29.22118
     23.095       -30.41210     0.10378    -1.30527   -29.21060
     23.245       -30.40124     0.10397    -1.30515   -29.20006
     23.395       -30.39043     0.10416    -1.30503   -29.18956
     23.545       -30.37967     0.10435    -1.30491   -29.17912
     23.695       -30.36901     0.10455    -1.30480   -29.16876
     23.845       -30.35840     0.10474    -1.30468   -29.15845
     23.995       -30.34791     0.10492    -1.30457   -29.14826
     24.145       -30.33747     0.10511    -1.30445   -29.13812
     24.295       -30.32708     0.10529    -1.30433   -29.12804
     24.445       -30.31675     0.10548    -1.30422   -29.11801
     24.595       -30.30651     0.10566    -1.30411   -29.10806
     24.745       -30.29633     0.10584    -1.30400   -29.09817
     24.895       -30.28623     0.10601    -1.30389   -29.08835
     25.045       -30.27624     0.10620    -1.30378   -29.07865
     25.195       -30.26625     0.10638    -1.30367   -29.06895
     25.345       -30.25629     0.10655    -1.30357   -29.05928
     25.495       -30.24641     0.10673    -1.30346   -29.04969
     25.645       -30.23656     0.10691    -1.30336   -29.04011
     25.795       -30.22682     0.10708    -1.30325   -29.03064
     25.945       -30.21712     0.10725    -1.30315   -29.02122
     26.095       -30.20747     0.10741    -1.30304   -29.01184
     26.245       -30.19787     0.10758    -1.30294   -29.00251
     26.395       -30.18832     0.10774    -1.30284   -28.99322
     26.545       -30.17884     0.10791    -1.30273   -28.98401
     26.695       -30.16940     0.10807    -1.30263   -28.97484
     26.845       -30.16007     0.10824    -1.30253   -28.96577
     26.995       -30.15072     0.10840    -1.30243   -28.95668
     27.145       -30.14147     0.10856    -1.30234   -28.94769
     27.295       -30.13221     0.10872    -1.30224   -28.93869
     27.445       -30.12305     0.10889    -1.30214   -28.92980
     27.595       -30.11397     0.10904    -1.30204   -28.92097
     27.745       -30.10492     0.10920    -1.30195   -28.91217
     27.895       -30.09590     0.10936    -1.30185   -28.90340
     28.045       -30.08695     0.10951    -1.30176   -28.89470
     28.195       -30.07798     0.10966    -1.30166   -28.88598
     28.345       -30.06915     0.10982    -1.30157   -28.87739
     28.495       -30.06032     0.10997    -1.30147   -28.86883
     28.645       -30.05154     0.11013    -1.30137   -28.86030
     28.795       -30.04284     0.11028    -1.30128   -28.85184
     28.945       -30.03418     0.11043    -1.30119   -28.84343
     29.095       -30.02556     0.11058    -1.30110   -28.83504
     29.245       -30.01697     0.11073    -1.30101   -28.82669
     29.395       -30.00840     0.11088    -1.30093   -28.81835
     29.545       -29.99991     0.11102    -1.30084   -28.81009
     29.695       -29.99144     0.11117    -1.30075   -28.80185
     29.845       -29.98309     0.11131    -1.30066   -28.79374
     29.995       -29.97475     0.11146    -1.30058   -28.78562
     30.145       -29.96647     0.11160    -1.30049   -28.77758
     35.794       -29.41845     0.12085    -1.29497   -28.24434
     49.810       -28.87853     0.12980    -1.28975   -27.71858
     69.316       -28.34798     0.13846    -1.28471   -27.20174
     96.460       -27.82797     0.14688    -1.27980   -26.69505
     134.23       -27.31904     0.15501    -1.27505   -26.19900
     186.80       -26.82202     0.16293    -1.27037   -25.71458
     259.95       -26.33767     0.17059    -1.26587   -25.24238
     361.74       -25.86599     0.17800    -1.26148   -24.78250
     503.40       -25.40706     0.18521    -1.25722   -24.33504
     700.53       -24.96093     0.19215    -1.25308   -23.90000
     974.85       -24.52735     0.19885    -1.24903   -23.47716
     1356.6       -24.10602     0.20535    -1.24512   -23.06625
     1887.8       -23.69686     0.21160    -1.24133   -22.66713
     2627.1       -23.29962     0.21761    -1.23763   -22.27961
     3655.9       -22.91392     0.22347    -1.23402   -21.90338
     5087.5       -22.53962     0.22909    -1.23054   -21.53817
     7079.7       -22.17675     0.23453    -1.22718   -21.18410
     9852.1       -21.82498     0.23976    -1.22392   -20.84082
     13710.       -21.48453     0.24479    -1.22074   -20.50859
     19079.       -21.15548     0.24966    -1.21767   -20.18747
     26550.       -20.83760     0.25436    -1.21468   -19.87728
     36947.       -20.53133     0.25890    -1.21178   -19.57845
     51416.       -20.23700     0.26330    -1.20899   -19.29131
     71550.       -19.95489     0.26756    -1.20630   -19.01615
     99568.       -19.68410     0.27169    -1.20371   -18.75208
    0.13856E+06   -19.42468     0.27567    -1.20123   -18.49913
    0.19282E+06   -19.17683     0.27950    -1.19885   -18.25749
    0.26832E+06   -18.94005     0.28322    -1.19656   -18.02671
    0.37340E+06   -18.71414     0.28680    -1.19435   -17.80659
    0.51962E+06   -18.49828     0.29021    -1.19226   -17.59623
    0.72310E+06   -18.29165     0.29348    -1.19025   -17.39487
    0.10063E+07   -18.09431     0.29663    -1.18834   -17.20260
    0.14003E+07   -17.90627     0.29964    -1.18651   -17.01939
    0.19487E+07   -17.72722     0.30252    -1.18475   -16.84499
    0.27118E+07   -17.55652     0.30526    -1.18307   -16.67871
    0.37737E+07   -17.39397     0.30788    -1.18146   -16.52039
    0.52514E+07   -17.23925     0.31039    -1.17993   -16.36971
    0.73079E+07   -17.09195     0.31278    -1.17849   -16.22624
    0.10170E+08   -16.95162     0.31506    -1.17710   -16.08957
    0.14152E+08   -16.81808     0.31724    -1.17578   -15.95954
    0.19694E+08   -16.69100     0.31930    -1.17451   -15.83578
    0.27406E+08   -16.57014     0.32129    -1.17332   -15.71811
    0.38138E+08   -16.45562     0.32317    -1.17218   -15.60661
    0.53073E+08   -16.34752     0.32496    -1.17109   -15.50140
    0.73856E+08   -16.24560     0.32666    -1.17005   -15.40221
    0.10278E+09   -16.14963     0.32830    -1.16908   -15.30885
    0.14302E+09   -16.05984     0.32982    -1.16816   -15.22151
    0.19903E+09   -15.97656     0.33129    -1.16728   -15.14057
    0.27697E+09   -15.89961     0.33268    -1.16646   -15.06583
    0.38543E+09   -15.82946     0.33401    -1.16569   -14.99778
    0.53637E+09   -15.76535     0.33527    -1.16498   -14.93564
    0.74641E+09   -15.70654     0.33645    -1.16433   -14.87867
    0.10387E+10   -15.65246     0.33756    -1.16374   -14.82628
    0.14454E+10   -15.60267     0.33861    -1.16318   -14.77809
    0.20115E+10   -15.55684     0.33960    -1.16269   -14.73374
    0.27992E+10   -15.51462     0.34051    -1.16224   -14.69288
    0.38953E+10   -15.47572     0.34135    -1.16182   -14.65525
    0.54207E+10   -15.43990     0.34213    -1.16144   -14.62058
    0.75434E+10   -15.40689     0.34283    -1.16109   -14.58864
    0.10497E+11   -15.37651     0.34346    -1.16075   -14.55922
    0.14608E+11   -15.34853     0.34405    -1.16045   -14.53212
    0.20329E+11   -15.32272     0.34460    -1.16017   -14.50714
    0.28289E+11   -15.29896     0.34509    -1.15992   -14.48413
    0.39367E+11   -15.27706     0.34556    -1.15968   -14.46293
    0.54783E+11   -15.25690     0.34598    -1.15947   -14.44342
    0.10000E+12   -15.02175     0.35088    -1.15692   -14.21571
