    -44.945         0.00000     0.00000     0.00000     0.00000
    -44.795         0.00000     0.00000     0.00000     0.00000
    -44.645         0.00000     0.00000     0.00000     0.00000
    -44.495         0.00000     0.00000     0.00000     0.00000
    -44.345         0.00000     0.00000     0.00000     0.00000
    -44.195         0.00000     0.00000     0.00000     0.00000
    -44.045         0.00000     0.00000     0.00000     0.00000
    -43.895         0.00000     0.00000     0.00000     0.00000
    -43.745         0.00000     0.00000     0.00000     0.00000
    -43.595         0.00000     0.00000     0.00000     0.00000
    -43.445         0.00000     0.00000     0.00000     0.00000
    -43.295         0.00000     0.00000     0.00000     0.00000
    -43.145         0.00000     0.00000     0.00000     0.00000
    -42.995         0.00000     0.00000     0.00000     0.00000
    -42.845         0.00000     0.00000     0.00000     0.00000
    -42.695         0.00000     0.00000     0.00000     0.00000
    -42.545         0.00000     0.00000     0.00000     0.00000
    -42.395         0.00000     0.00000     0.00000     0.00000
    -42.245         0.00000     0.00000     0.00000     0.00000
    -42.095         0.00000     0.00000     0.00000     0.00000
    -41.945         0.00000     0.00000     0.00000     0.00000
    -41.795         0.00000     0.00000     0.00000     0.00000
    -41.645         0.00000     0.00000     0.00000     0.00000
    -41.495         0.00000     0.00000     0.00000     0.00000
    -41.345         0.00000     0.00000     0.00000     0.00000
    -41.195         0.00000     0.00000     0.00000     0.00000
    -41.045         0.00000     0.00000     0.00000     0.00000
    -40.895         0.00000     0.00000     0.00000     0.00000
    -40.745         0.00000     0.00000     0.00000     0.00000
    -40.595         0.00000     0.00000     0.00000     0.00000
    -40.445         0.00000     0.00000     0.00000     0.00000
    -40.295         0.00000     0.00000     0.00000     0.00000
    -40.145         0.00000     0.00000     0.00000     0.00000
    -39.995         0.00000     0.00000     0.00000     0.00000
    -39.845         0.00000     0.00000     0.00000     0.00000
    -39.695         0.00000     0.00000     0.00000     0.00000
    -39.545         0.00000     0.00000     0.00000     0.00000
    -39.395         0.00000     0.00000     0.00000     0.00000
    -39.245         0.00000     0.00000     0.00000     0.00000
    -39.095         0.00000     0.00000     0.00000     0.00000
    -38.945         0.00000     0.00000     0.00000     0.00000
    -38.795         0.00000     0.00000     0.00000     0.00000
    -38.645         0.00000     0.00000     0.00000     0.00000
    -38.495         0.00000     0.00000     0.00000     0.00000
    -38.345         0.00000     0.00000     0.00000     0.00000
    -38.195         0.00000     0.00000     0.00000     0.00000
    -38.045         0.00000     0.00000     0.00000     0.00000
    -37.895         0.00000     0.00000     0.00000     0.00000
    -37.745         0.00000     0.00000     0.00000     0.00000
    -37.595         0.00000     0.00000     0.00000     0.00000
    -37.445         0.00000     0.00000     0.00000     0.00000
    -37.295         0.00000     0.00000     0.00000     0.00000
    -37.145         0.00000     0.00000     0.00000     0.00000
    -36.995         0.00000     0.00000     0.00000     0.00000
    -36.845         0.00000     0.00000     0.00000     0.00000
    -36.695         0.00000     0.00000     0.00000     0.00000
    -36.545         0.00000     0.00000     0.00000     0.00000
    -36.395         0.00000     0.00000     0.00000     0.00000
    -36.245         0.00000     0.00000     0.00000     0.00000
    -36.095         0.00000     0.00000     0.00000     0.00000
    -35.945         0.00000     0.00000     0.00000     0.00000
    -35.795         0.00000     0.00000     0.00000     0.00000
    -35.645         0.00000     0.00000     0.00000     0.00000
    -35.495         0.00000     0.00000     0.00000     0.00000
    -35.345         0.00000     0.00000     0.00000     0.00000
    -35.195         0.00000     0.00000     0.00000     0.00000
    -35.045         0.00000     0.00000     0.00000     0.00000
    -34.895         0.00000     0.00000     0.00000     0.00000
    -34.745         0.00000     0.00000     0.00000     0.00000
    -34.595         0.00000     0.00000     0.00000     0.00000
    -34.445         0.00000     0.00000     0.00000     0.00000
    -34.295         0.00000     0.00000     0.00000     0.00000
    -34.145         0.00000     0.00000     0.00000     0.00000
    -33.995         0.00000     0.00000     0.00000     0.00000
    -33.845         0.00000     0.00000     0.00000     0.00000
    -33.695         0.00000     0.00000     0.00000     0.00000
    -33.545         0.00000     0.00000     0.00000     0.00000
    -33.395         0.00000     0.00000     0.00000     0.00000
    -33.245         0.00000     0.00000     0.00000     0.00000
    -33.095         0.00000     0.00000     0.00000     0.00000
    -32.945         0.00000     0.00000     0.00000     0.00000
    -32.795         0.00000     0.00000     0.00000     0.00000
    -32.645         0.00000     0.00000     0.00000     0.00000
    -32.495         0.00000     0.00000     0.00000     0.00000
    -32.345         0.00000     0.00000     0.00000     0.00000
    -32.195         0.00000     0.00000     0.00000     0.00000
    -32.045         0.00000     0.00000     0.00000     0.00000
    -31.895         0.00000     0.00000     0.00000     0.00000
    -31.745         0.00000     0.00000     0.00000     0.00000
    -31.595         0.00000     0.00000     0.00000     0.00000
    -31.445         0.00000     0.00000     0.00000     0.00000
    -31.295         0.00000     0.00000     0.00000     0.00000
    -31.145         0.00000     0.00000     0.00000     0.00000
    -30.995         0.00000     0.00000     0.00000     0.00000
    -30.845         0.00000     0.00000     0.00000     0.00000
    -30.695         0.00000     0.00000     0.00000     0.00000
    -30.545         0.00000     0.00000     0.00000     0.00000
    -30.395         0.00000     0.00000     0.00000     0.00000
    -30.245         0.00000     0.00000     0.00000     0.00000
    -30.095         0.00000     0.00000     0.00000     0.00000
    -29.945         0.00000     0.00000     0.00000     0.00000
    -29.795         0.00000     0.00000     0.00000     0.00000
    -29.645         0.00000     0.00000     0.00000     0.00000
    -29.495         0.00000     0.00000     0.00000     0.00000
    -29.345         0.00000     0.00000     0.00000     0.00000
    -29.195         0.00000     0.00000     0.00000     0.00000
    -29.045         0.00000     0.00000     0.00000     0.00000
    -28.895         0.00000     0.00000     0.00000     0.00000
    -28.745         0.00000     0.00000     0.00000     0.00000
    -28.595         0.00000     0.00000     0.00000     0.00000
    -28.445         0.00000     0.00000     0.00000     0.00000
    -28.295         0.00000     0.00000     0.00000     0.00000
    -28.145         0.00000     0.00000     0.00000     0.00000
    -27.995         0.00000     0.00000     0.00000     0.00000
    -27.845         0.00000     0.00000     0.00000     0.00000
    -27.695         0.00000     0.00000     0.00000     0.00000
    -27.545         0.00000     0.00000     0.00000     0.00000
    -27.395         0.00000     0.00000     0.00000     0.00000
    -27.245         0.00000     0.00000     0.00000     0.00000
    -27.095         0.00000     0.00000     0.00000     0.00000
    -26.945         0.00000     0.00000     0.00000     0.00000
    -26.795         0.00000     0.00000     0.00000     0.00000
    -26.645         0.00000     0.00000     0.00000     0.00000
    -26.495         0.00000     0.00000     0.00000     0.00000
    -26.345         0.00000     0.00000     0.00000     0.00000
    -26.195         0.00000     0.00000     0.00000     0.00000
    -26.045         0.00000     0.00000     0.00000     0.00000
    -25.895         0.00000     0.00000     0.00000     0.00000
    -25.745         0.00000     0.00000     0.00000     0.00000
    -25.595         0.00000     0.00000     0.00000     0.00000
    -25.445         0.00000     0.00000     0.00000     0.00000
    -25.295         0.00000     0.00000     0.00000     0.00000
    -25.145         0.00000     0.00000     0.00000     0.00000
    -24.995         0.00000     0.00000     0.00000     0.00000
    -24.845         0.00000     0.00000     0.00000     0.00000
    -24.695         0.00000     0.00000     0.00000     0.00000
    -24.545         0.00000     0.00000     0.00000     0.00000
    -24.395         0.00000     0.00000     0.00000     0.00000
    -24.245         0.00000     0.00000     0.00000     0.00000
    -24.095         0.00000     0.00000     0.00000     0.00000
    -23.945         0.00000     0.00000     0.00000     0.00000
    -23.795         0.00000     0.00000     0.00000     0.00000
    -23.645         0.00000     0.00000     0.00000     0.00000
    -23.495         0.00000     0.00000     0.00000     0.00000
    -23.345         0.00000     0.00000     0.00000     0.00000
    -23.195         0.00000     0.00000     0.00000     0.00000
    -23.045         0.00000     0.00000     0.00000     0.00000
    -22.895         0.00000     0.00000     0.00000     0.00000
    -22.745         0.00000     0.00000     0.00000     0.00000
    -22.595         0.00000     0.00000     0.00000     0.00000
    -22.445         0.00000     0.00000     0.00000     0.00000
    -22.295         0.00000     0.00000     0.00000     0.00000
    -22.145         0.00000     0.00000     0.00000     0.00000
    -21.995         0.00000     0.00000     0.00000     0.00000
    -21.845         0.00000     0.00000     0.00000     0.00000
    -21.695         0.00000     0.00000     0.00000     0.00000
    -21.545         0.00000     0.00000     0.00000     0.00000
    -21.395         0.00000     0.00000     0.00000     0.00000
    -21.245         0.00000     0.00000     0.00000     0.00000
    -21.095         0.00000     0.00000     0.00000     0.00000
    -20.945         0.00000     0.00000     0.00000     0.00000
    -20.795         0.00000     0.00000     0.00000     0.00000
    -20.645         0.00000     0.00000     0.00000     0.00000
    -20.495        -0.00000     0.00000    -0.00000     0.00000
    -20.345        -0.00000     0.00000    -0.00000     0.00000
    -20.195        -0.00000     0.00000    -0.00000     0.00000
    -20.045        -0.00000     0.00000    -0.00000     0.00000
    -19.895        -0.00000     0.00000    -0.00000     0.00000
    -19.745        -0.00000     0.00000    -0.00000     0.00000
    -19.595        -0.00000     0.00000    -0.00000     0.00000
    -19.445        -0.00000     0.00000    -0.00000     0.00000
    -19.295        -0.00142     0.00000    -0.00142     0.00000
    -19.145        -0.00196     0.00000    -0.00196     0.00000
    -18.995        -0.00390     0.00000    -0.00390     0.00000
    -18.845        -0.00543     0.00000    -0.00543     0.00000
    -18.695        -0.00704     0.00000    -0.00704     0.00000
    -18.545        -0.01181     0.00000    -0.01181     0.00000
    -18.395        -0.01307     0.00000    -0.01307     0.00000
    -18.245        -0.01577     0.00000    -0.01577     0.00000
    -18.095        -0.01987     0.00000    -0.01987     0.00000
    -17.945        -0.02314     0.00000    -0.02314     0.00000
    -17.795        -0.02604     0.00000    -0.02604     0.00000
    -17.645        -0.02768     0.00000    -0.02768     0.00000
    -17.495        -0.03154     0.00000    -0.03154     0.00000
    -17.345        -0.03413     0.00000    -0.03413     0.00000
    -17.195        -0.03677     0.00000    -0.03677     0.00000
    -17.045        -0.03989     0.00000    -0.03989     0.00000
    -16.895        -0.04175     0.00000    -0.04175     0.00000
    -16.745        -0.04408     0.00000    -0.04408     0.00000
    -16.595        -0.04415     0.00000    -0.04415     0.00000
    -16.445        -0.04695     0.00000    -0.04695     0.00000
    -16.295        -0.04894     0.00000    -0.04894     0.00000
    -16.145        -0.04903     0.00000    -0.04903     0.00000
    -15.995        -0.05047     0.00000    -0.05047     0.00000
    -15.845        -0.05193     0.00000    -0.05193     0.00000
    -15.695        -0.05341     0.00000    -0.05341     0.00000
    -15.545        -0.05348     0.00000    -0.05348     0.00000
    -15.395        -0.05357     0.00000    -0.05357     0.00000
    -15.245        -0.05612     0.00000    -0.05612     0.00000
    -15.095        -0.05763     0.00000    -0.05763     0.00000
    -14.945        -0.05772     0.00000    -0.05772     0.00000
    -14.795        -0.05781     0.00000    -0.05781     0.00000
    -14.645        -0.05933     0.00000    -0.05933     0.00000
    -14.495        -0.05942     0.00000    -0.05942     0.00000
    -14.345        -0.06094     0.00000    -0.06094     0.00000
    -14.195        -0.06318     0.00000    -0.06318     0.00000
    -14.045        -0.06328    -0.00000    -0.06328     0.00000
    -13.895        -0.06339    -0.00000    -0.06339     0.00000
    -13.745        -0.06528    -0.00032    -0.06496     0.00000
    -13.595        -0.06574    -0.00067    -0.06507     0.00000
    -13.445        -0.06798    -0.00136    -0.06661     0.00000
    -13.295        -0.07103    -0.00210    -0.06893     0.00000
    -13.145        -0.07510    -0.00385    -0.07125     0.00000
    -12.995        -0.07981    -0.00572    -0.07409     0.00000
    -12.845        -0.08711    -0.01016    -0.07695     0.00000
    -12.695        -0.09499    -0.01569    -0.07931     0.00000
    -12.545        -0.10096    -0.01926    -0.08170     0.00000
    -12.395        -0.10808    -0.02482    -0.08326     0.00000
    -12.245        -0.11365    -0.03025    -0.08339     0.00000
    -12.095        -0.12604    -0.04024    -0.08581     0.00000
    -11.945        -0.13854    -0.05033    -0.08821     0.00000
    -11.795        -0.15260    -0.06197    -0.09063     0.00000
    -11.645        -0.16252    -0.07176    -0.09076     0.00000
    -11.495        -0.17890    -0.08421    -0.09469     0.00000
    -11.345        -0.19412    -0.09788    -0.09624     0.00000
    -11.195        -0.21015    -0.11145    -0.09870     0.00000
    -11.045        -0.22841    -0.12569    -0.10272     0.00000
    -10.895        -0.24941    -0.14228    -0.10713     0.00000
    -10.745        -0.26577    -0.15616    -0.10961     0.00000
    -10.595        -0.28328    -0.17212    -0.11115     0.00000
    -10.445        -0.30654    -0.19079    -0.11575     0.00000
    -10.295        -0.33283    -0.21244    -0.12039     0.00000
    -10.145        -0.36092    -0.23621    -0.12471     0.00000
    -9.9950        -0.38627    -0.25679    -0.12948     0.00000
    -9.8450        -0.41244    -0.27855    -0.13389     0.00000
    -9.6950        -0.44432    -0.30477    -0.13955     0.00000
    -9.5450        -0.47482    -0.32991    -0.14490     0.00000
    -9.3950        -0.50549    -0.35388    -0.15161     0.00000
    -9.2450        -0.54066    -0.38221    -0.15845     0.00000
    -9.0950        -0.57417    -0.41059    -0.16358     0.00000
    -8.9450        -0.61071    -0.43814    -0.17257     0.00000
    -8.7950        -0.65132    -0.46943    -0.18189     0.00000
    -8.6450        -0.69110    -0.50140    -0.18970     0.00000
    -8.4950        -0.73221    -0.53359    -0.19862     0.00000
    -8.3450        -0.77022    -0.56256    -0.20766     0.00000
    -8.1950        -0.81053    -0.59344    -0.21708     0.00000
    -8.0450        -0.85003    -0.62365    -0.22611    -0.00027
    -7.8950        -0.89006    -0.65288    -0.23607    -0.00111
    -7.7450        -0.93383    -0.68462    -0.24705    -0.00216
    -7.5950        -0.97474    -0.71187    -0.25729    -0.00558
    -7.4450        -1.02373    -0.74444    -0.26913    -0.01016
    -7.2950        -1.07187    -0.77217    -0.27964    -0.02006
    -7.1450        -1.13204    -0.80122    -0.29208    -0.03874
    -6.9950        -1.19871    -0.83109    -0.30291    -0.06471
    -6.8450        -1.27593    -0.85685    -0.31737    -0.10170
    -6.6950        -1.36996    -0.88729    -0.33263    -0.15003
    -6.5450        -1.48286    -0.91573    -0.34872    -0.21840
    -6.3950        -1.61325    -0.94432    -0.36480    -0.30413
    -6.2450        -1.76332    -0.97056    -0.38320    -0.40956
    -6.0950        -1.93760    -0.99658    -0.40099    -0.54003
    -5.9450        -2.14885    -1.02315    -0.41853    -0.70717
    -5.7950        -2.41548    -1.05079    -0.43853    -0.92616
    -5.6450        -2.76386    -1.07861    -0.46092    -1.22433
    -5.4950        -3.18188    -1.10937    -0.48493    -1.58758
    -5.3450        -3.64300    -1.13944    -0.51067    -1.99289
    -5.1950        -4.15649    -1.16911    -0.53675    -2.45063
    -5.0450        -4.71379    -1.20219    -0.56359    -2.94801
    -4.8950        -5.30055    -1.23357    -0.59741    -3.46958
    -4.7450        -5.92085    -1.26664    -0.62999    -4.02421
    -4.5950        -6.56717    -1.30346    -0.66225    -4.60147
    -4.4450        -7.22844    -1.34313    -0.70138    -5.18393
    -4.2950        -7.90113    -1.38623    -0.74281    -5.77209
    -4.1450        -8.59192    -1.43158    -0.78612    -6.37422
    -3.9950        -9.28572    -1.47503    -0.83074    -6.97995
    -3.8450        -9.99857    -1.52360    -0.87748    -7.59749
    -3.6950       -10.71026    -1.56992    -0.92643    -8.21391
    -3.5450       -11.45313    -1.62198    -0.97952    -8.85163
    -3.3950       -12.21980    -1.67977    -1.03539    -9.50463
    -3.2450       -13.03087    -1.73941    -1.09696   -10.19450
    -3.0950       -13.86579    -1.80279    -1.15790   -10.90510
    -2.9450       -14.72692    -1.86656    -1.22188   -11.63848
    -2.7950       -15.62828    -1.93326    -1.29082   -12.40420
    -2.6450       -16.59190    -2.00002    -1.36698   -13.22490
    -2.4950       -17.60764    -2.06476    -1.44759   -14.09529
    -2.3450       -18.70009    -2.13762    -1.53167   -15.03080
    -2.1950       -19.88116    -2.21738    -1.62337   -16.04041
    -2.0450       -21.15405    -2.30542    -1.72637   -17.12226
    -1.8950       -22.51287    -2.39918    -1.83426   -18.27943
    -1.7450       -23.97856    -2.49896    -1.95346   -19.52614
    -1.5950       -25.57386    -2.60646    -2.08638   -20.88102
    -1.4450       -27.30366    -2.71821    -2.22678   -22.35868
    -1.2950       -29.20677    -2.83856    -2.37968   -23.98852
    -1.1450       -31.32843    -2.97283    -2.55211   -25.80349
   -0.99500       -33.72933    -3.12414    -2.74346   -27.86173
   -0.84500       -36.47407    -3.29242    -2.96559   -30.21606
   -0.69500       -39.69703    -3.48417    -3.22670   -32.98616
   -0.54500       -43.56267    -3.68099    -3.50416   -36.37753
   -0.39500       -48.53335    -3.87870    -3.77693   -40.87772
   -0.25300       -52.87507    -3.99164    -3.91749   -44.96593
   -0.21500       -53.19568    -3.99765    -3.92456   -45.27348
   -0.20900       -53.52485    -4.00356    -3.93172   -45.58958
   -0.20300       -53.86399    -4.00958    -3.93848   -45.91593
   -0.19700       -54.21263    -4.01544    -3.94504   -46.25216
   -0.19100       -54.57258    -4.02110    -3.95148   -46.60000
   -0.18500       -54.94281    -4.02668    -3.95751   -46.95862
   -0.17900       -55.32421    -4.03189    -3.96351   -47.32881
   -0.17300       -55.71849    -4.03708    -3.96929   -47.71212
   -0.16700       -56.12690    -4.04216    -3.97487   -48.10987
   -0.16100       -56.54859    -4.04720    -3.98025   -48.52114
   -0.15500       -56.98698    -4.05209    -3.98555   -48.94934
   -0.14900       -57.43962    -4.05672    -3.99071   -49.39220
   -0.14300       -57.90968    -4.06105    -3.99571   -49.85292
   -0.13700       -58.39387    -4.06535    -4.00043   -50.32810
   -0.13100       -58.90059    -4.06951    -4.00497   -50.82612
   -0.12500       -59.42513    -4.07349    -4.00921   -51.34243
   -0.11900       -59.97025    -4.07709    -4.01330   -51.87985
   -0.11300       -60.54123    -4.08068    -4.01722   -52.44334
   -0.10700       -61.13303    -4.08409    -4.02083   -53.02811
   -0.10100       -61.75157    -4.08734    -4.02437   -53.63986
   -0.95000E-01   -62.39709    -4.09043    -4.02764   -54.27901
   -0.89000E-01   -63.07065    -4.09328    -4.03075   -54.94663
   -0.83000E-01   -63.77601    -4.09597    -4.03378   -55.64626
   -0.77000E-01   -64.51428    -4.09845    -4.03647   -56.37937
   -0.71000E-01   -65.28944    -4.10075    -4.03899   -57.14970
   -0.65000E-01   -66.10444    -4.10300    -4.04127   -57.96018
   -0.59000E-01   -66.96584    -4.10499    -4.04329   -58.81756
   -0.53000E-01   -67.87823    -4.10676    -4.04514   -59.72632
   -0.47000E-01   -68.84589    -4.10834    -4.04672   -60.69082
   -0.41000E-01   -69.85827    -4.10972    -4.04818   -61.70037
   -0.35000E-01   -70.89529    -4.11093    -4.04945   -62.73491
   -0.29000E-01   -71.92287    -4.11193    -4.05048   -63.76046
   -0.23000E-01   -72.85887    -4.11270    -4.05129   -64.69489
   -0.19700E-01   -72.94390    -4.11277    -4.05136   -64.77977
   -0.19100E-01   -73.02684    -4.11284    -4.05143   -64.86257
   -0.18500E-01   -73.10830    -4.11290    -4.05149   -64.94390
   -0.17900E-01   -73.18726    -4.11297    -4.05156   -65.02274
   -0.17300E-01   -73.26405    -4.11303    -4.05161   -65.09941
   -0.16700E-01   -73.33913    -4.11308    -4.05167   -65.17438
   -0.16100E-01   -73.41189    -4.11314    -4.05173   -65.24703
   -0.15500E-01   -73.48232    -4.11319    -4.05178   -65.31735
   -0.14900E-01   -73.55066    -4.11324    -4.05183   -65.38560
   -0.14300E-01   -73.61641    -4.11328    -4.05188   -65.45125
   -0.13700E-01   -73.67985    -4.11333    -4.05193   -65.51460
   -0.13100E-01   -73.74084    -4.11338    -4.05198   -65.57549
   -0.12500E-01   -73.79950    -4.11342    -4.05202   -65.63406
   -0.11900E-01   -73.85548    -4.11346    -4.05206   -65.68997
   -0.11300E-01   -73.90885    -4.11350    -4.05210   -65.74325
   -0.10700E-01   -73.95959    -4.11353    -4.05214   -65.79392
   -0.10100E-01   -74.00770    -4.11356    -4.05217   -65.84197
   -0.95000E-02   -74.05326    -4.11359    -4.05221   -65.88746
   -0.89000E-02   -74.09596    -4.11363    -4.05224   -65.93010
   -0.83000E-02   -74.13617    -4.11365    -4.05227   -65.97025
   -0.77000E-02   -74.17349    -4.11368    -4.05229   -66.00752
   -0.71000E-02   -74.20793    -4.11370    -4.05232   -66.04191
   -0.65000E-02   -74.23965    -4.11373    -4.05234   -66.07358
   -0.59000E-02   -74.26853    -4.11375    -4.05236   -66.10242
   -0.53000E-02   -74.29450    -4.11376    -4.05238   -66.12835
   -0.47000E-02   -74.31749    -4.11378    -4.05240   -66.15131
   -0.41000E-02   -74.33765    -4.11379    -4.05241   -66.17144
   -0.35000E-02   -74.35488    -4.11381    -4.05243   -66.18864
   -0.29000E-02   -74.36916    -4.11382    -4.05244   -66.20291
   -0.23000E-02   -74.38047    -4.11382    -4.05245   -66.21420
   -0.17000E-02   -74.38890    -4.11383    -4.05245   -66.22262
   -0.11000E-02   -74.39434    -4.11383    -4.05246   -66.22805
   -0.50000E-03   -74.39681    -4.11383    -4.05246   -66.23052
    0.10000E-03   -74.39632    -4.11383    -4.05246   -66.23002
    0.70000E-03   -74.39287    -4.11383    -4.05246   -66.22658
    0.13000E-02   -74.38644    -4.11383    -4.05245   -66.22016
    0.19000E-02   -74.37707    -4.11382    -4.05244   -66.21080
    0.25000E-02   -74.36470    -4.11381    -4.05243   -66.19846
    0.31000E-02   -74.34945    -4.11380    -4.05242   -66.18323
    0.37000E-02   -74.33123    -4.11379    -4.05241   -66.16503
    0.43000E-02   -74.31009    -4.11378    -4.05240   -66.14391
    0.49000E-02   -74.28603    -4.11376    -4.05238   -66.11989
    0.55000E-02   -74.25909    -4.11374    -4.05236   -66.09299
    0.61000E-02   -74.22926    -4.11372    -4.05234   -66.06320
    0.67000E-02   -74.19662    -4.11370    -4.05232   -66.03060
    0.73000E-02   -74.16107    -4.11367    -4.05230   -65.99510
    0.79000E-02   -74.12273    -4.11364    -4.05227   -65.95682
    0.85000E-02   -74.08164    -4.11362    -4.05224   -65.91578
    0.91000E-02   -74.03785    -4.11359    -4.05221   -65.87206
    0.97000E-02   -73.99130    -4.11355    -4.05217   -65.82558
    0.10300E-01   -73.94211    -4.11351    -4.05214   -65.77646
    0.10900E-01   -73.89021    -4.11347    -4.05210   -65.72463
    0.11500E-01   -73.83562    -4.11344    -4.05207   -65.67012
    0.12100E-01   -73.77861    -4.11340    -4.05203   -65.61319
    0.12700E-01   -73.71889    -4.11336    -4.05198   -65.55356
    0.13300E-01   -73.65677    -4.11331    -4.05194   -65.49153
    0.13900E-01   -73.59207    -4.11326    -4.05189   -65.42691
    0.14500E-01   -73.52517    -4.11321    -4.05184   -65.36012
    0.15100E-01   -73.45600    -4.11316    -4.05179   -65.29106
    0.15700E-01   -73.38448    -4.11311    -4.05173   -65.21964
    0.16300E-01   -73.31079    -4.11305    -4.05168   -65.14606
    0.16900E-01   -73.23490    -4.11300    -4.05161   -65.07029
    0.17500E-01   -73.15675    -4.11294    -4.05155   -64.99225
    0.18100E-01   -73.07681    -4.11288    -4.05150   -64.91243
    0.18700E-01   -72.99487    -4.11282    -4.05143   -64.83063
    0.19300E-01   -72.91072    -4.11275    -4.05136   -64.74661
    0.20200E-01   -72.56752    -4.11247    -4.05107   -64.40398
    0.25000E-01   -71.58461    -4.11165    -4.05022   -63.42274
    0.31000E-01   -70.54431    -4.11058    -4.04916   -62.38458
    0.37000E-01   -69.51240    -4.10932    -4.04788   -61.35520
    0.43000E-01   -68.51592    -4.10783    -4.04641   -60.36168
    0.49000E-01   -67.57092    -4.10614    -4.04472   -59.42006
    0.55000E-01   -66.68139    -4.10438    -4.04288   -58.53413
    0.61000E-01   -65.84433    -4.10233    -4.04081   -57.70119
    0.67000E-01   -65.05286    -4.10012    -4.03850   -56.91423
    0.73000E-01   -64.30130    -4.09758    -4.03610   -56.16762
    0.79000E-01   -63.58805    -4.09496    -4.03347   -55.45961
    0.85000E-01   -62.90777    -4.09205    -4.03064   -54.78509
    0.91000E-01   -62.25831    -4.08893    -4.02768   -54.14171
    0.97000E-01   -61.63756    -4.08558    -4.02450   -53.52748
    0.10300       -61.04384    -4.08198    -4.02101   -52.94084
    0.10900       -60.47682    -4.07825    -4.01736   -52.38121
    0.11500       -59.93342    -4.07416    -4.01349   -51.84577
    0.12100       -59.41215    -4.06994    -4.00944   -51.33278
    0.12700       -58.91442    -4.06547    -4.00516   -50.84378
    0.13300       -58.43630    -4.06067    -4.00078   -50.37485
    0.13900       -57.97912    -4.05587    -3.99628   -49.92697
    0.14500       -57.54077    -4.05069    -3.99170   -49.49838
    0.15100       -57.12086    -4.04551    -3.98681   -49.08854
    0.15700       -56.71626    -4.03993    -3.98178   -48.69456
    0.16300       -56.32810    -4.03401    -3.97658   -48.31751
    0.16900       -55.95455    -4.02811    -3.97122   -47.95522
    0.17500       -55.59628    -4.02194    -3.96567   -47.60867
    0.18100       -55.25109    -4.01578    -3.96013   -47.27517
    0.18700       -54.92020    -4.00931    -3.95452   -46.95636
    0.19300       -54.60128    -4.00267    -3.94885   -46.64976
    0.19900       -54.29278    -3.99581    -3.94307   -46.35390
    0.20500       -53.99518    -3.98863    -3.93698   -46.06957
    0.21100       -53.70731    -3.98158    -3.93082   -45.79491
    0.21700       -53.42944    -3.97413    -3.92454   -45.53078
    0.29500       -48.23251    -3.73711    -3.74020   -40.75520
    0.44500       -45.10772    -3.46140    -3.53656   -38.10975
    0.59500       -42.91785    -3.19201    -3.33913   -36.38671
    0.74500       -41.25531    -2.94311    -3.16469   -35.14751
    0.89500       -39.92237    -2.72640    -3.01145   -34.18452
     1.0450       -38.80780    -2.53871    -2.87022   -33.39887
     1.1950       -37.86740    -2.37225    -2.73978   -32.75537
     1.3450       -37.06455    -2.22148    -2.62026   -32.22281
     1.4950       -36.37813    -2.08525    -2.51262   -31.78026
     1.6450       -35.77955    -1.95792    -2.41159   -31.41004
     1.7950       -35.25430    -1.84143    -2.31588   -31.09699
     1.9450       -34.78781    -1.73254    -2.22730   -30.82797
     2.0950       -34.36467    -1.63250    -2.14260   -30.58957
     2.2450       -33.98637    -1.53864    -2.06531   -30.38242
     2.3950       -33.64472    -1.45096    -1.99009   -30.20368
     2.5450       -33.32976    -1.37074    -1.91898   -30.04005
     2.6950       -33.04514    -1.29789    -1.85200   -29.89525
     2.8450       -32.78129    -1.22960    -1.78729   -29.76439
     2.9950       -32.54493    -1.16639    -1.72875   -29.64979
     3.1450       -32.32762    -1.10832    -1.67118   -29.54812
     3.2950       -32.12210    -1.05485    -1.61670   -29.45056
     3.4450       -31.92284    -1.00417    -1.56353   -29.35514
     3.5950       -31.73830    -0.95744    -1.51319   -29.26767
     3.7450       -31.56466    -0.91336    -1.46522   -29.18608
     3.8950       -31.40379    -0.87291    -1.41995   -29.11092
     4.0450       -31.25202    -0.83616    -1.37523   -29.04063
     4.1950       -31.10692    -0.80154    -1.33304   -28.97234
     4.3450       -30.96612    -0.76991    -1.29159   -28.90462
     4.4950       -30.83555    -0.74026    -1.25299   -28.84230
     4.6450       -30.71164    -0.71338    -1.21551   -28.78275
     4.7950       -30.59276    -0.68975    -1.17889   -28.72412
     4.9450       -30.47926    -0.66790    -1.14389   -28.66747
     5.0950       -30.37311    -0.64872    -1.11048   -28.61391
     5.2450       -30.26659    -0.62776    -1.07807   -28.56076
     5.3950       -30.16744    -0.61038    -1.04692   -28.51013
     5.5450       -30.06904    -0.59150    -1.01685   -28.46068
     5.6950       -29.97485    -0.57402    -0.98777   -28.41306
     5.8450       -29.88598    -0.56001    -0.95920   -28.36678
     5.9950       -29.79709    -0.54488    -0.93230   -28.31990
     6.1450       -29.71253    -0.53115    -0.90545   -28.27593
     6.2950       -29.63289    -0.51975    -0.88017   -28.23297
     6.4450       -29.55299    -0.50763    -0.85466   -28.19070
     6.5950       -29.47972    -0.49958    -0.83039   -28.14975
     6.7450       -29.40506    -0.48889    -0.80678   -28.10939
     6.8950       -29.33582    -0.48157    -0.78404   -28.07021
     7.0450       -29.26643    -0.47296    -0.76153   -28.03194
     7.1950       -29.19902    -0.46499    -0.73949   -27.99454
     7.3450       -29.13337    -0.45706    -0.71844   -27.95788
     7.4950       -29.07000    -0.45053    -0.69746   -27.92201
     7.6450       -29.01137    -0.44568    -0.67887   -27.88682
     7.7950       -28.94931    -0.43787    -0.65918   -27.85227
     7.9450       -28.88951    -0.43009    -0.64103   -27.81838
     8.0950       -28.83517    -0.42743    -0.62265   -27.78510
     8.2450       -28.78244    -0.42479    -0.60519   -27.75246
     8.3950       -28.73204    -0.42219    -0.58947   -27.72038
     8.5450       -28.68074    -0.41961    -0.57215   -27.68898
     8.6950       -28.63176    -0.41704    -0.55663   -27.65808
     8.8450       -28.58239    -0.41328    -0.54147   -27.62763
     8.9950       -28.53447    -0.41076    -0.52590   -27.59782
     9.1450       -28.48864    -0.40962    -0.51057   -27.56845
     9.2950       -28.44440    -0.40852    -0.49631   -27.53957
     9.4450       -28.39849    -0.40603    -0.48146   -27.51099
     9.5950       -28.35540    -0.40502    -0.46741   -27.48296
     9.7450       -28.31126    -0.40255    -0.45332   -27.45540
     9.8950       -28.26943    -0.40160    -0.43962   -27.42821
     10.045       -28.22929    -0.40067    -0.42714   -27.40148
     10.195       -28.19035    -0.39977    -0.41547   -27.37511
     10.345       -28.15164    -0.39891    -0.40361   -27.34912
     10.495       -28.11245    -0.39807    -0.39078   -27.32359
     10.645       -28.07536    -0.39727    -0.37982   -27.29827
     10.795       -28.03889    -0.39649    -0.36901   -27.27339
     10.945       -28.00285    -0.39574    -0.35829   -27.24882
     11.095       -27.96644    -0.39501    -0.34677   -27.22466
     11.245       -27.93208    -0.39429    -0.33700   -27.20080
     11.395       -27.89812    -0.39360    -0.32733   -27.17720
     11.545       -27.86351    -0.39292    -0.31672   -27.15388
     11.695       -27.83284    -0.39225    -0.30970   -27.13089
     11.845       -27.80170    -0.39161    -0.30184   -27.10825
     11.995       -27.76983    -0.39098    -0.29294   -27.08591
     12.145       -27.74120    -0.39037    -0.28701   -27.06382
     12.295       -27.71178    -0.38977    -0.28007   -27.04194
     12.445       -27.68503    -0.38919    -0.27546   -27.02038
     12.595       -27.66238    -0.38862    -0.27470   -26.99906
     12.745       -27.63616    -0.38807    -0.27011   -26.97798
     12.895       -27.60889    -0.38752    -0.26426   -26.95710
     13.045       -27.58478    -0.38699    -0.26136   -26.93643
     13.195       -27.56107    -0.38647    -0.25847   -26.91613
     13.345       -27.53584    -0.38595    -0.25386   -26.89603
     13.495       -27.51253    -0.38545    -0.25096   -26.87613
     13.645       -27.49179    -0.38496    -0.25033   -26.85650
     13.795       -27.47119    -0.38447    -0.24972   -26.83700
     13.945       -27.44857    -0.38400    -0.24680   -26.81778
     14.095       -27.42851    -0.38352    -0.24623   -26.79875
     14.245       -27.40863    -0.38306    -0.24568   -26.77988
     14.395       -27.38663    -0.38262    -0.24274   -26.76127
     14.545       -27.36721    -0.38217    -0.24222   -26.74282
     14.695       -27.34802    -0.38173    -0.24170   -26.72458
     14.845       -27.32903    -0.38130    -0.24121   -26.70652
     14.995       -27.31023    -0.38088    -0.24073   -26.68862
     15.145       -27.29168    -0.38047    -0.24025   -26.67096
     15.295       -27.27330    -0.38006    -0.23980   -26.65344
     15.445       -27.25515    -0.37966    -0.23936   -26.63613
     15.595       -27.23714    -0.37925    -0.23893   -26.61896
     15.745       -27.21932    -0.37887    -0.23851   -26.60194
     15.895       -27.19915    -0.37848    -0.23557   -26.58510
     16.045       -27.18171    -0.37810    -0.23517   -26.56844
     16.195       -27.16437    -0.37772    -0.23477   -26.55187
     16.345       -27.14729    -0.37736    -0.23441   -26.53553
     16.495       -27.13032    -0.37700    -0.23405   -26.51928
     16.645       -27.11353    -0.37664    -0.23369   -26.50320
     16.795       -27.09688    -0.37629    -0.23333   -26.48725
     16.945       -27.08040    -0.37594    -0.23299   -26.47147
     17.095       -27.06406    -0.37559    -0.23264   -26.45582
     17.245       -27.04785    -0.37526    -0.23232   -26.44028
     17.395       -27.03181    -0.37492    -0.23199   -26.42490
     17.545       -27.01594    -0.37458    -0.23169   -26.40967
     17.695       -27.00018    -0.37426    -0.23138   -26.39454
     17.845       -26.98454    -0.37393    -0.23107   -26.37954
     17.995       -26.96903    -0.37361    -0.23077   -26.36465
     18.145       -26.95374    -0.37329    -0.23048   -26.34996
     18.295       -26.93849    -0.37298    -0.23020   -26.33531
     18.445       -26.92339    -0.37267    -0.22993   -26.32079
     18.595       -26.90847    -0.37237    -0.22965   -26.30645
     18.745       -26.89368    -0.37207    -0.22940   -26.29221
     18.895       -26.87903    -0.37177    -0.22914   -26.27812
     19.045       -26.86447    -0.37148    -0.22889   -26.26411
     19.195       -26.84999    -0.37119    -0.22864   -26.25016
     19.345       -26.83564    -0.37090    -0.22839   -26.23635
     19.495       -26.82139    -0.37061    -0.22815   -26.22263
     19.645       -26.80734    -0.37033    -0.22791   -26.20910
     19.795       -26.79336    -0.37004    -0.22768   -26.19564
     19.945       -26.77947    -0.36976    -0.22745   -26.18226
     20.095       -26.76569    -0.36949    -0.22722   -26.16898
     20.245       -26.75199    -0.36922    -0.22700   -26.15577
     20.395       -26.73842    -0.36895    -0.22678   -26.14269
     20.545       -26.72492    -0.36868    -0.22657   -26.12966
     20.695       -26.71152    -0.36842    -0.22637   -26.11674
     20.845       -26.69822    -0.36815    -0.22616   -26.10392
     20.995       -26.68506    -0.36789    -0.22595   -26.09122
     21.145       -26.67199    -0.36763    -0.22575   -26.07860
     21.295       -26.65902    -0.36738    -0.22556   -26.06608
     21.445       -26.64616    -0.36712    -0.22537   -26.05367
     21.595       -26.63338    -0.36687    -0.22518   -26.04133
     21.745       -26.62066    -0.36663    -0.22499   -26.02905
     21.895       -26.60806    -0.36638    -0.22481   -26.01688
     22.045       -26.59551    -0.36614    -0.22462   -26.00475
     22.195       -26.58312    -0.36589    -0.22444   -25.99278
     22.345       -26.57078    -0.36566    -0.22427   -25.98086
     22.495       -26.55856    -0.36543    -0.22409   -25.96904
     22.645       -26.54640    -0.36519    -0.22392   -25.95730
     22.795       -26.53433    -0.36495    -0.22375   -25.94563
     22.945       -26.52233    -0.36472    -0.22358   -25.93402
     23.095       -26.51042    -0.36449    -0.22342   -25.92251
     23.245       -26.49858    -0.36427    -0.22326   -25.91106
     23.395       -26.48681    -0.36404    -0.22309   -25.89967
     23.545       -26.47514    -0.36382    -0.22294   -25.88839
     23.695       -26.46357    -0.36360    -0.22278   -25.87719
     23.845       -26.45208    -0.36338    -0.22262   -25.86607
     23.995       -26.44063    -0.36316    -0.22247   -25.85500
     24.145       -26.42926    -0.36294    -0.22232   -25.84399
     24.295       -26.41792    -0.36273    -0.22217   -25.83302
     24.445       -26.40666    -0.36252    -0.22202   -25.82212
     24.595       -26.39549    -0.36231    -0.22187   -25.81131
     24.745       -26.38441    -0.36210    -0.22173   -25.80058
     24.895       -26.37337    -0.36189    -0.22159   -25.78990
     25.045       -26.36244    -0.36169    -0.22145   -25.77930
     25.195       -26.35156    -0.36149    -0.22131   -25.76877
     25.345       -26.34074    -0.36127    -0.22117   -25.75829
     25.495       -26.33000    -0.36107    -0.22103   -25.74789
     25.645       -26.31931    -0.36087    -0.22090   -25.73754
     25.795       -26.30872    -0.36067    -0.22077   -25.72728
     25.945       -26.29813    -0.36047    -0.22064   -25.71703
     26.095       -26.28763    -0.36027    -0.22051   -25.70685
     26.245       -26.27720    -0.36007    -0.22038   -25.69676
     26.395       -26.26681    -0.35988    -0.22025   -25.68667
     26.545       -26.25649    -0.35969    -0.22013   -25.67667
     26.695       -26.24625    -0.35950    -0.22001   -25.66674
     26.845       -26.23604    -0.35931    -0.21988   -25.65685
     26.995       -26.22594    -0.35912    -0.21976   -25.64706
     27.145       -26.21588    -0.35893    -0.21964   -25.63731
     27.295       -26.20587    -0.35875    -0.21952   -25.62760
     27.445       -26.19592    -0.35856    -0.21940   -25.61795
     27.595       -26.18602    -0.35838    -0.21929   -25.60834
     27.745       -26.17619    -0.35820    -0.21917   -25.59882
     27.895       -26.16638    -0.35802    -0.21906   -25.58930
     28.045       -26.15663    -0.35784    -0.21894   -25.57985
     28.195       -26.14694    -0.35766    -0.21883   -25.57045
     28.345       -26.13733    -0.35749    -0.21872   -25.56112
     28.495       -26.12773    -0.35731    -0.21861   -25.55181
     28.645       -26.11821    -0.35713    -0.21850   -25.54257
     28.795       -26.10875    -0.35696    -0.21839   -25.53339
     28.945       -26.09929    -0.35679    -0.21829   -25.52422
     29.095       -26.08993    -0.35662    -0.21818   -25.51513
     29.245       -26.08064    -0.35645    -0.21808   -25.50612
     29.395       -26.07138    -0.35628    -0.21797   -25.49712
     29.545       -26.06217    -0.35611    -0.21787   -25.48819
     29.695       -26.05301    -0.35594    -0.21776   -25.47930
     29.845       -26.04391    -0.35577    -0.21766   -25.47047
     29.995       -26.03484    -0.35561    -0.21756   -25.46167
     30.145       -26.02580    -0.35544    -0.21745   -25.45291
     35.794       -25.43033    -0.34481    -0.21137   -24.87415
     49.810       -24.84407    -0.33464    -0.20607   -24.30335
     69.316       -24.26845    -0.32487    -0.20123   -23.74234
     96.460       -23.70457    -0.31538    -0.19671   -23.19248
     134.23       -23.15369    -0.30622    -0.19245   -22.65502
     186.80       -22.61625    -0.29733    -0.18836   -22.13055
     259.95       -22.09290    -0.28876    -0.18442   -21.61972
     361.74       -21.58409    -0.28047    -0.18063   -21.12299
     503.40       -21.08982    -0.27248    -0.17696   -20.64038
     700.53       -20.61015    -0.26472    -0.17345   -20.17197
     974.85       -20.14477    -0.25725    -0.17005   -19.71747
     1356.6       -19.69382    -0.25007    -0.16675   -19.27700
     1887.8       -19.25644    -0.24315    -0.16354   -18.84975
     2627.1       -18.83246    -0.23645    -0.16044   -18.43557
     3655.9       -18.42103    -0.23003    -0.15742   -18.03358
     5087.5       -18.02181    -0.22386    -0.15451   -17.64343
     7079.7       -17.63448    -0.21792    -0.15169   -17.26487
     9852.1       -17.25933    -0.21218    -0.14897   -16.89818
     13710.       -16.89656    -0.20667    -0.14634   -16.54356
     19079.       -16.54590    -0.20138    -0.14379   -16.20073
     26550.       -16.20743    -0.19624    -0.14135   -15.86984
     36947.       -15.88096    -0.19130    -0.13902   -15.55065
     51416.       -15.56764    -0.18651    -0.13678   -15.24435
     71550.       -15.26815    -0.18192    -0.13464   -14.95159
     99568.       -14.98192    -0.17750    -0.13260   -14.67182
    0.13856E+06   -14.70745    -0.17318    -0.13064   -14.40363
    0.19282E+06   -14.44521    -0.16903    -0.12877   -14.14741
    0.26832E+06   -14.19488    -0.16503    -0.12699   -13.90286
    0.37340E+06   -13.95579    -0.16114    -0.12530   -13.66935
    0.51962E+06   -13.72751    -0.15744    -0.12369   -13.44638
    0.72310E+06   -13.50893    -0.15388    -0.12214   -13.23291
    0.10063E+07   -13.30042    -0.15047    -0.12066   -13.02929
    0.14003E+07   -13.10164    -0.14720    -0.11926   -12.83518
    0.19487E+07   -12.91227    -0.14408    -0.11793   -12.65026
    0.27118E+07   -12.73194    -0.14108    -0.11668   -12.47418
    0.37737E+07   -12.56028    -0.13825    -0.11547   -12.30656
    0.52514E+07   -12.39677    -0.13553    -0.11432   -12.14692
    0.73079E+07   -12.24102    -0.13295    -0.11324   -11.99482
    0.10170E+08   -12.09303    -0.13048    -0.11222   -11.85033
    0.14152E+08   -11.95212    -0.12813    -0.11123   -11.71275
    0.19694E+08   -11.81793    -0.12588    -0.11031   -11.58174
    0.27406E+08   -11.69032    -0.12374    -0.10942   -11.45715
    0.38138E+08   -11.56906    -0.12170    -0.10859   -11.33876
    0.53073E+08   -11.45415    -0.11975    -0.10780   -11.22660
    0.73856E+08   -11.34569    -0.11792    -0.10706   -11.12072
    0.10278E+09   -11.24353    -0.11617    -0.10637   -11.02100
    0.14302E+09   -11.14818    -0.11451    -0.10573   -10.92794
    0.19903E+09   -11.05987    -0.11292    -0.10514   -10.84182
    0.27697E+09   -10.97838    -0.11141    -0.10460   -10.76237
    0.38543E+09   -10.90286    -0.10996    -0.10410   -10.68881
    0.53637E+09   -10.83285    -0.10858    -0.10364   -10.62063
    0.74641E+09   -10.76871    -0.10728    -0.10323   -10.55820
    0.10387E+10   -10.71016    -0.10606    -0.10284   -10.50126
    0.14454E+10   -10.65632    -0.10489    -0.10250   -10.44894
    0.20115E+10   -10.60680    -0.10380    -0.10217   -10.40083
    0.27992E+10   -10.56131    -0.10279    -0.10188   -10.35664
    0.38953E+10   -10.51940    -0.10186    -0.10161   -10.31594
    0.54207E+10   -10.48082    -0.10100    -0.10135   -10.27846
    0.75434E+10   -10.44527    -0.10020    -0.10112   -10.24395
    0.10497E+11   -10.41256    -0.09947    -0.10091   -10.21218
    0.14608E+11   -10.38247    -0.09881    -0.10071   -10.18295
    0.20329E+11   -10.35475    -0.09820    -0.10053   -10.15602
    0.28289E+11   -10.32916    -0.09763    -0.10037   -10.13116
    0.39367E+11   -10.30566    -0.09712    -0.10022   -10.10833
    0.54783E+11   -10.28401    -0.09664    -0.10008   -10.08729
    0.10000E+12   -10.03227    -0.09109    -0.09846    -9.84272
