#"Time (ps)"	"Potential Energy (kJ/mole)"	"Kinetic Energy (kJ/mole)"	"Temperature (K)"	"Box Volume (nm^3)"	"Density (g/mL)"	"Speed (ns/day)"	"Time Remaining"
100.99999999994601	-54296.328292188904	7404.683568379363	294.3571891372302	30.175449361001313	1.0666135245265278	0	--
101.99999999994368	-54397.1552580033	7376.888936662065	293.25227363478433	29.953233677093948	1.0745264682965607	294	1:56
102.99999999994135	-54442.757170142984	7401.443819281416	294.22839991495283	30.068687751962667	1.0704006327981017	294	1:56
103.99999999993902	-54316.77380563409	7163.152447298085	284.75564151752417	29.99444941128762	1.0730499485347176	294	1:56
104.99999999993669	-54523.03055308611	7461.733186347572	296.62507337987176	29.67495259456658	1.0846029928621512	294	1:55
105.99999999993436	-54612.055942239385	7301.317364450039	290.2480891386355	30.16156134922573	1.0671046509976378	294	1:55
106.99999999993203	-54284.4140300554	7195.515131787139	286.04215008350974	29.970395143309286	1.0739111794558571	294	1:55
107.9999999999297	-54321.65668627291	7264.660551945459	288.7908767956724	29.743999647148282	1.0820852198401356	294	1:55
108.99999999992737	-54449.123387609	7422.056242940338	295.0478022612537	29.93109793062427	1.0753211416337136	294	1:54
109.99999999992504	-54647.002769637795	7247.435074547651	288.10611517668593	30.05085833227943	1.0710357102358352	294	1:54
110.99999999992271	-54942.33745440355	7276.6108874404235	289.26593655117176	29.92110307929914	1.0756803421253835	294	1:54
111.99999999992038	-54474.27517942441	7184.426759868325	285.6013558267412	29.590595092932528	1.087695002281202	294	1:54
112.99999999991805	-54589.045797194296	7372.396776200788	293.0736975059972	29.61550574069591	1.0867801036023457	294	1:53
113.99999999991572	-54088.024436235166	7062.608547284997	280.75873611036644	29.831104267996967	1.0789256109314818	294	1:53
114.99999999991338	-54515.667356574704	7326.084605042887	291.23265725100276	29.808502972724625	1.0797436700044876	294	1:53
115.99999999991105	-54136.94890584581	7244.591763622404	287.993085497015	30.16958660748792	1.0668207959177372	294	1:52
116.99999999990872	-54231.265738989896	7354.30286054026	292.3544130011112	30.249429916152188	1.064004924599368	294	1:52
117.9999999999064	-54129.457090979646	7388.826038794491	293.7268073265615	29.819515830010996	1.0793449021971426	294	1:52
118.99999999990406	-54290.52991571394	7578.100811648905	301.2510167809578	29.382069927916262	1.0954143964693752	294	1:51
119.99999999990173	-54335.730656096915	7580.192077099355	301.334150518416	29.751856498121228	1.0817994634769035	294	1:51
120.9999999998994	-54230.414596466435	7349.586013993972	292.16690496270076	30.305801703901174	1.0620257702328402	294	1:51
121.99999999989707	-53837.08244990342	7420.433429008071	294.98329080128605	30.520450622126088	1.0545565920896383	294	1:51
122.99999999989474	-54019.188093377306	7549.857923258786	300.1282818034453	30.458866360571232	1.056688782047821	294	1:50
123.99999999989241	-54450.87306713805	7682.965441385324	305.41968345848403	30.354961022324552	1.0603058384241875	294	1:50
124.99999999989008	-54441.19406546498	7546.845052142	300.00851162488465	29.706687362289898	1.0834443438471757	294	1:50
125.99999999988775	-54278.40459510521	7732.6925331135535	307.3964764989859	30.178331871584952	1.0665116459738566	294	1:49
126.99999999988542	-54282.15848707402	7397.241298108885	294.0613377699992	30.403026908691107	1.0586295402024166	294	1:49
127.99999999988309	-54187.91501849788	7218.52798010483	286.95697612331037	29.88926366546567	1.076826206136916	294	1:49
128.99999999988785	-54196.4098193777	7273.287032305486	289.1338038751993	29.916473002679496	1.0758468217234913	294	1:48
129.99999999989262	-54637.27854330535	7399.077091895179	294.1343157836819	29.650179952279007	1.0855091756242605	294	1:48
130.9999999998974	-54741.74036403021	7639.817728970293	303.7044394204501	29.675036131499922	1.08459993964235	294	1:48
131.99999999990217	-54376.093075338984	7262.607198157801	288.7092501544179	29.917411279028997	1.0758130807818338	294	1:48
132.99999999990695	-54550.15962351157	7617.622116294846	302.8221008170527	29.516238297592388	1.0904351046567715	294	1:47
133.99999999991172	-54636.606442174496	7561.983558053302	300.6103102036676	29.47773335556621	1.0918594726697957	294	1:47
134.9999999999165	-54713.02555703014	7408.304038149763	294.5011130868669	29.5092361535564	1.090693850211044	294	1:47
135.99999999992127	-54330.326875725994	7576.215893445046	301.17608593224327	30.249467578069158	1.0640035998664605	294	1:46
136.99999999992605	-54457.58108836893	7676.936190623036	305.18000362738775	30.220724000752124	1.0650155964598447	294	1:46
137.99999999993082	-54209.4634687411	7530.10554994066	299.3430688993393	30.37027110188396	1.059771323381858	294	1:46
138.9999999999356	-54545.53014474918	7416.955603853833	294.84503738002115	30.354689081906137	1.0603153374512595	294	1:46
139.99999999994037	-54395.31932505034	7284.095234242608	289.56346057996717	30.380169042655115	1.0594260470348085	294	1:45
140.99999999994515	-54542.65662384566	7330.218429643342	291.3969885122295	29.97871598262827	1.073613106570671	294	1:45
141.99999999994992	-54373.981579171144	7458.424594936216	296.49354748023586	30.451037712140657	1.056960445859524	294	1:45
142.9999999999547	-54666.73481121834	7668.016032698291	304.8254020310953	30.189627987706228	1.0661125870850714	294	1:44
143.99999999995947	-54404.22070526847	7445.053470304203	295.9620073238016	30.509551414970403	1.0549333210227596	294	1:44
144.99999999996425	-54046.413926548645	7245.079991293243	288.01249393270575	30.39080150866393	1.0590553983228703	294	1:44
145.99999999996902	-54349.71421298201	7554.442959897722	300.3105500239121	29.92247987341741	1.0756308478864556	294	1:43
146.9999999999738	-54313.537985712814	7443.638309145748	295.90575065099006	29.940828663913432	1.0749716635565736	294	1:43
147.99999999997857	-54291.04569959483	7369.480094205956	292.95775111805534	30.178227966872527	1.066515318011393	294	1:43
148.99999999998334	-54169.754341178166	7338.716461177373	291.7348093863366	30.03676269068033	1.0715383255032258	294	1:43
149.99999999998812	-54265.60448637346	7258.481302571874	288.54523409402424	29.752369395892668	1.0817808144568346	294	1:42
150.9999999999929	-53882.94414614135	7407.181815872793	294.4565015660658	30.197867972373107	1.065821680740995	294	1:42
151.99999999999767	-54151.993159119855	7308.543111358462	290.5353330876495	29.76171276609534	1.0814412009840797	294	1:42
153.00000000000244	-54510.406802479265	7388.307086246872	293.70617748980993	29.749945452012536	1.0818689549876825	294	1:41
154.00000000000722	-54417.81871669198	7336.745653641791	291.65646419289965	29.787733487732446	1.0804965208368207	294	1:41
155.000000000012	-54211.20198482825	7161.5873839513615	284.69342580724987	29.889181238137112	1.0768291757702018	294	1:41
156.00000000001677	-54803.3782356157	7455.945220665626	296.39498531557746	30.106632201402814	1.0690515691625477	294	1:41
157.00000000002154	-54428.96162942145	7431.586362049089	295.42665154591117	29.807375359510285	1.0797845167149314	294	1:40
158.00000000002632	-54681.24669835798	7310.316112843894	290.60581492914463	29.5689822279417	1.0884900315133303	294	1:40
159.0000000000311	-54457.92720027888	7351.397039947138	292.23889838471615	29.561757688350557	1.0887560454428853	294	1:40
160.00000000003587	-54699.46547730573	7213.089164256621	286.74076775592647	29.798553990949202	1.080104169044081	294	1:39
161.00000000004064	-54783.93266588022	7363.089541238136	292.70370849877673	29.862560762629215	1.0777890969547124	294	1:39
162.00000000004542	-54324.3578218816	7265.62015464927	288.8290237268645	30.42881793656289	1.0577322610496684	294	1:39
163.0000000000502	-54482.17494988229	7566.889242028804	300.8053250658814	30.107472779332486	1.0690217220491316	294	1:38
164.00000000005497	-54397.578169608285	7612.8236958443795	302.6313499844136	29.97737001512815	1.073661311211319	294	1:38
165.00000000005974	-54063.201096516685	7345.0792885618475	291.9877498349815	30.104478055910732	1.069128065842352	294	1:38
166.00000000006452	-54330.22865610427	7479.563727554269	297.3338880026616	30.245404931757392	1.064146519768193	294	1:38
167.0000000000693	-54500.20776052034	7506.809190225019	298.41697247675756	30.01177427895022	1.0724305100376486	294	1:37
168.00000000007407	-54370.1938540776	7370.125771898161	292.98341863899816	30.09540262617993	1.0694504671325191	294	1:37
169.00000000007884	-54391.72765366646	7297.828370778752	290.1093917371175	30.074127245935763	1.0702070299133597	294	1:37
170.00000000008362	-54586.54721446347	7350.155295491919	292.1895355180805	30.18417668056964	1.0663051286016378	294	1:36
171.0000000000884	-54421.6046381667	7135.64484999161	283.6621364476208	30.13448557440702	1.068063442385235	294	1:36
172.00000000009317	-54426.91941707392	7498.493058104332	298.0863826206302	30.448889992739872	1.0570349988056569	294	1:36
173.00000000009794	-54566.82027676419	7488.195010799555	297.67700601050996	30.359163622552906	1.0601590609432896	294	1:36
174.00000000010272	-54637.185017178184	7436.223244462768	295.6109807830819	30.2964989575089	1.0623518724803769	294	1:35
175.0000000001075	-54450.28543187314	7450.274050449022	296.16954020254025	30.480981093533504	1.055922127255198	294	1:35
176.00000000011227	-54191.67411789272	7251.398892871428	288.2636882058726	30.22626016666832	1.0648205308773733	294	1:35
177.00000000011704	-54641.690090110205	7520.28512270379	298.9526790425849	29.890689993996087	1.0767748219788245	294	1:34
178.00000000012182	-54228.095718994795	7361.13024950537	292.6258210911879	29.717211560095954	1.0830606475988436	294	1:34
179.0000000001266	-54677.73801859739	7390.6284956737345	293.7984601035662	29.67021560760693	1.08477615473942	294	1:34
180.00000000013137	-54203.236264992884	7331.918414609216	291.4645677398236	30.035666765269465	1.0715774232229074	294	1:33
181.00000000013614	-54406.585017305275	7564.085227231233	300.6938575188228	30.067630498866567	1.0704382707617295	294	1:33
182.00000000014091	-54229.290389652684	7512.013606627693	298.6238628008672	30.355315053701396	1.0602934721701989	294	1:33
183.0000000001457	-53923.240141228394	7237.311161969164	287.70366091619593	30.204409117129835	1.0655908636483131	294	1:33
184.00000000015046	-54453.09241936513	7575.902901821851	301.1636436268326	30.241795853702854	1.06427351579283	294	1:32
185.00000000015524	-54266.568181412644	7406.647851654494	294.4352749727959	30.41400588131475	1.0582473917677178	294	1:32
186.00000000016001	-54349.751379884605	7389.670688023035	293.7603845308303	30.19460608509029	1.0659368201859794	294	1:32
187.0000000001648	-54436.20786327656	7565.607796953249	300.75438398690204	30.27846553009459	1.0629845942859713	294	1:31
188.00000000016956	-54530.471095398476	7298.6291585464805	290.14122532382345	30.046419857558906	1.0711939242575788	294	1:31
189.00000000017434	-54281.513289011986	7507.705739803205	298.45261286723746	29.756206679771868	1.0816413107853882	294	1:31
190.0000000001791	-54444.82501613372	7479.501308642247	297.3314066737403	29.83671139618594	1.0787228515145164	294	1:31
191.0000000001839	-54389.317679820175	7458.240069192343	296.486212058163	30.22340584335205	1.064921093404465	294	1:30
192.00000000018866	-54417.518428870826	7749.252979864714	308.0548012621594	30.132700727202106	1.068126706878752	294	1:30
193.00000000019344	-54050.952497881895	7552.069580397495	300.2162014522289	30.502313663190705	1.0551836412314497	294	1:30
194.0000000001982	-54021.102134013316	7566.193351475724	300.77766144119573	30.50430748714818	1.055114672269466	294	1:29
195.000000000203	-54257.73939719028	7468.5944989653535	296.8978300314303	30.35715410462927	1.060229239084084	294	1:29
196.00000000020776	-54173.17535001738	7506.294519568921	298.3965128573476	30.26451356065594	1.0634746311915213	294	1:29
197.00000000021254	-54391.875592662895	7788.48411934994	309.61435040951744	29.87116172893577	1.0774787632692466	294	1:28
198.0000000002173	-54186.43781378618	7369.855753546093	292.97268464308917	30.041705158198187	1.0713620357972968	294	1:28
199.0000000002221	-54435.97092114299	7426.2208912099595	295.213358850819	29.98929564779768	1.0732343558550024	294	1:28
200.00000000022686	-54467.3390462329	7652.520599942872	304.20941459716516	29.92250527115737	1.075629934908337	294	1:28
201.00000000023164	-54328.117244192515	7366.409291911414	292.83567801074827	29.96424776747096	1.0741314998753226	294	1:27
202.0000000002364	-54401.27549822745	7477.925072232957	297.2687468025155	30.081812333632385	1.0699336210247195	294	1:27
203.0000000002412	-54379.136092447734	7419.145948861041	294.9321098110857	30.094124085524975	1.0694959024439707	294	1:27
204.00000000024596	-54413.12890218609	7385.360409793665	293.5890387370121	30.13316404779147	1.068110283608545	294	1:26
205.00000000025074	-54472.01031305562	7226.685387995134	287.28125624076057	29.93880275854114	1.075044404971313	294	1:26
206.0000000002555	-54248.63955298555	7363.756639275569	292.7302275392414	29.920673480975964	1.0756957866464283	294	1:26
207.0000000002603	-54141.68713998457	7333.774793339666	291.53836406346437	30.022017955031377	1.072064590905203	294	1:26
208.00000000026506	-54362.7430612788	7427.45624027777	295.26246748265265	30.21207428307583	1.0653205104536314	294	1:25
209.00000000026984	-54099.202954852866	7471.562653687799	297.01582260639395	30.19199279019559	1.0660290832992365	294	1:25
210.0000000002746	-54257.55888886799	7248.913373479183	288.1648817551862	30.361975907598513	1.0600608634649	294	1:25
211.00000000027939	-54084.95698497497	7375.000031426454	293.1771842902409	30.707372146774237	1.0481373086329175	294	1:24
212.00000000028416	-54377.896988516586	7345.342133823616	291.99819868019114	29.965569763590096	1.0740841122339235	294	1:24
213.00000000028894	-54472.807078069745	7426.204498929166	295.21270721112995	30.14243184172172	1.067781875268593	294	1:24
214.0000000002937	-54548.63104756916	7324.9056680816575	291.1857911605247	29.985608442071594	1.0733663270261056	294	1:23
215.00000000029848	-54508.804192264855	7419.603386502813	294.9502942557273	29.889095027444444	1.0768322817253686	294	1:23
216.00000000030326	-54114.911135197355	7469.910175504964	296.9501319082678	29.681492956602856	1.0843639989459986	294	1:23
217.00000000030803	-54316.577721839334	7390.154584825597	293.77962080221437	29.965927967118407	1.074071272961296	294	1:23
218.0000000003128	-54470.831539836305	7394.610869419243	293.95677076343384	29.798701522366176	1.0800988215191756	294	1:22
219.00000000031758	-54456.952986000746	7256.669729471039	288.47321892133607	30.034183947883655	1.071630328060813	294	1:22
220.00000000032236	-54563.920367198065	7358.662294579373	292.52771287788954	29.91832071755927	1.0757803788840141	294	1:22
221.00000000032713	-54290.08707986478	7274.80003305046	289.1939499492807	30.0305690071425	1.0717593259539748	294	1:21
222.0000000003319	-54445.52498513347	7366.043578182691	292.8211398519976	29.991235604724153	1.0731649346264205	294	1:21
223.00000000033668	-54258.24528787276	7154.628860676203	284.4168047561399	30.170156074187997	1.066800659498266	294	1:21
224.00000000034146	-54339.813704116095	7497.858616186448	298.061161753608	29.93283813960159	1.0752586255603815	294	1:21
225.00000000034623	-54451.48014612726	7465.111828977986	296.75938401429715	30.27277678350631	1.0631843463611572	294	1:20
226.000000000351	-53982.87576798696	7528.155331415935	299.2655421775233	30.256937391714292	1.0637409193279161	294	1:20
227.00000000035578	-54158.6543983079	7743.808048603414	307.83834978974727	30.267417900751095	1.0633725844288382	294	1:20
228.00000000036056	-54183.50889241768	7805.859235770769	310.30506060440115	30.51652322199102	1.054692310882768	293	1:20
229.00000000036533	-53958.57651355417	7431.945807044965	295.44094050473814	30.235990148590616	1.0644778702115574	293	1:19
230.0000000003701	-54150.53406984417	7474.290189716788	297.12424990532566	29.906123510587776	1.076219135713614	293	1:19
231.00000000037488	-54596.4484752664	7635.900971797721	303.5487372056013	29.90102000586382	1.0764028247463642	293	1:19
232.00000000037966	-54425.82159300792	7443.382956657051	295.89559966477736	30.505823920036253	1.0550622229209772	292	1:19
233.00000000038443	-54305.036205244774	7572.850020627422	301.0422829341219	30.349199853821656	1.0605071155790775	292	1:18
234.0000000003892	-54330.10501750861	7539.294191404431	299.70834347836603	30.3611499640359	1.0600897013200927	292	1:18
235.00000000039398	-54439.66735269019	7277.052060828923	289.28347444558165	29.85982002737918	1.0778880236919606	292	1:18
236.00000000039876	-54326.31123901441	7185.640803158134	285.6496174934254	30.485260107744512	1.0557739144542484	292	1:18
237.00000000040353	-54494.21535934269	7452.005498581586	296.2383701803147	30.42526502031935	1.0578557779402882	292	1:17
238.0000000004083	-54286.04026554688	7396.672106837583	294.03871080138475	30.45060191636835	1.0569755726177754	292	1:17
239.00000000041308	-54255.36061490045	7463.409456947535	296.6917098941106	29.943250808404706	1.0748847078445896	291	1:17
240.00000000041786	-54213.6617695911	7666.6741338704305	304.7720577438711	29.68378498392408	1.0842802700039826	291	1:17
241.00000000042263	-54570.331789656135	7429.65135973641	295.34972971171334	29.92570821867884	1.0755148102733956	291	1:16
242.0000000004274	-54407.88672450217	7402.353625104474	294.2645672787926	30.38057211771617	1.0594119910711175	291	1:16
243.00000000043218	-54426.13906875608	7477.374675548663	297.24686697208074	30.439351733147422	1.057366223803656	290	1:16
244.00000000043696	-54348.093405430845	7354.923547365101	292.37908706414277	30.754173377576436	1.046542269303085	290	1:16
245.00000000044173	-54442.16168949753	7466.632034249504	296.8198164887578	30.374117292506295	1.05963712746477	290	1:15
246.0000000004465	-54913.75924920052	7620.806333067681	302.9486824717852	30.099308998819033	1.0693116708550414	290	1:15
247.00000000045128	-54629.79112615081	7528.451294245553	299.2773075400551	29.808847492952946	1.0797311907049842	290	1:15
248.00000000045605	-54573.89767784893	7658.38405126043	304.44250342973186	29.6088752746239	1.0870234717998148	290	1:15
249.00000000046083	-54292.828468508524	7561.180304374875	300.5783785900122	29.57116201959272	1.0884097951843914	290	1:14
250.0000000004656	-54493.5059655261	7607.574531248155	302.4226807925981	29.811861837610845	1.0796220166465373	289	1:14
251.00000000047038	-54333.86547969194	7432.059078806982	295.4454433787864	29.783456443347042	1.0806516852176469	289	1:14
252.00000000047515	-54445.21821855861	7121.9781907813585	283.1188479528626	29.573283949893597	1.0883317000452757	289	1:14
253.00000000047993	-54541.20544189878	7477.564849676272	297.2544269334394	29.98767488796556	1.0732923615236951	288	1:14
254.0000000004847	-54528.71375271326	7291.354501284961	289.8520370494477	29.887083129523056	1.0769047704530206	288	1:13
255.00000000048948	-54533.37410738578	7370.813933177806	293.0107750031261	29.87094088547651	1.077486729343642	288	1:13
256.00000000049425	-54645.3705248218	7288.264188968546	289.72918836339437	29.57454700142754	1.088285220245497	287	1:13
257.000000000499	-54492.684066130605	7486.486767185897	297.60909847822523	30.073327088739912	1.070235504775935	287	1:13
258.0000000005038	-54214.49549605179	7282.138749844272	289.4856847718902	29.988672049408425	1.0732566731891777	287	1:12
259.0000000005086	-54446.26749262167	7415.922151073098	294.80395469865687	29.961753024197456	1.0742209366426576	286	1:12
260.00000000051335	-54123.04459726074	7409.696719818685	294.5564761361642	29.886412742353706	1.076928926685719	286	1:12
261.0000000005181	-54582.918485159375	7632.032600665885	303.39495847320967	29.858030222729617	1.0779526364270313	286	1:12
262.0000000005229	-54207.76623274048	7207.597459823688	286.52245691718196	29.904094630459255	1.0762921531262917	286	1:11
263.0000000005277	-54207.08258697597	7251.564340230767	288.2702652080085	30.03931878956988	1.0714471464074842	285	1:11
264.00000000053245	-54558.81493546083	7502.069252889371	298.2285465139297	29.955107603305933	1.0744592482638011	285	1:11
265.0000000005372	-54252.758899595035	7544.9666139373785	299.9338383745324	30.33966949170018	1.0608402443511835	285	1:11
266.000000000542	-53976.57754650846	7382.725698541239	293.4843014864205	30.522200131940235	1.0544961456899862	285	1:10
267.0000000005468	-54335.81860809706	7465.88005967851	296.7899233651724	30.095929837383576	1.0694317328295397	285	1:10
268.00000000055155	-54354.2423864665	7610.5737801167	302.54190944812603	29.96387619369874	1.0741448198840788	285	1:10
269.0000000005563	-54141.003111443744	7504.8547881047425	298.3392794451438	29.980338125406586	1.0735550167072332	284	1:10
270.0000000005611	-54369.93208532504	7255.125671634758	288.4118382397234	30.043344085091498	1.0713035907704063	284	1:09
271.0000000005659	-54422.702371432766	7305.284776819388	290.4058050413349	30.62421940875111	1.0509832746271437	284	1:09
272.00000000057065	-54855.404881922994	7508.7105481470335	298.49255685093095	30.2990212117718	1.0622634365695156	284	1:09
273.0000000005754	-54518.07481070608	7401.24894722201	294.22065319747077	30.06457556947051	1.0705470404109951	284	1:09
274.0000000005802	-54421.897476597806	7484.415134447922	297.52674519681307	30.048228993864008	1.0711294300799494	284	1:08
275.000000000585	-54157.57285688695	7553.040398222931	300.2547942163383	30.16033971258405	1.0671478737913658	283	1:08
276.00000000058975	-54438.397132364276	7622.773341581378	303.0268766433192	30.288604658307793	1.0626287595682051	283	1:08
277.0000000005945	-53694.70058560412	7256.4382075933445	288.46401526955094	30.368225671427687	1.059842703533105	283	1:08
278.0000000005993	-54088.950802833715	7315.776332420877	290.82287415549916	29.889807039657015	1.0768066302471084	283	1:07
279.0000000006041	-54131.98332799296	7645.490323558053	303.92994115628375	29.874263181649685	1.077366902788732	283	1:07
280.00000000060885	-54167.545497090294	7671.388615323054	304.95947176309534	30.11390899868869	1.0687932409741585	282	1:07
281.0000000006136	-54397.96672116441	7689.257992299192	305.6698302179511	30.333644331701905	1.0610509586371075	282	1:07
282.0000000006184	-54149.47276913654	7267.574042392976	288.9066963105496	30.322587264851087	1.0614378686088488	282	1:06
283.0000000006232	-54359.0803420388	7626.908890538057	303.19127645260016	29.997000464781003	1.0729586924832	282	1:06
284.00000000062795	-54246.78155061626	7638.602872291864	303.6561454192596	30.22281617947041	1.0649418706047713	282	1:06
285.0000000006327	-54166.857896866946	7332.92538947737	291.5045978490085	29.96098204601515	1.0742485792914818	282	1:05
286.0000000006375	-54244.05005123516	7512.296303254214	298.6351007941714	30.2567080113267	1.0637489836984446	282	1:05
287.0000000006423	-53909.977042267856	7629.514585176052	303.29486021040793	30.00141266144239	1.0728008964215876	281	1:05
288.00000000064705	-54128.959066988435	7492.110051236286	297.83263998023637	29.797063975203322	1.0801581801446511	281	1:05
289.0000000006518	-54516.08532274151	7458.1424668532	296.48233208814975	29.744533467903587	1.0820657998162855	281	1:04
290.0000000006566	-54341.26893716591	7622.571100160093	303.01883697278544	30.290959585622343	1.062546147015636	281	1:04
291.0000000006614	-54392.530514361395	7411.225043975181	294.61723135934716	29.92199924823945	1.0756481253171308	281	1:04
292.00000000066615	-54488.01318171719	7431.445814028413	295.4210643631608	30.105390830490226	1.0690956506205658	281	1:04
293.0000000006709	-54400.27068325976	7467.307597535295	296.8466720468723	29.929362301560147	1.0753835004173011	281	1:03
294.0000000006757	-54244.05944132383	7282.288878723715	289.4916528209706	29.73235616322727	1.082508975084732	280	1:03
295.0000000006805	-54465.82025301046	7610.847716815611	302.5527992094438	29.685852664998745	1.0842047476391976	280	1:03
296.00000000068525	-54525.62735277446	7071.474375061497	281.11117792905674	29.94841908727814	1.0746992121123864	280	1:02
297.00000000069	-54592.10140771212	7556.544630601204	300.3940973997123	29.991704915184467	1.0731481417321556	280	1:02
298.0000000006948	-54699.64351998415	7472.917914393709	297.0696980661966	30.153076804087014	1.0674049154661016	280	1:02
299.0000000006996	-54363.8653090735	7364.996933173679	292.7795327421148	30.05618468469752	1.0708459085792073	279	1:02
300.00000000070435	-54369.33677554046	7680.323356763886	305.31465309554585	29.910371830992695	1.0760662749019783	279	1:01
301.0000000007091	-53999.81597989841	7556.682690354579	300.3995856667748	29.98108986454823	1.0735280986288573	279	1:01
302.0000000007139	-54105.32244981095	7589.26485294118	301.6948191100998	30.11573426325056	1.0687284631935585	279	1:01
303.00000000071867	-54442.887512764166	7514.967038103707	298.74127008499494	29.866401286084315	1.0776505039495874	279	1:01
304.00000000072345	-54194.63865375484	7437.204268533106	295.64997927439543	29.88539945860317	1.0769654406558067	279	1:00
305.0000000007282	-54057.78303331346	7496.373586797799	298.0021276203339	30.100508853864987	1.0692690463595484	279	1:00
306.000000000733	-54296.43443522003	7552.357640140843	300.22765264464954	30.035857194213307	1.071570629364632	278	1:00
307.00000000073777	-54099.76138777385	7347.140722625729	292.0696976901508	29.862841819459753	1.0777789532453692	278	0:59
308.00000000074255	-54470.86037494452	7529.4367414408825	299.3164818631415	29.675304367984587	1.0845901358920167	278	0:59
309.0000000007473	-54478.801817929256	7506.91516885817	298.4211854282328	29.850732551822887	1.078216165758515	278	0:59
310.0000000007521	-54528.54836516993	7398.092185581251	294.09516296216646	29.612133337863515	1.0869038724729558	278	0:59
311.00000000075687	-54296.91111917907	7172.8558224458575	285.1413782214989	30.12708125765795	1.068325939769827	278	0:58
312.00000000076164	-54107.586860667216	7458.847905659688	296.5103752830099	30.087171127150132	1.0697430563043429	278	0:58
313.0000000007664	-54323.893122825044	7397.3299230526245	294.064860863064	30.410512763606704	1.0583689478471043	277	0:58
314.0000000007712	-54577.35943913736	7498.937449455478	298.10404843818907	30.106228025902837	1.069065921158158	277	0:57
315.00000000077597	-54283.48828202	7413.515135701364	294.70826900560996	30.017347777326897	1.072231385526345	277	0:57
316.00000000078074	-54322.790062601125	7287.827090598636	289.71181246253985	29.766142300307873	1.0812802704627422	277	0:57
317.0000000007855	-54319.321897182	7393.49489194269	293.91240749117446	30.028446583219985	1.0718350783784725	277	0:57
318.0000000007903	-54498.63023688315	7586.3473257959195	301.57883912502956	29.902813369255618	1.0763382695690005	277	0:56
319.00000000079507	-54305.48016340568	7412.621032015624	294.67272584629717	30.066797006263123	1.0704679447699366	277	0:56
320.00000000079984	-54299.170855699194	7746.932091461884	307.96253936058736	30.366975848643857	1.059886323798908	277	0:56
321.0000000008046	-54201.32124839208	7840.829430741493	311.6952251131346	30.118164287204205	1.068642234971256	277	0:55
322.0000000008094	-54371.00726300175	7594.713236018313	301.9114078019889	29.762028783910164	1.081429718074508	277	0:55
323.00000000081417	-54252.35597749404	7319.847541614834	290.98471627659137	29.595942696986857	1.0874984698624302	277	0:55
324.00000000081894	-54191.192357628344	7343.317367639138	291.9177084773055	30.000725695485496	1.0728254617505015	276	0:55
325.0000000008237	-54471.342106137716	7406.880206080283	294.44451172073076	30.060976504065554	1.0706752121893472	276	0:54
326.0000000008285	-54284.63263900374	7249.002399278844	288.1684207834116	29.954618019128365	1.074476809437409	276	0:54
327.00000000083327	-54332.50009256179	7232.067702525664	287.49521852039464	30.054969673203367	1.0708891989269111	276	0:54
328.00000000083804	-54440.72521102047	7436.20149673132	295.6101162490286	30.208825912837927	1.0654350649037105	276	0:53
329.0000000008428	-54574.05487548039	7466.499523040475	296.81454879208195	30.000377336742904	1.0728379191981092	276	0:53
330.0000000008476	-54526.072779087204	7460.914057697493	296.5925106910341	29.949110619319914	1.0746743970536057	276	0:53
331.00000000085237	-54355.73050726173	7392.947373659596	293.8906420853575	30.134165637362408	1.0680747821072414	276	0:52
332.00000000085714	-54150.34525370755	7274.368684373454	289.1768026150389	29.790193578576545	1.0804072928299273	276	0:52
333.0000000008619	-54565.46262173858	7562.103733922725	300.6150875355818	29.823689602710886	1.0791938497838909	275	0:52
334.0000000008667	-54194.09879600158	7520.337791937391	298.9547727941157	29.6520087321703	1.085442227129468	275	0:52
335.00000000087147	-54175.794371310476	7407.917504774927	294.48574728808916	29.196898939880978	1.1023616742100686	275	0:51
336.00000000087624	-54239.04036843381	7370.153072860736	292.984503929751	29.707055216210687	1.0834309278674719	275	0:51
337.000000000881	-54598.49759694887	7465.975645760915	296.7937231832575	29.74622311165084	1.0820043363590286	275	0:51
338.0000000008858	-54519.19143149312	7426.832541955289	295.23767370404215	30.2374809594386	1.0644253878252607	275	0:50
339.00000000089057	-54268.152846088924	7306.4347307219705	290.4515189729668	30.260498960654832	1.063615720248285	275	0:50
340.00000000089534	-54587.8111052266	7369.201069679848	292.9466591011654	30.442696540256037	1.0572500486134226	275	0:50
341.0000000009001	-54576.89827940098	7346.278490552351	292.03542151789316	29.859651061991926	1.077894123085653	275	0:50
342.0000000009049	-54605.13210591063	7445.936674192973	295.9971171852471	29.806662856088327	1.0798103280634495	275	0:49
343.00000000090967	-54575.821661151655	7225.982254130323	287.25330467387437	30.32517680285728	1.0613472299385505	274	0:49
344.00000000091444	-54616.6945899406	7504.116475291879	298.3099294152213	30.327832878384964	1.061254278410655	274	0:49
345.0000000009192	-54342.537399243825	7274.912645368097	289.1984266085431	30.47225302050896	1.056224571758685	274	0:48
346.000000000924	-54502.34784064669	7657.542567713173	304.40905207027964	30.16471151423829	1.0669932109881843	274	0:48
347.00000000092876	-54718.55756032109	7475.59320732175	297.17604855358	30.04983991325212	1.0710720087036267	274	0:48
348.00000000093354	-54786.776274175674	7463.698318822717	296.7031929735484	30.192947582143237	1.065995372248604	274	0:47
349.0000000009383	-54610.57315354046	7242.527450327654	287.91102318424635	29.882058976074838	1.0770858334386804	274	0:47
350.0000000009431	-54709.20340711565	7304.051226459775	290.3567679132575	29.71900141282198	1.0829954193287	274	0:47
351.00000000094786	-54518.8017304487	7346.8907201181155	292.0597593808714	30.113475524708864	1.0688086259156742	274	0:46
352.00000000095264	-54503.075709198165	7280.586218434095	289.423967241664	30.30275941862698	1.0621323937028997	274	0:46
353.0000000009574	-54433.21406965531	7189.045045962024	285.7849458074094	30.001242957872943	1.0728069647748784	274	0:46
354.0000000009622	-54606.36037002018	7412.776844002903	294.6789198150449	29.94263067340972	1.0749069695366296	274	0:46
355.00000000096696	-54701.13179612803	7219.786254706527	287.00699611018734	30.144827358920445	1.067697021909964	274	0:45
356.00000000097174	-54526.781499063334	7561.670803824853	300.5978773353719	30.13465976784785	1.0680572684430871	274	0:45
357.0000000009765	-54161.03487601795	7431.507600713589	295.42352055927057	30.11558314318545	1.0687338260754318	274	0:45
358.0000000009813	-54119.573537287564	7408.239144501072	294.49853338013867	30.457938567340324	1.0567209703292766	273	0:44
359.00000000098606	-54536.07925732291	7535.909136862167	299.57377795224517	30.303625311811786	1.0621020444231815	273	0:44
360.00000000099084	-54357.223903218226	7173.129429416533	285.15225487518336	30.173732455810526	1.0666742155364815	273	0:44
361.0000000009956	-54524.67304434048	7539.527699703683	299.71762609604616	29.68916881565777	1.084083646697951	273	0:43
362.0000000010004	-54493.82212375454	7568.546228222097	300.87119497021865	29.78536684806928	1.0805823732600985	273	0:43
363.00000000100516	-54267.480130674754	7497.997853914718	298.0666968485162	30.331080672838212	1.0611406413201705	273	0:43
364.00000000100994	-54393.68905990562	7612.520858560969	302.6193113428312	30.064842955381565	1.0705375193502615	273	0:43
365.0000000010147	-54392.75097356111	7195.361745095832	286.03605252716085	29.691575043490044	1.0839957917344007	273	0:42
366.0000000010195	-54295.31586731563	7470.010279775606	296.9541113371596	29.718832522683606	1.0830015739192644	273	0:42
367.00000000102426	-54338.91210545885	7460.625346098509	296.58103358550164	30.24559961517716	1.064139670121096	273	0:42
368.00000000102904	-54201.460659254255	7455.30205079931	296.3694174878319	30.397961656784215	1.0588059410202657	273	0:41
369.0000000010338	-54299.902897975844	7541.144813936995	299.7819109768025	29.997448457521134	1.0729426685301837	273	0:41
370.0000000010386	-54120.01843518272	7314.013786974167	290.75280797122144	29.79063901252118	1.080391138423771	273	0:41
371.00000000104336	-54230.2363085488	7436.444762398484	295.61978674977837	29.957278219857493	1.0743813960967536	272	0:40
372.00000000104814	-54433.586090108205	7354.622143870446	292.36710541973304	30.099365460180294	1.0693096650056946	272	0:40
373.0000000010529	-54345.535279348114	7475.184011837549	297.1597818716314	29.986555981794652	1.073332409918957	272	0:40
374.0000000010577	-54518.94748405527	7560.061150202731	300.5338890350864	30.08173807502607	1.0699362622211606	272	0:39
375.00000000106246	-54464.38948030435	7418.174366531277	294.89348665575926	29.801024212461897	1.0800146386797784	272	0:39
376.00000000106724	-54681.23295834157	7482.495575193744	297.45043726802385	29.740741176952966	1.0822037758107708	272	0:39
377.000000001072	-54730.294573583145	7390.793548735812	293.8050214312668	29.92653187357217	1.0754852093480334	272	0:39
378.0000000010768	-54631.16773056303	7305.814162518262	290.426849625462	30.081055770179802	1.069960530740939	272	0:38
379.00000000108156	-54638.04097286801	7471.283236235306	297.0047149695648	30.161205360405262	1.0671172458963325	272	0:38
380.00000000108633	-54668.31963245015	7506.077465718815	298.3878843507249	29.928267890138216	1.0754228248442987	272	0:38
381.0000000010911	-54631.63727180069	7468.346551520633	296.88797341673404	29.820030447581765	1.079326275460575	272	0:37
382.0000000010959	-54761.84426242282	7529.696578201305	299.3268111118834	30.091001140796465	1.069606898305327	272	0:37
383.00000000110066	-54559.553613616445	7491.893533021277	297.8240327666291	30.063627839374398	1.0705807884887364	272	0:37
384.00000000110543	-54517.64594913178	7392.945949346009	293.8905854648496	29.974028494225095	1.0737810035548059	272	0:36
385.0000000011102	-54196.47855262898	7466.039682360124	296.79626881983614	29.73864201549269	1.082280165326377	272	0:36
386.000000001115	-54582.96651262761	7583.179043593279	301.4528909146907	29.901216500731763	1.0763957512003466	271	0:36
387.00000000111976	-54480.704838894715	7508.842062159609	298.49778490621736	30.04718334876533	1.0711667054952725	271	0:35
388.00000000112453	-54141.62498420957	7339.0387643103495	291.74762185069073	29.978466858644676	1.0736220284003033	271	0:35
389.0000000011293	-54299.967140310706	7564.136782280788	300.6959069783754	30.071098541539058	1.0703148191493401	271	0:35
390.0000000011341	-54212.501718258485	7365.394291629595	292.79532886859107	30.302676399916518	1.0621353035733188	271	0:35
391.00000000113886	-54213.61975927974	7609.088670812747	302.4828721379917	30.232639831406512	1.06459583339706	271	0:34
392.00000000114363	-54452.830767763604	7343.272897187187	291.91594065061645	29.66558807129234	1.084945369016824	271	0:34
393.0000000011484	-54236.38887968438	7378.536837491967	293.3177823701391	30.122218322303368	1.0684984104666106	271	0:34
394.0000000011532	-54327.91949502565	7276.775143400847	289.2724661918192	29.642509962504434	1.0857900507690366	271	0:33
395.00000000115796	-54293.10492645294	7293.154123198054	289.92357712850117	29.66864118602454	1.0848337204020795	271	0:33
396.00000000116273	-54057.531233648275	7416.41748191708	294.82364550564154	30.02505025193672	1.0719563207070169	271	0:33
397.0000000011675	-54164.15286230095	7571.409433461471	300.9850155053438	29.991003570515254	1.0731732374821763	271	0:32
398.0000000011723	-54406.49883890402	7542.955490818145	299.85389052221444	30.051955645460588	1.0709966025778777	271	0:32
399.00000000117706	-54223.574318042374	7500.073753904886	298.14921976531514	30.208759340907505	1.065437412834263	270	0:32
400.00000000118183	-54104.1935266107	7360.11069066032	292.58529073320335	30.003838433493158	1.072714161838066	270	0:31
401.0000000011866	-54008.91280630397	7514.486538461178	298.7221688603646	30.077661297616594	1.0700812832033522	270	0:31
402.0000000011914	-54380.33954653601	7355.953856831451	292.4200447898383	30.04523867605978	1.0712360365689155	270	0:31
403.00000000119616	-54273.25319053925	7451.714985972749	296.22682147952867	29.91584476649436	1.0758694146306396	270	0:31
404.00000000120093	-54141.788517335255	7571.319794197652	300.98145209017684	29.864568089160763	1.0777166540972343	270	0:30
405.0000000012057	-54376.038319217885	7554.828172644925	300.32586332399296	30.05981621146216	1.0707165396718776	270	0:30
406.0000000012105	-54529.27130048719	7444.760741933786	295.9503705402036	29.949051456222644	1.0746765200278834	270	0:30
407.00000000121526	-54133.19171738363	7402.2453304252795	294.2602622579133	30.079162361171434	1.07002788211473	270	0:29
408.00000000122003	-54235.94739934843	7550.77719314444	300.1648253906358	29.92898043906398	1.0753972211863276	270	0:29
409.0000000012248	-54166.547455615335	7378.686216806056	293.3237206218692	30.11423974300234	1.068781502431531	270	0:29
410.0000000012296	-54081.7084068445	7231.412552785754	287.46917445867035	30.13706081907993	1.067972175200726	270	0:28
411.00000000123435	-54325.15045050118	7225.974479537685	287.2529956117497	29.78600949914513	1.0805590590452576	270	0:28
412.00000000123913	-54423.81147100052	7379.783302494325	293.3673328919222	29.63424878328167	1.086092737915699	270	0:28
413.0000000012439	-54345.95642593605	7369.540771715762	292.9601632212959	29.848482428031417	1.0782974469376425	270	0:27
414.0000000012487	-54440.18203146235	7504.418604198015	298.3219398967964	29.964822084209267	1.0741109126781823	270	0:27
415.00000000125345	-54548.68120246605	7510.806574392651	298.57587984351	29.82351003634723	1.0792003475742267	270	0:27
416.00000000125823	-54403.034423497185	7794.681798295096	309.86072573894563	30.000639975360116	1.0728285271095461	270	0:26
417.000000001263	-54416.21936498067	7693.800833202795	305.8504210381709	29.940893900170956	1.0749693213710496	270	0:26
418.0000000012678	-54414.517132553534	7547.990353150253	300.05404059076034	29.71187076175668	1.0832553310152604	270	0:26
419.00000000127255	-54640.80943715392	7467.409330735889	296.8507162303532	29.670792347434634	1.0847550688983254	270	0:25
420.00000000127733	-54400.66852169618	7445.0386335194	295.96141751949324	29.81291304649042	1.0795839489726837	270	0:25
421.0000000012821	-54390.12073270674	7595.439818180919	301.94029150526757	29.950190835168552	1.074635636689032	270	0:25
422.0000000012869	-54103.743193042115	7280.371363887246	289.4154261635882	30.181182534702412	1.066410912166955	270	0:25
423.00000000129165	-54059.232086017	7566.450522584725	300.7878847227274	30.029566488051792	1.0717951059971313	269	0:24
424.0000000012964	-54090.438012783154	7380.6728271369775	293.40269402127524	30.150235727529495	1.067505497733853	269	0:24
425.0000000013012	-54307.93778018557	7344.2978863999815	291.9566868811323	29.856722892170932	1.0779998365309242	269	0:24
426.000000001306	-54581.07105941724	7161.730381242949	284.6991103554709	29.74944227120044	1.0818872536735669	269	0:23
427.00000000131075	-54658.27117078475	7577.883266068362	301.24236872665455	29.986729429013508	1.0733262016219884	269	0:23
428.0000000013155	-54525.70771045622	7480.998063078779	297.3909069109479	29.691322999256933	1.0840049935772433	269	0:23
429.0000000013203	-54487.40593081858	7489.490905984585	297.72852152235583	29.8037028942726	1.0799175696820709	269	0:22
430.0000000013251	-54597.54792378086	7520.965565707072	298.9797285833201	30.063799015931775	1.070574692840822	269	0:22
431.00000000132985	-54500.86567794229	7254.831363119312	288.40013864087547	29.554292060685803	1.0890310730847703	269	0:22
432.0000000013346	-54611.425560924254	7347.558347896808	292.0862994800548	29.651648736649353	1.0854554052951577	269	0:21
433.0000000013394	-54470.035749386065	7322.195977471747	291.07807326765334	29.57584715083117	1.0882373794052036	269	0:21
434.0000000013442	-54327.606793898274	7355.045933650836	292.38395226637925	29.673045537471616	1.0846726992166993	269	0:21
435.00000000134895	-54284.43117663945	7402.021347868586	294.2513583155375	29.80506577773484	1.0798681887544368	269	0:20
436.0000000013537	-54601.82813521486	7329.844709127554	291.3821320609666	30.019703543155934	1.072147243254413	269	0:20
437.0000000013585	-54888.101354481594	7768.425192708897	308.8169511407112	29.984252912774867	1.0734148518136541	269	0:20
438.0000000013633	-54484.26264267534	7305.376953680771	290.40946933320765	29.94692863756296	1.0747526995719514	269	0:19
439.00000000136805	-54175.91881467041	7310.635362938469	290.6185060265566	29.44911225842725	1.0929206325361829	269	0:19
440.0000000013728	-54117.676664114115	7520.527328784687	298.962307421773	29.45027669713455	1.0928774193907982	269	0:19
441.0000000013776	-54581.62392926222	7505.346948275464	298.35884420886674	29.583794980049873	1.0879450191841178	269	0:18
442.0000000013824	-54111.14021806026	7317.230619051082	290.88068617686565	29.808535369929885	1.0797424964923752	269	0:18
443.00000000138715	-54270.04057967116	7371.96150728555	293.05639433115863	29.746989132549377	1.081976473440524	269	0:18
444.0000000013919	-54228.328879613226	7344.833218446904	291.9779678494724	29.96786879680797	1.0740017121450296	269	0:18
445.0000000013967	-54367.30314341583	7516.520949921121	298.8030424903269	29.932886257624435	1.0752568970495167	269	0:17
446.0000000014015	-54317.05844737144	7576.84118794725	301.2009431635283	29.82130763085637	1.079280050208352	269	0:17
447.00000000140625	-54547.82865802891	7346.523630010583	292.04516650715635	29.887933062636634	1.0768741461531512	268	0:17
448.000000001411	-54569.84210897327	7338.334457353776	291.71962365007727	29.7639912389089	1.0813584152327964	269	0:16
449.0000000014158	-54696.89636511545	7475.312551979954	297.16489170713754	30.03296538938581	1.0716738084240032	268	0:16
450.0000000014206	-54209.85161246071	7355.0558682012	292.38434719295424	30.204516379277017	1.0655870795266735	268	0:16
451.00000000142535	-54133.42661586229	7411.264311110126	294.61879233941625	29.968959119849668	1.07396263808814	268	0:15
452.0000000014301	-54299.90582164156	7647.279445711249	304.001063840079	29.745654008655823	1.0820250375985532	268	0:15
453.0000000014349	-54118.2374598044	7525.542155637178	299.161661023136	30.078228697535362	1.0700610970401552	268	0:15
454.0000000014397	-54706.79022776394	7364.826483681494	292.77275689100026	29.527057218003538	1.090035561602965	268	0:14
455.00000000144445	-54198.26550326031	7277.275545569754	289.29235859836393	29.810890836048106	1.0796571821392795	268	0:14
456.0000000014492	-54409.91788441723	7528.741126212268	299.28882918338485	29.622333273884404	1.0865296160003957	268	0:14
457.000000001454	-54741.165969735855	7346.767929048015	292.05487808730743	29.393080620341184	1.0950040525808542	268	0:13
458.0000000014588	-54691.653597863275	7598.585236531508	302.06533081259107	29.60387114374125	1.0872072183003647	268	0:13
459.00000000146355	-54510.02338628279	7582.572638657894	301.42878459730247	29.96024008525379	1.0742751828931723	268	0:13
460.0000000014683	-54368.39381693874	7455.785078243933	296.38861919977035	30.15174954180869	1.0674519020025883	268	0:12
461.0000000014731	-54188.20056807893	7455.431222182653	296.3745524169571	29.93588390306368	1.075149225636042	268	0:12
462.0000000014779	-54610.11605539112	7814.467212799416	310.6472521239862	29.722848384556894	1.082855249291384	268	0:12
463.00000000148265	-54468.902759718185	7233.741244368435	287.5617465587899	29.710622282525105	1.0833008508219613	268	0:11
464.0000000014874	-54062.424788442964	7371.482279414322	293.0373436630472	29.784147947251107	1.0806265955336787	268	0:11
465.0000000014922	-54221.23172663193	7590.168108364941	301.730726076975	29.94692610465468	1.0747527904744367	268	0:11
466.00000000149697	-54446.55406993115	7576.320664435962	301.1802508765119	30.24398598553085	1.064196445948209	268	0:10
467.00000000150175	-54534.15693749522	7447.346951451373	296.053179709169	30.07080140517091	1.0703253951713707	268	0:10
468.0000000015065	-54253.21386766303	7430.333400619411	295.37684277270273	30.063751204212483	1.0705763954233225	268	0:10
469.0000000015113	-54240.93681188446	7566.5384382911925	300.79137962159757	29.936143330725358	1.075139908355373	268	0:09
470.00000000151607	-54282.70728613311	7555.992843361582	300.37216229075636	30.254093592517624	1.0638409079645812	268	0:09
471.00000000152085	-54499.84481951129	7591.834957629875	301.79698806640516	30.004866920482	1.0726773920513135	268	0:09
472.0000000015256	-54163.679136644554	7413.44183816423	294.7053552204627	30.06996513397319	1.0703551618271079	268	0:09
473.0000000015304	-54110.449390477006	7520.574042091663	298.96416440831536	29.91694030794138	1.0758300169006851	268	0:08
474.00000000153517	-54301.63815359786	7613.396199175462	302.6541086168053	29.881416990504505	1.077108974026802	268	0:08
475.00000000153995	-53960.785368632	7528.844638492189	299.29294409031877	29.84307328297257	1.078492891530489	268	0:08
476.0000000015447	-54322.0736147819	7479.184338850611	297.3188062248425	30.113550116631366	1.0688059784533228	268	0:07
477.0000000015495	-54407.16074059927	7658.94607287731	304.4648453842329	29.762163506879638	1.0814248228180574	268	0:07
478.00000000155427	-54108.84690315116	7528.5468236850065	299.2811051064221	29.93576125518344	1.0751536305607186	268	0:07
479.00000000155904	-53824.59632480395	7319.9760297503635	290.9898240446766	30.161926939077528	1.0670917167235114	268	0:06
480.0000000015638	-54359.46065060975	7669.721971732074	304.8932179497887	29.954742602264385	1.0744723406395202	268	0:06
481.0000000015686	-54269.481397244555	7489.47027821285	297.7277015098799	30.269337408378806	1.0633051514434582	268	0:06
482.00000000157337	-54572.14534038855	7650.721795539916	304.1379070164601	29.795550586854272	1.0802130440009239	268	0:05
483.00000000157814	-54590.84767927753	7421.574272018463	295.0286425490933	29.779652929971064	1.0807897080867908	268	0:05
484.0000000015829	-54423.372793069546	7315.510964907449	290.81232504362697	29.82246976288521	1.079237992460472	268	0:05
485.0000000015877	-54434.19499836539	7428.546506565603	295.3058086621823	29.9254991507592	1.0755223241211278	267	0:04
486.00000000159247	-54494.87016450096	7471.225099565649	297.00240387193213	30.067712002784805	1.070435369147091	267	0:04
487.00000000159724	-54458.54375507453	7510.089622197816	298.54737895878367	30.193125658636593	1.0659890850983444	267	0:04
488.000000001602	-54265.491023142386	7393.071556285602	293.89557869721847	30.21330995016212	1.065276940864821	267	0:03
489.0000000016068	-54631.78895312676	7449.6539715862145	296.1448903077251	30.26333510710199	1.0635160428685297	267	0:03
490.00000000161157	-54472.28300168752	7471.889807098845	297.0288278830682	30.034084827768353	1.0716338647133294	267	0:03
491.00000000161634	-54708.76213044388	7741.503420474613	307.74673428022066	30.011037988893488	1.0724568210210066	267	0:02
492.0000000016211	-54379.88237001651	7380.07307795916	293.37885228914183	30.20990580694764	1.0653969794803986	267	0:02
493.0000000016259	-54535.608177006536	7521.387089043302	298.996485332378	29.895139098313777	1.076614572397985	267	0:02
494.00000000163067	-54526.8197168661	7425.306228943072	295.1769984295526	29.713718620542117	1.0831879647288036	267	0:01
495.00000000163544	-54312.388925394334	7605.038967397194	302.32188493263266	29.969385116339495	1.0739473723657282	267	0:01
496.0000000016402	-54579.65362339458	7548.383279309223	300.06966052085255	29.782157547776414	1.0806988159094066	267	0:01
497.000000001645	-54390.61215918968	7224.47414489039	287.19335305100225	29.818906188263703	1.0793669691940995	267	0:00
498.00000000164977	-54559.25374033471	7742.528216681796	307.78747283821565	29.705060695715414	1.083503673895934	267	0:00
499.00000000165454	-54459.55526211177	7242.176254103199	287.89706213749645	30.029015478475852	1.0718147726214755	267	0:00
500.0000000016593	-54192.04993704983	7463.814016462039	296.70779228310516	29.955079718161198	1.0744602484765173	267	0:00
