    -44.945         0.00000     0.00000     0.00000     0.00000
    -44.795         0.00000     0.00000     0.00000     0.00000
    -44.645         0.00000     0.00000     0.00000     0.00000
    -44.495         0.00000     0.00000     0.00000     0.00000
    -44.345         0.00000     0.00000     0.00000     0.00000
    -44.195         0.00000     0.00000     0.00000     0.00000
    -44.045         0.00000     0.00000     0.00000     0.00000
    -43.895         0.00000     0.00000     0.00000     0.00000
    -43.745         0.00000     0.00000     0.00000     0.00000
    -43.595         0.00000     0.00000     0.00000     0.00000
    -43.445         0.00000     0.00000     0.00000     0.00000
    -43.295         0.00000     0.00000     0.00000     0.00000
    -43.145         0.00000     0.00000     0.00000     0.00000
    -42.995         0.00000     0.00000     0.00000     0.00000
    -42.845         0.00000     0.00000     0.00000     0.00000
    -42.695         0.00000     0.00000     0.00000     0.00000
    -42.545         0.00000     0.00000     0.00000     0.00000
    -42.395         0.00000     0.00000     0.00000     0.00000
    -42.245         0.00000     0.00000     0.00000     0.00000
    -42.095         0.00000     0.00000     0.00000     0.00000
    -41.945         0.00000     0.00000     0.00000     0.00000
    -41.795         0.00000     0.00000     0.00000     0.00000
    -41.645         0.00000     0.00000     0.00000     0.00000
    -41.495         0.00000     0.00000     0.00000     0.00000
    -41.345         0.00000     0.00000     0.00000     0.00000
    -41.195         0.00000     0.00000     0.00000     0.00000
    -41.045         0.00000     0.00000     0.00000     0.00000
    -40.895         0.00000     0.00000     0.00000     0.00000
    -40.745         0.00000     0.00000     0.00000     0.00000
    -40.595         0.00000     0.00000     0.00000     0.00000
    -40.445         0.00000     0.00000     0.00000     0.00000
    -40.295         0.00000     0.00000     0.00000     0.00000
    -40.145         0.00000     0.00000     0.00000     0.00000
    -39.995         0.00000     0.00000     0.00000     0.00000
    -39.845         0.00000     0.00000     0.00000     0.00000
    -39.695         0.00000     0.00000     0.00000     0.00000
    -39.545         0.00000     0.00000     0.00000     0.00000
    -39.395         0.00000     0.00000     0.00000     0.00000
    -39.245         0.00000     0.00000     0.00000     0.00000
    -39.095         0.00000     0.00000     0.00000     0.00000
    -38.945         0.00000     0.00000     0.00000     0.00000
    -38.795         0.00000     0.00000     0.00000     0.00000
    -38.645         0.00000     0.00000     0.00000     0.00000
    -38.495         0.00000     0.00000     0.00000     0.00000
    -38.345         0.00000     0.00000     0.00000     0.00000
    -38.195         0.00000     0.00000     0.00000     0.00000
    -38.045         0.00000     0.00000     0.00000     0.00000
    -37.895         0.00000     0.00000     0.00000     0.00000
    -37.745         0.00000     0.00000     0.00000     0.00000
    -37.595         0.00000     0.00000     0.00000     0.00000
    -37.445         0.00000     0.00000     0.00000     0.00000
    -37.295         0.00000     0.00000     0.00000     0.00000
    -37.145         0.00000     0.00000     0.00000     0.00000
    -36.995         0.00000     0.00000     0.00000     0.00000
    -36.845         0.00000     0.00000     0.00000     0.00000
    -36.695         0.00000     0.00000     0.00000     0.00000
    -36.545         0.00000     0.00000     0.00000     0.00000
    -36.395         0.00000     0.00000     0.00000     0.00000
    -36.245         0.00000     0.00000     0.00000     0.00000
    -36.095         0.00000     0.00000     0.00000     0.00000
    -35.945         0.00000     0.00000     0.00000     0.00000
    -35.795         0.00000     0.00000     0.00000     0.00000
    -35.645         0.00000     0.00000     0.00000     0.00000
    -35.495         0.00000     0.00000     0.00000     0.00000
    -35.345         0.00000     0.00000     0.00000     0.00000
    -35.195         0.00000     0.00000     0.00000     0.00000
    -35.045         0.00000     0.00000     0.00000     0.00000
    -34.895         0.00000     0.00000     0.00000     0.00000
    -34.745         0.00000     0.00000     0.00000     0.00000
    -34.595         0.00000     0.00000     0.00000     0.00000
    -34.445         0.00000     0.00000     0.00000     0.00000
    -34.295         0.00000     0.00000     0.00000     0.00000
    -34.145         0.00000     0.00000     0.00000     0.00000
    -33.995         0.00000     0.00000     0.00000     0.00000
    -33.845         0.00000     0.00000     0.00000     0.00000
    -33.695         0.00000     0.00000     0.00000     0.00000
    -33.545         0.00000     0.00000     0.00000     0.00000
    -33.395         0.00000     0.00000     0.00000     0.00000
    -33.245         0.00000     0.00000     0.00000     0.00000
    -33.095         0.00000     0.00000     0.00000     0.00000
    -32.945         0.00000     0.00000     0.00000     0.00000
    -32.795         0.00000     0.00000     0.00000     0.00000
    -32.645         0.00000     0.00000     0.00000     0.00000
    -32.495         0.00000     0.00000     0.00000     0.00000
    -32.345         0.00000     0.00000     0.00000     0.00000
    -32.195         0.00000     0.00000     0.00000     0.00000
    -32.045         0.00000     0.00000     0.00000     0.00000
    -31.895         0.00000     0.00000     0.00000     0.00000
    -31.745         0.00000     0.00000     0.00000     0.00000
    -31.595         0.00000     0.00000     0.00000     0.00000
    -31.445         0.00000     0.00000     0.00000     0.00000
    -31.295         0.00000     0.00000     0.00000     0.00000
    -31.145         0.00000     0.00000     0.00000     0.00000
    -30.995         0.00000     0.00000     0.00000     0.00000
    -30.845         0.00000     0.00000     0.00000     0.00000
    -30.695         0.00000     0.00000     0.00000     0.00000
    -30.545         0.00000     0.00000     0.00000     0.00000
    -30.395         0.00000     0.00000     0.00000     0.00000
    -30.245         0.00000     0.00000     0.00000     0.00000
    -30.095         0.00000     0.00000     0.00000     0.00000
    -29.945         0.00000     0.00000     0.00000     0.00000
    -29.795         0.00000     0.00000     0.00000     0.00000
    -29.645         0.00000     0.00000     0.00000     0.00000
    -29.495         0.00000     0.00000     0.00000     0.00000
    -29.345         0.00000     0.00000     0.00000     0.00000
    -29.195         0.00000     0.00000     0.00000     0.00000
    -29.045         0.00000     0.00000     0.00000     0.00000
    -28.895         0.00000     0.00000     0.00000     0.00000
    -28.745         0.00000     0.00000     0.00000     0.00000
    -28.595         0.00000     0.00000     0.00000     0.00000
    -28.445         0.00000     0.00000     0.00000     0.00000
    -28.295         0.00000     0.00000     0.00000     0.00000
    -28.145         0.00000     0.00000     0.00000     0.00000
    -27.995         0.00000     0.00000     0.00000     0.00000
    -27.845         0.00000     0.00000     0.00000     0.00000
    -27.695         0.00000     0.00000     0.00000     0.00000
    -27.545         0.00000     0.00000     0.00000     0.00000
    -27.395         0.00000     0.00000     0.00000     0.00000
    -27.245         0.00000     0.00000     0.00000     0.00000
    -27.095         0.00000     0.00000     0.00000     0.00000
    -26.945         0.00000     0.00000     0.00000     0.00000
    -26.795         0.00000     0.00000     0.00000     0.00000
    -26.645         0.00000     0.00000     0.00000     0.00000
    -26.495         0.00000     0.00000     0.00000     0.00000
    -26.345         0.00000     0.00000     0.00000     0.00000
    -26.195         0.00000     0.00000     0.00000     0.00000
    -26.045         0.00000     0.00000     0.00000     0.00000
    -25.895         0.00000     0.00000     0.00000     0.00000
    -25.745         0.00000     0.00000     0.00000     0.00000
    -25.595         0.00000     0.00000     0.00000     0.00000
    -25.445         0.00000     0.00000     0.00000     0.00000
    -25.295         0.00000     0.00000     0.00000     0.00000
    -25.145         0.00000     0.00000     0.00000     0.00000
    -24.995         0.00000     0.00000     0.00000     0.00000
    -24.845         0.00000     0.00000     0.00000     0.00000
    -24.695         0.00000     0.00000     0.00000     0.00000
    -24.545         0.00000     0.00000     0.00000     0.00000
    -24.395         0.00000     0.00000     0.00000     0.00000
    -24.245         0.00000     0.00000     0.00000     0.00000
    -24.095         0.00000     0.00000     0.00000     0.00000
    -23.945         0.00000     0.00000     0.00000     0.00000
    -23.795         0.00000     0.00000     0.00000     0.00000
    -23.645         0.00000     0.00000     0.00000     0.00000
    -23.495         0.00000     0.00000     0.00000     0.00000
    -23.345         0.00000     0.00000     0.00000     0.00000
    -23.195         0.00000     0.00000     0.00000     0.00000
    -23.045         0.00000     0.00000     0.00000     0.00000
    -22.895         0.00000     0.00000     0.00000     0.00000
    -22.745         0.00000     0.00000     0.00000     0.00000
    -22.595         0.00000     0.00000     0.00000     0.00000
    -22.445         0.00000     0.00000     0.00000     0.00000
    -22.295         0.00000     0.00000     0.00000     0.00000
    -22.145         0.00000     0.00000     0.00000     0.00000
    -21.995         0.00000     0.00000     0.00000     0.00000
    -21.845         0.00000     0.00000     0.00000     0.00000
    -21.695         0.00000     0.00000     0.00000     0.00000
    -21.545         0.00000     0.00000     0.00000     0.00000
    -21.395         0.00000     0.00000     0.00000     0.00000
    -21.245         0.00000     0.00000     0.00000     0.00000
    -21.095         0.00000     0.00000     0.00000     0.00000
    -20.945         0.00000     0.00000     0.00000     0.00000
    -20.795         0.00000     0.00000     0.00000     0.00000
    -20.645         0.00000     0.00000     0.00000     0.00000
    -20.495        -0.00000     0.00000    -0.00000     0.00000
    -20.345        -0.00000     0.00000    -0.00000     0.00000
    -20.195        -0.00000     0.00000    -0.00000     0.00000
    -20.045        -0.00000     0.00000    -0.00000     0.00000
    -19.895        -0.00136     0.00000    -0.00136     0.00000
    -19.745        -0.00185     0.00000    -0.00185     0.00000
    -19.595        -0.00327     0.00000    -0.00327     0.00000
    -19.445        -0.00475     0.00000    -0.00475     0.00000
    -19.295        -0.01029     0.00000    -0.01029     0.00000
    -19.145        -0.01551     0.00000    -0.01551     0.00000
    -18.995        -0.02479     0.00000    -0.02479     0.00000
    -18.845        -0.03557     0.00000    -0.03557     0.00000
    -18.695        -0.05355     0.00000    -0.05355     0.00000
    -18.545        -0.07125     0.00000    -0.07125     0.00000
    -18.395        -0.09171     0.00000    -0.09171     0.00000
    -18.245        -0.11327     0.00000    -0.11327     0.00000
    -18.095        -0.13968     0.00000    -0.13968     0.00000
    -17.945        -0.16490     0.00000    -0.16490     0.00000
    -17.795        -0.18599     0.00000    -0.18599     0.00000
    -17.645        -0.21466     0.00000    -0.21466     0.00000
    -17.495        -0.24546     0.00000    -0.24546     0.00000
    -17.345        -0.26958     0.00000    -0.26958     0.00000
    -17.195        -0.29167     0.00000    -0.29167     0.00000
    -17.045        -0.31288     0.00000    -0.31288     0.00000
    -16.895        -0.33281     0.00000    -0.33281     0.00000
    -16.745        -0.35317     0.00000    -0.35317     0.00000
    -16.595        -0.37067     0.00000    -0.37067     0.00000
    -16.445        -0.38375     0.00000    -0.38375     0.00000
    -16.295        -0.40401     0.00000    -0.40401     0.00000
    -16.145        -0.42218     0.00000    -0.42218     0.00000
    -15.995        -0.43802     0.00000    -0.43802     0.00000
    -15.845        -0.45231     0.00000    -0.45231     0.00000
    -15.695        -0.46582     0.00000    -0.46582     0.00000
    -15.545        -0.48191     0.00000    -0.48191     0.00000
    -15.395        -0.49196     0.00000    -0.49196     0.00000
    -15.245        -0.50390     0.00000    -0.50390     0.00000
    -15.095        -0.51590     0.00000    -0.51590     0.00000
    -14.945        -0.52862     0.00000    -0.52862     0.00000
    -14.795        -0.54101     0.00000    -0.54101     0.00000
    -14.645        -0.55349     0.00000    -0.55349     0.00000
    -14.495        -0.56301     0.00000    -0.56301     0.00000
    -14.345        -0.57656     0.00000    -0.57656     0.00000
    -14.195        -0.58589     0.00000    -0.58589     0.00000
    -14.045        -0.59664     0.00000    -0.59664     0.00000
    -13.895        -0.60416     0.00000    -0.60416     0.00000
    -13.745        -0.61253     0.00000    -0.61253     0.00000
    -13.595        -0.62341    -0.00102    -0.62239     0.00000
    -13.445        -0.63287    -0.00279    -0.63008     0.00000
    -13.295        -0.64829    -0.00750    -0.64079     0.00000
    -13.145        -0.66042    -0.01185    -0.64857     0.00000
    -12.995        -0.67798    -0.02027    -0.65771     0.00000
    -12.845        -0.69951    -0.03393    -0.66559     0.00000
    -12.695        -0.72072    -0.04897    -0.67175     0.00000
    -12.545        -0.74842    -0.06660    -0.68182     0.00000
    -12.395        -0.78761    -0.09643    -0.69118     0.00000
    -12.245        -0.81680    -0.11939    -0.69741     0.00000
    -12.095        -0.85974    -0.15283    -0.70691     0.00000
    -11.945        -0.90346    -0.18692    -0.71653     0.00000
    -11.795        -0.94870    -0.22247    -0.72622     0.00000
    -11.645        -0.99610    -0.26055    -0.73554     0.00000
    -11.495        -1.04218    -0.29959    -0.74258     0.00000
    -11.345        -1.08649    -0.33850    -0.74799     0.00000
    -11.195        -1.14908    -0.38880    -0.76028     0.00000
    -11.045        -1.20497    -0.43467    -0.77030     0.00000
    -10.895        -1.26156    -0.48498    -0.77658     0.00000
    -10.745        -1.32774    -0.53885    -0.78889     0.00000
    -10.595        -1.39394    -0.59581    -0.79813     0.00000
    -10.445        -1.46687    -0.65739    -0.80948     0.00000
    -10.295        -1.54075    -0.72192    -0.81882     0.00000
    -10.145        -1.62791    -0.79403    -0.83388     0.00000
    -9.9950        -1.71357    -0.86470    -0.84887     0.00000
    -9.8450        -1.80334    -0.93930    -0.86404     0.00000
    -9.6950        -1.89301    -1.01556    -0.87745     0.00000
    -9.5450        -1.99098    -1.09684    -0.89413     0.00000
    -9.3950        -2.09273    -1.18174    -0.91099     0.00000
    -9.2450        -2.20155    -1.27107    -0.93048     0.00000
    -9.0950        -2.31557    -1.36585    -0.94972     0.00000
    -8.9450        -2.41949    -1.44871    -0.97078     0.00000
    -8.7950        -2.53775    -1.54106    -0.99670     0.00000
    -8.6450        -2.65261    -1.62826    -1.02435     0.00000
    -8.4950        -2.77038    -1.71734    -1.05304     0.00000
    -8.3450        -2.89389    -1.81076    -1.08313     0.00000
    -8.1950        -3.01898    -1.90530    -1.11368    -0.00000
    -8.0450        -3.14515    -1.99708    -1.14808    -0.00000
    -7.8950        -3.26654    -2.08494    -1.18114    -0.00045
    -7.7450        -3.39602    -2.17839    -1.21591    -0.00172
    -7.5950        -3.53051    -2.27218    -1.25323    -0.00511
    -7.4450        -3.66411    -2.36022    -1.29109    -0.01280
    -7.2950        -3.80638    -2.44871    -1.33277    -0.02490
    -7.1450        -3.96494    -2.54303    -1.37475    -0.04717
    -6.9950        -4.13426    -2.63698    -1.42017    -0.07710
    -6.8450        -4.31640    -2.73126    -1.46665    -0.11849
    -6.6950        -4.51702    -2.82462    -1.51811    -0.17429
    -6.5450        -4.73479    -2.92260    -1.57212    -0.24006
    -6.3950        -4.97702    -3.01671    -1.63081    -0.32951
    -6.2450        -5.22376    -3.10629    -1.68750    -0.42997
    -6.0950        -5.50663    -3.20438    -1.74752    -0.55472
    -5.9450        -5.82538    -3.30568    -1.80901    -0.71068
    -5.7950        -6.20048    -3.40819    -1.87217    -0.92012
    -5.6450        -6.64471    -3.50797    -1.94150    -1.19524
    -5.4950        -7.15213    -3.61105    -2.01191    -1.52916
    -5.3450        -7.72590    -3.72177    -2.08691    -1.91722
    -5.1950        -8.35111    -3.83313    -2.16050    -2.35747
    -5.0450        -9.02862    -3.94772    -2.24396    -2.83694
    -4.8950        -9.74889    -4.07176    -2.33474    -3.34238
    -4.7450       -10.49832    -4.19480    -2.42613    -3.87739
    -4.5950       -11.28191    -4.32289    -2.52413    -4.43490
    -4.4450       -12.07785    -4.45874    -2.62714    -4.99197
    -4.2950       -12.89714    -4.59845    -2.73901    -5.55968
    -4.1450       -13.72514    -4.74835    -2.85079    -6.12600
    -3.9950       -14.59412    -4.90579    -2.97204    -6.71629
    -3.8450       -15.47817    -5.06940    -3.10655    -7.30221
    -3.6950       -16.39926    -5.24172    -3.24774    -7.90980
    -3.5450       -17.33428    -5.41994    -3.39613    -8.51821
    -3.3950       -18.29702    -5.60434    -3.55846    -9.13422
    -3.2450       -19.31039    -5.79750    -3.73320    -9.77969
    -3.0950       -20.35982    -5.99956    -3.91415   -10.44611
    -2.9450       -21.45818    -6.21269    -4.11059   -11.13489
    -2.7950       -22.60292    -6.43783    -4.32033   -11.84476
    -2.6450       -23.81185    -6.67699    -4.54649   -12.58837
    -2.4950       -25.08934    -6.92514    -4.78559   -13.37861
    -2.3450       -26.47304    -7.18321    -5.04387   -14.24596
    -2.1950       -27.95465    -7.46098    -5.32167   -15.17200
    -2.0450       -29.54404    -7.75313    -5.62217   -16.16874
    -1.8950       -31.24652    -8.06063    -5.94796   -17.23793
    -1.7450       -33.08683    -8.39042    -6.29952   -18.39689
    -1.5950       -35.06115    -8.74254    -6.67621   -19.64240
    -1.4450       -37.20385    -9.12154    -7.08136   -21.00095
    -1.2950       -39.54994    -9.52512    -7.52315   -22.50167
    -1.1450       -42.14958    -9.96032    -8.01800   -24.17126
   -0.99500       -45.06598   -10.42578    -8.58293   -26.05727
   -0.84500       -48.42370   -10.93419    -9.25852   -28.23098
   -0.69500       -52.29675   -11.50902   -10.02667   -30.76106
   -0.54500       -56.83682   -12.13665   -10.85429   -33.84588
   -0.39500       -62.36172   -12.73928   -11.66330   -37.95914
   -0.25300       -66.83198   -13.06596   -12.09185   -41.67417
   -0.21500       -67.15075   -13.08376   -12.11425   -41.95274
   -0.20900       -67.47800   -13.10116   -12.13549   -42.24135
   -0.20300       -67.81174   -13.11844   -12.15673   -42.53657
   -0.19700       -68.15674   -13.13521   -12.17745   -42.84408
   -0.19100       -68.51041   -13.15210   -12.19753   -43.16079
   -0.18500       -68.87347   -13.16827   -12.21683   -43.48837
   -0.17900       -69.24672   -13.18431   -12.23555   -43.82685
   -0.17300       -69.63133   -13.19968   -12.25390   -44.17775
   -0.16700       -70.03035   -13.21498   -12.27180   -44.54357
   -0.16100       -70.43996   -13.22975   -12.28868   -44.92153
   -0.15500       -70.86341   -13.24421   -12.30509   -45.31411
   -0.14900       -71.30051   -13.25804   -12.32095   -45.72152
   -0.14300       -71.75320   -13.27168   -12.33634   -46.14518
   -0.13700       -72.22323   -13.28464   -12.35090   -46.58769
   -0.13100       -72.71018   -13.29705   -12.36485   -47.04827
   -0.12500       -73.21634   -13.30919   -12.37836   -47.52880
   -0.11900       -73.74248   -13.32063   -12.39074   -48.03111
   -0.11300       -74.28949   -13.33147   -12.40258   -48.55544
   -0.10700       -74.85967   -13.34195   -12.41390   -49.10382
   -0.10100       -75.45551   -13.35175   -12.42462   -49.67914
   -0.95000E-01   -76.07721   -13.36122   -12.43476   -50.28123
   -0.89000E-01   -76.72607   -13.37010   -12.44403   -50.91194
   -0.83000E-01   -77.40386   -13.37841   -12.45280   -51.57265
   -0.77000E-01   -78.11343   -13.38615   -12.46095   -52.26633
   -0.71000E-01   -78.85902   -13.39329   -12.46836   -52.99736
   -0.65000E-01   -79.64211   -13.39988   -12.47523   -53.76701
   -0.59000E-01   -80.46986   -13.40586   -12.48135   -54.58266
   -0.53000E-01   -81.35102   -13.41120   -12.48687   -55.45295
   -0.47000E-01   -82.29077   -13.41601   -12.49177   -56.38299
   -0.41000E-01   -83.28315   -13.42017   -12.49602   -57.36696
   -0.35000E-01   -84.31227   -13.42375   -12.49962   -58.38890
   -0.29000E-01   -85.34863   -13.42666   -12.50260   -59.41937
   -0.23000E-01   -86.31737   -13.42905   -12.50498   -60.38335
   -0.19700E-01   -86.40607   -13.42926   -12.50518   -60.47163
   -0.19100E-01   -86.49308   -13.42946   -12.50538   -60.55824
   -0.18500E-01   -86.57821   -13.42965   -12.50558   -60.64298
   -0.17900E-01   -86.66101   -13.42983   -12.50577   -60.72541
   -0.17300E-01   -86.74190   -13.43000   -12.50595   -60.80595
   -0.16700E-01   -86.82065   -13.43016   -12.50612   -60.88437
   -0.16100E-01   -86.89720   -13.43033   -12.50628   -60.96058
   -0.15500E-01   -86.97162   -13.43049   -12.50644   -61.03470
   -0.14900E-01   -87.04356   -13.43064   -12.50659   -61.10633
   -0.14300E-01   -87.11300   -13.43079   -12.50674   -61.17547
   -0.13700E-01   -87.18008   -13.43093   -12.50688   -61.24227
   -0.13100E-01   -87.24463   -13.43106   -12.50702   -61.30655
   -0.12500E-01   -87.30680   -13.43119   -12.50715   -61.36846
   -0.11900E-01   -87.36613   -13.43131   -12.50728   -61.42755
   -0.11300E-01   -87.42282   -13.43142   -12.50739   -61.48402
   -0.10700E-01   -87.47683   -13.43153   -12.50749   -61.53781
   -0.10100E-01   -87.52794   -13.43163   -12.50760   -61.58871
   -0.95000E-02   -87.57640   -13.43173   -12.50770   -61.63697
   -0.89000E-02   -87.62190   -13.43182   -12.50779   -61.68229
   -0.83000E-02   -87.66465   -13.43191   -12.50787   -61.72487
   -0.77000E-02   -87.70433   -13.43199   -12.50795   -61.76439
   -0.71000E-02   -87.74120   -13.43206   -12.50802   -61.80112
   -0.65000E-02   -87.77494   -13.43213   -12.50809   -61.83473
   -0.59000E-02   -87.80564   -13.43219   -12.50815   -61.86530
   -0.53000E-02   -87.83336   -13.43224   -12.50821   -61.89292
   -0.47000E-02   -87.85803   -13.43229   -12.50826   -61.91748
   -0.41000E-02   -87.87952   -13.43233   -12.50830   -61.93889
   -0.35000E-02   -87.89791   -13.43236   -12.50834   -61.95721
   -0.29000E-02   -87.91320   -13.43239   -12.50837   -61.97244
   -0.23000E-02   -87.92537   -13.43242   -12.50839   -61.98456
   -0.17000E-02   -87.93436   -13.43243   -12.50841   -61.99352
   -0.11000E-02   -87.94017   -13.43245   -12.50842   -61.99930
   -0.50000E-03   -87.94282   -13.43245   -12.50842   -62.00194
    0.10000E-03   -87.94229   -13.43245   -12.50842   -62.00142
    0.70000E-03   -87.93859   -13.43244   -12.50841   -61.99773
    0.13000E-02   -87.93173   -13.43243   -12.50840   -61.99090
    0.19000E-02   -87.92168   -13.43241   -12.50838   -61.98089
    0.25000E-02   -87.90852   -13.43239   -12.50836   -61.96777
    0.31000E-02   -87.89218   -13.43236   -12.50833   -61.95149
    0.37000E-02   -87.87275   -13.43232   -12.50829   -61.93213
    0.43000E-02   -87.85017   -13.43228   -12.50825   -61.90964
    0.49000E-02   -87.82444   -13.43223   -12.50820   -61.88402
    0.55000E-02   -87.79574   -13.43217   -12.50814   -61.85543
    0.61000E-02   -87.76395   -13.43211   -12.50808   -61.82376
    0.67000E-02   -87.72911   -13.43204   -12.50801   -61.78906
    0.73000E-02   -87.69122   -13.43197   -12.50794   -61.75132
    0.79000E-02   -87.65038   -13.43189   -12.50785   -61.71064
    0.85000E-02   -87.60652   -13.43180   -12.50776   -61.66696
    0.91000E-02   -87.55969   -13.43171   -12.50767   -61.62031
    0.97000E-02   -87.51020   -13.43161   -12.50758   -61.57101
    0.10300E-01   -87.45773   -13.43150   -12.50747   -61.51876
    0.10900E-01   -87.40255   -13.43139   -12.50736   -61.46380
    0.11500E-01   -87.34463   -13.43127   -12.50725   -61.40611
    0.12100E-01   -87.28412   -13.43115   -12.50712   -61.34586
    0.12700E-01   -87.22079   -13.43102   -12.50698   -61.28279
    0.13300E-01   -87.15496   -13.43090   -12.50685   -61.21721
    0.13900E-01   -87.08641   -13.43076   -12.50671   -61.14895
    0.14500E-01   -87.01549   -13.43061   -12.50656   -61.07832
    0.15100E-01   -86.94231   -13.43046   -12.50641   -61.00544
    0.15700E-01   -86.86680   -13.43030   -12.50624   -60.93025
    0.16300E-01   -86.78899   -13.43014   -12.50607   -60.85278
    0.16900E-01   -86.70884   -13.42997   -12.50590   -60.77297
    0.17500E-01   -86.62652   -13.42979   -12.50572   -60.69102
    0.18100E-01   -86.54207   -13.42961   -12.50553   -60.60693
    0.18700E-01   -86.45594   -13.42942   -12.50534   -60.52118
    0.19300E-01   -86.36787   -13.42923   -12.50514   -60.43350
    0.20200E-01   -86.00879   -13.42840   -12.50432   -60.07607
    0.25000E-01   -84.99523   -13.42586   -12.50179   -59.06758
    0.31000E-01   -83.94621   -13.42278   -12.49870   -58.02473
    0.37000E-01   -82.91726   -13.41912   -12.49509   -57.00305
    0.43000E-01   -81.93129   -13.41480   -12.49078   -56.02572
    0.49000E-01   -81.00284   -13.41002   -12.48583   -55.10699
    0.55000E-01   -80.12943   -13.40459   -12.48035   -54.24449
    0.61000E-01   -79.30683   -13.39837   -12.47429   -53.43417
    0.67000E-01   -78.52684   -13.39176   -12.46774   -52.66734
    0.73000E-01   -77.78419   -13.38438   -12.46064   -51.93917
    0.79000E-01   -77.07691   -13.37649   -12.45288   -51.24755
    0.85000E-01   -76.40218   -13.36792   -12.44457   -50.58970
    0.91000E-01   -75.75949   -13.35885   -12.43605   -49.96459
    0.97000E-01   -75.14561   -13.34920   -12.42660   -49.36981
    0.10300       -74.55676   -13.33904   -12.41653   -48.80119
    0.10900       -73.99329   -13.32828   -12.40609   -48.25892
    0.11500       -73.45439   -13.31676   -12.39500   -47.74263
    0.12100       -72.93734   -13.30487   -12.38358   -47.24890
    0.12700       -72.44324   -13.29269   -12.37148   -46.77906
    0.13300       -71.96943   -13.27952   -12.35893   -46.33098
    0.13900       -71.51309   -13.26578   -12.34597   -45.90135
    0.14500       -71.07395   -13.25152   -12.33230   -45.49013
    0.15100       -70.65186   -13.23646   -12.31822   -45.09718
    0.15700       -70.24494   -13.22097   -12.30375   -44.72022
    0.16300       -69.85361   -13.20494   -12.28860   -44.36007
    0.16900       -69.47649   -13.18848   -12.27328   -44.01473
    0.17500       -69.11308   -13.17133   -12.25777   -43.68397
    0.18100       -68.76095   -13.15325   -12.24169   -43.36600
    0.18700       -68.42127   -13.13488   -12.22534   -43.06105
    0.19300       -68.09307   -13.11605   -12.20882   -42.76820
    0.19900       -67.77586   -13.09629   -12.19167   -42.48791
    0.20500       -67.46852   -13.07576   -12.17417   -42.21859
    0.21100       -67.17010   -13.05483   -12.15658   -41.95869
    0.21700       -66.88000   -13.03402   -12.13803   -41.70796
    0.29500       -61.06184   -12.35806   -11.60346   -37.10031
    0.44500       -57.08078   -11.53329   -11.00370   -34.54380
    0.59500       -54.01288   -10.71364   -10.42681   -32.87243
    0.74500       -51.53443    -9.96829    -9.89679   -31.66936
    0.89500       -49.48367    -9.32992    -9.41967   -30.73408
     1.0450       -47.74228    -8.78663    -8.97620   -29.97945
     1.1950       -46.23120    -8.30257    -8.56746   -29.36117
     1.3450       -44.89979    -7.86405    -8.18929   -28.84645
     1.4950       -43.72973    -7.47077    -7.83661   -28.42235
     1.6450       -42.67975    -7.11079    -7.50897   -28.06000
     1.7950       -41.73781    -6.78135    -7.20744   -27.74902
     1.9450       -40.89017    -6.48003    -6.92775   -27.48239
     2.0950       -40.12026    -6.19948    -6.66407   -27.25672
     2.2450       -39.40438    -5.93691    -6.41852   -27.04895
     2.3950       -38.74694    -5.69370    -6.18622   -26.86701
     2.5450       -38.13945    -5.46611    -5.96722   -26.70612
     2.6950       -37.57813    -5.25557    -5.76135   -26.56121
     2.8450       -37.05432    -5.05766    -5.56544   -26.43122
     2.9950       -36.56881    -4.87449    -5.37990   -26.31442
     3.1450       -36.11646    -4.70647    -5.20420   -26.20579
     3.2950       -35.69713    -4.55002    -5.03953   -26.10758
     3.4450       -35.30697    -4.40455    -4.88240   -26.02003
     3.5950       -34.93712    -4.26730    -4.73285   -25.93697
     3.7450       -34.59182    -4.14052    -4.58897   -25.86232
     3.8950       -34.26232    -4.02242    -4.45226   -25.78764
     4.0450       -33.95622    -3.91295    -4.32375   -25.71953
     4.1950       -33.66204    -3.81086    -4.20071   -25.65047
     4.3450       -33.38679    -3.71803    -4.08216   -25.58660
     4.4950       -33.12710    -3.62982    -3.96990   -25.52738
     4.6450       -32.88435    -3.55182    -3.86262   -25.46991
     4.7950       -32.65246    -3.47651    -3.75990   -25.41605
     4.9450       -32.43046    -3.40619    -3.66071   -25.36356
     5.0950       -32.21921    -3.34099    -3.56605   -25.31218
     5.2450       -32.01798    -3.28009    -3.47494   -25.26295
     5.3950       -31.82554    -3.22291    -3.38766   -25.21497
     5.5450       -31.63802    -3.16658    -3.30268   -25.16876
     5.6950       -31.45453    -3.11208    -3.21921   -25.12324
     5.8450       -31.28012    -3.06040    -3.14050   -25.07922
     5.9950       -31.11168    -3.01184    -3.06355   -25.03628
     6.1450       -30.94767    -2.96384    -2.98909   -24.99473
     6.2950       -30.79232    -2.91952    -2.91860   -24.95421
     6.4450       -30.64006    -2.87687    -2.84897   -24.91422
     6.5950       -30.49590    -2.83765    -2.78252   -24.87573
     6.7450       -30.35838    -2.80328    -2.71719   -24.83791
     6.8950       -30.22351    -2.76731    -2.65526   -24.80093
     7.0450       -30.09411    -2.73562    -2.59371   -24.76478
     7.1950       -29.96710    -2.70434    -2.53348   -24.72928
     7.3450       -29.84466    -2.67547    -2.47456   -24.69462
     7.4950       -29.72626    -2.64773    -2.41781   -24.66072
     7.6450       -29.60782    -2.61654    -2.36389   -24.62739
     7.7950       -29.49345    -2.58876    -2.31069   -24.59401
     7.9450       -29.38669    -2.56459    -2.26009   -24.56201
     8.0950       -29.28414    -2.53984    -2.21371   -24.53058
     8.2450       -29.18571    -2.51703    -2.16885   -24.49984
     8.3950       -29.09114    -2.49823    -2.12331   -24.46960
     8.5450       -28.99651    -2.47675    -2.07991   -24.43984
     8.6950       -28.90674    -2.45750    -2.03864   -24.41059
     8.8450       -28.81982    -2.43893    -1.99910   -24.38179
     8.9950       -28.73654    -2.42041    -1.96259   -24.35353
     9.1450       -28.65491    -2.40148    -1.92767   -24.32576
     9.2950       -28.57860    -2.38513    -1.89506   -24.29841
     9.4450       -28.50225    -2.36698    -1.86375   -24.27152
     9.5950       -28.43835    -2.35218    -1.84104   -24.24513
     9.7450       -28.36848    -2.33831    -1.81112   -24.21905
     9.8950       -28.30280    -2.32732    -1.78203   -24.19346
     10.045       -28.23874    -2.31875    -1.75182   -24.16817
     10.195       -28.17838    -2.31016    -1.72496   -24.14326
     10.345       -28.12933    -2.30298    -1.70761   -24.11874
     10.495       -28.07869    -2.29733    -1.68684   -24.09453
     10.645       -28.02841    -2.29170    -1.66605   -24.07066
     10.795       -27.98524    -2.28954    -1.64860   -24.04710
     10.945       -27.93509    -2.28236    -1.62887   -24.02386
     11.095       -27.89096    -2.27852    -1.61141   -24.00103
     11.245       -27.85244    -2.27290    -1.60109   -23.97845
     11.395       -27.81283    -2.26907    -1.58759   -23.95617
     11.545       -27.77673    -2.26526    -1.57722   -23.93424
     11.695       -27.73771    -2.26150    -1.56367   -23.91254
     11.845       -27.69719    -2.25589    -1.55015   -23.89115
     11.995       -27.65691    -2.25414    -1.53274   -23.87003
     12.145       -27.62076    -2.25245    -1.51918   -23.84913
     12.295       -27.58786    -2.24870    -1.51062   -23.82854
     12.445       -27.55513    -2.24494    -1.50205   -23.80814
     12.595       -27.52680    -2.24121    -1.49762   -23.78797
     12.745       -27.49672    -2.23965    -1.48902   -23.76805
     12.895       -27.47128    -2.23594    -1.48695   -23.74839
     13.045       -27.44380    -2.23446    -1.48037   -23.72898
     13.195       -27.41889    -2.23301    -1.47607   -23.70981
     13.345       -27.39663    -2.23159    -1.47417   -23.69087
     13.495       -27.37461    -2.23019    -1.47232   -23.67210
     13.645       -27.35281    -2.22883    -1.47051   -23.65348
     13.795       -27.33133    -2.22748    -1.46877   -23.63508
     13.945       -27.31015    -2.22616    -1.46709   -23.61690
     14.095       -27.28922    -2.22486    -1.46546   -23.59890
     14.245       -27.26854    -2.22358    -1.46388   -23.58108
     14.395       -27.24552    -2.22234    -1.45972   -23.56347
     14.545       -27.22533    -2.22111    -1.45820   -23.54602
     14.695       -27.20541    -2.21992    -1.45673   -23.52876
     14.845       -27.18578    -2.21872    -1.45530   -23.51176
     14.995       -27.16633    -2.21755    -1.45393   -23.49486
     15.145       -27.14709    -2.21640    -1.45258   -23.47811
     15.295       -27.12814    -2.21527    -1.45127   -23.46160
     15.445       -27.10941    -2.21416    -1.44998   -23.44526
     15.595       -27.09082    -2.21305    -1.44873   -23.42904
     15.745       -27.07240    -2.21197    -1.44750   -23.41293
     15.895       -27.05425    -2.21091    -1.44633   -23.39701
     16.045       -27.03633    -2.20986    -1.44518   -23.38129
     16.195       -27.01851    -2.20882    -1.44405   -23.36564
     16.345       -27.00095    -2.20781    -1.44295   -23.35019
     16.495       -26.98348    -2.20680    -1.44187   -23.33482
     16.645       -26.96630    -2.20580    -1.44082   -23.31968
     16.795       -26.94922    -2.20482    -1.43980   -23.30459
     16.945       -26.93235    -2.20385    -1.43880   -23.28969
     17.095       -26.91564    -2.20289    -1.43782   -23.27494
     17.245       -26.89907    -2.20194    -1.43687   -23.26027
     17.395       -26.88267    -2.20101    -1.43593   -23.24573
     17.545       -26.86646    -2.20009    -1.43503   -23.23134
     17.695       -26.85037    -2.19916    -1.43414   -23.21707
     17.845       -26.83442    -2.19826    -1.43326   -23.20290
     17.995       -26.81863    -2.19736    -1.43242   -23.18885
     18.145       -26.80299    -2.19649    -1.43159   -23.17491
     18.295       -26.78750    -2.19562    -1.43077   -23.16112
     18.445       -26.77216    -2.19475    -1.42996   -23.14745
     18.595       -26.75693    -2.19389    -1.42918   -23.13386
     18.745       -26.74186    -2.19305    -1.42841   -23.12040
     18.895       -26.72687    -2.19222    -1.42765   -23.10701
     19.045       -26.71203    -2.19140    -1.42691   -23.09372
     19.195       -26.69733    -2.19058    -1.42618   -23.08057
     19.345       -26.68271    -2.18976    -1.42546   -23.06748
     19.495       -26.66827    -2.18896    -1.42476   -23.05455
     19.645       -26.65395    -2.18817    -1.42407   -23.04171
     19.795       -26.63971    -2.18739    -1.42339   -23.02894
     19.945       -26.62562    -2.18660    -1.42272   -23.01629
     20.095       -26.61164    -2.18584    -1.42207   -23.00373
     20.245       -26.59778    -2.18508    -1.42142   -22.99128
     20.395       -26.58408    -2.18433    -1.42079   -22.97896
     20.545       -26.57045    -2.18357    -1.42018   -22.96670
     20.695       -26.55692    -2.18284    -1.41957   -22.95450
     20.845       -26.54350    -2.18211    -1.41896   -22.94244
     20.995       -26.53021    -2.18138    -1.41837   -22.93046
     21.145       -26.51699    -2.18067    -1.41779   -22.91854
     21.295       -26.50387    -2.17996    -1.41722   -22.90669
     21.445       -26.49084    -2.17926    -1.41666   -22.89492
     21.595       -26.47791    -2.17856    -1.41610   -22.88325
     21.745       -26.46508    -2.17787    -1.41555   -22.87167
     21.895       -26.45240    -2.17719    -1.41502   -22.86019
     22.045       -26.43977    -2.17652    -1.41449   -22.84876
     22.195       -26.42722    -2.17584    -1.41396   -22.83742
     22.345       -26.41481    -2.17517    -1.41344   -22.82621
     22.495       -26.40246    -2.17451    -1.41293   -22.81502
     22.645       -26.39014    -2.17385    -1.41243   -22.80386
     22.795       -26.37799    -2.17321    -1.41194   -22.79284
     22.945       -26.36594    -2.17256    -1.41146   -22.78193
     23.095       -26.35393    -2.17193    -1.41098   -22.77103
     23.245       -26.34198    -2.17129    -1.41050   -22.76019
     23.395       -26.33015    -2.17066    -1.41003   -22.74946
     23.545       -26.31838    -2.17003    -1.40956   -22.73879
     23.695       -26.30669    -2.16941    -1.40910   -22.72818
     23.845       -26.29506    -2.16880    -1.40865   -22.71761
     23.995       -26.28352    -2.16819    -1.40820   -22.70713
     24.145       -26.27208    -2.16759    -1.40776   -22.69672
     24.295       -26.26067    -2.16700    -1.40732   -22.68635
     24.445       -26.24937    -2.16640    -1.40689   -22.67608
     24.595       -26.23812    -2.16581    -1.40647   -22.66584
     24.745       -26.22699    -2.16522    -1.40605   -22.65572
     24.895       -26.21589    -2.16463    -1.40563   -22.64562
     25.045       -26.20484    -2.16406    -1.40522   -22.63556
     25.195       -26.19391    -2.16348    -1.40481   -22.62562
     25.345       -26.18303    -2.16291    -1.40441   -22.61570
     25.495       -26.17222    -2.16235    -1.40401   -22.60585
     25.645       -26.16149    -2.16179    -1.40362   -22.59608
     25.795       -26.15083    -2.16124    -1.40323   -22.58637
     25.945       -26.14025    -2.16069    -1.40284   -22.57672
     26.095       -26.12967    -2.16014    -1.40246   -22.56707
     26.245       -26.11919    -2.15959    -1.40209   -22.55751
     26.395       -26.10876    -2.15904    -1.40172   -22.54800
     26.545       -26.09840    -2.15851    -1.40135   -22.53854
     26.695       -26.08812    -2.15798    -1.40098   -22.52916
     26.845       -26.07790    -2.15745    -1.40062   -22.51983
     26.995       -26.06777    -2.15692    -1.40026   -22.51059
     27.145       -26.05766    -2.15640    -1.39991   -22.50136
     27.295       -26.04765    -2.15587    -1.39955   -22.49222
     27.445       -26.03769    -2.15536    -1.39920   -22.48312
     27.595       -26.02777    -2.15485    -1.39887   -22.47405
     27.745       -26.01794    -2.15434    -1.39853   -22.46506
     27.895       -26.00816    -2.15384    -1.39819   -22.45613
     28.045       -25.99842    -2.15334    -1.39786   -22.44722
     28.195       -25.98874    -2.15283    -1.39753   -22.43838
     28.345       -25.97909    -2.15234    -1.39720   -22.42956
     28.495       -25.96955    -2.15185    -1.39688   -22.42082
     28.645       -25.96000    -2.15136    -1.39656   -22.41208
     28.795       -25.95057    -2.15088    -1.39624   -22.40345
     28.945       -25.94112    -2.15039    -1.39592   -22.39481
     29.095       -25.93175    -2.14991    -1.39561   -22.38623
     29.245       -25.92238    -2.14943    -1.39530   -22.37765
     29.395       -25.91308    -2.14896    -1.39499   -22.36913
     29.545       -25.90383    -2.14848    -1.39468   -22.36068
     29.695       -25.89464    -2.14800    -1.39437   -22.35227
     29.845       -25.88549    -2.14753    -1.39407   -22.34389
     29.995       -25.87639    -2.14706    -1.39376   -22.33556
     30.145       -25.86735    -2.14661    -1.39347   -22.32727
     35.794       -25.27298    -2.11682    -1.37542   -21.78073
     49.810       -24.69000    -2.08836    -1.35971   -21.24194
     69.316       -24.11843    -2.06087    -1.34539   -20.71217
     96.460       -23.55952    -2.03428    -1.33199   -20.19325
     134.23       -23.01389    -2.00853    -1.31926   -19.68611
     186.80       -22.48198    -1.98361    -1.30713   -19.19125
     259.95       -21.96455    -1.95942    -1.29546   -18.70966
     361.74       -21.46135    -1.93602    -1.28422   -18.24111
     503.40       -20.97296    -1.91348    -1.27341   -17.78607
     700.53       -20.49911    -1.89173    -1.26300   -17.34438
     974.85       -20.03958    -1.87076    -1.25291   -16.91590
     1356.6       -19.59428    -1.85054    -1.24315   -16.50059
     1887.8       -19.16246    -1.83103    -1.23371   -16.09771
     2627.1       -18.74426    -1.81228    -1.22464   -15.70734
     3655.9       -18.33894    -1.79425    -1.21581   -15.32888
     5087.5       -17.94569    -1.77685    -1.20726   -14.96157
     7079.7       -17.56437    -1.76009    -1.19902   -14.60527
     9852.1       -17.19483    -1.74394    -1.19107   -14.25981
     13710.       -16.83755    -1.72840    -1.18340   -13.92575
     19079.       -16.49224    -1.71340    -1.17602   -13.60282
     26550.       -16.15883    -1.69899    -1.16892   -13.29092
     36947.       -15.83780    -1.68506    -1.16209   -12.99064
     51416.       -15.52927    -1.67162    -1.15558   -12.70207
     71550.       -15.23441    -1.65860    -1.14938   -12.42643
     99568.       -14.95228    -1.64599    -1.14342   -12.16286
    0.13856E+06   -14.68193    -1.63386    -1.13773   -11.91034
    0.19282E+06   -14.42346    -1.62216    -1.13232   -11.66898
    0.26832E+06   -14.17682    -1.61080    -1.12715   -11.43887
    0.37340E+06   -13.94105    -1.59990    -1.12219   -11.21896
    0.51962E+06   -13.71585    -1.58939    -1.11748   -11.00897
    0.72310E+06   -13.50030    -1.57928    -1.11297   -10.80805
    0.10063E+07   -13.29468    -1.56962    -1.10870   -10.61636
    0.14003E+07   -13.09890    -1.56047    -1.10465   -10.43379
    0.19487E+07   -12.91204    -1.55167    -1.10079   -10.25958
    0.27118E+07   -12.73410    -1.54327    -1.09711   -10.09373
    0.37737E+07   -12.56485    -1.53526    -1.09362    -9.93597
    0.52514E+07   -12.40369    -1.52760    -1.09030    -9.78579
    0.73079E+07   -12.25015    -1.52028    -1.08714    -9.64272
    0.10170E+08   -12.10416    -1.51333    -1.08415    -9.50668
    0.14152E+08   -11.96521    -1.50666    -1.08132    -9.37723
    0.19694E+08   -11.83291    -1.50031    -1.07861    -9.25399
    0.27406E+08   -11.70708    -1.49426    -1.07605    -9.13677
    0.38138E+08   -11.58736    -1.48848    -1.07363    -9.02524
    0.53073E+08   -11.47400    -1.48300    -1.07135    -8.91965
    0.73856E+08   -11.36694    -1.47780    -1.06921    -8.81994
    0.10278E+09   -11.26616    -1.47283    -1.06721    -8.72612
    0.14302E+09   -11.17203    -1.46810    -1.06537    -8.63856
    0.19903E+09   -11.08480    -1.46361    -1.06367    -8.55752
    0.27697E+09   -11.00416    -1.45934    -1.06211    -8.48271
    0.38543E+09   -10.92946    -1.45528    -1.06065    -8.41352
    0.53637E+09   -10.86004    -1.45140    -1.05932    -8.34931
    0.74641E+09   -10.79628    -1.44776    -1.05810    -8.29042
    0.10387E+10   -10.73797    -1.44428    -1.05699    -8.23669
    0.14454E+10   -10.68441    -1.44101    -1.05597    -8.18743
    0.20115E+10   -10.63513    -1.43794    -1.05503    -8.14216
    0.27992E+10   -10.58980    -1.43510    -1.05417    -8.10053
    0.38953E+10   -10.54805    -1.43247    -1.05338    -8.06220
    0.54207E+10   -10.50966    -1.43005    -1.05265    -8.02697
    0.75434E+10   -10.47424    -1.42779    -1.05197    -7.99448
    0.10497E+11   -10.44164    -1.42571    -1.05135    -7.96458
    0.14608E+11   -10.41159    -1.42380    -1.05078    -7.93701
    0.20329E+11   -10.38399    -1.42208    -1.05025    -7.91166
    0.28289E+11   -10.35856    -1.42048    -1.04976    -7.88831
    0.39367E+11   -10.33514    -1.41903    -1.04932    -7.86680
    0.54783E+11   -10.31359    -1.41768    -1.04891    -7.84699
    0.10000E+12   -10.06288    -1.40203    -1.04419    -7.61666
