    -44.945         0.00000     0.00000     0.00000     0.00000
    -44.795         0.00000     0.00000     0.00000     0.00000
    -44.645         0.00000     0.00000     0.00000     0.00000
    -44.495         0.00000     0.00000     0.00000     0.00000
    -44.345         0.00000     0.00000     0.00000     0.00000
    -44.195         0.00000     0.00000     0.00000     0.00000
    -44.045         0.00000     0.00000     0.00000     0.00000
    -43.895         0.00000     0.00000     0.00000     0.00000
    -43.745         0.00000     0.00000     0.00000     0.00000
    -43.595         0.00000     0.00000     0.00000     0.00000
    -43.445         0.00000     0.00000     0.00000     0.00000
    -43.295         0.00000     0.00000     0.00000     0.00000
    -43.145         0.00000     0.00000     0.00000     0.00000
    -42.995         0.00000     0.00000     0.00000     0.00000
    -42.845         0.00000     0.00000     0.00000     0.00000
    -42.695         0.00000     0.00000     0.00000     0.00000
    -42.545         0.00000     0.00000     0.00000     0.00000
    -42.395         0.00000     0.00000     0.00000     0.00000
    -42.245         0.00000     0.00000     0.00000     0.00000
    -42.095         0.00000     0.00000     0.00000     0.00000
    -41.945         0.00000     0.00000     0.00000     0.00000
    -41.795         0.00000     0.00000     0.00000     0.00000
    -41.645         0.00000     0.00000     0.00000     0.00000
    -41.495         0.00000     0.00000     0.00000     0.00000
    -41.345         0.00000     0.00000     0.00000     0.00000
    -41.195         0.00000     0.00000     0.00000     0.00000
    -41.045         0.00000     0.00000     0.00000     0.00000
    -40.895         0.00000     0.00000     0.00000     0.00000
    -40.745         0.00000     0.00000     0.00000     0.00000
    -40.595         0.00000     0.00000     0.00000     0.00000
    -40.445         0.00000     0.00000     0.00000     0.00000
    -40.295         0.00000     0.00000     0.00000     0.00000
    -40.145         0.00000     0.00000     0.00000     0.00000
    -39.995         0.00000     0.00000     0.00000     0.00000
    -39.845         0.00000     0.00000     0.00000     0.00000
    -39.695         0.00000     0.00000     0.00000     0.00000
    -39.545         0.00000     0.00000     0.00000     0.00000
    -39.395         0.00000     0.00000     0.00000     0.00000
    -39.245         0.00000     0.00000     0.00000     0.00000
    -39.095         0.00000     0.00000     0.00000     0.00000
    -38.945         0.00000     0.00000     0.00000     0.00000
    -38.795         0.00000     0.00000     0.00000     0.00000
    -38.645         0.00000     0.00000     0.00000     0.00000
    -38.495         0.00000     0.00000     0.00000     0.00000
    -38.345         0.00000     0.00000     0.00000     0.00000
    -38.195         0.00000     0.00000     0.00000     0.00000
    -38.045         0.00000     0.00000     0.00000     0.00000
    -37.895         0.00000     0.00000     0.00000     0.00000
    -37.745         0.00000     0.00000     0.00000     0.00000
    -37.595         0.00000     0.00000     0.00000     0.00000
    -37.445         0.00000     0.00000     0.00000     0.00000
    -37.295         0.00000     0.00000     0.00000     0.00000
    -37.145         0.00000     0.00000     0.00000     0.00000
    -36.995         0.00000     0.00000     0.00000     0.00000
    -36.845         0.00000     0.00000     0.00000     0.00000
    -36.695         0.00000     0.00000     0.00000     0.00000
    -36.545         0.00000     0.00000     0.00000     0.00000
    -36.395         0.00000     0.00000     0.00000     0.00000
    -36.245         0.00000     0.00000     0.00000     0.00000
    -36.095         0.00000     0.00000     0.00000     0.00000
    -35.945         0.00000     0.00000     0.00000     0.00000
    -35.795         0.00000     0.00000     0.00000     0.00000
    -35.645         0.00000     0.00000     0.00000     0.00000
    -35.495         0.00000     0.00000     0.00000     0.00000
    -35.345         0.00000     0.00000     0.00000     0.00000
    -35.195         0.00000     0.00000     0.00000     0.00000
    -35.045         0.00000     0.00000     0.00000     0.00000
    -34.895         0.00000     0.00000     0.00000     0.00000
    -34.745         0.00000     0.00000     0.00000     0.00000
    -34.595         0.00000     0.00000     0.00000     0.00000
    -34.445         0.00000     0.00000     0.00000     0.00000
    -34.295         0.00000     0.00000     0.00000     0.00000
    -34.145         0.00000     0.00000     0.00000     0.00000
    -33.995         0.00000     0.00000     0.00000     0.00000
    -33.845         0.00000     0.00000     0.00000     0.00000
    -33.695         0.00000     0.00000     0.00000     0.00000
    -33.545         0.00000     0.00000     0.00000     0.00000
    -33.395         0.00000     0.00000     0.00000     0.00000
    -33.245         0.00000     0.00000     0.00000     0.00000
    -33.095         0.00000     0.00000     0.00000     0.00000
    -32.945         0.00000     0.00000     0.00000     0.00000
    -32.795         0.00000     0.00000     0.00000     0.00000
    -32.645         0.00000     0.00000     0.00000     0.00000
    -32.495         0.00000     0.00000     0.00000     0.00000
    -32.345         0.00000     0.00000     0.00000     0.00000
    -32.195         0.00000     0.00000     0.00000     0.00000
    -32.045         0.00000     0.00000     0.00000     0.00000
    -31.895         0.00000     0.00000     0.00000     0.00000
    -31.745         0.00000     0.00000     0.00000     0.00000
    -31.595         0.00000     0.00000     0.00000     0.00000
    -31.445         0.00000     0.00000     0.00000     0.00000
    -31.295         0.00000     0.00000     0.00000     0.00000
    -31.145         0.00000     0.00000     0.00000     0.00000
    -30.995         0.00000     0.00000     0.00000     0.00000
    -30.845         0.00000     0.00000     0.00000     0.00000
    -30.695         0.00000     0.00000     0.00000     0.00000
    -30.545         0.00000     0.00000     0.00000     0.00000
    -30.395         0.00000     0.00000     0.00000     0.00000
    -30.245         0.00000     0.00000     0.00000     0.00000
    -30.095         0.00000     0.00000     0.00000     0.00000
    -29.945         0.00000     0.00000     0.00000     0.00000
    -29.795         0.00000     0.00000     0.00000     0.00000
    -29.645         0.00000     0.00000     0.00000     0.00000
    -29.495         0.00000     0.00000     0.00000     0.00000
    -29.345         0.00000     0.00000     0.00000     0.00000
    -29.195         0.00000     0.00000     0.00000     0.00000
    -29.045         0.00000     0.00000     0.00000     0.00000
    -28.895         0.00000     0.00000     0.00000     0.00000
    -28.745         0.00000     0.00000     0.00000     0.00000
    -28.595         0.00000     0.00000     0.00000     0.00000
    -28.445         0.00000     0.00000     0.00000     0.00000
    -28.295         0.00000     0.00000     0.00000     0.00000
    -28.145         0.00000     0.00000     0.00000     0.00000
    -27.995         0.00000     0.00000     0.00000     0.00000
    -27.845         0.00000     0.00000     0.00000     0.00000
    -27.695         0.00000     0.00000     0.00000     0.00000
    -27.545         0.00000     0.00000     0.00000     0.00000
    -27.395         0.00000     0.00000     0.00000     0.00000
    -27.245        -0.00000    -0.00000     0.00000     0.00000
    -27.095        -0.00000    -0.00000     0.00000     0.00000
    -26.945         0.00000     0.00000     0.00000     0.00000
    -26.795         0.00000     0.00000     0.00000     0.00000
    -26.645        -0.00000    -0.00000     0.00000     0.00000
    -26.495        -0.00000    -0.00000     0.00000     0.00000
    -26.345        -0.00000    -0.00000     0.00000     0.00000
    -26.195        -0.00000    -0.00000     0.00000     0.00000
    -26.045        -0.00000    -0.00000     0.00000     0.00000
    -25.895        -0.00000    -0.00000     0.00000     0.00000
    -25.745        -0.00000    -0.00000     0.00000     0.00000
    -25.595        -0.00000    -0.00000     0.00000     0.00000
    -25.445        -0.00000    -0.00000     0.00000     0.00000
    -25.295        -0.00000    -0.00000     0.00000     0.00000
    -25.145        -0.00001    -0.00001     0.00000     0.00000
    -24.995        -0.00001    -0.00001     0.00000     0.00000
    -24.845        -0.00001    -0.00001    -0.00000     0.00000
    -24.695        -0.00001    -0.00001    -0.00000     0.00000
    -24.545        -0.00002    -0.00001    -0.00000     0.00000
    -24.395        -0.00002    -0.00002    -0.00000     0.00000
    -24.245        -0.00003    -0.00003    -0.00000     0.00000
    -24.095        -0.00003    -0.00003    -0.00000     0.00000
    -23.945        -0.00004    -0.00004    -0.00000     0.00000
    -23.795        -0.00067    -0.00005    -0.00063     0.00000
    -23.645        -0.00191    -0.00006    -0.00186     0.00000
    -23.495        -0.00194    -0.00007    -0.00187     0.00000
    -23.345        -0.00272    -0.00008    -0.00263     0.00000
    -23.195        -0.00413    -0.00010    -0.00403     0.00000
    -23.045        -0.00417    -0.00011    -0.00406     0.00000
    -22.895        -0.00638    -0.00013    -0.00625     0.00000
    -22.745        -0.00760    -0.00016    -0.00745     0.00000
    -22.595        -0.00895    -0.00018    -0.00877     0.00000
    -22.445        -0.01050    -0.00021    -0.01029     0.00000
    -22.295        -0.01331    -0.00025    -0.01306     0.00000
    -22.145        -0.01574    -0.00029    -0.01545     0.00000
    -21.995        -0.01997    -0.00033    -0.01964     0.00000
    -21.845        -0.02542    -0.00037    -0.02505     0.00000
    -21.695        -0.02886    -0.00043    -0.02843     0.00000
    -21.545        -0.03349    -0.00049    -0.03300     0.00000
    -21.395        -0.03718    -0.00056    -0.03662     0.00000
    -21.245        -0.04035    -0.00063    -0.03972     0.00000
    -21.095        -0.04360    -0.00072    -0.04288     0.00000
    -20.945        -0.04913    -0.00081    -0.04832     0.00000
    -20.795        -0.05581    -0.00092    -0.05489     0.00000
    -20.645        -0.06045    -0.00105    -0.05940     0.00000
    -20.495        -0.06390    -0.00117    -0.06272     0.00000
    -20.345        -0.06919    -0.00133    -0.06786     0.00000
    -20.195        -0.07408    -0.00151    -0.07257     0.00000
    -20.045        -0.07904    -0.00171    -0.07732     0.00000
    -19.895        -0.08457    -0.00191    -0.08266     0.00000
    -19.745        -0.09069    -0.00216    -0.08853     0.00000
    -19.595        -0.09520    -0.00242    -0.09278     0.00000
    -19.445        -0.09980    -0.00272    -0.09708     0.00000
    -19.295        -0.10445    -0.00302    -0.10144     0.00000
    -19.145        -0.11032    -0.00335    -0.10697     0.00000
    -18.995        -0.11301    -0.00371    -0.10931     0.00000
    -18.845        -0.11574    -0.00411    -0.11163     0.00000
    -18.695        -0.11976    -0.00452    -0.11524     0.00000
    -18.545        -0.12469    -0.00496    -0.11973     0.00000
    -18.395        -0.12875    -0.00541    -0.12334     0.00000
    -18.245        -0.13159    -0.00590    -0.12569     0.00000
    -18.095        -0.13665    -0.00640    -0.13025     0.00000
    -17.945        -0.14176    -0.00694    -0.13482     0.00000
    -17.795        -0.14600    -0.00750    -0.13850     0.00000
    -17.645        -0.15120    -0.00809    -0.14311     0.00000
    -17.495        -0.15640    -0.00870    -0.14769     0.00000
    -17.345        -0.16069    -0.00933    -0.15137     0.00000
    -17.195        -0.16163    -0.01002    -0.15162     0.00000
    -17.045        -0.16600    -0.01071    -0.15529     0.00000
    -16.895        -0.16909    -0.01145    -0.15764     0.00000
    -16.745        -0.17571    -0.01437    -0.16134     0.00000
    -16.595        -0.18400    -0.01894    -0.16505     0.00000
    -16.445        -0.18929    -0.02191    -0.16737     0.00000
    -16.295        -0.19244    -0.02276    -0.16968     0.00000
    -16.145        -0.19707    -0.02369    -0.17338     0.00000
    -15.995        -0.20386    -0.02677    -0.17709     0.00000
    -15.845        -0.21093    -0.03155    -0.17938     0.00000
    -15.695        -0.22094    -0.03785    -0.18309     0.00000
    -15.545        -0.22780    -0.04100    -0.18680     0.00000
    -15.395        -0.23325    -0.04419    -0.18906     0.00000
    -15.245        -0.24450    -0.05064    -0.19386     0.00000
    -15.095        -0.25614    -0.05852    -0.19762     0.00000
    -14.945        -0.26641    -0.06510    -0.20131     0.00000
    -14.795        -0.27920    -0.07307    -0.20613     0.00000
    -14.645        -0.28952    -0.08111    -0.20840     0.00000
    -14.495        -0.29694    -0.08630    -0.21063     0.00000
    -14.345        -0.31096    -0.09449    -0.21647     0.00000
    -14.195        -0.32659    -0.10522    -0.22137     0.00000
    -14.045        -0.34073    -0.11352    -0.22721     0.00000
    -13.895        -0.35392    -0.12180    -0.23212     0.00000
    -13.745        -0.36812    -0.13009    -0.23804     0.00000
    -13.595        -0.38942    -0.14212    -0.24731     0.00000
    -13.445        -0.40125    -0.15173    -0.24953     0.00000
    -13.295        -0.42286    -0.16379    -0.25907     0.00000
    -13.145        -0.44473    -0.17790    -0.26682     0.00000
    -12.995        -0.46004    -0.18619    -0.27384     0.00000
    -12.845        -0.47578    -0.19585    -0.27994     0.00000
    -12.695        -0.50221    -0.20996    -0.29225     0.00000
    -12.545        -0.52354    -0.22190    -0.30163     0.00000
    -12.395        -0.54657    -0.23274    -0.31383     0.00000
    -12.245        -0.57387    -0.24773    -0.32614     0.00000
    -12.095        -0.60296    -0.26274    -0.34022     0.00000
    -11.945        -0.62975    -0.27863    -0.35112     0.00000
    -11.795        -0.65864    -0.29443    -0.36421     0.00000
    -11.645        -0.68752    -0.31112    -0.37640     0.00000
    -11.495        -0.71672    -0.32389    -0.39283     0.00000
    -11.345        -0.75231    -0.34289    -0.40942     0.00000
    -11.195        -0.78800    -0.36331    -0.42469     0.00000
    -11.045        -0.82753    -0.38625    -0.44128     0.00000
    -10.895        -0.86236    -0.40359    -0.45877     0.00000
    -10.745        -0.90395    -0.42247    -0.48149     0.00000
    -10.595        -0.94940    -0.44662    -0.50278     0.00000
    -10.445        -0.98493    -0.45903    -0.52590     0.00000
    -10.295        -1.03278    -0.48490    -0.54788     0.00000
    -10.145        -1.07984    -0.50346    -0.57638     0.00000
    -9.9950        -1.13341    -0.52806    -0.60535     0.00000
    -9.8450        -1.18835    -0.55384    -0.63452     0.00000
    -9.6950        -1.24191    -0.57712    -0.66479     0.00000
    -9.5450        -1.30132    -0.60539    -0.69592     0.00000
    -9.3950        -1.36462    -0.63415    -0.73047     0.00000
    -9.2450        -1.43147    -0.66344    -0.76803     0.00000
    -9.0950        -1.49808    -0.68887    -0.80921     0.00000
    -8.9450        -1.56719    -0.71760    -0.84958     0.00000
    -8.7950        -1.63586    -0.74529    -0.89057     0.00000
    -8.6450        -1.72030    -0.78208    -0.93822     0.00000
    -8.4950        -1.79332    -0.81308    -0.98024     0.00000
    -8.3450        -1.87926    -0.85280    -1.02646     0.00000
    -8.1950        -1.97343    -0.89288    -1.08055     0.00000
    -8.0450        -2.06866    -0.93707    -1.13145    -0.00014
    -7.8950        -2.17025    -0.98048    -1.18932    -0.00045
    -7.7450        -2.27682    -1.02513    -1.25060    -0.00109
    -7.5950        -2.38433    -1.06572    -1.31490    -0.00371
    -7.4450        -2.49537    -1.11317    -1.37417    -0.00803
    -7.2950        -2.61588    -1.16044    -1.43751    -0.01792
    -7.1450        -2.74766    -1.21301    -1.50318    -0.03147
    -6.9950        -2.88626    -1.26301    -1.56862    -0.05463
    -6.8450        -3.04233    -1.31253    -1.64270    -0.08709
    -6.6950        -3.20490    -1.36326    -1.71029    -0.13135
    -6.5450        -3.39206    -1.42288    -1.78100    -0.18818
    -6.3950        -3.60393    -1.47901    -1.85872    -0.26620
    -6.2450        -3.83419    -1.54099    -1.93275    -0.36045
    -6.0950        -4.09341    -1.60273    -2.00781    -0.48287
    -5.9450        -4.39879    -1.66708    -2.08661    -0.64510
    -5.7950        -4.75758    -1.73489    -2.17200    -0.85069
    -5.6450        -5.19321    -1.80738    -2.25676    -1.12907
    -5.4950        -5.70786    -1.88403    -2.34343    -1.48040
    -5.3450        -6.28034    -1.96270    -2.43430    -1.88335
    -5.1950        -6.90995    -2.04212    -2.52889    -2.33893
    -5.0450        -7.59809    -2.12614    -2.62870    -2.84324
    -4.8950        -8.32269    -2.21375    -2.73295    -3.37600
    -4.7450        -9.09169    -2.30838    -2.84657    -3.93674
    -4.5950        -9.87578    -2.40416    -2.96205    -4.50957
    -4.4450       -10.69756    -2.51157    -3.08696    -5.09903
    -4.2950       -11.54479    -2.62373    -3.22199    -5.69907
    -4.1450       -12.41330    -2.74815    -3.36210    -6.30304
    -3.9950       -13.30976    -2.87632    -3.50912    -6.92432
    -3.8450       -14.20682    -3.01141    -3.66384    -7.53158
    -3.6950       -15.13542    -3.15421    -3.82151    -8.15970
    -3.5450       -16.10635    -3.30471    -3.98860    -8.81304
    -3.3950       -17.10750    -3.46084    -4.16320    -9.48346
    -3.2450       -18.14479    -3.63089    -4.34185   -10.17205
    -3.0950       -19.25211    -3.81123    -4.54482   -10.89606
    -2.9450       -20.40201    -3.99799    -4.75065   -11.65336
    -2.7950       -21.62639    -4.19797    -4.97078   -12.45763
    -2.6450       -22.93755    -4.40526    -5.21401   -13.31828
    -2.4950       -24.33436    -4.62872    -5.47170   -14.23394
    -2.3450       -25.83445    -4.86572    -5.75706   -15.21167
    -2.1950       -27.45897    -5.11892    -6.06466   -16.27540
    -2.0450       -29.18496    -5.39037    -6.38941   -17.40518
    -1.8950       -31.05333    -5.69032    -6.74531   -18.61769
    -1.7450       -33.05046    -6.00102    -7.13415   -19.91529
    -1.5950       -35.19946    -6.33370    -7.54786   -21.31790
    -1.4450       -37.52516    -6.68732    -8.01064   -22.82720
    -1.2950       -40.08355    -7.06893    -8.51594   -24.49867
    -1.1450       -42.93390    -7.48257    -9.08321   -26.36812
   -0.99500       -46.14455    -7.93304    -9.72515   -28.48636
   -0.84500       -49.81820    -8.41947   -10.48234   -30.91639
   -0.69500       -54.06843    -8.97097   -11.32437   -33.77310
   -0.54500       -59.08199    -9.57551   -12.21952   -37.28696
   -0.39500       -65.22404   -10.15789   -13.08001   -41.98613
   -0.25300       -70.24874   -10.47035   -13.50824   -46.27016
   -0.21500       -70.61186   -10.48751   -13.53018   -46.59417
   -0.20900       -70.98267   -10.50456   -13.55150   -46.92661
   -0.20300       -71.36228   -10.52121   -13.57208   -47.26899
   -0.19700       -71.75121   -10.53757   -13.59237   -47.62126
   -0.19100       -72.14872   -10.55333   -13.61146   -47.98394
   -0.18500       -72.55784   -10.56885   -13.63028   -48.35871
   -0.17900       -72.97645   -10.58381   -13.64876   -48.74388
   -0.17300       -73.40794   -10.59879   -13.66641   -49.14275
   -0.16700       -73.85164   -10.61296   -13.68314   -49.55554
   -0.16100       -74.30847   -10.62696   -13.69939   -49.98211
   -0.15500       -74.77858   -10.64062   -13.71524   -50.42271
   -0.14900       -75.26472   -10.65368   -13.73060   -50.88045
   -0.14300       -75.76526   -10.66588   -13.74552   -51.35386
   -0.13700       -76.28247   -10.67818   -13.75967   -51.84463
   -0.13100       -76.81628   -10.68990   -13.77295   -52.35343
   -0.12500       -77.36822   -10.70071   -13.78558   -52.88193
   -0.11900       -77.94098   -10.71149   -13.79761   -53.43189
   -0.11300       -78.53549   -10.72179   -13.80912   -54.00458
   -0.10700       -79.14981   -10.73140   -13.82002   -54.59839
   -0.10100       -79.79158   -10.74078   -13.83023   -55.22056
   -0.95000E-01   -80.45732   -10.74944   -13.83986   -55.86803
   -0.89000E-01   -81.15040   -10.75748   -13.84891   -56.54400
   -0.83000E-01   -81.87539   -10.76510   -13.85718   -57.25311
   -0.77000E-01   -82.63341   -10.77215   -13.86508   -57.99618
   -0.71000E-01   -83.42633   -10.77857   -13.87222   -58.77554
   -0.65000E-01   -84.26219   -10.78450   -13.87879   -59.59891
   -0.59000E-01   -85.14507   -10.78998   -13.88483   -60.47026
   -0.53000E-01   -86.07870   -10.79480   -13.89017   -61.39373
   -0.47000E-01   -87.06029   -10.79920   -13.89488   -62.36621
   -0.41000E-01   -88.07852   -10.80297   -13.89884   -63.37670
   -0.35000E-01   -89.11384   -10.80623   -13.90237   -64.40524
   -0.29000E-01   -90.12744   -10.80886   -13.90522   -65.41336
   -0.23000E-01   -91.03690   -10.81099   -13.90751   -66.31840
   -0.19700E-01   -91.11889   -10.81116   -13.90771   -66.40002
   -0.19100E-01   -91.19897   -10.81133   -13.90790   -66.47974
   -0.18500E-01   -91.27727   -10.81150   -13.90808   -66.55769
   -0.17900E-01   -91.35355   -10.81167   -13.90826   -66.63362
   -0.17300E-01   -91.42803   -10.81183   -13.90843   -66.70776
   -0.16700E-01   -91.50027   -10.81199   -13.90860   -66.77968
   -0.16100E-01   -91.57022   -10.81213   -13.90876   -66.84933
   -0.15500E-01   -91.63808   -10.81228   -13.90891   -66.91690
   -0.14900E-01   -91.70379   -10.81241   -13.90906   -66.98232
   -0.14300E-01   -91.76717   -10.81254   -13.90920   -67.04543
   -0.13700E-01   -91.82828   -10.81268   -13.90934   -67.10626
   -0.13100E-01   -91.88695   -10.81280   -13.90948   -67.16467
   -0.12500E-01   -91.94309   -10.81291   -13.90961   -67.22057
   -0.11900E-01   -91.99684   -10.81302   -13.90973   -67.27409
   -0.11300E-01   -92.04828   -10.81313   -13.90983   -67.32532
   -0.10700E-01   -92.09713   -10.81323   -13.90994   -67.37396
   -0.10100E-01   -92.14343   -10.81332   -13.91004   -67.42006
   -0.95000E-02   -92.18706   -10.81341   -13.91013   -67.46352
   -0.89000E-02   -92.22820   -10.81350   -13.91023   -67.50448
   -0.83000E-02   -92.26659   -10.81357   -13.91032   -67.54270
   -0.77000E-02   -92.30229   -10.81364   -13.91039   -67.57826
   -0.71000E-02   -92.33542   -10.81371   -13.91046   -67.61125
   -0.65000E-02   -92.36581   -10.81377   -13.91052   -67.64152
   -0.59000E-02   -92.39335   -10.81382   -13.91058   -67.66894
   -0.53000E-02   -92.41818   -10.81387   -13.91064   -67.69367
   -0.47000E-02   -92.44026   -10.81391   -13.91068   -67.71567
   -0.41000E-02   -92.45957   -10.81395   -13.91072   -67.73490
   -0.35000E-02   -92.47603   -10.81398   -13.91076   -67.75129
   -0.29000E-02   -92.48968   -10.81401   -13.91078   -67.76488
   -0.23000E-02   -92.50051   -10.81403   -13.91081   -67.77567
   -0.17000E-02   -92.50854   -10.81405   -13.91082   -67.78366
   -0.11000E-02   -92.51373   -10.81406   -13.91083   -67.78883
   -0.50000E-03   -92.51608   -10.81407   -13.91084   -67.79118
    0.10000E-03   -92.51561   -10.81407   -13.91084   -67.79070
    0.70000E-03   -92.51230   -10.81406   -13.91083   -67.78741
    0.13000E-02   -92.50618   -10.81405   -13.91082   -67.78131
    0.19000E-02   -92.49721   -10.81403   -13.91080   -67.77239
    0.25000E-02   -92.48541   -10.81401   -13.91078   -67.76063
    0.31000E-02   -92.47080   -10.81398   -13.91074   -67.74608
    0.37000E-02   -92.45334   -10.81394   -13.91071   -67.72869
    0.43000E-02   -92.43312   -10.81390   -13.91067   -67.70855
    0.49000E-02   -92.41008   -10.81386   -13.91062   -67.68560
    0.55000E-02   -92.38426   -10.81380   -13.91056   -67.65990
    0.61000E-02   -92.35578   -10.81374   -13.91050   -67.63153
    0.67000E-02   -92.32452   -10.81369   -13.91044   -67.60040
    0.73000E-02   -92.29055   -10.81362   -13.91037   -67.56656
    0.79000E-02   -92.25382   -10.81355   -13.91029   -67.52998
    0.85000E-02   -92.21443   -10.81347   -13.91021   -67.49075
    0.91000E-02   -92.17258   -10.81339   -13.91012   -67.44907
    0.97000E-02   -92.12800   -10.81330   -13.91003   -67.40468
    0.10300E-01   -92.08094   -10.81320   -13.90994   -67.35780
    0.10900E-01   -92.03124   -10.81310   -13.90983   -67.30831
    0.11500E-01   -91.97901   -10.81300   -13.90972   -67.25629
    0.12100E-01   -91.92432   -10.81288   -13.90960   -67.20185
    0.12700E-01   -91.86714   -10.81276   -13.90946   -67.14492
    0.13300E-01   -91.80750   -10.81263   -13.90933   -67.08553
    0.13900E-01   -91.74566   -10.81250   -13.90920   -67.02396
    0.14500E-01   -91.68147   -10.81237   -13.90906   -66.96004
    0.15100E-01   -91.61487   -10.81223   -13.90890   -66.89373
    0.15700E-01   -91.54647   -10.81209   -13.90875   -66.82563
    0.16300E-01   -91.47584   -10.81193   -13.90859   -66.75532
    0.16900E-01   -91.40287   -10.81177   -13.90843   -66.68267
    0.17500E-01   -91.32784   -10.81160   -13.90827   -66.60797
    0.18100E-01   -91.25075   -10.81142   -13.90807   -66.53125
    0.18700E-01   -91.17167   -10.81126   -13.90788   -66.45253
    0.19300E-01   -91.09072   -10.81109   -13.90769   -66.37195
    0.20200E-01   -90.75865   -10.81031   -13.90690   -66.04143
    0.25000E-01   -89.80021   -10.80797   -13.90442   -65.08781
    0.31000E-01   -88.76326   -10.80504   -13.90144   -64.05678
    0.37000E-01   -87.71892   -10.80151   -13.89787   -63.01954
    0.43000E-01   -86.69532   -10.79742   -13.89369   -62.00421
    0.49000E-01   -85.71183   -10.79280   -13.88899   -61.03004
    0.55000E-01   -84.77963   -10.78745   -13.88369   -60.10849
    0.61000E-01   -83.89824   -10.78156   -13.87780   -59.23888
    0.67000E-01   -83.06165   -10.77518   -13.87133   -58.41515
    0.73000E-01   -82.26670   -10.76812   -13.86431   -57.63426
    0.79000E-01   -81.50896   -10.76011   -13.85672   -56.89213
    0.85000E-01   -80.78341   -10.75181   -13.84862   -56.18298
    0.91000E-01   -80.08930   -10.74270   -13.83993   -55.50666
    0.97000E-01   -79.42254   -10.73321   -13.83073   -54.85860
    0.10300       -78.78200   -10.72293   -13.82107   -54.23800
    0.10900       -78.16719   -10.71216   -13.81068   -53.64435
    0.11500       -77.57563   -10.70066   -13.79998   -53.07499
    0.12100       -77.00637   -10.68884   -13.78875   -52.52879
    0.12700       -76.46045   -10.67650   -13.77722   -52.00673
    0.13300       -75.93345   -10.66330   -13.76484   -51.50531
    0.13900       -75.42652   -10.64962   -13.75227   -51.02464
    0.14500       -74.93924   -10.63542   -13.73926   -50.56455
    0.15100       -74.46927   -10.62075   -13.72560   -50.12291
    0.15700       -74.01616   -10.60533   -13.71180   -49.69904
    0.16300       -73.57815   -10.58948   -13.69730   -49.29136
    0.16900       -73.15375   -10.57261   -13.68255   -48.89859
    0.17500       -72.74346   -10.55557   -13.66715   -48.52074
    0.18100       -72.34695   -10.53806   -13.65152   -48.15737
    0.18700       -71.96330   -10.51986   -13.63557   -47.80787
    0.19300       -71.59471   -10.50093   -13.61955   -47.47422
    0.19900       -71.23486   -10.48133   -13.60268   -47.15086
    0.20500       -70.88627   -10.46174   -13.58596   -46.83856
    0.21100       -70.54801   -10.44124   -13.56879   -46.53799
    0.21700       -70.21869   -10.41975   -13.55168   -46.24727
    0.29500       -63.80274    -9.71486   -13.03281   -41.05507
    0.44500       -59.46222    -8.80763   -12.43650   -38.21808
    0.59500       -56.11315    -7.89844   -11.85599   -36.35872
    0.74500       -53.44956    -7.07860   -11.33876   -35.03220
    0.89500       -51.27819    -6.36651   -10.89715   -34.01453
     1.0450       -49.46537    -5.76976   -10.49992   -33.19570
     1.1950       -47.91732    -5.25643   -10.13185   -32.52904
     1.3450       -46.57073    -4.79579    -9.79520   -31.97975
     1.4950       -45.38203    -4.37456    -9.48902   -31.51845
     1.6450       -44.31479    -3.99197    -9.19981   -31.12300
     1.7950       -43.36365    -3.64076    -8.93333   -30.78956
     1.9450       -42.49199    -3.31382    -8.68144   -30.49672
     2.0950       -41.70009    -3.00716    -8.44768   -30.24525
     2.2450       -40.95908    -2.71868    -8.22155   -30.01885
     2.3950       -40.26162    -2.44666    -8.00828   -29.80668
     2.5450       -39.62063    -2.19107    -7.80141   -29.62815
     2.6950       -39.02559    -1.95057    -7.60447   -29.47055
     2.8450       -38.46844    -1.72562    -7.41691   -29.32592
     2.9950       -37.95213    -1.51726    -7.23648   -29.19839
     3.1450       -37.45991    -1.31901    -7.06437   -29.07652
     3.2950       -36.99025    -1.13242    -6.89827   -28.95956
     3.4450       -36.55663    -0.95889    -6.74166   -28.85609
     3.5950       -36.14660    -0.79633    -6.59081   -28.75947
     3.7450       -35.75924    -0.64288    -6.44562   -28.67075
     3.8950       -35.39509    -0.49853    -6.30861   -28.58795
     4.0450       -35.05204    -0.36189    -6.17951   -28.51063
     4.1950       -34.71986    -0.23219    -6.05394   -28.43373
     4.3450       -34.40951    -0.11092    -5.93595   -28.36264
     4.4950       -34.11930     0.00088    -5.82678   -28.29340
     4.6450       -33.83893     0.10706    -5.71797   -28.22802
     4.7950       -33.56748     0.20771    -5.61295   -28.16223
     4.9450       -33.31800     0.29917    -5.51556   -28.10161
     5.0950       -33.07661     0.38666    -5.42093   -28.04233
     5.2450       -32.84589     0.47012    -5.33130   -27.98471
     5.3950       -32.62481     0.54832    -5.24392   -27.92921
     5.5450       -32.41444     0.62192    -5.16108   -27.87527
     5.6950       -32.21305     0.69207    -5.08239   -27.82273
     5.8450       -32.02009     0.75751    -5.00605   -27.77155
     5.9950       -31.83627     0.82096    -4.93563   -27.72160
     6.1450       -31.66082     0.88064    -4.86836   -27.67310
     6.2950       -31.49190     0.93828    -4.80461   -27.62557
     6.4450       -31.33102     0.99206    -4.74402   -27.57906
     6.5950       -31.17626     1.03994    -4.68229   -27.53392
     6.7450       -31.02488     1.09020    -4.62531   -27.48978
     6.8950       -30.87646     1.13876    -4.56852   -27.44670
     7.0450       -30.73746     1.18537    -4.51827   -27.40456
     7.1950       -30.60705     1.22982    -4.47376   -27.36311
     7.3450       -30.47318     1.27316    -4.42369   -27.32265
     7.4950       -30.34574     1.31361    -4.37643   -27.28292
     7.6450       -30.22630     1.35423    -4.33647   -27.24406
     7.7950       -30.10871     1.39297    -4.29573   -27.20595
     7.9450       -29.99904     1.43070    -4.26112   -27.16862
     8.0950       -29.90182     1.46513    -4.23499   -27.13196
     8.2450       -29.79651     1.50101    -4.20162   -27.09589
     8.3950       -29.69687     1.53433    -4.17063   -27.06057
     8.5450       -29.60220     1.56665    -4.14304   -27.02581
     8.6950       -29.50557     1.59866    -4.11264   -26.99159
     8.8450       -29.42207     1.62696    -4.09100   -26.95802
     8.9950       -29.33490     1.65612    -4.06600   -26.92501
     9.1450       -29.25516     1.68280    -4.04539   -26.89256
     9.2950       -29.17188     1.70778    -4.01908   -26.86058
     9.4450       -29.09340     1.72953    -3.99378   -26.82916
     9.5950       -29.01009     1.75360    -3.96554   -26.79815
     9.7450       -28.93669     1.77668    -3.94567   -26.76771
     9.8950       -28.87422     1.79171    -3.92824   -26.73768
     10.045       -28.81947     1.80216    -3.91357   -26.70806
     10.195       -28.76017     1.81621    -3.89742   -26.67896
     10.345       -28.70567     1.83028    -3.88573   -26.65022
     10.495       -28.66125     1.83811    -3.87741   -26.62194
     10.645       -28.62269     1.83872    -3.86731   -26.59410
     10.795       -28.58259     1.84667    -3.86266   -26.56660
     10.945       -28.53902     1.85121    -3.85079   -26.53944
     11.095       -28.50516     1.85381    -3.84626   -26.51272
     11.245       -28.46426     1.85633    -3.83430   -26.48630
     11.395       -28.42913     1.86094    -3.82983   -26.46024
     11.545       -28.39087     1.86139    -3.81776   -26.43450
     11.695       -28.35640     1.86608    -3.81334   -26.40914
     11.845       -28.32637     1.86876    -3.81104   -26.38410
     11.995       -28.29048     1.87142    -3.80251   -26.35939
     12.145       -28.26132     1.87182    -3.79820   -26.33493
     12.295       -28.23250     1.87220    -3.79393   -26.31077
     12.445       -28.20403     1.87258    -3.78964   -26.28697
     12.595       -28.17814     1.87296    -3.78764   -26.26346
     12.745       -28.14794     1.87571    -3.78342   -26.24023
     12.895       -28.12034     1.87607    -3.77921   -26.21719
     13.045       -28.09303     1.87637    -3.77496   -26.19444
     13.195       -28.06606     1.87670    -3.77077   -26.17199
     13.345       -28.04178     1.87700    -3.76901   -26.14977
     13.495       -28.01778     1.87729    -3.76729   -26.12777
     13.645       -27.99409     1.87758    -3.76564   -26.10603
     13.795       -27.97071     1.87789    -3.76404   -26.08456
     13.945       -27.94761     1.87818    -3.76248   -26.06330
     14.095       -27.92481     1.87841    -3.76096   -26.04226
     14.245       -27.90226     1.87865    -3.75948   -26.02143
     14.395       -27.87733     1.87890    -3.75539   -26.00085
     14.545       -27.85529     1.87914    -3.75398   -25.98046
     14.695       -27.83080     1.87939    -3.74986   -25.96033
     14.845       -27.80929     1.87957    -3.74854   -25.94032
     14.995       -27.78802     1.87980    -3.74724   -25.92058
     15.145       -27.76698     1.88002    -3.74598   -25.90102
     15.295       -27.74619     1.88023    -3.74475   -25.88167
     15.445       -27.72563     1.88044    -3.74354   -25.86254
     15.595       -27.70524     1.88062    -3.74236   -25.84350
     15.745       -27.68224     1.88079    -3.73828   -25.82475
     15.895       -27.66236     1.88096    -3.73714   -25.80618
     16.045       -27.64268     1.88113    -3.73607   -25.78773
     16.195       -27.62319     1.88130    -3.73502   -25.76947
     16.345       -27.60386     1.88147    -3.73398   -25.75134
     16.495       -27.58472     1.88163    -3.73298   -25.73337
     16.645       -27.56582     1.88178    -3.73201   -25.71559
     16.795       -27.54705     1.88197    -3.73106   -25.69795
     16.945       -27.52848     1.88211    -3.73014   -25.68045
     17.095       -27.51011     1.88226    -3.72924   -25.66312
     17.245       -27.49187     1.88242    -3.72833   -25.64596
     17.395       -27.47383     1.88259    -3.72748   -25.62893
     17.545       -27.45594     1.88275    -3.72663   -25.61206
     17.695       -27.43820     1.88290    -3.72582   -25.59528
     17.845       -27.42066     1.88305    -3.72501   -25.57870
     17.995       -27.40337     1.88316    -3.72422   -25.56230
     18.145       -27.38617     1.88329    -3.72347   -25.54599
     18.295       -27.36917     1.88342    -3.72273   -25.52985
     18.445       -27.35232     1.88354    -3.72201   -25.51385
     18.595       -27.33561     1.88365    -3.72131   -25.49795
     18.745       -27.31902     1.88377    -3.72060   -25.48218
     18.895       -27.30256     1.88390    -3.71994   -25.46652
     19.045       -27.28629     1.88402    -3.71927   -25.45104
     19.195       -27.27017     1.88412    -3.71863   -25.43566
     19.345       -27.25416     1.88422    -3.71800   -25.42038
     19.495       -27.23824     1.88434    -3.71737   -25.40521
     19.645       -27.22247     1.88446    -3.71677   -25.39016
     19.795       -27.20683     1.88457    -3.71617   -25.37523
     19.945       -27.19137     1.88469    -3.71560   -25.36046
     20.095       -27.17599     1.88479    -3.71501   -25.34577
     20.245       -27.16074     1.88489    -3.71445   -25.33118
     20.395       -27.14565     1.88499    -3.71391   -25.31673
     20.545       -27.13065     1.88508    -3.71336   -25.30237
     20.695       -27.11578     1.88516    -3.71284   -25.28809
     20.845       -27.10100     1.88526    -3.71234   -25.27392
     20.995       -27.08639     1.88535    -3.71184   -25.25990
     21.145       -27.07184     1.88543    -3.71133   -25.24594
     21.295       -27.05747     1.88551    -3.71086   -25.23212
     21.445       -27.04316     1.88559    -3.71038   -25.21836
     21.595       -27.02894     1.88569    -3.70991   -25.20472
     21.745       -27.01486     1.88576    -3.70947   -25.19115
     21.895       -27.00087     1.88584    -3.70901   -25.17770
     22.045       -26.98696     1.88591    -3.70855   -25.16431
     22.195       -26.97315     1.88599    -3.70812   -25.15102
     22.345       -26.95942     1.88606    -3.70769   -25.13778
     22.495       -26.94584     1.88614    -3.70727   -25.12471
     22.645       -26.93238     1.88621    -3.70686   -25.11173
     22.795       -26.91905     1.88630    -3.70646   -25.09888
     22.945       -26.90576     1.88637    -3.70606   -25.08607
     23.095       -26.89251     1.88646    -3.70567   -25.07331
     23.245       -26.87937     1.88654    -3.70527   -25.06064
     23.395       -26.86636     1.88660    -3.70489   -25.04807
     23.545       -26.85339     1.88667    -3.70451   -25.03555
     23.695       -26.84056     1.88675    -3.70414   -25.02316
     23.845       -26.82780     1.88681    -3.70379   -25.01082
     23.995       -26.81512     1.88688    -3.70343   -24.99858
     24.145       -26.80252     1.88696    -3.70307   -24.98641
     24.295       -26.79000     1.88704    -3.70273   -24.97432
     24.445       -26.77758     1.88712    -3.70239   -24.96231
     24.595       -26.76523     1.88719    -3.70205   -24.95037
     24.745       -26.75297     1.88726    -3.70172   -24.93851
     24.895       -26.74075     1.88732    -3.70140   -24.92668
     25.045       -26.72866     1.88737    -3.70108   -24.91495
     25.195       -26.71661     1.88743    -3.70076   -24.90328
     25.345       -26.70460     1.88749    -3.70044   -24.89166
     25.495       -26.69271     1.88757    -3.70012   -24.88016
     25.645       -26.68089     1.88761    -3.69981   -24.86869
     25.795       -26.66913     1.88768    -3.69950   -24.85731
     25.945       -26.65744     1.88774    -3.69920   -24.84597
     26.095       -26.64582     1.88779    -3.69891   -24.83471
     26.245       -26.63429     1.88785    -3.69862   -24.82353
     26.395       -26.62281     1.88792    -3.69833   -24.81240
     26.545       -26.61145     1.88796    -3.69805   -24.80136
     26.695       -26.60014     1.88802    -3.69778   -24.79037
     26.845       -26.58891     1.88805    -3.69750   -24.77946
     26.995       -26.57772     1.88809    -3.69722   -24.76859
     27.145       -26.56659     1.88815    -3.69696   -24.75778
     27.295       -26.55550     1.88820    -3.69668   -24.74701
     27.445       -26.54449     1.88824    -3.69643   -24.73630
     27.595       -26.53353     1.88829    -3.69616   -24.72567
     27.745       -26.52263     1.88836    -3.69590   -24.71509
     27.895       -26.51180     1.88842    -3.69565   -24.70457
     28.045       -26.50102     1.88848    -3.69539   -24.69411
     28.195       -26.49036     1.88852    -3.69515   -24.68374
     28.345       -26.47974     1.88857    -3.69490   -24.67341
     28.495       -26.46916     1.88861    -3.69466   -24.66311
     28.645       -26.45866     1.88867    -3.69442   -24.65290
     28.795       -26.44820     1.88871    -3.69418   -24.64273
     28.945       -26.43782     1.88875    -3.69394   -24.63262
     29.095       -26.42748     1.88879    -3.69370   -24.62257
     29.245       -26.41724     1.88883    -3.69348   -24.61260
     29.395       -26.40705     1.88886    -3.69325   -24.60265
     29.545       -26.39689     1.88889    -3.69303   -24.59275
     29.695       -26.38673     1.88894    -3.69281   -24.58286
     29.845       -26.37668     1.88898    -3.69260   -24.57306
     29.995       -26.36667     1.88901    -3.69237   -24.56331
     30.145       -26.35668     1.88906    -3.69215   -24.55360
     35.794       -25.70143     1.89124    -3.67950   -23.91317
     49.810       -25.05773     1.89296    -3.66921   -23.28148
     69.316       -24.42654     1.89423    -3.66016   -22.66062
     96.460       -23.80871     1.89517    -3.65188   -22.05201
     134.23       -23.20554     1.89603    -3.64408   -21.45749
     186.80       -22.61737     1.89675    -3.63676   -20.87737
     259.95       -22.04449     1.89749    -3.62971   -20.31226
     361.74       -21.48792     1.89818    -3.62293   -19.76317
     503.40       -20.94748     1.89897    -3.61643   -19.23002
     700.53       -20.42313     1.89980    -3.61016   -18.71277
     974.85       -19.91402     1.90075    -3.60394   -18.21083
     1356.6       -19.42068     1.90179    -3.59796   -17.72450
     1887.8       -18.94230     1.90286    -3.59221   -17.25295
     2627.1       -18.47848     1.90403    -3.58666   -16.79586
     3655.9       -18.02872     1.90530    -3.58138   -16.35265
     5087.5       -17.59257     1.90652    -3.57627   -15.92282
     7079.7       -17.16955     1.90778    -3.57133   -15.50601
     9852.1       -16.75961     1.90908    -3.56669   -15.10200
     13710.       -16.36309     1.91041    -3.56221   -14.71129
     19079.       -15.98021     1.91172    -3.55798   -14.33396
     26550.       -15.61053     1.91301    -3.55388   -13.96966
     36947.       -15.25428     1.91427    -3.55001   -13.61854
     51416.       -14.91244     1.91552    -3.54637   -13.28159
     71550.       -14.58584     1.91669    -3.54298   -12.95955
     99568.       -14.27363     1.91777    -3.53972   -12.65167
    0.13856E+06   -13.97449     1.91874    -3.53668   -12.35655
    0.19282E+06   -13.68894     1.91965    -3.53381   -12.07478
    0.26832E+06   -13.41623     1.92053    -3.53111   -11.80565
    0.37340E+06   -13.15596     1.92133    -3.52856   -11.54873
    0.51962E+06   -12.90747     1.92211    -3.52616   -11.30342
    0.72310E+06   -12.66992     1.92280    -3.52395   -11.06877
    0.10063E+07   -12.44322     1.92342    -3.52191   -10.84473
    0.14003E+07   -12.22742     1.92400    -3.52004   -10.63139
    0.19487E+07   -12.02182     1.92453    -3.51826   -10.42809
    0.27118E+07   -11.82596     1.92500    -3.51659   -10.23437
    0.37737E+07   -11.63961     1.92541    -3.51508   -10.04995
    0.52514E+07   -11.46216     1.92584    -3.51363    -9.87437
    0.73079E+07   -11.29339     1.92616    -3.51233    -9.70723
    0.10170E+08   -11.13269     1.92650    -3.51107    -9.54812
    0.14152E+08   -10.97992     1.92673    -3.50994    -9.39672
    0.19694E+08   -10.83462     1.92695    -3.50888    -9.25269
    0.27406E+08   -10.69641     1.92714    -3.50796    -9.11559
    0.38138E+08   -10.56525     1.92727    -3.50709    -8.98543
    0.53073E+08   -10.44083     1.92740    -3.50631    -8.86192
    0.73856E+08   -10.32357     1.92750    -3.50562    -8.74545
    0.10278E+09   -10.21321     1.92754    -3.50499    -8.63576
    0.14302E+09   -10.11016     1.92761    -3.50442    -8.53335
    0.19903E+09   -10.01480     1.92770    -3.50393    -8.43857
    0.27697E+09    -9.92680     1.92780    -3.50346    -8.35114
    0.38543E+09    -9.84535     1.92790    -3.50301    -8.27025
    0.53637E+09    -9.76986     1.92798    -3.50262    -8.19522
    0.74641E+09    -9.70065     1.92807    -3.50229    -8.12643
    0.10387E+10    -9.63746     1.92815    -3.50197    -8.06364
    0.14454E+10    -9.57945     1.92822    -3.50168    -8.00598
    0.20115E+10    -9.52613     1.92833    -3.50139    -7.95306
    0.27992E+10    -9.47706     1.92845    -3.50115    -7.90435
    0.38953E+10    -9.43187     1.92852    -3.50093    -7.85946
    0.54207E+10    -9.39029     1.92859    -3.50072    -7.81816
    0.75434E+10    -9.35206     1.92867    -3.50054    -7.78020
    0.10497E+11    -9.31684     1.92873    -3.50036    -7.74520
    0.14608E+11    -9.28439     1.92879    -3.50022    -7.71296
    0.20329E+11    -9.25452     1.92885    -3.50009    -7.68328
    0.28289E+11    -9.22698     1.92891    -3.49996    -7.65593
    0.39367E+11    -9.20162     1.92895    -3.49984    -7.63073
    0.54783E+11    -9.17826     1.92898    -3.49971    -7.60753
    0.10000E+12    -8.90698     1.92967    -3.49848    -7.33817
