    -44.945         0.00000     0.00000     0.00000     0.00000
    -44.795         0.00000     0.00000     0.00000     0.00000
    -44.645         0.00000     0.00000     0.00000     0.00000
    -44.495         0.00000     0.00000     0.00000     0.00000
    -44.345         0.00000     0.00000     0.00000     0.00000
    -44.195         0.00000     0.00000     0.00000     0.00000
    -44.045         0.00000     0.00000     0.00000     0.00000
    -43.895         0.00000     0.00000     0.00000     0.00000
    -43.745         0.00000     0.00000     0.00000     0.00000
    -43.595         0.00000     0.00000     0.00000     0.00000
    -43.445         0.00000     0.00000     0.00000     0.00000
    -43.295         0.00000     0.00000     0.00000     0.00000
    -43.145         0.00000     0.00000     0.00000     0.00000
    -42.995         0.00000     0.00000     0.00000     0.00000
    -42.845         0.00000     0.00000     0.00000     0.00000
    -42.695         0.00000     0.00000     0.00000     0.00000
    -42.545         0.00000     0.00000     0.00000     0.00000
    -42.395         0.00000     0.00000     0.00000     0.00000
    -42.245         0.00000     0.00000     0.00000     0.00000
    -42.095         0.00000     0.00000     0.00000     0.00000
    -41.945         0.00000     0.00000     0.00000     0.00000
    -41.795         0.00000     0.00000     0.00000     0.00000
    -41.645         0.00000     0.00000     0.00000     0.00000
    -41.495         0.00000     0.00000     0.00000     0.00000
    -41.345         0.00000     0.00000     0.00000     0.00000
    -41.195         0.00000     0.00000     0.00000     0.00000
    -41.045         0.00000     0.00000     0.00000     0.00000
    -40.895         0.00000     0.00000     0.00000     0.00000
    -40.745         0.00000     0.00000     0.00000     0.00000
    -40.595         0.00000     0.00000     0.00000     0.00000
    -40.445         0.00000     0.00000     0.00000     0.00000
    -40.295         0.00000     0.00000     0.00000     0.00000
    -40.145         0.00000     0.00000     0.00000     0.00000
    -39.995         0.00000     0.00000     0.00000     0.00000
    -39.845         0.00000     0.00000     0.00000     0.00000
    -39.695         0.00000     0.00000     0.00000     0.00000
    -39.545         0.00000     0.00000     0.00000     0.00000
    -39.395         0.00000     0.00000     0.00000     0.00000
    -39.245         0.00000     0.00000     0.00000     0.00000
    -39.095         0.00000     0.00000     0.00000     0.00000
    -38.945         0.00000     0.00000     0.00000     0.00000
    -38.795         0.00000     0.00000     0.00000     0.00000
    -38.645         0.00000     0.00000     0.00000     0.00000
    -38.495         0.00000     0.00000     0.00000     0.00000
    -38.345         0.00000     0.00000     0.00000     0.00000
    -38.195         0.00000     0.00000     0.00000     0.00000
    -38.045         0.00000     0.00000     0.00000     0.00000
    -37.895         0.00000     0.00000     0.00000     0.00000
    -37.745         0.00000     0.00000     0.00000     0.00000
    -37.595         0.00000     0.00000     0.00000     0.00000
    -37.445         0.00000     0.00000     0.00000     0.00000
    -37.295         0.00000     0.00000     0.00000     0.00000
    -37.145         0.00000     0.00000     0.00000     0.00000
    -36.995         0.00000     0.00000     0.00000     0.00000
    -36.845         0.00000     0.00000     0.00000     0.00000
    -36.695         0.00000     0.00000     0.00000     0.00000
    -36.545         0.00000     0.00000     0.00000     0.00000
    -36.395         0.00000     0.00000     0.00000     0.00000
    -36.245         0.00000     0.00000     0.00000     0.00000
    -36.095         0.00000     0.00000     0.00000     0.00000
    -35.945         0.00000     0.00000     0.00000     0.00000
    -35.795         0.00000     0.00000     0.00000     0.00000
    -35.645         0.00000     0.00000     0.00000     0.00000
    -35.495         0.00000     0.00000     0.00000     0.00000
    -35.345         0.00000     0.00000     0.00000     0.00000
    -35.195         0.00000     0.00000     0.00000     0.00000
    -35.045         0.00000     0.00000     0.00000     0.00000
    -34.895         0.00000     0.00000     0.00000     0.00000
    -34.745         0.00000     0.00000     0.00000     0.00000
    -34.595         0.00000     0.00000     0.00000     0.00000
    -34.445         0.00000     0.00000     0.00000     0.00000
    -34.295         0.00000     0.00000     0.00000     0.00000
    -34.145         0.00000     0.00000     0.00000     0.00000
    -33.995         0.00000     0.00000     0.00000     0.00000
    -33.845         0.00000     0.00000     0.00000     0.00000
    -33.695         0.00000     0.00000     0.00000     0.00000
    -33.545         0.00000     0.00000     0.00000     0.00000
    -33.395         0.00000     0.00000     0.00000     0.00000
    -33.245         0.00000     0.00000     0.00000     0.00000
    -33.095         0.00000     0.00000     0.00000     0.00000
    -32.945         0.00000     0.00000     0.00000     0.00000
    -32.795         0.00000     0.00000     0.00000     0.00000
    -32.645         0.00000     0.00000     0.00000     0.00000
    -32.495         0.00000     0.00000     0.00000     0.00000
    -32.345         0.00000     0.00000     0.00000     0.00000
    -32.195         0.00000     0.00000     0.00000     0.00000
    -32.045         0.00000     0.00000     0.00000     0.00000
    -31.895         0.00000     0.00000     0.00000     0.00000
    -31.745         0.00000     0.00000     0.00000     0.00000
    -31.595         0.00000     0.00000     0.00000     0.00000
    -31.445         0.00000     0.00000     0.00000     0.00000
    -31.295         0.00000     0.00000     0.00000     0.00000
    -31.145         0.00000     0.00000     0.00000     0.00000
    -30.995         0.00000     0.00000     0.00000     0.00000
    -30.845         0.00000     0.00000     0.00000     0.00000
    -30.695         0.00000     0.00000     0.00000     0.00000
    -30.545         0.00000     0.00000     0.00000     0.00000
    -30.395         0.00000     0.00000     0.00000     0.00000
    -30.245         0.00000     0.00000     0.00000     0.00000
    -30.095         0.00000     0.00000     0.00000     0.00000
    -29.945         0.00000     0.00000     0.00000     0.00000
    -29.795         0.00000     0.00000     0.00000     0.00000
    -29.645         0.00000     0.00000     0.00000     0.00000
    -29.495         0.00000     0.00000     0.00000     0.00000
    -29.345         0.00000     0.00000     0.00000     0.00000
    -29.195         0.00000     0.00000     0.00000     0.00000
    -29.045         0.00000     0.00000     0.00000     0.00000
    -28.895         0.00000     0.00000     0.00000     0.00000
    -28.745         0.00000     0.00000     0.00000     0.00000
    -28.595         0.00000     0.00000     0.00000     0.00000
    -28.445         0.00000     0.00000     0.00000     0.00000
    -28.295         0.00000     0.00000     0.00000     0.00000
    -28.145         0.00000     0.00000     0.00000     0.00000
    -27.995         0.00000     0.00000     0.00000     0.00000
    -27.845         0.00000     0.00000     0.00000     0.00000
    -27.695         0.00000     0.00000     0.00000     0.00000
    -27.545         0.00000     0.00000     0.00000     0.00000
    -27.395         0.00000     0.00000     0.00000     0.00000
    -27.245        -0.00000    -0.00000     0.00000     0.00000
    -27.095        -0.00000    -0.00000     0.00000     0.00000
    -26.945         0.00000     0.00000     0.00000     0.00000
    -26.795         0.00000     0.00000     0.00000     0.00000
    -26.645        -0.00000    -0.00000     0.00000     0.00000
    -26.495        -0.00000    -0.00000     0.00000     0.00000
    -26.345        -0.00000    -0.00000     0.00000     0.00000
    -26.195        -0.00000    -0.00000     0.00000     0.00000
    -26.045        -0.00000    -0.00000     0.00000     0.00000
    -25.895        -0.00000    -0.00000     0.00000     0.00000
    -25.745        -0.00000    -0.00000     0.00000     0.00000
    -25.595        -0.00000    -0.00000     0.00000     0.00000
    -25.445        -0.00000    -0.00000     0.00000     0.00000
    -25.295        -0.00000    -0.00000     0.00000     0.00000
    -25.145        -0.00001    -0.00001     0.00000     0.00000
    -24.995        -0.00001    -0.00001     0.00000     0.00000
    -24.845        -0.00001    -0.00001    -0.00000     0.00000
    -24.695        -0.00001    -0.00001    -0.00000     0.00000
    -24.545        -0.00001    -0.00001    -0.00000     0.00000
    -24.395        -0.00002    -0.00002    -0.00000     0.00000
    -24.245        -0.00003    -0.00002    -0.00000     0.00000
    -24.095        -0.00003    -0.00003    -0.00000     0.00000
    -23.945        -0.00004    -0.00004    -0.00000     0.00000
    -23.795        -0.00005    -0.00005    -0.00001     0.00000
    -23.645        -0.00007    -0.00005    -0.00001     0.00000
    -23.495        -0.00009    -0.00007    -0.00002     0.00000
    -23.345        -0.00012    -0.00008    -0.00004     0.00000
    -23.195        -0.00015    -0.00010    -0.00005     0.00000
    -23.045        -0.00019    -0.00011    -0.00008     0.00000
    -22.895        -0.00024    -0.00013    -0.00011     0.00000
    -22.745        -0.00031    -0.00015    -0.00016     0.00000
    -22.595        -0.00040    -0.00018    -0.00022     0.00000
    -22.445        -0.00051    -0.00021    -0.00030     0.00000
    -22.295        -0.00063    -0.00024    -0.00039     0.00000
    -22.145        -0.00076    -0.00028    -0.00048     0.00000
    -21.995        -0.00092    -0.00032    -0.00059     0.00000
    -21.845        -0.00107    -0.00037    -0.00071     0.00000
    -21.695        -0.00125    -0.00042    -0.00083     0.00000
    -21.545        -0.00145    -0.00048    -0.00097     0.00000
    -21.395        -0.00167    -0.00054    -0.00113     0.00000
    -21.245        -0.00390    -0.00061    -0.00328     0.00000
    -21.095        -0.00416    -0.00070    -0.00346     0.00000
    -20.945        -0.00440    -0.00079    -0.00362     0.00000
    -20.795        -0.00467    -0.00089    -0.00378     0.00000
    -20.645        -0.00497    -0.00102    -0.00395     0.00000
    -20.495        -0.00527    -0.00114    -0.00413     0.00000
    -20.345        -0.00768    -0.00129    -0.00639     0.00000
    -20.195        -0.00804    -0.00146    -0.00658     0.00000
    -20.045        -0.00843    -0.00166    -0.00677     0.00000
    -19.895        -0.00883    -0.00186    -0.00697     0.00000
    -19.745        -0.00928    -0.00210    -0.00718     0.00000
    -19.595        -0.00972    -0.00235    -0.00738     0.00000
    -19.445        -0.01023    -0.00263    -0.00759     0.00000
    -19.295        -0.01405    -0.00292    -0.01113     0.00000
    -19.145        -0.01460    -0.00324    -0.01136     0.00000
    -18.995        -0.01729    -0.00359    -0.01369     0.00000
    -18.845        -0.02000    -0.00398    -0.01602     0.00000
    -18.695        -0.02604    -0.00438    -0.02166     0.00000
    -18.545        -0.03007    -0.00480    -0.02527     0.00000
    -18.395        -0.03073    -0.00524    -0.02550     0.00000
    -18.245        -0.03353    -0.00572    -0.02782     0.00000
    -18.095        -0.03634    -0.00620    -0.03014     0.00000
    -17.945        -0.03919    -0.00672    -0.03247     0.00000
    -17.795        -0.04341    -0.00727    -0.03614     0.00000
    -17.645        -0.04632    -0.00784    -0.03849     0.00000
    -17.495        -0.04924    -0.00843    -0.04081     0.00000
    -17.345        -0.05445    -0.00904    -0.04540     0.00000
    -17.195        -0.05537    -0.00971    -0.04566     0.00000
    -17.045        -0.06204    -0.01039    -0.05166     0.00000
    -16.895        -0.06816    -0.01110    -0.05706     0.00000
    -16.745        -0.07261    -0.01187    -0.06074     0.00000
    -16.595        -0.08002    -0.01264    -0.06738     0.00000
    -16.445        -0.08451    -0.01343    -0.07108     0.00000
    -16.295        -0.08903    -0.01425    -0.07478     0.00000
    -16.145        -0.09224    -0.01516    -0.07708     0.00000
    -15.995        -0.09686    -0.01608    -0.08078     0.00000
    -15.845        -0.10469    -0.01915    -0.08553     0.00000
    -15.695        -0.10797    -0.02014    -0.08783     0.00000
    -15.545        -0.10926    -0.02114    -0.08812     0.00000
    -15.395        -0.11398    -0.02217    -0.09181     0.00000
    -15.245        -0.11877    -0.02325    -0.09553     0.00000
    -15.095        -0.12366    -0.02441    -0.09925     0.00000
    -14.945        -0.13264    -0.02771    -0.10493     0.00000
    -14.795        -0.14076    -0.03102    -0.10974     0.00000
    -14.645        -0.14776    -0.03226    -0.11550     0.00000
    -14.495        -0.15892    -0.03566    -0.12326     0.00000
    -14.345        -0.17072    -0.04087    -0.12985     0.00000
    -14.195        -0.17941    -0.04226    -0.13715     0.00000
    -14.045        -0.19451    -0.04753    -0.14698     0.00000
    -13.895        -0.21013    -0.05280    -0.15733     0.00000
    -13.745        -0.22527    -0.05633    -0.16894     0.00000
    -13.595        -0.23605    -0.05784    -0.17821     0.00000
    -13.445        -0.25246    -0.05935    -0.19311     0.00000
    -13.295        -0.27223    -0.06470    -0.20753     0.00000
    -13.145        -0.28976    -0.06628    -0.22348     0.00000
    -12.995        -0.30711    -0.06786    -0.23925     0.00000
    -12.845        -0.33254    -0.07478    -0.25777     0.00000
    -12.695        -0.35295    -0.08010    -0.27284     0.00000
    -12.545        -0.37941    -0.08695    -0.29246     0.00000
    -12.395        -0.40142    -0.09219    -0.30924     0.00000
    -12.245        -0.42221    -0.09579    -0.32643     0.00000
    -12.095        -0.45573    -0.10528    -0.35045     0.00000
    -11.945        -0.48953    -0.11348    -0.37605     0.00000
    -11.795        -0.52316    -0.12525    -0.39791     0.00000
    -11.645        -0.55782    -0.13590    -0.42191     0.00000
    -11.495        -0.58937    -0.14253    -0.44684     0.00000
    -11.345        -0.62101    -0.15053    -0.47048     0.00000
    -11.195        -0.65496    -0.16096    -0.49400     0.00000
    -11.045        -0.69020    -0.17251    -0.51769     0.00000
    -10.895        -0.72963    -0.18509    -0.54454     0.00000
    -10.745        -0.76477    -0.19540    -0.56937     0.00000
    -10.595        -0.80481    -0.21253    -0.59228     0.00000
    -10.445        -0.84077    -0.22380    -0.61697     0.00000
    -10.295        -0.87875    -0.23605    -0.64270     0.00000
    -10.145        -0.91586    -0.24927    -0.66658     0.00000
    -9.9950        -0.95283    -0.26135    -0.69148     0.00000
    -9.8450        -0.99634    -0.27893    -0.71742     0.00000
    -9.6950        -1.03663    -0.29466    -0.74198     0.00000
    -9.5450        -1.08185    -0.31363    -0.76822     0.00000
    -9.3950        -1.12859    -0.33247    -0.79611     0.00000
    -9.2450        -1.17834    -0.35421    -0.82413     0.00000
    -9.0950        -1.22901    -0.37511    -0.85390     0.00000
    -8.9450        -1.27718    -0.39283    -0.88435     0.00000
    -8.7950        -1.32959    -0.41428    -0.91530     0.00000
    -8.6450        -1.37793    -0.42813    -0.94980     0.00000
    -8.4950        -1.44123    -0.45494    -0.98629     0.00000
    -8.3450        -1.49858    -0.47858    -1.02001     0.00000
    -8.1950        -1.56537    -0.50684    -1.05853     0.00000
    -8.0450        -1.63167    -0.53658    -1.09472    -0.00037
    -7.8950        -1.70281    -0.56776    -1.13437    -0.00068
    -7.7450        -1.77501    -0.59825    -1.17400    -0.00276
    -7.5950        -1.85515    -0.63544    -1.21356    -0.00615
    -7.4450        -1.94226    -0.67173    -1.25757    -0.01296
    -7.2950        -2.04297    -0.71438    -1.30305    -0.02555
    -7.1450        -2.15959    -0.76142    -1.35275    -0.04542
    -6.9950        -2.28505    -0.80706    -1.40254    -0.07545
    -6.8450        -2.42516    -0.85459    -1.45269    -0.11789
    -6.6950        -2.58588    -0.91058    -1.50092    -0.17438
    -6.5450        -2.77576    -0.97039    -1.55670    -0.24867
    -6.3950        -2.98405    -1.03042    -1.61330    -0.34032
    -6.2450        -3.21672    -1.09363    -1.66831    -0.45478
    -6.0950        -3.48352    -1.15845    -1.73132    -0.59375
    -5.9450        -3.80073    -1.23107    -1.79884    -0.77081
    -5.7950        -4.16756    -1.30719    -1.86425    -0.99612
    -5.6450        -4.60735    -1.38299    -1.93517    -1.28919
    -5.4950        -5.11912    -1.46847    -2.01080    -1.63985
    -5.3450        -5.68302    -1.55522    -2.08568    -2.04211
    -5.1950        -6.31145    -1.64393    -2.16450    -2.50302
    -5.0450        -6.98035    -1.73582    -2.25020    -2.99433
    -4.8950        -7.69832    -1.82784    -2.34362    -3.52686
    -4.7450        -8.44489    -1.92499    -2.44241    -4.07750
    -4.5950        -9.22376    -2.02840    -2.54908    -4.64628
    -4.4450       -10.01723    -2.13203    -2.66947    -5.21572
    -4.2950       -10.82262    -2.24466    -2.79247    -5.78549
    -4.1450       -11.69080    -2.36410    -2.93103    -6.39567
    -3.9950       -12.56835    -2.48535    -3.08063    -7.00237
    -3.8450       -13.46279    -2.61624    -3.23735    -7.60920
    -3.6950       -14.38534    -2.74894    -3.40600    -8.23040
    -3.5450       -15.34788    -2.88872    -3.58750    -8.87167
    -3.3950       -16.34615    -3.03939    -3.77316    -9.53360
    -3.2450       -17.39679    -3.19898    -3.97235   -10.22546
    -3.0950       -18.48839    -3.36992    -4.18074   -10.93774
    -2.9450       -19.62724    -3.54390    -4.39891   -11.68443
    -2.7950       -20.82662    -3.72851    -4.62625   -12.47185
    -2.6450       -22.09688    -3.91754    -4.86078   -13.31857
    -2.4950       -23.45376    -4.12576    -5.10641   -14.22159
    -2.3450       -24.90035    -4.34452    -5.35978   -15.19605
    -2.1950       -26.44646    -4.58485    -5.62039   -16.24122
    -2.0450       -28.11784    -4.84594    -5.90171   -17.37019
    -1.8950       -29.90550    -5.12572    -6.19921   -18.58057
    -1.7450       -31.84767    -5.43375    -6.52163   -19.89230
    -1.5950       -33.94215    -5.75988    -6.86965   -21.31263
    -1.4450       -36.20569    -6.11188    -7.24122   -22.85259
    -1.2950       -38.71381    -6.48797    -7.66187   -24.56397
    -1.1450       -41.49663    -6.88452    -8.14260   -26.46950
   -0.99500       -44.66535    -7.32816    -8.71926   -28.61793
   -0.84500       -48.30988    -7.84221    -9.38022   -31.08745
   -0.69500       -52.58599    -8.45857   -10.13369   -33.99373
   -0.54500       -57.64088    -9.12623   -10.95994   -37.55472
   -0.39500       -63.82733    -9.78042   -11.74080   -42.30612
   -0.25300       -68.90957   -10.12973   -12.14951   -46.63033
   -0.21500       -69.27536   -10.14868   -12.17075   -46.95593
   -0.20900       -69.64991   -10.16691   -12.19219   -47.29081
   -0.20300       -70.03402   -10.18508   -12.21212   -47.63682
   -0.19700       -70.42661   -10.20248   -12.23194   -47.99219
   -0.19100       -70.82952   -10.21946   -12.25153   -48.35853
   -0.18500       -71.24236   -10.23616   -12.27009   -48.73611
   -0.17900       -71.66811   -10.25218   -12.28837   -49.12756
   -0.17300       -72.10673   -10.26788   -12.30643   -49.53242
   -0.16700       -72.55755   -10.28336   -12.32385   -49.95034
   -0.16100       -73.02297   -10.29809   -12.34050   -50.38438
   -0.15500       -73.50323   -10.31230   -12.35706   -50.83387
   -0.14900       -73.99792   -10.32605   -12.37268   -51.29920
   -0.14300       -74.50947   -10.33951   -12.38768   -51.78227
   -0.13700       -75.03681   -10.35241   -12.40191   -52.28249
   -0.13100       -75.58424   -10.36484   -12.41578   -52.80362
   -0.12500       -76.15013   -10.37655   -12.42912   -53.34445
   -0.11900       -76.73785   -10.38776   -12.44177   -53.90832
   -0.11300       -77.34831   -10.39877   -12.45391   -54.49563
   -0.10700       -77.98393   -10.40917   -12.46538   -55.10939
   -0.10100       -78.64336   -10.41898   -12.47614   -55.74825
   -0.95000E-01   -79.32999   -10.42818   -12.48624   -56.41556
   -0.89000E-01   -80.04366   -10.43674   -12.49580   -57.11113
   -0.83000E-01   -80.78962   -10.44487   -12.50458   -57.84017
   -0.77000E-01   -81.56546   -10.45227   -12.51276   -58.60043
   -0.71000E-01   -82.37622   -10.45908   -12.52036   -59.39678
   -0.65000E-01   -83.22991   -10.46546   -12.52728   -60.23717
   -0.59000E-01   -84.13224   -10.47126   -12.53352   -61.12746
   -0.53000E-01   -85.08361   -10.47635   -12.53921   -62.06805
   -0.47000E-01   -86.08223   -10.48093   -12.54422   -63.05708
   -0.41000E-01   -87.11534   -10.48509   -12.54855   -64.08170
   -0.35000E-01   -88.16177   -10.48849   -12.55231   -65.12098
   -0.29000E-01   -89.18300   -10.49139   -12.55541   -66.13620
   -0.23000E-01   -90.09432   -10.49369   -12.55787   -67.04277
   -0.19700E-01   -90.17624   -10.49388   -12.55807   -67.12429
   -0.19100E-01   -90.25615   -10.49407   -12.55827   -67.20381
   -0.18500E-01   -90.33410   -10.49426   -12.55846   -67.28138
   -0.17900E-01   -90.41032   -10.49444   -12.55865   -67.35723
   -0.17300E-01   -90.48442   -10.49461   -12.55884   -67.43097
   -0.16700E-01   -90.55630   -10.49478   -12.55901   -67.50251
   -0.16100E-01   -90.62622   -10.49493   -12.55919   -67.57210
   -0.15500E-01   -90.69376   -10.49509   -12.55934   -67.63933
   -0.14900E-01   -90.75916   -10.49524   -12.55950   -67.70442
   -0.14300E-01   -90.82194   -10.49539   -12.55966   -67.76690
   -0.13700E-01   -90.88263   -10.49553   -12.55980   -67.82730
   -0.13100E-01   -90.94083   -10.49566   -12.55994   -67.88523
   -0.12500E-01   -90.99656   -10.49578   -12.56009   -67.94069
   -0.11900E-01   -91.04990   -10.49590   -12.56021   -67.99379
   -0.11300E-01   -91.10087   -10.49601   -12.56033   -68.04452
   -0.10700E-01   -91.14914   -10.49612   -12.56045   -68.09257
   -0.10100E-01   -91.19486   -10.49622   -12.56055   -68.13808
   -0.95000E-02   -91.23817   -10.49632   -12.56065   -68.18120
   -0.89000E-02   -91.27898   -10.49641   -12.56074   -68.22183
   -0.83000E-02   -91.31703   -10.49649   -12.56083   -68.25971
   -0.77000E-02   -91.35240   -10.49657   -12.56092   -68.29492
   -0.71000E-02   -91.38524   -10.49664   -12.56099   -68.32761
   -0.65000E-02   -91.41531   -10.49671   -12.56106   -68.35755
   -0.59000E-02   -91.44260   -10.49677   -12.56112   -68.38471
   -0.53000E-02   -91.46726   -10.49682   -12.56118   -68.40926
   -0.47000E-02   -91.48914   -10.49687   -12.56123   -68.43104
   -0.41000E-02   -91.50820   -10.49691   -12.56127   -68.45001
   -0.35000E-02   -91.52446   -10.49695   -12.56131   -68.46620
   -0.29000E-02   -91.53799   -10.49698   -12.56134   -68.47967
   -0.23000E-02   -91.54874   -10.49700   -12.56137   -68.49038
   -0.17000E-02   -91.55668   -10.49702   -12.56138   -68.49828
   -0.11000E-02   -91.56183   -10.49703   -12.56140   -68.50340
   -0.50000E-03   -91.56416   -10.49703   -12.56140   -68.50573
    0.10000E-03   -91.56370   -10.49703   -12.56140   -68.50526
    0.70000E-03   -91.56040   -10.49703   -12.56139   -68.50198
    0.13000E-02   -91.55431   -10.49701   -12.56138   -68.49592
    0.19000E-02   -91.54543   -10.49699   -12.56136   -68.48708
    0.25000E-02   -91.53377   -10.49697   -12.56133   -68.47546
    0.31000E-02   -91.51932   -10.49694   -12.56130   -68.46108
    0.37000E-02   -91.50211   -10.49690   -12.56126   -68.44395
    0.43000E-02   -91.48209   -10.49686   -12.56121   -68.42402
    0.49000E-02   -91.45931   -10.49681   -12.56116   -68.40134
    0.55000E-02   -91.43383   -10.49675   -12.56111   -68.37596
    0.61000E-02   -91.40566   -10.49669   -12.56104   -68.34793
    0.67000E-02   -91.37476   -10.49662   -12.56097   -68.31716
    0.73000E-02   -91.34112   -10.49655   -12.56089   -68.28367
    0.79000E-02   -91.30481   -10.49647   -12.56081   -68.24752
    0.85000E-02   -91.26582   -10.49639   -12.56072   -68.20871
    0.91000E-02   -91.22418   -10.49630   -12.56062   -68.16727
    0.97000E-02   -91.18003   -10.49620   -12.56052   -68.12331
    0.10300E-01   -91.13337   -10.49610   -12.56041   -68.07687
    0.10900E-01   -91.08411   -10.49599   -12.56029   -68.02783
    0.11500E-01   -91.03238   -10.49587   -12.56017   -67.97634
    0.12100E-01   -90.97784   -10.49575   -12.56003   -67.92206
    0.12700E-01   -90.92110   -10.49562   -12.55990   -67.86558
    0.13300E-01   -90.86183   -10.49549   -12.55975   -67.80659
    0.13900E-01   -90.80022   -10.49535   -12.55960   -67.74527
    0.14500E-01   -90.73637   -10.49521   -12.55945   -67.68171
    0.15100E-01   -90.67028   -10.49506   -12.55929   -67.61593
    0.15700E-01   -90.60197   -10.49489   -12.55912   -67.54797
    0.16300E-01   -90.53123   -10.49472   -12.55895   -67.47756
    0.16900E-01   -90.45856   -10.49455   -12.55877   -67.40524
    0.17500E-01   -90.38380   -10.49437   -12.55859   -67.33084
    0.18100E-01   -90.30722   -10.49419   -12.55841   -67.25463
    0.18700E-01   -90.22854   -10.49400   -12.55820   -67.17634
    0.19300E-01   -90.14766   -10.49380   -12.55799   -67.09586
    0.20200E-01   -89.81603   -10.49298   -12.55714   -66.76590
    0.25000E-01   -88.85741   -10.49038   -12.55453   -65.81250
    0.31000E-01   -87.82119   -10.48725   -12.55136   -64.78259
    0.37000E-01   -86.77942   -10.48342   -12.54749   -63.74850
    0.43000E-01   -85.76362   -10.47899   -12.54301   -62.74162
    0.49000E-01   -84.78989   -10.47395   -12.53794   -61.77800
    0.55000E-01   -83.86671   -10.46824   -12.53234   -60.86613
    0.61000E-01   -82.99258   -10.46199   -12.52606   -60.00454
    0.67000E-01   -82.16692   -10.45513   -12.51921   -59.19257
    0.73000E-01   -81.37986   -10.44755   -12.51169   -58.42062
    0.79000E-01   -80.62538   -10.43926   -12.50361   -57.68251
    0.85000E-01   -79.90540   -10.43059   -12.49500   -56.97981
    0.91000E-01   -79.21414   -10.42112   -12.48580   -56.30722
    0.97000E-01   -78.55113   -10.41106   -12.47598   -55.66408
    0.10300       -77.91624   -10.40040   -12.46562   -55.05023
    0.10900       -77.30456   -10.38893   -12.45480   -54.46084
    0.11500       -76.71822   -10.37696   -12.44345   -53.89780
    0.12100       -76.15386   -10.36427   -12.43165   -53.35795
    0.12700       -75.61024   -10.35080   -12.41925   -52.84019
    0.13300       -75.08766   -10.33720   -12.40633   -52.34413
    0.13900       -74.58521   -10.32273   -12.39286   -51.86962
    0.14500       -74.10235   -10.30763   -12.37905   -51.41567
    0.15100       -73.63557   -10.29192   -12.36466   -50.97899
    0.15700       -73.18618   -10.27563   -12.35009   -50.56046
    0.16300       -72.75161   -10.25875   -12.33468   -50.15818
    0.16900       -72.33230   -10.24116   -12.31885   -49.77229
    0.17500       -71.92853   -10.22310   -12.30271   -49.40272
    0.18100       -71.53694   -10.20427   -12.28618   -49.04650
    0.18700       -71.15875   -10.18501   -12.26917   -48.70457
    0.19300       -70.79292   -10.16528   -12.25176   -48.37588
    0.19900       -70.43803   -10.14476   -12.23419   -48.05908
    0.20500       -70.09509   -10.12389   -12.21604   -47.75516
    0.21100       -69.76147   -10.10202   -12.19758   -47.46187
    0.21700       -69.43678   -10.07984   -12.17893   -47.17801
    0.29500       -63.09869    -9.38353   -11.62635   -42.08880
    0.44500       -58.83583    -8.55682   -10.99040   -39.28860
    0.59500       -55.58404    -7.74679   -10.37084   -37.46641
    0.74500       -53.00121    -7.02634    -9.81554   -36.15933
    0.89500       -50.88000    -6.40290    -9.33519   -35.14190
     1.0450       -49.07993    -5.85810    -8.90026   -34.32157
     1.1950       -47.51228    -5.36842    -8.49824   -33.64562
     1.3450       -46.12878    -4.91989    -8.12655   -33.08233
     1.4950       -44.89421    -4.50435    -7.78121   -32.60866
     1.6450       -43.79571    -4.11782    -7.46505   -32.21284
     1.7950       -42.79143    -3.75681    -7.16879   -31.86583
     1.9450       -41.87805    -3.42090    -6.89283   -31.56431
     2.0950       -41.04915    -3.10866    -6.63784   -31.30265
     2.2450       -40.28813    -2.81786    -6.40036   -31.06992
     2.3950       -39.59379    -2.54793    -6.17828   -30.86757
     2.5450       -38.95699    -2.29944    -5.97213   -30.68541
     2.6950       -38.36190    -2.06721    -5.77408   -30.52061
     2.8450       -37.81413    -1.84839    -5.59031   -30.37544
     2.9950       -37.30233    -1.64341    -5.41696   -30.24196
     3.1450       -36.83081    -1.45398    -5.25630   -30.12053
     3.2950       -36.38134    -1.27577    -5.09902   -30.00655
     3.4450       -35.95780    -1.10776    -4.95406   -29.89598
     3.5950       -35.56827    -0.95417    -4.81378   -29.80032
     3.7450       -35.20042    -0.81246    -4.67822   -29.70974
     3.8950       -34.84949    -0.67646    -4.54654   -29.62650
     4.0450       -34.52042    -0.55338    -4.42239   -29.54465
     4.1950       -34.20108    -0.43379    -4.29983   -29.46746
     4.3450       -33.89911    -0.32346    -4.18164   -29.39401
     4.4950       -33.61975    -0.22499    -4.06932   -29.32544
     4.6450       -33.34973    -0.13248    -3.96084   -29.25641
     4.7950       -33.09344    -0.04677    -3.85361   -29.19306
     4.9450       -32.84736     0.03526    -3.75079   -29.13184
     5.0950       -32.61234     0.11126    -3.65139   -29.07220
     5.2450       -32.38533     0.18406    -3.55488   -29.01451
     5.3950       -32.17332     0.24791    -3.46192   -28.95930
     5.5450       -31.96769     0.30736    -3.37010   -28.90495
     5.6950       -31.77385     0.35949    -3.28119   -28.85215
     5.8450       -31.59511     0.40355    -3.19744   -28.80122
     5.9950       -31.42965     0.43752    -3.11566   -28.75151
     6.1450       -31.26781     0.46977    -3.03506   -28.70251
     6.2950       -31.12016     0.49136    -2.95600   -28.65551
     6.4450       -30.97164     0.51861    -2.88068   -28.60957
     6.5950       -30.82983     0.54386    -2.80905   -28.56464
     6.7450       -30.69280     0.56450    -2.73659   -28.52071
     6.8950       -30.56577     0.57882    -2.66675   -28.47784
     7.0450       -30.44266     0.59332    -2.60009   -28.43589
     7.1950       -30.32320     0.60585    -2.53442   -28.39463
     7.3450       -30.20646     0.61856    -2.47067   -28.35436
     7.4950       -30.09473     0.62799    -2.40791   -28.31480
     7.6450       -29.98851     0.63375    -2.34614   -28.27612
     7.7950       -29.89145     0.63823    -2.29149   -28.23819
     7.9450       -29.79370     0.64276    -2.23544   -28.20102
     8.0950       -29.69007     0.65372    -2.17928   -28.16452
     8.2450       -29.59845     0.65549    -2.12532   -28.12861
     8.3950       -29.50734     0.65847    -2.07239   -28.09343
     8.5450       -29.41965     0.66147    -2.02228   -28.05883
     8.6950       -29.33152     0.66442    -1.97119   -28.02476
     8.8450       -29.24524     0.66732    -1.92123   -27.99133
     8.9950       -29.16432     0.67016    -1.87602   -27.95846
     9.1450       -29.08557     0.67150    -1.83091   -27.92615
     9.2950       -29.00985     0.67276    -1.78831   -27.89430
     9.4450       -28.93611     0.67401    -1.74711   -27.86301
     9.5950       -28.86200     0.67677    -1.70664   -27.83214
     9.7450       -28.79063     0.67787    -1.66668   -27.80182
     9.8950       -28.71941     0.67892    -1.62641   -27.77192
     10.045       -28.65320     0.67991    -1.59067   -27.74243
     10.195       -28.59108     0.68080    -1.55842   -27.71346
     10.345       -28.53482     0.68170    -1.53168   -27.68484
     10.495       -28.48100     0.68256    -1.50689   -27.65667
     10.645       -28.43090     0.68334    -1.48529   -27.62895
     10.795       -28.37511     0.68409    -1.45765   -27.60156
     10.945       -28.32563     0.68482    -1.43593   -27.57452
     11.095       -28.27889     0.68553    -1.41651   -27.54791
     11.245       -28.23375     0.68615    -1.39831   -27.52159
     11.395       -28.19180     0.68679    -1.38295   -27.49564
     11.545       -28.14874     0.68737    -1.36610   -27.47002
     11.695       -28.11636     0.68797    -1.35956   -27.44477
     11.845       -28.08638     0.68856    -1.35511   -27.41982
     11.995       -28.04894     0.68908    -1.34280   -27.39521
     12.145       -28.01552     0.68959    -1.33424   -27.37086
     12.295       -27.98660     0.69008    -1.32988   -27.34679
     12.445       -27.94837     0.69057    -1.31584   -27.32310
     12.595       -27.92016     0.69105    -1.31153   -27.29968
     12.745       -27.89227     0.69150    -1.30723   -27.27654
     12.895       -27.86019     0.69195    -1.29854   -27.25360
     13.045       -27.83283     0.69235    -1.29424   -27.23094
     13.195       -27.80349     0.69276    -1.28768   -27.20857
     13.345       -27.77674     0.69315    -1.28345   -27.18644
     13.495       -27.75270     0.69352    -1.28169   -27.16453
     13.645       -27.72649     0.69389    -1.27750   -27.14288
     13.795       -27.70054     0.69428    -1.27333   -27.12149
     13.945       -27.67742     0.69464    -1.27173   -27.10032
     14.095       -27.65200     0.69495    -1.26759   -27.07936
     14.245       -27.62943     0.69526    -1.26608   -27.05861
     14.395       -27.60711     0.69557    -1.26458   -27.03811
     14.545       -27.58505     0.69588    -1.26313   -27.01780
     14.695       -27.56330     0.69619    -1.26175   -26.99774
     14.845       -27.54178     0.69643    -1.26040   -26.97781
     14.995       -27.52051     0.69672    -1.25907   -26.95815
     15.145       -27.49945     0.69700    -1.25778   -26.93867
     15.295       -27.47867     0.69726    -1.25653   -26.91940
     15.445       -27.45810     0.69753    -1.25529   -26.90034
     15.595       -27.43770     0.69777    -1.25409   -26.88137
     15.745       -27.41761     0.69798    -1.25290   -26.86269
     15.895       -27.39773     0.69820    -1.25174   -26.84419
     16.045       -27.37804     0.69842    -1.25065   -26.82581
     16.195       -27.35857     0.69864    -1.24958   -26.80762
     16.345       -27.33924     0.69885    -1.24852   -26.78957
     16.495       -27.32011     0.69905    -1.24750   -26.77166
     16.645       -27.30122     0.69925    -1.24651   -26.75396
     16.795       -27.28245     0.69949    -1.24555   -26.73639
     16.945       -27.26389     0.69966    -1.24461   -26.71895
     17.095       -27.24553     0.69985    -1.24370   -26.70169
     17.245       -27.22730     0.70005    -1.24277   -26.68459
     17.395       -27.20927     0.70026    -1.24190   -26.66763
     17.545       -27.19139     0.70047    -1.24104   -26.65082
     17.695       -27.17367     0.70065    -1.24022   -26.63410
     17.845       -27.15614     0.70083    -1.23939   -26.61758
     17.995       -27.13885     0.70097    -1.23859   -26.60124
     18.145       -27.12167     0.70114    -1.23783   -26.58499
     18.295       -27.10469     0.70130    -1.23707   -26.56892
     18.445       -27.08786     0.70146    -1.23634   -26.55298
     18.595       -27.07117     0.70159    -1.23563   -26.53714
     18.745       -27.05459     0.70175    -1.23491   -26.52143
     18.895       -27.03815     0.70191    -1.23423   -26.50582
     19.045       -27.02190     0.70205    -1.23355   -26.49040
     19.195       -27.00579     0.70218    -1.23290   -26.47508
     19.345       -26.98981     0.70231    -1.23226   -26.45986
     19.495       -26.97390     0.70246    -1.23162   -26.44474
     19.645       -26.95815     0.70261    -1.23101   -26.42975
     19.795       -26.94253     0.70275    -1.23040   -26.41488
     19.945       -26.92709     0.70290    -1.22983   -26.40016
     20.095       -26.91172     0.70302    -1.22922   -26.38552
     20.245       -26.89649     0.70316    -1.22866   -26.37098
     20.395       -26.88142     0.70328    -1.22810   -26.35660
     20.545       -26.86644     0.70340    -1.22755   -26.34229
     20.695       -26.85159     0.70350    -1.22703   -26.32806
     20.845       -26.83683     0.70363    -1.22651   -26.31394
     20.995       -26.82224     0.70374    -1.22601   -26.29997
     21.145       -26.80772     0.70384    -1.22549   -26.28607
     21.295       -26.79337     0.70394    -1.22501   -26.27230
     21.445       -26.77908     0.70405    -1.22453   -26.25860
     21.595       -26.76489     0.70417    -1.22405   -26.24501
     21.745       -26.75083     0.70426    -1.22360   -26.23149
     21.895       -26.73686     0.70437    -1.22314   -26.21809
     22.045       -26.72297     0.70446    -1.22267   -26.20475
     22.195       -26.70918     0.70456    -1.22223   -26.19151
     22.345       -26.69547     0.70465    -1.22180   -26.17832
     22.495       -26.68192     0.70475    -1.22137   -26.16530
     22.645       -26.66848     0.70484    -1.22096   -26.15236
     22.795       -26.65516     0.70494    -1.22055   -26.13956
     22.945       -26.64189     0.70504    -1.22014   -26.12679
     23.095       -26.62867     0.70515    -1.21974   -26.11408
     23.245       -26.61555     0.70525    -1.21934   -26.10146
     23.395       -26.60256     0.70533    -1.21896   -26.08893
     23.545       -26.58961     0.70542    -1.21857   -26.07646
     23.695       -26.57680     0.70551    -1.21820   -26.06411
     23.845       -26.56406     0.70559    -1.21784   -26.05181
     23.995       -26.55140     0.70569    -1.21747   -26.03962
     24.145       -26.53883     0.70578    -1.21711   -26.02749
     24.295       -26.52632     0.70588    -1.21676   -26.01544
     24.445       -26.51391     0.70598    -1.21642   -26.00347
     24.595       -26.50158     0.70607    -1.21607   -25.99158
     24.745       -26.48935     0.70616    -1.21574   -25.97976
     24.895       -26.47714     0.70623    -1.21541   -25.96797
     25.045       -26.46507     0.70630    -1.21509   -25.95628
     25.195       -26.45304     0.70637    -1.21477   -25.94465
     25.345       -26.44105     0.70646    -1.21444   -25.93307
     25.495       -26.42919     0.70655    -1.21412   -25.92162
     25.645       -26.41738     0.70661    -1.21380   -25.91019
     25.795       -26.40564     0.70669    -1.21349   -25.89885
     25.945       -26.39397     0.70676    -1.21319   -25.88755
     26.095       -26.38238     0.70684    -1.21289   -25.87633
     26.245       -26.37086     0.70691    -1.21259   -25.86518
     26.395       -26.35941     0.70699    -1.21231   -25.85409
     26.545       -26.34806     0.70705    -1.21202   -25.84310
     26.695       -26.33677     0.70712    -1.21174   -25.83215
     26.845       -26.32557     0.70717    -1.21146   -25.82127
     26.995       -26.31439     0.70722    -1.21118   -25.81043
     27.145       -26.30328     0.70730    -1.21092   -25.79966
     27.295       -26.29221     0.70736    -1.21063   -25.78893
     27.445       -26.28122     0.70741    -1.21037   -25.77826
     27.595       -26.27029     0.70748    -1.21010   -25.76766
     27.745       -26.25941     0.70756    -1.20985   -25.75712
     27.895       -26.24860     0.70763    -1.20959   -25.74664
     28.045       -26.23783     0.70771    -1.20932   -25.73621
     28.195       -26.22720     0.70776    -1.20908   -25.72587
     28.345       -26.21660     0.70782    -1.20883   -25.71559
     28.495       -26.20604     0.70787    -1.20858   -25.70533
     28.645       -26.19556     0.70795    -1.20834   -25.69516
     28.795       -26.18511     0.70800    -1.20810   -25.68502
     28.945       -26.17475     0.70806    -1.20785   -25.67495
     29.095       -26.16443     0.70812    -1.20761   -25.66493
     29.245       -26.15421     0.70817    -1.20738   -25.65500
     29.395       -26.14404     0.70821    -1.20716   -25.64509
     29.545       -26.13390     0.70825    -1.20693   -25.63522
     29.695       -26.12376     0.70832    -1.20671   -25.62536
     29.845       -26.11373     0.70836    -1.20649   -25.61559
     29.995       -26.10374     0.70841    -1.20626   -25.60588
     30.145       -26.09377     0.70847    -1.20604   -25.59620
     35.794       -25.43976     0.71140    -1.19322   -24.95794
     49.810       -24.79727     0.71379    -1.18279   -24.32827
     69.316       -24.16724     0.71568    -1.17361   -23.70930
     96.460       -23.55049     0.71720    -1.16522   -23.10246
     134.23       -22.94834     0.71860    -1.15732   -22.50962
     186.80       -22.36111     0.71985    -1.14990   -21.93106
     259.95       -21.78910     0.72108    -1.14275   -21.36744
     361.74       -21.23334     0.72225    -1.13589   -20.81970
     503.40       -20.69363     0.72351    -1.12930   -20.28784
     700.53       -20.16998     0.72478    -1.12296   -19.77180
     974.85       -19.66151     0.72616    -1.11667   -19.27100
     1356.6       -19.16876     0.72759    -1.11062   -18.78573
     1887.8       -18.69096     0.72903    -1.10481   -18.31518
     2627.1       -18.22766     0.73056    -1.09918   -17.85904
     3655.9       -17.77837     0.73219    -1.09384   -17.41672
     5087.5       -17.34264     0.73374    -1.08866   -16.98772
     7079.7       -16.92003     0.73533    -1.08366   -16.57171
     9852.1       -16.51047     0.73694    -1.07895   -16.16846
     13710.       -16.11432     0.73855    -1.07441   -15.77846
     19079.       -15.73178     0.74014    -1.07011   -15.40181
     26550.       -15.36241     0.74169    -1.06595   -15.03815
     36947.       -15.00643     0.74322    -1.06203   -14.68762
     51416.       -14.66485     0.74472    -1.05834   -14.35123
     71550.       -14.33849     0.74612    -1.05490   -14.02972
     99568.       -14.02649     0.74744    -1.05159   -13.72234
    0.13856E+06   -13.72756     0.74863    -1.04850   -13.42770
    0.19282E+06   -13.44221     0.74974    -1.04558   -13.14637
    0.26832E+06   -13.16968     0.75082    -1.04284   -12.87766
    0.37340E+06   -12.90956     0.75181    -1.04024   -12.62114
    0.51962E+06   -12.66123     0.75276    -1.03780   -12.37620
    0.72310E+06   -12.42384     0.75361    -1.03556   -12.14189
    0.10063E+07   -12.19727     0.75440    -1.03348   -11.91819
    0.14003E+07   -11.98159     0.75513    -1.03157   -11.70515
    0.19487E+07   -11.77611     0.75580    -1.02977   -11.50214
    0.27118E+07   -11.58036     0.75641    -1.02807   -11.30870
    0.37737E+07   -11.39412     0.75695    -1.02653   -11.12454
    0.52514E+07   -11.21677     0.75751    -1.02506   -10.94921
    0.73079E+07   -11.04809     0.75794    -1.02373   -10.78230
    0.10170E+08   -10.88748     0.75839    -1.02245   -10.62342
    0.14152E+08   -10.73479     0.75873    -1.02129   -10.47223
    0.19694E+08   -10.58957     0.75904    -1.02022   -10.32839
    0.27406E+08   -10.45143     0.75933    -1.01928   -10.19148
    0.38138E+08   -10.32034     0.75956    -1.01839   -10.06151
    0.53073E+08   -10.19599     0.75978    -1.01759    -9.93817
    0.73856E+08   -10.07879     0.75995    -1.01689    -9.82186
    0.10278E+09    -9.96849     0.76007    -1.01625    -9.71231
    0.14302E+09    -9.86550     0.76021    -1.01567    -9.61005
    0.19903E+09    -9.77019     0.76036    -1.01516    -9.51540
    0.27697E+09    -9.68224     0.76053    -1.01469    -9.42809
    0.38543E+09    -9.60085     0.76069    -1.01423    -9.34731
    0.53637E+09    -9.52540     0.76082    -1.01383    -9.27239
    0.74641E+09    -9.45622     0.76096    -1.01350    -9.20368
    0.10387E+10    -9.39307     0.76108    -1.01317    -9.14098
    0.14454E+10    -9.33509     0.76119    -1.01287    -9.08340
    0.20115E+10    -9.28180     0.76134    -1.01258    -9.03056
    0.27992E+10    -9.23276     0.76149    -1.01234    -8.98191
    0.38953E+10    -9.18760     0.76158    -1.01210    -8.93708
    0.54207E+10    -9.14604     0.76169    -1.01189    -8.89584
    0.75434E+10    -9.10783     0.76180    -1.01171    -8.85793
    0.10497E+11    -9.07263     0.76188    -1.01153    -8.82298
    0.14608E+11    -9.04021     0.76197    -1.01138    -8.79079
    0.20329E+11    -9.01035     0.76204    -1.01125    -8.76114
    0.28289E+11    -8.98284     0.76212    -1.01112    -8.73384
    0.39367E+11    -8.95749     0.76218    -1.01099    -8.70868
    0.54783E+11    -8.93414     0.76223    -1.01086    -8.68551
    0.10000E+12    -8.66302     0.76310    -1.00961    -8.41651
