    -44.945         0.00000     0.00000     0.00000     0.00000
    -44.795         0.00000     0.00000     0.00000     0.00000
    -44.645         0.00000     0.00000     0.00000     0.00000
    -44.495         0.00000     0.00000     0.00000     0.00000
    -44.345         0.00000     0.00000     0.00000     0.00000
    -44.195         0.00000     0.00000     0.00000     0.00000
    -44.045         0.00000     0.00000     0.00000     0.00000
    -43.895         0.00000     0.00000     0.00000     0.00000
    -43.745         0.00000     0.00000     0.00000     0.00000
    -43.595         0.00000     0.00000     0.00000     0.00000
    -43.445         0.00000     0.00000     0.00000     0.00000
    -43.295         0.00000     0.00000     0.00000     0.00000
    -43.145         0.00000     0.00000     0.00000     0.00000
    -42.995         0.00000     0.00000     0.00000     0.00000
    -42.845         0.00000     0.00000     0.00000     0.00000
    -42.695         0.00000     0.00000     0.00000     0.00000
    -42.545         0.00000     0.00000     0.00000     0.00000
    -42.395         0.00000     0.00000     0.00000     0.00000
    -42.245         0.00000     0.00000     0.00000     0.00000
    -42.095         0.00000     0.00000     0.00000     0.00000
    -41.945         0.00000     0.00000     0.00000     0.00000
    -41.795         0.00000     0.00000     0.00000     0.00000
    -41.645         0.00000     0.00000     0.00000     0.00000
    -41.495         0.00000     0.00000     0.00000     0.00000
    -41.345         0.00000     0.00000     0.00000     0.00000
    -41.195         0.00000     0.00000     0.00000     0.00000
    -41.045         0.00000     0.00000     0.00000     0.00000
    -40.895         0.00000     0.00000     0.00000     0.00000
    -40.745         0.00000     0.00000     0.00000     0.00000
    -40.595         0.00000     0.00000     0.00000     0.00000
    -40.445         0.00000     0.00000     0.00000     0.00000
    -40.295         0.00000     0.00000     0.00000     0.00000
    -40.145         0.00000     0.00000     0.00000     0.00000
    -39.995         0.00000     0.00000     0.00000     0.00000
    -39.845         0.00000     0.00000     0.00000     0.00000
    -39.695         0.00000     0.00000     0.00000     0.00000
    -39.545         0.00000     0.00000     0.00000     0.00000
    -39.395         0.00000     0.00000     0.00000     0.00000
    -39.245         0.00000     0.00000     0.00000     0.00000
    -39.095         0.00000     0.00000     0.00000     0.00000
    -38.945         0.00000     0.00000     0.00000     0.00000
    -38.795         0.00000     0.00000     0.00000     0.00000
    -38.645         0.00000     0.00000     0.00000     0.00000
    -38.495         0.00000     0.00000     0.00000     0.00000
    -38.345         0.00000     0.00000     0.00000     0.00000
    -38.195         0.00000     0.00000     0.00000     0.00000
    -38.045         0.00000     0.00000     0.00000     0.00000
    -37.895         0.00000     0.00000     0.00000     0.00000
    -37.745         0.00000     0.00000     0.00000     0.00000
    -37.595         0.00000     0.00000     0.00000     0.00000
    -37.445         0.00000     0.00000     0.00000     0.00000
    -37.295         0.00000     0.00000     0.00000     0.00000
    -37.145         0.00000     0.00000     0.00000     0.00000
    -36.995         0.00000     0.00000     0.00000     0.00000
    -36.845         0.00000     0.00000     0.00000     0.00000
    -36.695         0.00000     0.00000     0.00000     0.00000
    -36.545         0.00000     0.00000     0.00000     0.00000
    -36.395         0.00000     0.00000     0.00000     0.00000
    -36.245         0.00000     0.00000     0.00000     0.00000
    -36.095         0.00000     0.00000     0.00000     0.00000
    -35.945         0.00000     0.00000     0.00000     0.00000
    -35.795         0.00000     0.00000     0.00000     0.00000
    -35.645         0.00000     0.00000     0.00000     0.00000
    -35.495         0.00000     0.00000     0.00000     0.00000
    -35.345         0.00000     0.00000     0.00000     0.00000
    -35.195         0.00000     0.00000     0.00000     0.00000
    -35.045         0.00000     0.00000     0.00000     0.00000
    -34.895         0.00000     0.00000     0.00000     0.00000
    -34.745         0.00000     0.00000     0.00000     0.00000
    -34.595         0.00000     0.00000     0.00000     0.00000
    -34.445         0.00000     0.00000     0.00000     0.00000
    -34.295         0.00000     0.00000     0.00000     0.00000
    -34.145         0.00000     0.00000     0.00000     0.00000
    -33.995         0.00000     0.00000     0.00000     0.00000
    -33.845         0.00000     0.00000     0.00000     0.00000
    -33.695         0.00000     0.00000     0.00000     0.00000
    -33.545         0.00000     0.00000     0.00000     0.00000
    -33.395         0.00000     0.00000     0.00000     0.00000
    -33.245         0.00000     0.00000     0.00000     0.00000
    -33.095         0.00000     0.00000     0.00000     0.00000
    -32.945         0.00000     0.00000     0.00000     0.00000
    -32.795         0.00000     0.00000     0.00000     0.00000
    -32.645         0.00000     0.00000     0.00000     0.00000
    -32.495         0.00000     0.00000     0.00000     0.00000
    -32.345         0.00000     0.00000     0.00000     0.00000
    -32.195         0.00000     0.00000     0.00000     0.00000
    -32.045         0.00000     0.00000     0.00000     0.00000
    -31.895         0.00000     0.00000     0.00000     0.00000
    -31.745         0.00000     0.00000     0.00000     0.00000
    -31.595         0.00000     0.00000     0.00000     0.00000
    -31.445         0.00000     0.00000     0.00000     0.00000
    -31.295         0.00000     0.00000     0.00000     0.00000
    -31.145         0.00000     0.00000     0.00000     0.00000
    -30.995         0.00000     0.00000     0.00000     0.00000
    -30.845         0.00000     0.00000     0.00000     0.00000
    -30.695         0.00000     0.00000     0.00000     0.00000
    -30.545         0.00000     0.00000     0.00000     0.00000
    -30.395         0.00000     0.00000     0.00000     0.00000
    -30.245         0.00000     0.00000     0.00000     0.00000
    -30.095         0.00000     0.00000     0.00000     0.00000
    -29.945         0.00000     0.00000     0.00000     0.00000
    -29.795         0.00000     0.00000     0.00000     0.00000
    -29.645         0.00000     0.00000     0.00000     0.00000
    -29.495         0.00000     0.00000     0.00000     0.00000
    -29.345         0.00000     0.00000     0.00000     0.00000
    -29.195         0.00000     0.00000     0.00000     0.00000
    -29.045         0.00000     0.00000     0.00000     0.00000
    -28.895         0.00000     0.00000     0.00000     0.00000
    -28.745         0.00000     0.00000     0.00000     0.00000
    -28.595         0.00000     0.00000     0.00000     0.00000
    -28.445         0.00000     0.00000     0.00000     0.00000
    -28.295         0.00000     0.00000     0.00000     0.00000
    -28.145         0.00000     0.00000     0.00000     0.00000
    -27.995         0.00000     0.00000     0.00000     0.00000
    -27.845         0.00000     0.00000     0.00000     0.00000
    -27.695         0.00000     0.00000     0.00000     0.00000
    -27.545         0.00000     0.00000     0.00000     0.00000
    -27.395         0.00000     0.00000     0.00000     0.00000
    -27.245         0.00000     0.00000     0.00000     0.00000
    -27.095         0.00000     0.00000     0.00000     0.00000
    -26.945         0.00000     0.00000     0.00000     0.00000
    -26.795         0.00000     0.00000     0.00000     0.00000
    -26.645         0.00000     0.00000     0.00000     0.00000
    -26.495         0.00000     0.00000     0.00000     0.00000
    -26.345         0.00000     0.00000     0.00000     0.00000
    -26.195         0.00000     0.00000     0.00000     0.00000
    -26.045         0.00000     0.00000     0.00000     0.00000
    -25.895         0.00000     0.00000     0.00000     0.00000
    -25.745         0.00000     0.00000     0.00000     0.00000
    -25.595         0.00000     0.00000     0.00000     0.00000
    -25.445         0.00000     0.00000     0.00000     0.00000
    -25.295         0.00000     0.00000     0.00000     0.00000
    -25.145         0.00000     0.00000     0.00000     0.00000
    -24.995         0.00000     0.00000     0.00000     0.00000
    -24.845         0.00000     0.00000     0.00000     0.00000
    -24.695         0.00000     0.00000     0.00000     0.00000
    -24.545         0.00000     0.00000     0.00000     0.00000
    -24.395         0.00000     0.00000     0.00000     0.00000
    -24.245         0.00000     0.00000     0.00000     0.00000
    -24.095         0.00000     0.00000     0.00000     0.00000
    -23.945         0.00000     0.00000     0.00000     0.00000
    -23.795        -0.00102    -0.00050    -0.00051     0.00000
    -23.645        -0.00102    -0.00050    -0.00051     0.00000
    -23.495        -0.00153    -0.00050    -0.00103     0.00000
    -23.345        -0.00153    -0.00050    -0.00103     0.00000
    -23.195        -0.00255    -0.00050    -0.00205     0.00000
    -23.045        -0.00306    -0.00050    -0.00256     0.00000
    -22.895        -0.00408    -0.00050    -0.00357     0.00000
    -22.745        -0.00408    -0.00050    -0.00357     0.00000
    -22.595        -0.00408    -0.00050    -0.00357     0.00000
    -22.445        -0.00408    -0.00050    -0.00357     0.00000
    -22.295        -0.00553    -0.00050    -0.00503     0.00000
    -22.145        -0.00603    -0.00050    -0.00553     0.00000
    -21.995        -0.00749    -0.00050    -0.00698     0.00000
    -21.845        -0.00948    -0.00102    -0.00846     0.00000
    -21.695        -0.01195    -0.00154    -0.01041     0.00000
    -21.545        -0.01489    -0.00205    -0.01284     0.00000
    -21.395        -0.02016    -0.00257    -0.01760     0.00000
    -21.245        -0.02262    -0.00257    -0.02005     0.00000
    -21.095        -0.02747    -0.00308    -0.02438     0.00000
    -20.945        -0.03189    -0.00360    -0.02829     0.00000
    -20.795        -0.03962    -0.00461    -0.03501     0.00000
    -20.645        -0.04640    -0.00461    -0.04179     0.00000
    -20.495        -0.05424    -0.00514    -0.04909     0.00000
    -20.345        -0.06527    -0.00514    -0.06013     0.00000
    -20.195        -0.08284    -0.00567    -0.07717     0.00000
    -20.045        -0.10236    -0.00667    -0.09569     0.00000
    -19.895        -0.12014    -0.00815    -0.11199     0.00000
    -19.745        -0.14033    -0.00916    -0.13118     0.00000
    -19.595        -0.16379    -0.01016    -0.15363     0.00000
    -19.445        -0.19058    -0.01117    -0.17940     0.00000
    -19.295        -0.21796    -0.01264    -0.20532     0.00000
    -19.145        -0.25400    -0.01457    -0.23943     0.00000
    -18.995        -0.28879    -0.01560    -0.27320     0.00000
    -18.845        -0.32687    -0.01618    -0.31070     0.00000
    -18.695        -0.37165    -0.01811    -0.35354     0.00000
    -18.545        -0.41479    -0.02049    -0.39431     0.00000
    -18.395        -0.45581    -0.02372    -0.43209     0.00000
    -18.245        -0.50176    -0.02653    -0.47523     0.00000
    -18.095        -0.55074    -0.02848    -0.52226     0.00000
    -17.945        -0.60094    -0.03087    -0.57007     0.00000
    -17.795        -0.64940    -0.03242    -0.61698     0.00000
    -17.645        -0.69999    -0.03481    -0.66518     0.00000
    -17.495        -0.75260    -0.03678    -0.71582     0.00000
    -17.345        -0.79639    -0.03879    -0.75760     0.00000
    -17.195        -0.84302    -0.04165    -0.80138     0.00000
    -17.045        -0.89570    -0.04532    -0.85038     0.00000
    -16.895        -0.93648    -0.04898    -0.88750     0.00000
    -16.745        -0.98447    -0.05305    -0.93141     0.00000
    -16.595        -1.02717    -0.05635    -0.97082     0.00000
    -16.445        -1.06973    -0.06003    -1.00970     0.00000
    -16.295        -1.11302    -0.06255    -1.05047     0.00000
    -16.145        -1.15849    -0.06858    -1.08991     0.00000
    -15.995        -1.19610    -0.06996    -1.12614     0.00000
    -15.845        -1.23558    -0.07448    -1.16110     0.00000
    -15.695        -1.27152    -0.07710    -1.19442     0.00000
    -15.545        -1.30553    -0.08013    -1.22540     0.00000
    -15.395        -1.33824    -0.08395    -1.25429     0.00000
    -15.245        -1.37022    -0.08779    -1.28242     0.00000
    -15.095        -1.40430    -0.09456    -1.30975     0.00000
    -14.945        -1.43065    -0.09735    -1.33330     0.00000
    -14.795        -1.46725    -0.10307    -1.36418     0.00000
    -14.645        -1.49836    -0.10808    -1.39028     0.00000
    -14.495        -1.53049    -0.11167    -1.41881     0.00000
    -14.345        -1.55830    -0.11462    -1.44369     0.00000
    -14.195        -1.58333    -0.11762    -1.46571     0.00000
    -14.045        -1.61200    -0.12106    -1.49094     0.00000
    -13.895        -1.64714    -0.12552    -1.52161     0.00000
    -13.745        -1.67677    -0.13004    -1.54673     0.00000
    -13.595        -1.70305    -0.13362    -1.56944     0.00000
    -13.445        -1.72734    -0.13789    -1.58945     0.00000
    -13.295        -1.75477    -0.14454    -1.61023     0.00000
    -13.145        -1.77832    -0.14830    -1.63002     0.00000
    -12.995        -1.80197    -0.15242    -1.64954     0.00000
    -12.845        -1.82893    -0.15664    -1.67229     0.00000
    -12.695        -1.85818    -0.16089    -1.69728     0.00000
    -12.545        -1.88358    -0.16550    -1.71807     0.00000
    -12.395        -1.90909    -0.16987    -1.73921     0.00000
    -12.245        -1.93692    -0.17462    -1.76230     0.00000
    -12.095        -1.96248    -0.18071    -1.78177     0.00000
    -11.945        -1.98602    -0.18565    -1.80037     0.00000
    -11.795        -2.00961    -0.19003    -1.81958     0.00000
    -11.645        -2.03789    -0.19720    -1.84069     0.00000
    -11.495        -2.06273    -0.20293    -1.85980     0.00000
    -11.345        -2.09152    -0.21161    -1.87991     0.00000
    -11.195        -2.11847    -0.21901    -1.89946     0.00000
    -11.045        -2.14440    -0.22620    -1.91820     0.00000
    -10.895        -2.16863    -0.23292    -1.93571     0.00000
    -10.745        -2.19724    -0.24133    -1.95591     0.00000
    -10.595        -2.22604    -0.25014    -1.97590    -0.00000
    -10.445        -2.25400    -0.25752    -1.99649    -0.00000
    -10.295        -2.28334    -0.26496    -2.01838    -0.00000
    -10.145        -2.31444    -0.27384    -2.04061    -0.00000
    -9.9950        -2.34392    -0.28310    -2.06063    -0.00019
    -9.8450        -2.38001    -0.29405    -2.08468    -0.00127
    -9.6950        -2.41734    -0.30463    -2.10957    -0.00314
    -9.5450        -2.45458    -0.31542    -2.13284    -0.00632
    -9.3950        -2.49889    -0.32762    -2.15536    -0.01591
    -9.2450        -2.54514    -0.33846    -2.17707    -0.02960
    -9.0950        -2.60732    -0.35079    -2.20195    -0.05458
    -8.9450        -2.68395    -0.36779    -2.23014    -0.08602
    -8.7950        -2.78235    -0.38475    -2.25734    -0.14026
    -8.6450        -2.90665    -0.40333    -2.28269    -0.22063
    -8.4950        -3.06449    -0.42122    -2.31359    -0.32968
    -8.3450        -3.24662    -0.44099    -2.34153    -0.46409
    -8.1950        -3.47978    -0.46431    -2.37033    -0.64514
    -8.0450        -3.74513    -0.48762    -2.40534    -0.85217
    -7.8950        -4.07770    -0.51553    -2.43977    -1.12240
    -7.7450        -4.44788    -0.54930    -2.47661    -1.42197
    -7.5950        -4.87025    -0.58532    -2.51133    -1.77360
    -7.4450        -5.35225    -0.62326    -2.54969    -2.17931
    -7.2950        -5.87812    -0.66590    -2.58996    -2.62226
    -7.1450        -6.46117    -0.71455    -2.63719    -3.10943
    -6.9950        -7.06981    -0.76457    -2.67759    -3.62765
    -6.8450        -7.71925    -0.81940    -2.72174    -4.17810
    -6.6950        -8.36927    -0.87618    -2.76903    -4.72407
    -6.5450        -9.03989    -0.93293    -2.81882    -5.28813
    -6.3950        -9.72597    -0.99312    -2.87026    -5.86259
    -6.2450       -10.39987    -1.05289    -2.92593    -6.42104
    -6.0950       -11.07766    -1.11269    -2.98624    -6.97873
    -5.9450       -11.74854    -1.17540    -3.04275    -7.53038
    -5.7950       -12.40427    -1.24267    -3.10733    -8.05427
    -5.6450       -13.03973    -1.31147    -3.17037    -8.55789
    -5.4950       -13.67660    -1.38255    -3.23737    -9.05668
    -5.3450       -14.31107    -1.45947    -3.30820    -9.54340
    -5.1950       -14.92382    -1.53715    -3.37695   -10.00973
    -5.0450       -15.51508    -1.61503    -3.45082   -10.44924
    -4.8950       -16.09057    -1.69715    -3.52933   -10.86408
    -4.7450       -16.66410    -1.78103    -3.61010   -11.27298
    -4.5950       -17.23498    -1.86553    -3.69309   -11.67636
    -4.4450       -17.80694    -1.95771    -3.78320   -12.06603
    -4.2950       -18.38694    -2.05053    -3.87866   -12.45775
    -4.1450       -18.97476    -2.14732    -3.97706   -12.85038
    -3.9950       -19.57640    -2.24956    -4.07737   -13.24946
    -3.8450       -20.22430    -2.36083    -4.18718   -13.67629
    -3.6950       -20.87965    -2.47497    -4.30409   -14.10058
    -3.5450       -21.57718    -2.59881    -4.43052   -14.54785
    -3.3950       -22.29094    -2.73040    -4.56410   -14.99644
    -3.2450       -23.02436    -2.86802    -4.70980   -15.44654
    -3.0950       -23.80139    -3.01468    -4.86274   -15.92398
    -2.9450       -24.61063    -3.17058    -5.02812   -16.41193
    -2.7950       -25.45106    -3.33748    -5.20505   -16.90853
    -2.6450       -26.34312    -3.50892    -5.40055   -17.43365
    -2.4950       -27.30452    -3.69314    -5.60724   -18.00414
    -2.3450       -28.32802    -3.88666    -5.83294   -18.60843
    -2.1950       -29.45415    -4.09151    -6.07408   -19.28857
    -2.0450       -30.70424    -4.31472    -6.34148   -20.04803
    -1.8950       -32.12340    -4.55889    -6.63649   -20.92802
    -1.7450       -33.70504    -4.81982    -6.95417   -21.93105
    -1.5950       -35.49088    -5.10833    -7.30677   -23.07579
    -1.4450       -37.49266    -5.42088    -7.70068   -24.37110
    -1.2950       -39.72039    -5.76513    -8.13120   -25.82406
    -1.1450       -42.21346    -6.14774    -8.62504   -27.44068
   -0.99500       -44.96972    -6.57233    -9.19437   -29.20301
   -0.84500       -48.04111    -7.04972    -9.86111   -31.13029
   -0.69500       -51.51215    -7.59450   -10.66965   -33.24799
   -0.54500       -55.59352    -8.24333   -11.64145   -35.70873
   -0.39500       -60.64234    -9.01787   -12.75112   -38.87335
   -0.25300       -64.58087    -9.52197   -13.44796   -41.61094
   -0.21500       -64.84941    -9.55121   -13.48689   -41.81131
   -0.20900       -65.12307    -9.58058   -13.52525   -42.01724
   -0.20300       -65.40132    -9.60959   -13.56313   -42.22861
   -0.19700       -65.68480    -9.63796   -13.60035   -42.44649
   -0.19100       -65.97339    -9.66589   -13.63680   -42.67071
   -0.18500       -66.26793    -9.69390   -13.67175   -42.90227
   -0.17900       -66.56671    -9.72094   -13.70662   -43.13915
   -0.17300       -66.87158    -9.74767   -13.74074   -43.38317
   -0.16700       -67.18375    -9.77426   -13.77359   -43.63591
   -0.16100       -67.50417    -9.80038   -13.80562   -43.89817
   -0.15500       -67.83461    -9.82544   -13.83692   -44.17225
   -0.14900       -68.17459    -9.85007   -13.86687   -44.45766
   -0.14300       -68.52469    -9.87427   -13.89644   -44.75398
   -0.13700       -68.88684    -9.89785   -13.92435   -45.06464
   -0.13100       -69.26038    -9.92036   -13.95092   -45.38910
   -0.12500       -69.65045    -9.94222   -13.97635   -45.73188
   -0.11900       -70.05662    -9.96357   -14.00051   -46.09254
   -0.11300       -70.48036    -9.98409   -14.02369   -46.47257
   -0.10700       -70.92327   -10.00392   -14.04606   -46.87328
   -0.10100       -71.38801   -10.02265   -14.06701   -47.29835
   -0.95000E-01   -71.87658   -10.04036   -14.08687   -47.74935
   -0.89000E-01   -72.39109   -10.05742   -14.10537   -48.22829
   -0.83000E-01   -72.93682   -10.07348   -14.12293   -48.74041
   -0.77000E-01   -73.51490   -10.08824   -14.13910   -49.28756
   -0.71000E-01   -74.12719   -10.10217   -14.15392   -49.87111
   -0.65000E-01   -74.77701   -10.11503   -14.16752   -50.49446
   -0.59000E-01   -75.47091   -10.12662   -14.17986   -51.16444
   -0.53000E-01   -76.20977   -10.13711   -14.19098   -51.88168
   -0.47000E-01   -77.00094   -10.14659   -14.20067   -52.65368
   -0.41000E-01   -77.85099   -10.15510   -14.20910   -53.48679
   -0.35000E-01   -78.76999   -10.16228   -14.21643   -54.39128
   -0.29000E-01   -79.75929   -10.16826   -14.22250   -55.36854
   -0.23000E-01   -80.79000   -10.17307   -14.22726   -56.38967
   -0.19700E-01   -80.89187   -10.17346   -14.22769   -56.49072
   -0.19100E-01   -80.99314   -10.17386   -14.22809   -56.59119
   -0.18500E-01   -81.09364   -10.17423   -14.22845   -56.69095
   -0.17900E-01   -81.19294   -10.17460   -14.22882   -56.78951
   -0.17300E-01   -81.29146   -10.17495   -14.22919   -56.88731
   -0.16700E-01   -81.38865   -10.17530   -14.22954   -56.98381
   -0.16100E-01   -81.48434   -10.17562   -14.22988   -57.07884
   -0.15500E-01   -81.57812   -10.17595   -14.23020   -57.17196
   -0.14900E-01   -81.66997   -10.17626   -14.23052   -57.26319
   -0.14300E-01   -81.75993   -10.17656   -14.23082   -57.35255
   -0.13700E-01   -81.84730   -10.17685   -14.23111   -57.43934
   -0.13100E-01   -81.93210   -10.17712   -14.23138   -57.52360
   -0.12500E-01   -82.01424   -10.17738   -14.23164   -57.60522
   -0.11900E-01   -82.09344   -10.17763   -14.23188   -57.68393
   -0.11300E-01   -82.16989   -10.17786   -14.23212   -57.75990
   -0.10700E-01   -82.24316   -10.17809   -14.23234   -57.83272
   -0.10100E-01   -82.31296   -10.17831   -14.23255   -57.90209
   -0.95000E-02   -82.37916   -10.17852   -14.23275   -57.96789
   -0.89000E-02   -82.44164   -10.17870   -14.23294   -58.02999
   -0.83000E-02   -82.50055   -10.17887   -14.23312   -58.08855
   -0.77000E-02   -82.55573   -10.17903   -14.23328   -58.14342
   -0.71000E-02   -82.60694   -10.17919   -14.23343   -58.19432
   -0.65000E-02   -82.65426   -10.17933   -14.23356   -58.24137
   -0.59000E-02   -82.69732   -10.17946   -14.23369   -58.28418
   -0.53000E-02   -82.73625   -10.17957   -14.23380   -58.32289
   -0.47000E-02   -82.77097   -10.17967   -14.23389   -58.35742
   -0.41000E-02   -82.80140   -10.17975   -14.23398   -58.38767
   -0.35000E-02   -82.82745   -10.17982   -14.23405   -58.41358
   -0.29000E-02   -82.84908   -10.17989   -14.23411   -58.43508
   -0.23000E-02   -82.86631   -10.17993   -14.23416   -58.45221
   -0.17000E-02   -82.87909   -10.17997   -14.23419   -58.46493
   -0.11000E-02   -82.88739   -10.17999   -14.23422   -58.47318
   -0.50000E-03   -82.89120   -10.18000   -14.23423   -58.47697
    0.10000E-03   -82.89048   -10.18000   -14.23423   -58.47626
    0.70000E-03   -82.88525   -10.17999   -14.23421   -58.47106
    0.13000E-02   -82.87553   -10.17996   -14.23418   -58.46139
    0.19000E-02   -82.86135   -10.17992   -14.23414   -58.44729
    0.25000E-02   -82.84276   -10.17987   -14.23409   -58.42880
    0.31000E-02   -82.81968   -10.17980   -14.23403   -58.40584
    0.37000E-02   -82.79226   -10.17973   -14.23395   -58.37859
    0.43000E-02   -82.76048   -10.17963   -14.23386   -58.34699
    0.49000E-02   -82.72447   -10.17953   -14.23376   -58.31118
    0.55000E-02   -82.68420   -10.17941   -14.23365   -58.27113
    0.61000E-02   -82.63978   -10.17929   -14.23352   -58.22697
    0.67000E-02   -82.59124   -10.17915   -14.23339   -58.17870
    0.73000E-02   -82.53857   -10.17899   -14.23325   -58.12632
    0.79000E-02   -82.48209   -10.17882   -14.23309   -58.07018
    0.85000E-02   -82.42192   -10.17863   -14.23292   -58.01037
    0.91000E-02   -82.35804   -10.17845   -14.23274   -57.94686
    0.97000E-02   -82.29070   -10.17824   -14.23254   -57.87993
    0.10300E-01   -82.21978   -10.17802   -14.23233   -57.80943
    0.10900E-01   -82.14566   -10.17779   -14.23212   -57.73576
    0.11500E-01   -82.06825   -10.17755   -14.23188   -57.65882
    0.12100E-01   -81.98796   -10.17729   -14.23163   -57.57904
    0.12700E-01   -81.90469   -10.17701   -14.23137   -57.49632
    0.13300E-01   -81.81909   -10.17672   -14.23110   -57.41127
    0.13900E-01   -81.73085   -10.17643   -14.23082   -57.32361
    0.14500E-01   -81.64050   -10.17611   -14.23051   -57.23388
    0.15100E-01   -81.54782   -10.17577   -14.23020   -57.14185
    0.15700E-01   -81.45352   -10.17546   -14.22988   -57.04818
    0.16300E-01   -81.35773   -10.17512   -14.22956   -56.95306
    0.16900E-01   -81.26055   -10.17476   -14.22920   -56.85659
    0.17500E-01   -81.16217   -10.17439   -14.22883   -56.75894
    0.18100E-01   -81.06257   -10.17400   -14.22847   -56.66009
    0.18700E-01   -80.96244   -10.17361   -14.22808   -56.56074
    0.19300E-01   -80.86104   -10.17320   -14.22769   -56.46015
    0.20200E-01   -80.46436   -10.17147   -14.22601   -56.06688
    0.25000E-01   -79.44504   -10.16619   -14.22094   -55.05791
    0.31000E-01   -78.48069   -10.15956   -14.21464   -54.10648
    0.37000E-01   -77.58852   -10.15171   -14.20717   -53.22964
    0.43000E-01   -76.76263   -10.14258   -14.19857   -52.42148
    0.49000E-01   -75.99376   -10.13208   -14.18884   -51.67284
    0.55000E-01   -75.27567   -10.12034   -14.17780   -50.97753
    0.61000E-01   -74.60426   -10.10726   -14.16570   -50.33130
    0.67000E-01   -73.97881   -10.09308   -14.15285   -49.73288
    0.73000E-01   -73.39202   -10.07750   -14.13882   -49.17570
    0.79000E-01   -72.84132   -10.06069   -14.12371   -48.65693
    0.85000E-01   -72.32320   -10.04252   -14.10755   -48.17313
    0.91000E-01   -71.83601   -10.02311   -14.09018   -47.72272
    0.97000E-01   -71.37794   -10.00271   -14.07186   -47.30337
    0.10300       -70.94465    -9.98091   -14.05288   -46.91086
    0.10900       -70.53224    -9.95785   -14.03264   -46.54175
    0.11500       -70.14240    -9.93346   -14.01191   -46.19704
    0.12100       -69.77177    -9.90819   -13.99066   -45.87293
    0.12700       -69.41789    -9.88176   -13.96849   -45.56764
    0.13300       -69.07848    -9.85392   -13.94581   -45.27875
    0.13900       -68.75352    -9.82507   -13.92216   -45.00629
    0.14500       -68.44321    -9.79524   -13.89831   -44.74965
    0.15100       -68.14314    -9.76432   -13.87345   -44.50537
    0.15700       -67.85263    -9.73296   -13.84779   -44.27188
    0.16300       -67.57276    -9.70028   -13.82202   -44.05047
    0.16900       -67.30194    -9.66664   -13.79598   -43.83932
    0.17500       -67.03722    -9.63242   -13.76897   -43.63583
    0.18100       -66.77930    -9.59716   -13.74185   -43.44029
    0.18700       -66.52623    -9.56045   -13.71377   -43.25201
    0.19300       -66.27999    -9.52391   -13.68548   -43.07060
    0.19900       -66.04003    -9.48654   -13.65667   -42.89682
    0.20500       -65.80440    -9.44817   -13.62753   -42.72870
    0.21100       -65.57303    -9.40904   -13.59788   -42.56612
    0.21700       -65.34734    -9.36925   -13.56772   -42.41036
    0.29500       -60.45896    -8.24601   -12.77345   -39.43950
    0.44500       -56.95715    -7.19325   -12.03965   -37.72425
    0.59500       -54.28258    -6.30695   -11.41850   -36.55712
    0.74500       -52.11817    -5.57595   -10.87699   -35.66523
    0.89500       -50.30894    -4.96411   -10.40385   -34.94098
     1.0450       -48.74515    -4.43344    -9.98352   -34.32819
     1.1950       -47.36899    -3.97050    -9.60575   -33.79275
     1.3450       -46.14977    -3.55963    -9.26604   -33.32411
     1.4950       -45.06601    -3.19321    -8.95873   -32.91407
     1.6450       -44.10054    -2.86407    -8.68394   -32.55252
     1.7950       -43.23631    -2.56807    -8.43725   -32.23100
     1.9450       -42.45295    -2.30085    -8.21090   -31.94119
     2.0950       -41.74634    -2.05800    -8.00195   -31.68640
     2.2450       -41.10046    -1.83543    -7.80949   -31.45554
     2.3950       -40.51170    -1.63034    -7.63126   -31.25011
     2.5450       -39.97912    -1.44382    -7.46571   -31.06958
     2.6950       -39.48991    -1.27277    -7.31129   -30.90585
     2.8450       -39.03190    -1.11386    -7.16639   -30.75165
     2.9950       -38.61368    -0.96664    -7.02783   -30.61920
     3.1450       -38.21851    -0.82932    -6.89993   -30.48926
     3.2950       -37.85965    -0.70221    -6.77963   -30.37781
     3.4450       -37.52693    -0.58302    -6.66941   -30.27450
     3.5950       -37.21813    -0.47159    -6.56474   -30.18180
     3.7450       -36.92571    -0.36772    -6.46393   -30.09406
     3.8950       -36.65827    -0.26881    -6.37016   -30.01930
     4.0450       -36.39979    -0.17597    -6.27963   -29.94420
     4.1950       -36.15842    -0.08749    -6.19709   -29.87385
     4.3450       -35.93090    -0.00458    -6.12104   -29.80529
     4.4950       -35.71482     0.07544    -6.04559   -29.74467
     4.6450       -35.50759     0.15257    -5.97570   -29.68446
     4.7950       -35.30515     0.22461    -5.90497   -29.62479
     4.9450       -35.11875     0.29421    -5.84205   -29.57092
     5.0950       -34.93840     0.36044    -5.78193   -29.51690
     5.2450       -34.76719     0.42347    -5.72477   -29.46590
     5.3950       -34.60290     0.48482    -5.66995   -29.41777
     5.5450       -34.45054     0.54317    -5.62307   -29.37064
     5.6950       -34.30536     0.59932    -5.57995   -29.32473
     5.8450       -34.16567     0.65334    -5.53805   -29.28096
     5.9950       -34.03351     0.70586    -5.50161   -29.23776
     6.1450       -33.90557     0.75570    -5.46542   -29.19585
     6.2950       -33.77707     0.80390    -5.42562   -29.15536
     6.4450       -33.66080     0.85012    -5.39550   -29.11542
     6.5950       -33.54671     0.89437    -5.36461   -29.07647
     6.7450       -33.43844     0.93663    -5.33629   -29.03878
     6.8950       -33.33753     0.97845    -5.31396   -29.00202
     7.0450       -33.24051     1.01788    -5.29237   -28.96603
     7.1950       -33.14584     1.05649    -5.27152   -28.93081
     7.3450       -33.05133     1.09374    -5.24869   -28.89639
     7.4950       -32.96726     1.12741    -5.23258   -28.86209
     7.6450       -32.88562     1.15988    -5.21643   -28.82907
     7.7950       -32.81257     1.19147    -5.20725   -28.79679
     7.9450       -32.73807     1.22071    -5.19378   -28.76500
     8.0950       -32.66521     1.24914    -5.18136   -28.73300
     8.2450       -32.59436     1.27504    -5.16694   -28.70246
     8.3950       -32.53196     1.30208    -5.16160   -28.67244
     8.5450       -32.46901     1.32760    -5.15368   -28.64292
     8.6950       -32.41548     1.34701    -5.14844   -28.61405
     8.8450       -32.35673     1.37071    -5.14188   -28.58556
     8.9950       -32.29745     1.39548    -5.13528   -28.55765
     9.1450       -32.24197     1.41840    -5.13013   -28.53024
     9.2950       -32.19781     1.43185    -5.12650   -28.50316
     9.4450       -32.14983     1.44814    -5.12140   -28.47657
     9.5950       -32.10817     1.46169    -5.11940   -28.45046
     9.7450       -32.06337     1.47720    -5.11591   -28.42466
     9.8950       -32.01947     1.49076    -5.11085   -28.39938
     10.045       -31.97935     1.50089    -5.10581   -28.37443
     10.195       -31.93945     1.51108    -5.10074   -28.34978
     10.345       -31.90213     1.52252    -5.09909   -28.32556
     10.495       -31.85889     1.53520    -5.09240   -28.30170
     10.645       -31.82803     1.54096    -5.09084   -28.27816
     10.795       -31.78968     1.55466    -5.08937   -28.25497
     10.945       -31.75439     1.56206    -5.08427   -28.23218
     11.095       -31.72301     1.56952    -5.08286   -28.20967
     11.245       -31.69353     1.57344    -5.07956   -28.18741
     11.395       -31.66447     1.57924    -5.07823   -28.16548
     11.545       -31.63762     1.58316    -5.07694   -28.14384
     11.695       -31.60548     1.59066    -5.07366   -28.12248
     11.845       -31.57722     1.59648    -5.07241   -28.10129
     11.995       -31.54760     1.60407    -5.07121   -28.08046
     12.145       -31.52198     1.60791    -5.07003   -28.05986
     12.295       -31.49882     1.60963    -5.06890   -28.03955
     12.445       -31.47185     1.61548    -5.06781   -28.01952
     12.595       -31.44704     1.61933    -5.06673   -27.99964
     12.745       -31.42481     1.62095    -5.06567   -27.98009
     12.895       -31.40283     1.62253    -5.06463   -27.96073
     13.045       -31.37882     1.62637    -5.06362   -27.94157
     13.195       -31.35738     1.62790    -5.06264   -27.92264
     13.345       -31.33631     1.62938    -5.06168   -27.90401
     13.495       -31.31542     1.63082    -5.06074   -27.88550
     13.645       -31.29474     1.63224    -5.05980   -27.86719
     13.795       -31.27439     1.63364    -5.05890   -27.84914
     13.945       -31.25426     1.63503    -5.05801   -27.83128
     14.095       -31.23433     1.63639    -5.05713   -27.81359
     14.245       -31.21467     1.63771    -5.05627   -27.79611
     14.395       -31.19527     1.63900    -5.05542   -27.77884
     14.545       -31.17602     1.64027    -5.05459   -27.76170
     14.695       -31.15697     1.64153    -5.05378   -27.74472
     14.845       -31.13550     1.64545    -5.05299   -27.72795
     14.995       -31.11694     1.64666    -5.05221   -27.71139
     15.145       -31.09859     1.64785    -5.05146   -27.69498
     15.295       -31.08044     1.64901    -5.05070   -27.67874
     15.445       -31.06244     1.65016    -5.04996   -27.66264
     15.595       -31.04465     1.65130    -5.04921   -27.64674
     15.745       -31.02703     1.65242    -5.04851   -27.63093
     15.895       -31.00960     1.65350    -5.04778   -27.61533
     16.045       -30.99231     1.65457    -5.04705   -27.59983
     16.195       -30.97524     1.65563    -5.04637   -27.58450
     16.345       -30.95834     1.65668    -5.04571   -27.56931
     16.495       -30.94158     1.65770    -5.04504   -27.55424
     16.645       -30.92503     1.65872    -5.04439   -27.53936
     16.795       -30.90864     1.65972    -5.04375   -27.52462
     16.945       -30.89237     1.66072    -5.04311   -27.50999
     17.095       -30.87632     1.66169    -5.04248   -27.49554
     17.245       -30.86031     1.66266    -5.04185   -27.48111
     17.395       -30.84447     1.66359    -5.04125   -27.46681
     17.545       -30.82878     1.66451    -5.04062   -27.45267
     17.695       -30.81319     1.66542    -5.04002   -27.43859
     17.845       -30.79778     1.66632    -5.03942   -27.42468
     17.995       -30.78250     1.66723    -5.03883   -27.41089
     18.145       -30.76740     1.66812    -5.03828   -27.39724
     18.295       -30.75245     1.66900    -5.03772   -27.38373
     18.445       -30.73759     1.66986    -5.03715   -27.37030
     18.595       -30.72288     1.67072    -5.03662   -27.35699
     18.745       -30.70833     1.67156    -5.03608   -27.34382
     18.895       -30.69392     1.67238    -5.03555   -27.33076
     19.045       -30.67958     1.67321    -5.03502   -27.31777
     19.195       -30.66532     1.67402    -5.03449   -27.30486
     19.345       -30.65126     1.67483    -5.03397   -27.29211
     19.495       -30.63728     1.67562    -5.03346   -27.27944
     19.645       -30.62342     1.67641    -5.03296   -27.26687
     19.795       -30.60970     1.67718    -5.03247   -27.25441
     19.945       -30.59595     1.67796    -5.03197   -27.24194
     20.095       -30.58240     1.67873    -5.03149   -27.22964
     20.245       -30.56899     1.67947    -5.03101   -27.21746
     20.395       -30.55563     1.68022    -5.03052   -27.20533
     20.545       -30.54238     1.68097    -5.03004   -27.19331
     20.695       -30.52927     1.68169    -5.02957   -27.18138
     20.845       -30.51628     1.68242    -5.02911   -27.16959
     20.995       -30.50333     1.68314    -5.02866   -27.15782
     21.145       -30.49050     1.68386    -5.02819   -27.14616
     21.295       -30.47777     1.68457    -5.02775   -27.13459
     21.445       -30.46516     1.68527    -5.02732   -27.12311
     21.595       -30.45262     1.68595    -5.02689   -27.11169
     21.745       -30.44015     1.68663    -5.02646   -27.10033
     21.895       -30.42774     1.68732    -5.02603   -27.08903
     22.045       -30.41550     1.68799    -5.02559   -27.07791
     22.195       -30.40333     1.68865    -5.02518   -27.06681
     22.345       -30.39124     1.68932    -5.02477   -27.05579
     22.495       -30.37925     1.68997    -5.02435   -27.04488
     22.645       -30.36731     1.69063    -5.02394   -27.03401
     22.795       -30.35548     1.69127    -5.02354   -27.02321
     22.945       -30.34373     1.69191    -5.02313   -27.01251
     23.095       -30.33203     1.69255    -5.02273   -27.00186
     23.245       -30.32041     1.69316    -5.02233   -26.99125
     23.395       -30.30888     1.69378    -5.02194   -26.98073
     23.545       -30.29743     1.69439    -5.02154   -26.97028
     23.695       -30.28603     1.69500    -5.02115   -26.95988
     23.845       -30.27475     1.69561    -5.02077   -26.94958
     23.995       -30.26349     1.69620    -5.02039   -26.93930
     24.145       -30.25233     1.69679    -5.02001   -26.92910
     24.295       -30.24123     1.69737    -5.01963   -26.91897
     24.445       -30.23025     1.69796    -5.01925   -26.90895
     24.595       -30.21931     1.69854    -5.01889   -26.89897
     24.745       -30.20843     1.69912    -5.01853   -26.88903
     24.895       -30.19764     1.69969    -5.01818   -26.87915
     25.045       -30.18684     1.70026    -5.01783   -26.86927
     25.195       -30.17617     1.70082    -5.01749   -26.85949
     25.345       -30.16552     1.70138    -5.01713   -26.84977
     25.495       -30.15498     1.70192    -5.01679   -26.84011
     25.645       -30.14452     1.70247    -5.01644   -26.83055
     25.795       -30.13411     1.70302    -5.01608   -26.82104
     25.945       -30.12374     1.70357    -5.01575   -26.81156
     26.095       -30.11349     1.70411    -5.01541   -26.80219
     26.245       -30.10328     1.70465    -5.01508   -26.79285
     26.395       -30.09316     1.70518    -5.01476   -26.78358
     26.545       -30.08309     1.70570    -5.01443   -26.77436
     26.695       -30.07306     1.70621    -5.01411   -26.76516
     26.845       -30.06311     1.70673    -5.01379   -26.75605
     26.995       -30.05319     1.70725    -5.01348   -26.74697
     27.145       -30.04333     1.70775    -5.01316   -26.73792
     27.295       -30.03355     1.70826    -5.01284   -26.72897
     27.445       -30.02381     1.70877    -5.01252   -26.72006
     27.595       -30.01414     1.70926    -5.01221   -26.71119
     27.745       -30.00450     1.70976    -5.01190   -26.70236
     27.895       -29.99491     1.71027    -5.01159   -26.69359
     28.045       -29.98538     1.71076    -5.01128   -26.68486
     28.195       -29.97592     1.71125    -5.01098   -26.67619
     28.345       -29.96650     1.71173    -5.01066   -26.66756
     28.495       -29.95715     1.71221    -5.01037   -26.65900
     28.645       -29.94785     1.71268    -5.01007   -26.65046
     28.795       -29.93860     1.71315    -5.00976   -26.64199
     28.945       -29.92939     1.71362    -5.00946   -26.63355
     29.095       -29.92020     1.71409    -5.00915   -26.62514
     29.245       -29.91108     1.71456    -5.00887   -26.61676
     29.395       -29.90200     1.71502    -5.00857   -26.60845
     29.545       -29.89297     1.71548    -5.00829   -26.60017
     29.695       -29.88402     1.71593    -5.00800   -26.59195
     29.845       -29.87508     1.71639    -5.00772   -26.58375
     29.995       -29.86621     1.71684    -5.00744   -26.57561
     30.145       -29.85737     1.71729    -5.00716   -26.56750
     35.794       -29.27579     1.74628    -4.98931   -26.03275
     49.810       -28.70408     1.77396    -4.97241   -25.50563
     69.316       -28.14328     1.80060    -4.95629   -24.98759
     96.460       -27.59373     1.82640    -4.94074   -24.47939
     134.23       -27.05670     1.85145    -4.92562   -23.98253
     186.80       -26.53236     1.87586    -4.91091   -23.49732
     259.95       -26.02154     1.89948    -4.89660   -23.02442
     361.74       -25.52420     1.92247    -4.88271   -22.56395
     503.40       -25.04076     1.94473    -4.86918   -22.11631
     700.53       -24.57091     1.96628    -4.85602   -21.68117
     974.85       -24.11443     1.98718    -4.84319   -21.25842
     1356.6       -23.67118     2.00740    -4.83071   -20.84788
     1887.8       -23.24062     2.02705    -4.81851   -20.44916
     2627.1       -22.82283     2.04600    -4.80662   -20.06221
     3655.9       -22.41750     2.06425    -4.79514   -19.68662
     5087.5       -22.02375     2.08196    -4.78389   -19.32182
     7079.7       -21.64216     2.09914    -4.77303   -18.96828
     9852.1       -21.27269     2.11573    -4.76251   -18.62592
     13710.       -20.91497     2.13186    -4.75227   -18.29456
     19079.       -20.56924     2.14748    -4.74236   -17.97435
     26550.       -20.23536     2.16256    -4.73281   -17.66511
     36947.       -19.91346     2.17719    -4.72357   -17.36708
     51416.       -19.60432     2.19138    -4.71470   -17.08100
     71550.       -19.30785     2.20506    -4.70616   -16.80675
     99568.       -19.02320     2.21825    -4.69796   -16.54349
    0.13856E+06   -18.75062     2.23097    -4.69010   -16.29148
    0.19282E+06   -18.49021     2.24326    -4.68259   -16.05089
    0.26832E+06   -18.24145     2.25508    -4.67541   -15.82112
    0.37340E+06   -18.00392     2.26637    -4.66854   -15.60175
    0.51962E+06   -17.77690     2.27715    -4.66198   -15.39207
    0.72310E+06   -17.55961     2.28753    -4.65569   -15.19145
    0.10063E+07   -17.35241     2.29742    -4.64967   -15.00016
    0.14003E+07   -17.15483     2.30684    -4.64395   -14.81772
    0.19487E+07   -16.96652     2.31587    -4.63848   -14.64392
    0.27118E+07   -16.78725     2.32444    -4.63327   -14.47842
    0.37737E+07   -16.61642     2.33267    -4.62832   -14.32077
    0.52514E+07   -16.45381     2.34052    -4.62358   -14.17075
    0.73079E+07   -16.29897     2.34798    -4.61909   -14.02786
    0.10170E+08   -16.15151     2.35508    -4.61482   -13.89177
    0.14152E+08   -16.01111     2.36185    -4.61073   -13.76222
    0.19694E+08   -15.87757     2.36830    -4.60686   -13.63900
    0.27406E+08   -15.75046     2.37445    -4.60317   -13.52174
    0.38138E+08   -15.63010     2.38027    -4.59968   -13.41069
    0.53073E+08   -15.51648     2.38580    -4.59636   -13.30591
    0.73856E+08   -15.40928     2.39108    -4.59324   -13.20711
    0.10278E+09   -15.30836     2.39609    -4.59031   -13.11413
    0.14302E+09   -15.21388     2.40088    -4.58755   -13.02721
    0.19903E+09   -15.12617     2.40541    -4.58499   -12.94659
    0.27697E+09   -15.04503     2.40968    -4.58261   -12.87211
    0.38543E+09   -14.97105     2.41373    -4.58044   -12.80434
    0.53637E+09   -14.90344     2.41755    -4.57848   -12.74250
    0.74641E+09   -14.84136     2.42113    -4.57670   -12.68579
    0.10387E+10   -14.78430     2.42444    -4.57506   -12.63368
    0.14454E+10   -14.73171     2.42754    -4.57355   -12.58570
    0.20115E+10   -14.68330     2.43036    -4.57216   -12.54150
    0.27992E+10   -14.63881     2.43292    -4.57087   -12.50086
    0.38953E+10   -14.59788     2.43528    -4.56968   -12.46347
    0.54207E+10   -14.56018     2.43741    -4.56860   -12.42899
    0.75434E+10   -14.52547     2.43940    -4.56761   -12.39726
    0.10497E+11   -14.49347     2.44121    -4.56669   -12.36799
    0.14608E+11   -14.46398     2.44289    -4.56584   -12.34103
    0.20329E+11   -14.43686     2.44442    -4.56506   -12.31622
    0.28289E+11   -14.41185     2.44583    -4.56433   -12.29335
    0.39367E+11   -14.38876     2.44713    -4.56368   -12.27221
    0.54783E+11   -14.36754     2.44833    -4.56306   -12.25281
    0.10000E+12   -14.12025     2.46223    -4.55598   -12.02650
