    -44.945         0.00000     0.00000     0.00000     0.00000
    -44.795         0.00000     0.00000     0.00000     0.00000
    -44.645         0.00000     0.00000     0.00000     0.00000
    -44.495         0.00000     0.00000     0.00000     0.00000
    -44.345         0.00000     0.00000     0.00000     0.00000
    -44.195         0.00000     0.00000     0.00000     0.00000
    -44.045         0.00000     0.00000     0.00000     0.00000
    -43.895         0.00000     0.00000     0.00000     0.00000
    -43.745         0.00000     0.00000     0.00000     0.00000
    -43.595         0.00000     0.00000     0.00000     0.00000
    -43.445         0.00000     0.00000     0.00000     0.00000
    -43.295         0.00000     0.00000     0.00000     0.00000
    -43.145         0.00000     0.00000     0.00000     0.00000
    -42.995         0.00000     0.00000     0.00000     0.00000
    -42.845         0.00000     0.00000     0.00000     0.00000
    -42.695         0.00000     0.00000     0.00000     0.00000
    -42.545         0.00000     0.00000     0.00000     0.00000
    -42.395         0.00000     0.00000     0.00000     0.00000
    -42.245         0.00000     0.00000     0.00000     0.00000
    -42.095         0.00000     0.00000     0.00000     0.00000
    -41.945         0.00000     0.00000     0.00000     0.00000
    -41.795         0.00000     0.00000     0.00000     0.00000
    -41.645         0.00000     0.00000     0.00000     0.00000
    -41.495         0.00000     0.00000     0.00000     0.00000
    -41.345         0.00000     0.00000     0.00000     0.00000
    -41.195         0.00000     0.00000     0.00000     0.00000
    -41.045         0.00000     0.00000     0.00000     0.00000
    -40.895         0.00000     0.00000     0.00000     0.00000
    -40.745         0.00000     0.00000     0.00000     0.00000
    -40.595         0.00000     0.00000     0.00000     0.00000
    -40.445         0.00000     0.00000     0.00000     0.00000
    -40.295         0.00000     0.00000     0.00000     0.00000
    -40.145         0.00000     0.00000     0.00000     0.00000
    -39.995         0.00000     0.00000     0.00000     0.00000
    -39.845         0.00000     0.00000     0.00000     0.00000
    -39.695         0.00000     0.00000     0.00000     0.00000
    -39.545         0.00000     0.00000     0.00000     0.00000
    -39.395         0.00000     0.00000     0.00000     0.00000
    -39.245         0.00000     0.00000     0.00000     0.00000
    -39.095         0.00000     0.00000     0.00000     0.00000
    -38.945         0.00000     0.00000     0.00000     0.00000
    -38.795         0.00000     0.00000     0.00000     0.00000
    -38.645         0.00000     0.00000     0.00000     0.00000
    -38.495         0.00000     0.00000     0.00000     0.00000
    -38.345         0.00000     0.00000     0.00000     0.00000
    -38.195         0.00000     0.00000     0.00000     0.00000
    -38.045         0.00000     0.00000     0.00000     0.00000
    -37.895         0.00000     0.00000     0.00000     0.00000
    -37.745         0.00000     0.00000     0.00000     0.00000
    -37.595         0.00000     0.00000     0.00000     0.00000
    -37.445         0.00000     0.00000     0.00000     0.00000
    -37.295         0.00000     0.00000     0.00000     0.00000
    -37.145         0.00000     0.00000     0.00000     0.00000
    -36.995         0.00000     0.00000     0.00000     0.00000
    -36.845         0.00000     0.00000     0.00000     0.00000
    -36.695         0.00000     0.00000     0.00000     0.00000
    -36.545         0.00000     0.00000     0.00000     0.00000
    -36.395         0.00000     0.00000     0.00000     0.00000
    -36.245         0.00000     0.00000     0.00000     0.00000
    -36.095         0.00000     0.00000     0.00000     0.00000
    -35.945         0.00000     0.00000     0.00000     0.00000
    -35.795         0.00000     0.00000     0.00000     0.00000
    -35.645         0.00000     0.00000     0.00000     0.00000
    -35.495         0.00000     0.00000     0.00000     0.00000
    -35.345         0.00000     0.00000     0.00000     0.00000
    -35.195        -0.00000    -0.00000     0.00000     0.00000
    -35.045        -0.00000    -0.00000     0.00000     0.00000
    -34.895        -0.00078    -0.00078     0.00000     0.00000
    -34.745        -0.00078    -0.00078     0.00000     0.00000
    -34.595        -0.00078    -0.00078     0.00000     0.00000
    -34.445        -0.00157    -0.00157     0.00000     0.00000
    -34.295        -0.00157    -0.00157     0.00000     0.00000
    -34.145        -0.00157    -0.00157     0.00000     0.00000
    -33.995        -0.00235    -0.00235     0.00000     0.00000
    -33.845        -0.00311    -0.00311     0.00000     0.00000
    -33.695        -0.00311    -0.00311     0.00000     0.00000
    -33.545        -0.00311    -0.00311     0.00000     0.00000
    -33.395        -0.00311    -0.00311     0.00000     0.00000
    -33.245        -0.00386    -0.00386     0.00000     0.00000
    -33.095        -0.00460    -0.00460     0.00000     0.00000
    -32.945        -0.00460    -0.00460     0.00000     0.00000
    -32.795        -0.00608    -0.00608     0.00000     0.00000
    -32.645        -0.00683    -0.00683     0.00000     0.00000
    -32.495        -0.00683    -0.00683     0.00000     0.00000
    -32.345        -0.00759    -0.00759     0.00000     0.00000
    -32.195        -0.00759    -0.00759     0.00000     0.00000
    -32.045        -0.00759    -0.00759     0.00000     0.00000
    -31.895        -0.00834    -0.00834     0.00000     0.00000
    -31.745        -0.00908    -0.00908     0.00000     0.00000
    -31.595        -0.00908    -0.00908     0.00000     0.00000
    -31.445        -0.00983    -0.00983     0.00000     0.00000
    -31.295        -0.00983    -0.00983     0.00000     0.00000
    -31.145        -0.01127    -0.01127     0.00000     0.00000
    -30.995        -0.01127    -0.01127     0.00000     0.00000
    -30.845        -0.01479    -0.01479     0.00000     0.00000
    -30.695        -0.01764    -0.01764     0.00000     0.00000
    -30.545        -0.01764    -0.01764     0.00000     0.00000
    -30.395        -0.01837    -0.01837     0.00000     0.00000
    -30.245        -0.02051    -0.02051     0.00000     0.00000
    -30.095        -0.02401    -0.02401     0.00000     0.00000
    -29.945        -0.02475    -0.02475     0.00000     0.00000
    -29.795        -0.02755    -0.02689    -0.00066     0.00000
    -29.645        -0.02900    -0.02834    -0.00066     0.00000
    -29.495        -0.02900    -0.02834    -0.00066     0.00000
    -29.345        -0.02974    -0.02908    -0.00066     0.00000
    -29.195        -0.03182    -0.03051    -0.00131     0.00000
    -29.045        -0.03531    -0.03400    -0.00131     0.00000
    -28.895        -0.03605    -0.03475    -0.00131     0.00000
    -28.745        -0.03882    -0.03751    -0.00131     0.00000
    -28.595        -0.04018    -0.03825    -0.00193     0.00000
    -28.445        -0.04293    -0.04035    -0.00257     0.00000
    -28.295        -0.04500    -0.04243    -0.00257     0.00000
    -28.145        -0.04756    -0.04319    -0.00437     0.00000
    -27.995        -0.05224    -0.04724    -0.00500     0.00000
    -27.845        -0.05550    -0.04866    -0.00684     0.00000
    -27.695        -0.06069    -0.05076    -0.00993     0.00000
    -27.545        -0.06596    -0.05413    -0.01183     0.00000
    -27.395        -0.07437    -0.05943    -0.01494     0.00000
    -27.245        -0.07710    -0.06152    -0.01558     0.00000
    -27.095        -0.08080    -0.06153    -0.01927     0.00000
    -26.945        -0.08665    -0.06488    -0.02176     0.00000
    -26.795        -0.09428    -0.06760    -0.02668     0.00000
    -26.645        -0.10739    -0.07096    -0.03643     0.00000
    -26.495        -0.11555    -0.07176    -0.04379     0.00000
    -26.345        -0.12516    -0.07578    -0.04938     0.00000
    -26.195        -0.13643    -0.07724    -0.05920     0.00000
    -26.045        -0.15379    -0.08058    -0.07321     0.00000
    -25.895        -0.16937    -0.08269    -0.08668     0.00000
    -25.745        -0.18703    -0.08271    -0.10432     0.00000
    -25.595        -0.20864    -0.08547    -0.12317     0.00000
    -25.445        -0.23617    -0.08822    -0.14795     0.00000
    -25.295        -0.26899    -0.08911    -0.17989     0.00000
    -25.145        -0.30195    -0.09185    -0.21010     0.00000
    -24.995        -0.34421    -0.09278    -0.25143     0.00000
    -24.845        -0.38323    -0.09672    -0.28651     0.00000
    -24.695        -0.43499    -0.10184    -0.33314     0.00000
    -24.545        -0.48625    -0.10698    -0.37927     0.00000
    -24.395        -0.54834    -0.10975    -0.43859     0.00000
    -24.245        -0.60927    -0.11194    -0.49733     0.00000
    -24.095        -0.66418    -0.11473    -0.54946     0.00000
    -23.945        -0.72188    -0.11811    -0.60377     0.00000
    -23.795        -0.79186    -0.12033    -0.67153     0.00000
    -23.645        -0.86191    -0.12373    -0.73818     0.00000
    -23.495        -0.93728    -0.12715    -0.81013     0.00000
    -23.345        -1.00915    -0.12825    -0.88090     0.00000
    -23.195        -1.06888    -0.13112    -0.93776     0.00000
    -23.045        -1.13887    -0.13456    -1.00431     0.00000
    -22.895        -1.20258    -0.13628    -1.06629     0.00000
    -22.745        -1.25762    -0.13971    -1.11791     0.00000
    -22.595        -1.32930    -0.14372    -1.18558     0.00000
    -22.445        -1.37580    -0.14377    -1.23203     0.00000
    -22.295        -1.42404    -0.14618    -1.27786     0.00000
    -22.145        -1.48171    -0.15022    -1.33149     0.00000
    -21.995        -1.53958    -0.15153    -1.38806     0.00000
    -21.845        -1.59101    -0.15448    -1.43653     0.00000
    -21.695        -1.64078    -0.15694    -1.48384     0.00000
    -21.545        -1.68884    -0.15943    -1.52941     0.00000
    -21.395        -1.73526    -0.16086    -1.57440     0.00000
    -21.245        -1.77701    -0.16549    -1.61152     0.00000
    -21.095        -1.81346    -0.16697    -1.64648     0.00000
    -20.945        -1.85389    -0.16903    -1.68487     0.00000
    -20.795        -1.88855    -0.17053    -1.71801     0.00000
    -20.645        -1.92126    -0.17315    -1.74811     0.00000
    -20.495        -1.95486    -0.17526    -1.77960     0.00000
    -20.345        -1.99238    -0.17794    -1.81445     0.00000
    -20.195        -2.02486    -0.18212    -1.84274     0.00000
    -20.045        -2.05880    -0.18434    -1.87446     0.00000
    -19.895        -2.09467    -0.18906    -1.90562     0.00000
    -19.745        -2.12353    -0.19183    -1.93171     0.00000
    -19.595        -2.15172    -0.19350    -1.95822     0.00000
    -19.445        -2.17310    -0.19360    -1.97950     0.00000
    -19.295        -2.20142    -0.19599    -2.00543     0.00000
    -19.145        -2.23117    -0.19888    -2.03229     0.00000
    -18.995        -2.25548    -0.20063    -2.05485     0.00000
    -18.845        -2.27762    -0.20359    -2.07403     0.00000
    -18.695        -2.29840    -0.20657    -2.09183     0.00000
    -18.545        -2.31523    -0.20836    -2.10687     0.00000
    -18.395        -2.33466    -0.21090    -2.12376     0.00000
    -18.245        -2.35079    -0.21102    -2.13976     0.00000
    -18.095        -2.36677    -0.21282    -2.15396     0.00000
    -17.945        -2.38811    -0.21544    -2.17267     0.00000
    -17.795        -2.40516    -0.21559    -2.18957     0.00000
    -17.645        -2.41990    -0.21881    -2.20110     0.00000
    -17.495        -2.43560    -0.22067    -2.21493     0.00000
    -17.345        -2.45171    -0.22255    -2.22916     0.00000
    -17.195        -2.46783    -0.22529    -2.24254     0.00000
    -17.045        -2.47968    -0.22545    -2.25423     0.00000
    -16.895        -2.49507    -0.22823    -2.26684     0.00000
    -16.745        -2.50835    -0.22840    -2.27995     0.00000
    -16.595        -2.52598    -0.23124    -2.29474     0.00000
    -16.445        -2.54320    -0.23523    -2.30797     0.00000
    -16.295        -2.55144    -0.23538    -2.31605     0.00000
    -16.145        -2.56523    -0.23729    -2.32794     0.00000
    -15.995        -2.57506    -0.23746    -2.33760     0.00000
    -15.845        -2.58789    -0.23937    -2.34852     0.00000
    -15.695        -2.60137    -0.23955    -2.36182     0.00000
    -15.545        -2.61369    -0.24150    -2.37219     0.00000
    -15.395        -2.62777    -0.24517    -2.38260     0.00000
    -15.245        -2.64048    -0.24818    -2.39231     0.00000
    -15.095        -2.65219    -0.25015    -2.40204     0.00000
    -14.945        -2.66400    -0.25388    -2.41012     0.00000
    -14.795        -2.66518    -0.25408    -2.41110     0.00000
    -14.645        -2.68048    -0.25712    -2.42336     0.00000
    -14.495        -2.69580    -0.26019    -2.43561     0.00000
    -14.345        -2.70999    -0.26326    -2.44674     0.00000
    -14.195        -2.71898    -0.26632    -2.45266     0.00000
    -14.045        -2.72736    -0.27020    -2.45716     0.00000
    -13.895        -2.73832    -0.27215    -2.46617     0.00000
    -13.745        -2.74817    -0.27608    -2.47209     0.00000
    -13.595        -2.76026    -0.27630    -2.48397     0.00000
    -13.445        -2.77203    -0.27823    -2.49380     0.00000
    -13.295        -2.78216    -0.28132    -2.50084     0.00000
    -13.145        -2.79904    -0.28325    -2.51579     0.00000
    -12.995        -2.80828    -0.28351    -2.52477     0.00000
    -12.845        -2.82489    -0.28753    -2.53736     0.00000
    -12.695        -2.83921    -0.29289    -2.54632     0.00000
    -12.545        -2.85461    -0.29695    -2.55766     0.00000
    -12.395        -2.87162    -0.30335    -2.56827     0.00000
    -12.245        -2.88945    -0.30984    -2.57961     0.00000
    -12.095        -2.90559    -0.31395    -2.59164     0.00000
    -11.945        -2.92234    -0.32005    -2.60228     0.00000
    -11.795        -2.93784    -0.32417    -2.61367     0.00000
    -11.645        -2.95734    -0.33095    -2.62639     0.00000
    -11.495        -2.97910    -0.33778    -2.64133     0.00000
    -11.345        -3.00070    -0.34603    -2.65466     0.00000
    -11.195        -3.02172    -0.35109    -2.67063     0.00000
    -11.045        -3.04556    -0.35763    -2.68793     0.00000
    -10.895        -3.06978    -0.36677    -2.70301     0.00000
    -10.745        -3.09651    -0.37280    -2.72371     0.00000
    -10.595        -3.12482    -0.38238    -2.74244     0.00000
    -10.445        -3.15158    -0.38998    -2.76160     0.00000
    -10.295        -3.18211    -0.40091    -2.78120     0.00000
    -10.145        -3.21449    -0.41168    -2.80265    -0.00017
    -9.9950        -3.24848    -0.42271    -2.82541    -0.00037
    -9.8450        -3.29132    -0.43808    -2.85158    -0.00165
    -9.6950        -3.33351    -0.45119    -2.87683    -0.00549
    -9.5450        -3.38086    -0.46556    -2.90455    -0.01075
    -9.3950        -3.44236    -0.48578    -2.93617    -0.02041
    -9.2450        -3.50934    -0.50427    -2.96441    -0.04066
    -9.0950        -3.58803    -0.52574    -2.99404    -0.06825
    -8.9450        -3.68401    -0.54846    -3.02330    -0.11226
    -8.7950        -3.79787    -0.56995    -3.05237    -0.17554
    -8.6450        -3.94343    -0.59721    -3.08285    -0.26337
    -8.4950        -4.12751    -0.62588    -3.12134    -0.38028
    -8.3450        -4.35468    -0.65881    -3.16134    -0.53453
    -8.1950        -4.61986    -0.69204    -3.20473    -0.72309
    -8.0450        -4.91787    -0.72605    -3.24767    -0.94415
    -7.8950        -5.26550    -0.76050    -3.29134    -1.21366
    -7.7450        -5.65719    -0.79822    -3.33739    -1.52159
    -7.5950        -6.10742    -0.83558    -3.38811    -1.88372
    -7.4450        -6.59879    -0.87496    -3.43592    -2.28791
    -7.2950        -7.14204    -0.91865    -3.48607    -2.73732
    -7.1450        -7.71546    -0.96098    -3.53510    -3.21938
    -6.9950        -8.34344    -1.01015    -3.59191    -3.74137
    -6.8450        -8.97756    -1.05453    -3.64571    -4.27732
    -6.6950        -9.64094    -1.10532    -3.70408    -4.83154
    -6.5450       -10.31042    -1.15300    -3.76808    -5.38934
    -6.3950       -10.99414    -1.20363    -3.82824    -5.96227
    -6.2450       -11.66462    -1.25320    -3.88983    -6.52159
    -6.0950       -12.34970    -1.31456    -3.95578    -7.07937
    -5.9450       -13.03142    -1.37425    -4.02306    -7.63411
    -5.7950       -13.71011    -1.43814    -4.09153    -8.18043
    -5.6450       -14.36736    -1.50102    -4.16100    -8.70535
    -5.4950       -14.99688    -1.56843    -4.23121    -9.19724
    -5.3450       -15.61923    -1.63893    -4.30745    -9.67285
    -5.1950       -16.23380    -1.71108    -4.38710   -10.13563
    -5.0450       -16.83892    -1.78561    -4.46567   -10.58765
    -4.8950       -17.43512    -1.86210    -4.55119   -11.02184
    -4.7450       -18.02970    -1.94795    -4.63995   -11.44179
    -4.5950       -18.63429    -2.03977    -4.73627   -11.85825
    -4.4450       -19.22599    -2.13166    -4.83366   -12.26067
    -4.2950       -19.82208    -2.22719    -4.93469   -12.66021
    -4.1450       -20.43628    -2.33094    -5.04424   -13.06110
    -3.9950       -21.06792    -2.43699    -5.15773   -13.47320
    -3.8450       -21.73749    -2.55352    -5.28450   -13.89946
    -3.6950       -22.43726    -2.67684    -5.41387   -14.34656
    -3.5450       -23.16272    -2.80488    -5.55079   -14.80705
    -3.3950       -23.90913    -2.94554    -5.69883   -15.26476
    -3.2450       -24.69569    -3.09772    -5.85726   -15.74070
    -3.0950       -25.51833    -3.25745    -6.02939   -16.23149
    -2.9450       -26.38786    -3.42632    -6.21546   -16.74608
    -2.7950       -27.30482    -3.60429    -6.42065   -17.27987
    -2.6450       -28.26515    -3.79607    -6.63512   -17.83396
    -2.4950       -29.29867    -3.99352    -6.87009   -18.43505
    -2.3450       -30.40051    -4.20418    -7.12387   -19.07246
    -2.1950       -31.60362    -4.43360    -7.38743   -19.78259
    -2.0450       -32.94020    -4.67307    -7.67740   -20.58973
    -1.8950       -34.42965    -4.93133    -7.99319   -21.50512
    -1.7450       -36.08746    -5.20992    -8.33295   -22.54458
    -1.5950       -37.96342    -5.51856    -8.69813   -23.74673
    -1.4450       -40.07037    -5.86291    -9.10022   -25.10724
    -1.2950       -42.44713    -6.25141    -9.54813   -26.64758
    -1.1450       -45.10543    -6.68491   -10.05768   -28.36284
   -0.99500       -48.07317    -7.17905   -10.65017   -30.24395
   -0.84500       -51.39447    -7.74056   -11.34608   -32.30783
   -0.69500       -55.14711    -8.38525   -12.17120   -34.59065
   -0.54500       -59.51590    -9.12153   -13.12517   -37.26920
   -0.39500       -64.82495    -9.94867   -14.18896   -40.68731
   -0.25300       -68.97084   -10.46102   -14.84795   -43.66187
   -0.21500       -69.25477   -10.49039   -14.88464   -43.87974
   -0.20900       -69.54476   -10.51954   -14.92097   -44.10424
   -0.20300       -69.83910   -10.54784   -14.95633   -44.33493
   -0.19700       -70.13736   -10.57631   -14.99047   -44.57059
   -0.19100       -70.44270   -10.60389   -15.02418   -44.81463
   -0.18500       -70.75332   -10.63101   -15.05709   -45.06522
   -0.17900       -71.07133   -10.65764   -15.08876   -45.32493
   -0.17300       -71.39532   -10.68390   -15.11938   -45.59204
   -0.16700       -71.72729   -10.70946   -15.14912   -45.86871
   -0.16100       -72.06762   -10.73459   -15.17784   -46.15519
   -0.15500       -72.41958   -10.75963   -15.20605   -46.45389
   -0.14900       -72.78112   -10.78373   -15.23270   -46.76469
   -0.14300       -73.15517   -10.80715   -15.25834   -47.08969
   -0.13700       -73.54227   -10.83013   -15.28352   -47.42862
   -0.13100       -73.94484   -10.85200   -15.30780   -47.78504
   -0.12500       -74.36140   -10.87375   -15.33090   -48.15675
   -0.11900       -74.79637   -10.89420   -15.35315   -48.54902
   -0.11300       -75.25165   -10.91409   -15.37423   -48.96334
   -0.10700       -75.72506   -10.93289   -15.39404   -49.39813
   -0.10100       -76.22298   -10.95116   -15.41300   -49.85882
   -0.95000E-01   -76.74506   -10.96868   -15.43066   -50.34572
   -0.89000E-01   -77.29496   -10.98513   -15.44748   -50.86234
   -0.83000E-01   -77.87437   -11.00065   -15.46311   -51.41061
   -0.77000E-01   -78.48685   -11.01496   -15.47773   -51.99416
   -0.71000E-01   -79.13447   -11.02823   -15.49112   -52.61512
   -0.65000E-01   -79.82271   -11.04050   -15.50332   -53.27888
   -0.59000E-01   -80.55213   -11.05167   -15.51437   -53.98609
   -0.53000E-01   -81.32930   -11.06184   -15.52427   -54.74318
   -0.47000E-01   -82.15953   -11.07083   -15.53305   -55.55564
   -0.41000E-01   -83.05077   -11.07870   -15.54090   -56.43117
   -0.35000E-01   -84.00689   -11.08539   -15.54749   -57.37401
   -0.29000E-01   -85.01685   -11.09094   -15.55305   -58.37286
   -0.23000E-01   -86.04065   -11.09537   -15.55740   -59.38789
   -0.19700E-01   -86.14028   -11.09575   -15.55778   -59.48675
   -0.19100E-01   -86.23889   -11.09612   -15.55815   -59.58462
   -0.18500E-01   -86.33645   -11.09648   -15.55851   -59.68146
   -0.17900E-01   -86.43267   -11.09681   -15.55885   -59.77701
   -0.17300E-01   -86.52703   -11.09715   -15.55916   -59.87072
   -0.16700E-01   -86.62034   -11.09747   -15.55947   -59.96340
   -0.16100E-01   -86.71150   -11.09779   -15.55977   -60.05394
   -0.15500E-01   -86.80092   -11.09808   -15.56008   -60.14277
   -0.14900E-01   -86.88781   -11.09836   -15.56036   -60.22909
   -0.14300E-01   -86.97239   -11.09863   -15.56062   -60.31314
   -0.13700E-01   -87.05465   -11.09890   -15.56088   -60.39487
   -0.13100E-01   -87.13432   -11.09915   -15.56112   -60.47405
   -0.12500E-01   -87.21125   -11.09939   -15.56136   -60.55050
   -0.11900E-01   -87.28527   -11.09962   -15.56158   -60.62407
   -0.11300E-01   -87.35631   -11.09985   -15.56178   -60.69469
   -0.10700E-01   -87.42435   -11.10005   -15.56198   -60.76232
   -0.10100E-01   -87.48905   -11.10025   -15.56217   -60.82662
   -0.95000E-02   -87.55027   -11.10043   -15.56235   -60.88749
   -0.89000E-02   -87.60811   -11.10060   -15.56251   -60.94500
   -0.83000E-02   -87.66253   -11.10076   -15.56267   -60.99910
   -0.77000E-02   -87.71333   -11.10092   -15.56281   -61.04961
   -0.71000E-02   -87.76047   -11.10105   -15.56294   -61.09648
   -0.65000E-02   -87.80388   -11.10118   -15.56306   -61.13963
   -0.59000E-02   -87.84356   -11.10130   -15.56318   -61.17908
   -0.53000E-02   -87.87926   -11.10140   -15.56328   -61.21458
   -0.47000E-02   -87.91112   -11.10149   -15.56337   -61.24626
   -0.41000E-02   -87.93901   -11.10157   -15.56344   -61.27399
   -0.35000E-02   -87.96292   -11.10164   -15.56351   -61.29777
   -0.29000E-02   -87.98276   -11.10170   -15.56357   -61.31749
   -0.23000E-02   -87.99857   -11.10174   -15.56361   -61.33321
   -0.17000E-02   -88.01027   -11.10177   -15.56364   -61.34485
   -0.11000E-02   -88.01787   -11.10179   -15.56366   -61.35242
   -0.50000E-03   -88.02136   -11.10180   -15.56367   -61.35588
    0.10000E-03   -88.02073   -11.10180   -15.56367   -61.35526
    0.70000E-03   -88.01599   -11.10179   -15.56366   -61.35054
    0.13000E-02   -88.00713   -11.10176   -15.56363   -61.34174
    0.19000E-02   -87.99417   -11.10173   -15.56360   -61.32885
    0.25000E-02   -87.97715   -11.10168   -15.56355   -61.31192
    0.31000E-02   -87.95604   -11.10162   -15.56349   -61.29093
    0.37000E-02   -87.93089   -11.10155   -15.56342   -61.26592
    0.43000E-02   -87.90178   -11.10146   -15.56334   -61.23698
    0.49000E-02   -87.86874   -11.10137   -15.56324   -61.20413
    0.55000E-02   -87.83170   -11.10126   -15.56314   -61.16730
    0.61000E-02   -87.79097   -11.10114   -15.56302   -61.12681
    0.67000E-02   -87.74643   -11.10101   -15.56290   -61.08253
    0.73000E-02   -87.69812   -11.10087   -15.56275   -61.03450
    0.79000E-02   -87.64628   -11.10072   -15.56260   -60.98296
    0.85000E-02   -87.59076   -11.10055   -15.56244   -60.92777
    0.91000E-02   -87.53173   -11.10038   -15.56227   -60.86908
    0.97000E-02   -87.46920   -11.10019   -15.56210   -60.80692
    0.10300E-01   -87.40360   -11.09999   -15.56191   -60.74170
    0.10900E-01   -87.33471   -11.09979   -15.56169   -60.67323
    0.11500E-01   -87.26280   -11.09957   -15.56148   -60.60175
    0.12100E-01   -87.18783   -11.09935   -15.56125   -60.52724
    0.12700E-01   -87.11005   -11.09910   -15.56100   -60.44995
    0.13300E-01   -87.02958   -11.09884   -15.56075   -60.36999
    0.13900E-01   -86.94650   -11.09856   -15.56048   -60.28746
    0.14500E-01   -86.86097   -11.09829   -15.56021   -60.20247
    0.15100E-01   -86.77312   -11.09801   -15.55992   -60.11520
    0.15700E-01   -86.68308   -11.09770   -15.55962   -60.02576
    0.16300E-01   -86.59130   -11.09738   -15.55932   -59.93460
    0.16900E-01   -86.49762   -11.09706   -15.55899   -59.84157
    0.17500E-01   -86.40202   -11.09672   -15.55865   -59.74664
    0.18100E-01   -86.30546   -11.09639   -15.55832   -59.65075
    0.18700E-01   -86.20731   -11.09602   -15.55798   -59.55331
    0.19300E-01   -86.10808   -11.09567   -15.55761   -59.45480
    0.20200E-01   -85.71444   -11.09413   -15.55611   -59.06421
    0.25000E-01   -84.67870   -11.08935   -15.55144   -58.03791
    0.31000E-01   -83.67481   -11.08343   -15.54566   -57.04572
    0.37000E-01   -82.73301   -11.07643   -15.53872   -56.11786
    0.43000E-01   -81.85942   -11.06821   -15.53066   -55.26055
    0.49000E-01   -81.04537   -11.05882   -15.52160   -54.46495
    0.55000E-01   -80.28433   -11.04832   -15.51134   -53.72467
    0.61000E-01   -79.57292   -11.03666   -15.50005   -53.03620
    0.67000E-01   -78.90456   -11.02390   -15.48776   -52.39290
    0.73000E-01   -78.27636   -11.00996   -15.47432   -51.79207
    0.79000E-01   -77.68506   -10.99490   -15.45998   -51.23017
    0.85000E-01   -77.12977   -10.97881   -15.44475   -50.70621
    0.91000E-01   -76.60687   -10.96166   -15.42834   -50.21687
    0.97000E-01   -76.11373   -10.94324   -15.41123   -49.75926
    0.10300       -75.64650   -10.92408   -15.39307   -49.32936
    0.10900       -75.20485   -10.90346   -15.37392   -48.92747
    0.11500       -74.78430   -10.88178   -15.35389   -48.54863
    0.12100       -74.38543   -10.85923   -15.33270   -48.19350
    0.12700       -74.00511   -10.83547   -15.31068   -47.85897
    0.13300       -73.64169   -10.81030   -15.28834   -47.54306
    0.13900       -73.29490   -10.78446   -15.26507   -47.24537
    0.14500       -72.95995   -10.75757   -15.24086   -46.96151
    0.15100       -72.64071   -10.72980   -15.21650   -46.69441
    0.15700       -72.33168   -10.70121   -15.19152   -46.43895
    0.16300       -72.03259   -10.67122   -15.16601   -46.19536
    0.16900       -71.74260   -10.64044   -15.13950   -45.96265
    0.17500       -71.46256   -10.60855   -15.11267   -45.74134
    0.18100       -71.18983   -10.57556   -15.08524   -45.52903
    0.18700       -70.92438   -10.54200   -15.05732   -45.32506
    0.19300       -70.66485   -10.50762   -15.02896   -45.12827
    0.19900       -70.41124   -10.47234   -15.00022   -44.93869
    0.20500       -70.16326   -10.43657   -14.97082   -44.75587
    0.21100       -69.92062   -10.39971   -14.94163   -44.57929
    0.21700       -69.68059   -10.36207   -14.91158   -44.40695
    0.29500       -64.55409    -9.26534   -14.10108   -41.18767
    0.44500       -60.81744    -8.19547   -13.30781   -39.31416
    0.59500       -57.93500    -7.27348   -12.61581   -38.04571
    0.74500       -55.60355    -6.50642   -12.01601   -37.08112
    0.89500       -53.65016    -5.86958   -11.48624   -36.29435
     1.0450       -51.95362    -5.32066   -11.01477   -35.61818
     1.1950       -50.47375    -4.83633   -10.60393   -35.03349
     1.3450       -49.15921    -4.40390   -10.23471   -34.52060
     1.4950       -47.99295    -4.02137    -9.90390   -34.06767
     1.6450       -46.94130    -3.67790    -9.60221   -33.66119
     1.7950       -45.98728    -3.37200    -9.32378   -33.29150
     1.9450       -45.11718    -3.09247    -9.06714   -32.95756
     2.0950       -44.30929    -2.83704    -8.82959   -32.64265
     2.2450       -43.55441    -2.60138    -8.60888   -32.34416
     2.3950       -42.86653    -2.38560    -8.40545   -32.07548
     2.5450       -42.22153    -2.18497    -8.21570   -31.82085
     2.6950       -41.62822    -2.00214    -8.03868   -31.58740
     2.8450       -41.07941    -1.83395    -7.87322   -31.37224
     2.9950       -40.55856    -1.67430    -7.71760   -31.16666
     3.1450       -40.08065    -1.52645    -7.57255   -30.98166
     3.2950       -39.64047    -1.39166    -7.43549   -30.81332
     3.4450       -39.23038    -1.26579    -7.30940   -30.65519
     3.5950       -38.85325    -1.14731    -7.18787   -30.51808
     3.7450       -38.49570    -1.03455    -7.07369   -30.38745
     3.8950       -38.15780    -0.92786    -6.96348   -30.26645
     4.0450       -37.85040    -0.83044    -6.86012   -30.15985
     4.1950       -37.56365    -0.73457    -6.76023   -30.06885
     4.3450       -37.29056    -0.64481    -6.66538   -29.98037
     4.4950       -37.03711    -0.56083    -6.57402   -29.90226
     4.6450       -36.78845    -0.47877    -6.48714   -29.82255
     4.7950       -36.55943    -0.40128    -6.40521   -29.75294
     4.9450       -36.33388    -0.32750    -6.32532   -29.68107
     5.0950       -36.12305    -0.25509    -6.25246   -29.61550
     5.2450       -35.92365    -0.18719    -6.18061   -29.55585
     5.3950       -35.72996    -0.12142    -6.11019   -29.49835
     5.5450       -35.54385    -0.05783    -6.04715   -29.43887
     5.6950       -35.37157     0.00303    -5.98765   -29.38695
     5.8450       -35.20082     0.06291    -5.92873   -29.33499
     5.9950       -35.03950     0.12072    -5.87378   -29.28644
     6.1450       -34.88900     0.17478    -5.82601   -29.23777
     6.2950       -34.74592     0.22796    -5.78193   -29.19195
     6.4450       -34.60830     0.27939    -5.74117   -29.14652
     6.5950       -34.47139     0.33024    -5.69895   -29.10267
     6.7450       -34.34345     0.37978    -5.66237   -29.06087
     6.8950       -34.22396     0.42796    -5.63241   -29.01952
     7.0450       -34.10543     0.47460    -5.60052   -28.97951
     7.1950       -33.99266     0.52000    -5.57286   -28.93979
     7.3450       -33.89249     0.56349    -5.55581   -28.90017
     7.4950       -33.79757     0.60565    -5.54057   -28.86265
     7.6450       -33.70523     0.64738    -5.52747   -28.82514
     7.7950       -33.61560     0.68668    -5.51308   -28.78919
     7.9450       -33.52916     0.72553    -5.50082   -28.75388
     8.0950       -33.44376     0.76390    -5.48844   -28.71922
     8.2450       -33.36805     0.80093    -5.48383   -28.68514
     8.3950       -33.29225     0.83730    -5.47772   -28.65182
     8.5450       -33.21992     0.87219    -5.47308   -28.61903
     8.6950       -33.15002     0.90528    -5.46845   -28.58685
     8.8450       -33.08033     0.93861    -5.46380   -28.55514
     8.9950       -33.00789     0.97097    -5.45472   -28.52414
     9.1450       -32.93765     1.00151    -5.44558   -28.49357
     9.2950       -32.87103     1.03181    -5.43931   -28.46352
     9.4450       -32.81165     1.06008    -5.43780   -28.43393
     9.5950       -32.75646     1.08473    -5.43633   -28.40485
     9.7450       -32.69981     1.10969    -5.43329   -28.37621
     9.8950       -32.64562     1.13265    -5.43027   -28.34801
     10.045       -32.59032     1.15892    -5.42900   -28.32024
     10.195       -32.53583     1.18304    -5.42599   -28.29287
     10.345       -32.48883     1.20194    -5.42481   -28.26595
     10.495       -32.44393     1.21913    -5.42364   -28.23942
     10.645       -32.40134     1.23442    -5.42256   -28.21320
     10.795       -32.35716     1.25163    -5.42150   -28.18729
     10.945       -32.31438     1.26799    -5.42053   -28.16184
     11.095       -32.27519     1.28112    -5.41953   -28.13678
     11.245       -32.24408     1.28657    -5.41860   -28.11205
     11.395       -32.20976     1.29554    -5.41768   -28.08762
     11.545       -32.17578     1.30454    -5.41682   -28.06350
     11.695       -32.14561     1.31005    -5.41595   -28.03971
     11.845       -32.11777     1.31350    -5.41505   -28.01622
     11.995       -32.08306     1.32421    -5.41429   -27.99298
     12.145       -32.05387     1.32974    -5.41347   -27.97014
     12.295       -32.02924     1.33097    -5.41268   -27.94753
     12.445       -32.00272     1.33443    -5.41194   -27.92522
     12.595       -31.97880     1.33559    -5.41124   -27.90315
     12.745       -31.95524     1.33674    -5.41052   -27.88146
     12.895       -31.93192     1.33784    -5.40979   -27.85998
     13.045       -31.90654     1.34133    -5.40915   -27.83871
     13.195       -31.88379     1.34234    -5.40847   -27.81766
     13.345       -31.86135     1.34338    -5.40782   -27.79690
     13.495       -31.83902     1.34438    -5.40714   -27.77626
     13.645       -31.81708     1.34534    -5.40651   -27.75591
     13.795       -31.79553     1.34626    -5.40592   -27.73587
     13.945       -31.77421     1.34715    -5.40536   -27.71599
     14.095       -31.75306     1.34806    -5.40480   -27.69631
     14.245       -31.73218     1.34894    -5.40426   -27.67686
     14.395       -31.71150     1.34982    -5.40370   -27.65763
     14.545       -31.69116     1.35067    -5.40317   -27.63866
     14.695       -31.67102     1.35146    -5.40265   -27.61983
     14.845       -31.65102     1.35229    -5.40216   -27.60115
     14.995       -31.63125     1.35310    -5.40169   -27.58265
     15.145       -31.61168     1.35390    -5.40119   -27.56439
     15.295       -31.59233     1.35467    -5.40071   -27.54629
     15.445       -31.57322     1.35541    -5.40027   -27.52837
     15.595       -31.55431     1.35615    -5.39979   -27.51067
     15.745       -31.53553     1.35687    -5.39931   -27.49308
     15.895       -31.51692     1.35758    -5.39885   -27.47564
     16.045       -31.49851     1.35827    -5.39845   -27.45833
     16.195       -31.48032     1.35899    -5.39804   -27.44127
     16.345       -31.46222     1.35969    -5.39760   -27.42431
     16.495       -31.44441     1.36032    -5.39713   -27.40760
     16.645       -31.42677     1.36096    -5.39672   -27.39101
     16.795       -31.40927     1.36157    -5.39630   -27.37454
     16.945       -31.39194     1.36221    -5.39589   -27.35826
     17.095       -31.37485     1.36282    -5.39553   -27.34214
     17.245       -31.35785     1.36345    -5.39516   -27.32613
     17.395       -31.34099     1.36404    -5.39479   -27.31024
     17.545       -31.32440     1.36462    -5.39447   -27.29455
     17.695       -31.30783     1.36518    -5.39408   -27.27894
     17.845       -31.29144     1.36574    -5.39370   -27.26348
     17.995       -31.27518     1.36629    -5.39333   -27.24814
     18.145       -31.25921     1.36682    -5.39304   -27.23299
     18.295       -31.24333     1.36737    -5.39273   -27.21796
     18.445       -31.22759     1.36788    -5.39240   -27.20307
     18.595       -31.21199     1.36838    -5.39208   -27.18829
     18.745       -31.19645     1.36889    -5.39177   -27.17357
     18.895       -31.18097     1.36940    -5.39145   -27.15892
     19.045       -31.16563     1.36991    -5.39115   -27.14438
     19.195       -31.15051     1.37041    -5.39087   -27.13005
     19.345       -31.13551     1.37087    -5.39057   -27.11581
     19.495       -31.12066     1.37134    -5.39029   -27.10172
     19.645       -31.10588     1.37182    -5.38998   -27.08773
     19.795       -31.09119     1.37227    -5.38969   -27.07378
     19.945       -31.07665     1.37272    -5.38942   -27.05996
     20.095       -31.06220     1.37316    -5.38913   -27.04622
     20.245       -31.04784     1.37359    -5.38883   -27.03260
     20.395       -31.03356     1.37404    -5.38851   -27.01909
     20.545       -31.01946     1.37448    -5.38823   -27.00571
     20.695       -31.00544     1.37490    -5.38795   -26.99239
     20.845       -30.99161     1.37534    -5.38771   -26.97924
     20.995       -30.97782     1.37573    -5.38742   -26.96613
     21.145       -30.96417     1.37612    -5.38718   -26.95310
     21.295       -30.95056     1.37654    -5.38692   -26.94017
     21.445       -30.93711     1.37691    -5.38667   -26.92735
     21.595       -30.92376     1.37729    -5.38645   -26.91460
     21.745       -30.91048     1.37767    -5.38621   -26.90194
     21.895       -30.89732     1.37805    -5.38597   -26.88940
     22.045       -30.88421     1.37845    -5.38572   -26.87694
     22.195       -30.87120     1.37881    -5.38546   -26.86455
     22.345       -30.85827     1.37920    -5.38523   -26.85224
     22.495       -30.84547     1.37956    -5.38501   -26.84003
     22.645       -30.83279     1.37994    -5.38480   -26.82793
     22.795       -30.82016     1.38031    -5.38456   -26.81591
     22.945       -30.80764     1.38066    -5.38433   -26.80397
     23.095       -30.79522     1.38101    -5.38411   -26.79212
     23.245       -30.78279     1.38136    -5.38387   -26.78028
     23.395       -30.77055     1.38172    -5.38365   -26.76862
     23.545       -30.75835     1.38203    -5.38343   -26.75695
     23.695       -30.74624     1.38237    -5.38325   -26.74536
     23.845       -30.73421     1.38271    -5.38304   -26.73388
     23.995       -30.72229     1.38304    -5.38287   -26.72245
     24.145       -30.71048     1.38336    -5.38268   -26.71116
     24.295       -30.69869     1.38368    -5.38245   -26.69992
     24.445       -30.68699     1.38400    -5.38225   -26.68873
     24.595       -30.67531     1.38433    -5.38206   -26.67757
     24.745       -30.66379     1.38463    -5.38188   -26.66654
     24.895       -30.65233     1.38495    -5.38171   -26.65558
     25.045       -30.64091     1.38526    -5.38151   -26.64467
     25.195       -30.62959     1.38556    -5.38134   -26.63381
     25.345       -30.61832     1.38585    -5.38116   -26.62301
     25.495       -30.60705     1.38617    -5.38096   -26.61225
     25.645       -30.59589     1.38645    -5.38077   -26.60156
     25.795       -30.58483     1.38674    -5.38059   -26.59098
     25.945       -30.57385     1.38703    -5.38039   -26.58050
     26.095       -30.56295     1.38733    -5.38022   -26.57006
     26.245       -30.55213     1.38761    -5.38004   -26.55970
     26.395       -30.54134     1.38788    -5.37989   -26.54933
     26.545       -30.53063     1.38816    -5.37973   -26.53906
     26.695       -30.51999     1.38844    -5.37957   -26.52887
     26.845       -30.50941     1.38871    -5.37941   -26.51870
     26.995       -30.49885     1.38898    -5.37925   -26.50858
     27.145       -30.48836     1.38924    -5.37909   -26.49851
     27.295       -30.47793     1.38951    -5.37892   -26.48851
     27.445       -30.46755     1.38976    -5.37875   -26.47856
     27.595       -30.45724     1.39003    -5.37859   -26.46869
     27.745       -30.44696     1.39031    -5.37843   -26.45884
     27.895       -30.43679     1.39058    -5.37829   -26.44908
     28.045       -30.42664     1.39082    -5.37813   -26.43933
     28.195       -30.41658     1.39107    -5.37798   -26.42968
     28.345       -30.40653     1.39132    -5.37779   -26.42006
     28.495       -30.39664     1.39155    -5.37764   -26.41055
     28.645       -30.38675     1.39179    -5.37749   -26.40105
     28.795       -30.37686     1.39204    -5.37731   -26.39159
     28.945       -30.36707     1.39229    -5.37716   -26.38220
     29.095       -30.35734     1.39253    -5.37701   -26.37286
     29.245       -30.34761     1.39278    -5.37684   -26.36355
     29.395       -30.33799     1.39302    -5.37671   -26.35430
     29.545       -30.32844     1.39326    -5.37658   -26.34511
     29.695       -30.31887     1.39347    -5.37643   -26.33591
     29.845       -30.30936     1.39370    -5.37630   -26.32677
     29.995       -30.29992     1.39393    -5.37616   -26.31769
     30.145       -30.29052     1.39416    -5.37603   -26.30865
     35.794       -29.67255     1.40859    -5.36731   -25.71383
     49.810       -29.06518     1.42165    -5.35989   -25.12694
     69.316       -28.46933     1.43407    -5.35286   -24.55054
     96.460       -27.88560     1.44579    -5.34618   -23.98522
     134.23       -27.31472     1.45718    -5.33983   -23.43207
     186.80       -26.75759     1.46838    -5.33370   -22.89227
     259.95       -26.21471     1.47930    -5.32768   -22.36633
     361.74       -25.68593     1.49010    -5.32170   -21.85433
     503.40       -25.17135     1.50070    -5.31579   -21.35626
     700.53       -24.67125     1.51102    -5.30989   -20.87239
     974.85       -24.18521     1.52131    -5.30403   -20.40249
     1356.6       -23.71323     1.53136    -5.29826   -19.94633
     1887.8       -23.25501     1.54125    -5.29277   -19.50349
     2627.1       -22.80993     1.55089    -5.28720   -19.07362
     3655.9       -22.37756     1.56044    -5.28175   -18.65624
     5087.5       -21.95850     1.56968    -5.27650   -18.25168
     7079.7       -21.55183     1.57875    -5.27125   -17.85933
     9852.1       -21.15804     1.58757    -5.26623   -17.47938
     13710.       -20.77702     1.59620    -5.26141   -17.11181
     19079.       -20.40849     1.60459    -5.25670   -16.75638
     26550.       -20.05292     1.61272    -5.25219   -16.41345
     36947.       -19.71025     1.62059    -5.24786   -16.08298
     51416.       -19.38128     1.62816    -5.24370   -15.76574
     71550.       -19.06615     1.63542    -5.23983   -15.46174
     99568.       -18.76373     1.64241    -5.23612   -15.17002
    0.13856E+06   -18.47432     1.64912    -5.23264   -14.89080
    0.19282E+06   -18.19778     1.65557    -5.22938   -14.62397
    0.26832E+06   -17.93386     1.66169    -5.22625   -14.36931
    0.37340E+06   -17.68220     1.66752    -5.22338   -14.12634
    0.51962E+06   -17.44156     1.67319    -5.22061   -13.89413
    0.72310E+06   -17.21109     1.67859    -5.21798   -13.67170
    0.10063E+07   -16.99123     1.68376    -5.21549   -13.45950
    0.14003E+07   -16.78206     1.68868    -5.21323   -13.25751
    0.19487E+07   -16.58287     1.69335    -5.21112   -13.06510
    0.27118E+07   -16.39289     1.69783    -5.20915   -12.88157
    0.37737E+07   -16.21208     1.70210    -5.20733   -12.70685
    0.52514E+07   -16.03999     1.70614    -5.20575   -12.54038
    0.73079E+07   -15.87618     1.71000    -5.20425   -12.38193
    0.10170E+08   -15.72022     1.71370    -5.20282   -12.23109
    0.14152E+08   -15.57183     1.71719    -5.20152   -12.08750
    0.19694E+08   -15.43069     1.72055    -5.20029   -11.95095
    0.27406E+08   -15.29649     1.72373    -5.19920   -11.82102
    0.38138E+08   -15.16939     1.72676    -5.19816   -11.69799
    0.53073E+08   -15.04947     1.72961    -5.19720   -11.58188
    0.73856E+08   -14.93649     1.73228    -5.19638   -11.47240
    0.10278E+09   -14.83015     1.73478    -5.19560   -11.36932
    0.14302E+09   -14.73068     1.73716    -5.19494   -11.27290
    0.19903E+09   -14.63837     1.73940    -5.19433   -11.18344
    0.27697E+09   -14.55338     1.74143    -5.19382   -11.10099
    0.38543E+09   -14.47588     1.74331    -5.19330   -11.02588
    0.53637E+09   -14.40509     1.74503    -5.19282   -10.95730
    0.74641E+09   -14.34015     1.74664    -5.19237   -10.89442
    0.10387E+10   -14.28055     1.74813    -5.19200   -10.83668
    0.14454E+10   -14.22572     1.74951    -5.19166   -10.78356
    0.20115E+10   -14.17523     1.75078    -5.19135   -10.73466
    0.27992E+10   -14.12867     1.75194    -5.19109   -10.68952
    0.38953E+10   -14.08577     1.75303    -5.19083   -10.64797
    0.54207E+10   -14.04629     1.75405    -5.19061   -10.60973
    0.75434E+10   -14.00992     1.75497    -5.19040   -10.57450
    0.10497E+11   -13.97643     1.75584    -5.19024   -10.54203
    0.14608E+11   -13.94555     1.75665    -5.19006   -10.51214
    0.20329E+11   -13.91712     1.75739    -5.18989   -10.48461
    0.28289E+11   -13.89094     1.75807    -5.18975   -10.45927
    0.39367E+11   -13.86678     1.75872    -5.18959   -10.43591
    0.54783E+11   -13.84457     1.75932    -5.18947   -10.41441
    0.10000E+12   -13.58525     1.76650    -5.18811   -10.16364
