#"Time (ps)"	"Potential Energy (kJ/mole)"	"Kinetic Energy (kJ/mole)"	"Temperature (K)"	"Box Volume (nm^3)"	"Density (g/mL)"	"Speed (ns/day)"	"Time Remaining"
100.99999999994601	-59598.96815981952	7287.537983953664	287.1378598229553	31.521587798733382	1.091692359486196	0	--
101.99999999994368	-59402.13814501467	7386.837140260859	291.0503673511568	31.135696068346633	1.1052226513006902	292	1:57
102.99999999994135	-59345.91565699066	7548.076589094207	297.40339773796006	31.04877918074174	1.1083165736865683	293	1:57
103.99999999993902	-59718.02793670693	7211.402071116041	284.13801225907315	30.932833973501822	1.1124708647202837	293	1:56
104.99999999993669	-59489.42538153424	7452.929944333612	293.65450421506546	31.39207471262931	1.0961963130428694	293	1:56
105.99999999993436	-59254.84715029941	7522.858324175919	296.4097674292015	31.277241612110917	1.1002209525224198	293	1:56
106.99999999993203	-59257.407311933	7549.902194998627	297.4753288309341	31.529525537531452	1.0914175196765348	293	1:56
107.9999999999297	-59210.66166090488	7580.94671617195	298.69852072215497	31.564963485787892	1.0901921864805726	293	1:55
108.99999999992737	-59193.75013320934	7505.564132098665	295.72835522780184	31.562071195108736	1.0902920897055526	293	1:55
109.99999999992504	-59234.164956684486	7460.906196104848	293.9687782357354	31.264419676214896	1.1006721671194215	293	1:55
110.99999999992271	-59315.4937837529	7541.538060856943	297.14577177311793	30.985434991348587	1.1105823290316448	292	1:54
111.99999999992038	-59264.90396627784	7527.613172843787	296.5971142496613	31.237005284045942	1.1016381450729573	292	1:54
112.99999999991805	-59354.04908749857	7482.575245950622	294.82256515400775	30.974966338353404	1.1109576741054124	293	1:54
113.99999999991572	-59199.7572541839	7527.397999160633	296.5886361448463	31.3251224434197	1.098539251391793	293	1:53
114.99999999991338	-59671.102392330824	7699.108878027488	303.3542536105406	31.480281817970212	1.0931247934097863	293	1:53
115.99999999991105	-59398.51607808683	7283.318710656311	286.9716153234717	31.406394438144748	1.0956965030330088	293	1:53
116.99999999990872	-59541.89039756451	7575.934099546649	298.50101753066957	31.18896422013817	1.1033350231147268	293	1:53
117.9999999999064	-59414.5487633966	7566.044479331719	298.1113544662397	31.211824052280754	1.1025269302143186	292	1:52
118.99999999990406	-59688.02468638509	7679.419099655213	302.57845239555525	30.89980447733991	1.1136600098549547	293	1:52
119.99999999990173	-59659.75098900893	7747.0060682104995	305.24146115730963	31.066024139558916	1.1077013397067144	293	1:52
120.9999999998994	-59795.57337515114	7558.9933406985	297.83353102834946	30.968733082027757	1.1111812829928438	293	1:51
121.99999999989707	-59753.418941329466	7759.410066570645	305.73019377869997	31.107259351094694	1.1062329911599735	293	1:51
122.99999999989474	-59552.58279397059	7480.581845213364	294.7440227405444	31.042325586688893	1.1085469889377915	293	1:51
123.99999999989241	-59586.08770904332	7580.6121276406475	298.6853375270881	31.22052918485264	1.1022195157232073	293	1:50
124.99999999989008	-59432.042110521084	7517.388549504918	296.19425165471046	31.25417786647587	1.1010328508964462	293	1:50
125.99999999988775	-59517.85551727688	7322.080803256042	288.4988889151639	31.294248639803037	1.0996230315298958	293	1:50
126.99999999988542	-59705.72537059651	7423.2622414790485	292.48556064011876	31.62597610236702	1.0880889951780812	293	1:50
127.99999999988309	-59513.86440009644	7494.248048160514	295.2824877577822	31.200648167068	1.1029218487541539	293	1:49
128.99999999988785	-59609.881562152616	7583.335009478225	298.7926223831142	31.241736035414647	1.101471330522168	293	1:49
129.99999999989262	-59403.26148718523	7331.835501246984	288.8832358798735	31.108717078088446	1.1061811540595061	293	1:49
130.9999999998974	-59627.23581065581	7490.439246045384	295.1324163221017	31.200883578113867	1.102913527195398	293	1:48
131.99999999990217	-59525.19880610483	7498.9543886301	295.467923296233	31.474515233797916	1.0933250696041994	293	1:48
132.99999999990695	-59448.32409159577	7452.205087393635	293.62594397004426	31.346163325864662	1.0978018649687906	293	1:48
133.99999999991172	-59677.09792405888	7583.21486396094	298.7878885036097	31.192900002647487	1.1031958091690686	293	1:47
134.9999999999165	-59379.36707176946	7627.258025283638	300.5232426259323	31.21212859262421	1.1025161727317265	293	1:47
135.99999999992127	-59372.255744300084	7534.480287676954	296.86768692601584	31.08801235902473	1.106917874367124	293	1:47
136.99999999992605	-59421.19553706446	7668.2566132577185	302.13863685544595	31.222671120147094	1.1021439013443517	293	1:46
137.99999999993082	-59596.75655128612	7543.474538688207	297.2220713548543	31.080975679705237	1.1071684786658824	293	1:46
138.9999999999356	-59674.16631787215	7484.406319579734	294.8947116819846	31.170401719787915	1.1039920777442158	293	1:46
139.99999999994037	-59518.60362310076	7545.252694126454	297.29213284175086	31.414281876705218	1.0954213976245033	293	1:46
140.99999999994515	-59666.078445582854	7474.197787300447	294.4924830943514	31.321472082700428	1.0986672806402678	293	1:45
141.99999999994992	-59134.96662528388	7654.354327983729	301.5908699074024	31.281745494966746	1.1000625449205652	293	1:45
142.9999999999547	-59287.010759781755	7614.8297532673005	300.0335535929658	31.28412739615247	1.0999787886998165	293	1:45
143.99999999995947	-59345.44309040299	7654.6592749955325	301.6028851905504	31.0844684711328	1.1070440722094956	293	1:44
144.99999999996425	-59354.846253170865	7758.815347098129	305.70676110817266	31.14037955476244	1.1050564267604688	293	1:44
145.99999999996902	-59419.91967538092	7469.456564790625	294.3056731610911	31.278718655396062	1.100168997901516	293	1:44
146.9999999999738	-59888.91953582247	7638.9484042621	300.9838577757656	31.38655269283351	1.0963891732718962	293	1:44
147.99999999997857	-59229.477802610374	7331.93552548896	288.8871769566589	31.575557429960337	1.0898264151023023	293	1:43
148.99999999998334	-59297.19130259185	7594.980170013747	299.25145587130004	31.069099056934	1.1075917101970325	293	1:43
149.99999999998812	-59449.24973087266	7517.025598714776	296.17995095215053	31.30534929909263	1.0992331128452846	293	1:43
150.9999999999929	-59186.78634130623	7365.832500159782	290.2227589848945	30.890269326586292	1.114003772350839	293	1:42
151.99999999999767	-59095.326454153605	7498.275014786507	295.44115514052686	31.158680753190197	1.104407366644599	293	1:42
153.00000000000244	-59589.85424010371	8000.114126621445	315.21422649398284	31.677483474091655	1.0863197699051848	293	1:42
154.00000000000722	-59685.55388789455	7491.785443610279	295.1854581434321	31.311004865822774	1.0990345632858463	293	1:42
155.000000000012	-59615.71963776543	7487.898998180203	295.0323274667113	31.31103870154291	1.0990333756335853	293	1:41
156.00000000001677	-59723.59895019172	7637.8100592715855	300.9390055986605	31.359211531944684	1.0973450822797695	293	1:41
157.00000000002154	-59083.2973849102	7488.729892686046	295.06506572079275	31.881409367825643	1.0793712461619909	293	1:41
158.00000000002632	-59634.075865601975	7496.792494039781	295.3827420200332	31.656996501381613	1.0870227868031854	293	1:40
159.0000000000311	-59647.415959615115	7751.400062500607	305.41458987640704	31.211033708122546	1.1025548490499046	293	1:40
160.00000000003587	-59655.76051743599	7436.098962914601	292.991343076967	31.51884238479294	1.0917874501429474	293	1:40
161.00000000004064	-59457.7306903163	7260.162250844714	286.05922264352705	31.134208192637335	1.1052754688936752	293	1:40
162.00000000004542	-59770.11651158254	7519.292038259501	296.2692514267036	31.00897687633688	1.109739179592553	293	1:39
163.0000000000502	-59170.67860352108	7234.731069502782	285.0572031687235	30.9662646454939	1.1112698594003017	293	1:39
164.00000000005497	-59425.514651361096	7409.766540180997	291.9538135952231	31.04817884943731	1.108338003514631	293	1:39
165.00000000005974	-59409.006260783644	7475.67432957305	294.5506606556935	31.130191832972848	1.1054180694865412	293	1:38
166.00000000006452	-59522.900780199416	7732.307579439621	304.6623228231294	30.88651333514418	1.1141392421136453	293	1:38
167.0000000000693	-59315.49041235534	7421.395920801399	292.4120253355614	31.185172022678866	1.1034691915030996	293	1:38
168.00000000007407	-59445.157553800964	7472.4732494767395	294.42453420667863	31.517266922223733	1.0918420256321697	293	1:37
169.00000000007884	-59672.88008151122	7540.283187328757	297.09632822990415	31.271162535558343	1.1004348341581769	293	1:37
170.00000000008362	-59740.79493608599	7615.200691559712	300.04816901282965	31.177908908686987	1.103726252441596	293	1:37
171.0000000000884	-59993.69060095161	7338.153249812587	289.13216285713537	31.23199743697954	1.1018147855636646	293	1:37
172.00000000009317	-59828.3119729718	7401.50904492159	291.6284582390651	31.032684665501097	1.1088913811252068	293	1:36
173.00000000009794	-59608.99451208685	7608.7269168586445	299.7930944160683	31.29040567533596	1.09975808290255	293	1:36
174.00000000010272	-59189.87661748688	7472.859180889136	294.43974037370486	31.193560397038897	1.103172453568883	293	1:36
175.0000000001075	-59493.8340521394	7624.624412416615	300.41947507591686	31.125927908655	1.1055695001202464	293	1:35
176.00000000011227	-59419.970447656495	7460.762263412458	293.9631071126013	31.24786958452258	1.1012551260709025	293	1:35
177.00000000011704	-59405.02991794192	7585.782617533442	298.8890611173215	30.98019220704004	1.110770273107946	293	1:35
178.00000000012182	-59022.596169107186	7354.301191260052	289.76841138962754	31.013950247952398	1.1095612227282297	293	1:34
179.0000000001266	-59209.55130323244	7535.361943646207	296.90242524349276	30.97447513886762	1.1109752918967002	293	1:34
180.00000000013137	-59154.024579975725	7419.772068753324	292.3480435899046	31.233494663757337	1.1017619683359134	293	1:34
181.00000000013614	-59356.22252134321	7671.810660208595	302.27867062781627	31.19986002136514	1.1029497098764502	293	1:33
182.00000000014091	-59519.36885061907	7418.180039362639	292.28531569565234	31.052152231400644	1.1081961824196025	293	1:33
183.0000000001457	-59496.819412408455	7535.287494459203	296.8994918549782	31.22791395928519	1.1019588629460355	293	1:33
184.00000000015046	-59424.60231726791	7566.505687179287	298.1295266163644	31.421476787906183	1.0951705672852183	293	1:33
185.00000000015524	-59275.32722086148	7484.507503800069	294.89869846332806	31.84245939801084	1.0806915423404828	293	1:32
186.00000000016001	-59514.15763436837	7571.884970412684	298.34147691815633	31.730958682561038	1.0844890286174333	293	1:32
187.0000000001648	-59595.33138636945	7449.880751896333	293.53436232454544	31.623691590054182	1.0881675993062507	293	1:32
188.00000000016956	-59545.41072810459	7330.324973195902	288.8237192375252	31.469491983156942	1.0934995892901105	293	1:31
189.00000000017434	-59542.69052790012	7493.272093916665	295.2440339735987	31.426224957474226	1.0950050986180007	293	1:31
190.0000000001791	-59494.19511908671	7443.876361923148	293.29778205693805	31.4317992809427	1.0948109031612032	293	1:31
191.0000000001839	-59328.55873212512	7618.849274332468	300.19192761155847	31.016835104837433	1.1094580231167301	293	1:31
192.00000000018866	-59734.22971548728	7624.494098662028	300.4143405554958	30.966149119563767	1.1112740052333414	293	1:30
193.00000000019344	-59607.03248104002	7459.098438646256	293.8975503932346	30.99496135563393	1.1102409892985885	293	1:30
194.0000000001982	-59364.01524501413	7320.680486602608	288.44371473592435	31.152103876670317	1.1046405307001257	293	1:30
195.000000000203	-59738.45031716017	7702.691283281038	303.4954047345262	31.39768154472005	1.0960005600966851	293	1:29
196.00000000020776	-59671.81296790758	7651.832634908217	301.49151213329174	31.547727064388557	1.0907878240646713	293	1:29
197.00000000021254	-59277.033009162056	7540.764982861893	297.11531155987944	31.017705950540492	1.1094268742382898	293	1:29
198.0000000002173	-59259.7369087298	7335.786770451604	289.03892069215124	31.16827017652332	1.104067577823757	293	1:28
199.0000000002221	-59427.81854891658	7565.426525738148	298.08700634308497	30.988564117841605	1.1104701859657307	293	1:28
200.00000000022686	-59677.88197805648	7516.296732242499	296.1512327266803	30.949914479766246	1.1118569190634624	293	1:28
201.00000000023164	-59397.23504060763	7409.660387686457	291.94963105783336	31.260649795643637	1.1008049027677616	293	1:28
202.0000000002364	-59587.047006065404	7399.366880503358	291.5440543556418	30.473044967762636	1.1292562523750016	293	1:27
203.0000000002412	-59164.2082738911	7389.341176171975	291.14902941151536	30.935301054963574	1.1123821454851865	293	1:27
204.00000000024596	-59114.66984184939	7412.259319831193	292.0520321452113	31.149790575829304	1.1047225654689459	293	1:27
205.00000000025074	-59058.79571086928	7424.46278339735	292.5328634518239	30.914452530732493	1.1131323294352764	293	1:26
206.0000000002555	-59280.346775710874	7500.006075660028	295.5093610442957	31.12396110136202	1.1056393640475481	293	1:26
207.0000000002603	-59282.74129125988	7645.2317312752475	301.23142850199656	31.315514664190847	1.0988762895249609	293	1:26
208.00000000026506	-59171.46706036318	7644.137891915374	301.18832990086736	31.410785995642932	1.0955433131639525	293	1:26
209.00000000026984	-59379.45586748954	7615.430395342388	300.0572196212376	30.896538725147895	1.1137777232872166	293	1:25
210.0000000002746	-58946.086102682515	7618.450388461491	300.1762110231087	30.995022721361085	1.1102387911796765	293	1:25
211.00000000027939	-59183.02103931579	7509.9103985949705	295.89960341377594	31.26151087945644	1.1007745816074541	293	1:25
212.00000000028416	-58971.94281093523	7462.2981384454015	294.02362245686237	31.41771774599334	1.095301601375518	293	1:24
213.00000000028894	-59316.165800792165	7678.642865847565	302.5478678394622	31.20521796634025	1.1027603330913816	293	1:24
214.0000000002937	-59138.105777978664	7745.544616874091	305.1838781972076	31.183483598378107	1.1035289386507268	293	1:24
215.00000000029848	-59304.83559600756	7539.152329164548	297.0517710428611	31.01624225704119	1.109479229416919	293	1:23
216.00000000030326	-59264.288975200994	7052.167924865158	277.8639932329097	31.256132359828822	1.1009640016426843	293	1:23
217.00000000030803	-59348.05612944957	7328.96062953283	288.7699624378571	31.301164559931667	1.0993800723568243	293	1:23
218.0000000003128	-59675.44064018235	7601.298118666561	299.5003907322414	31.11847454890365	1.105834301249928	293	1:23
219.00000000031758	-59554.83848096928	7634.752990656185	300.8185533771433	31.342454825726993	1.097931759017933	293	1:22
220.00000000032236	-59321.79658675971	7522.562877522178	296.3981264717158	31.724100159494277	1.0847234873721667	293	1:22
221.00000000032713	-59242.749252148	7284.4830064722955	287.0174899946623	31.485487279050385	1.092944068286575	293	1:22
222.0000000003319	-59403.08699163105	7528.689890653433	296.639538240888	31.583459373562754	1.0895537487434115	293	1:21
223.00000000033668	-59539.336839670956	7027.8573299493	276.9061262261741	31.115764142883734	1.1059306273415317	293	1:21
224.00000000034146	-59494.54077267877	7472.361726608682	294.42014007004076	30.947852369998916	1.1119310040431005	293	1:21
225.00000000034623	-59832.256814626075	7658.473345868504	301.7531642216978	31.076242368134224	1.107337114671132	293	1:21
226.000000000351	-59529.47018180808	7586.368560087817	298.9121479665994	31.144001650151683	1.1049279069949876	293	1:20
227.00000000035578	-59414.163844243536	7347.0542274090585	289.4828721999903	30.929637776135504	1.1125858248912903	293	1:20
228.00000000036056	-59251.45383603423	7522.66028615737	296.40196449041275	31.174225680316027	1.103856657471971	293	1:20
229.00000000036533	-59392.59811318989	7310.109593348334	288.0272086851659	31.177932552992427	1.1037254154123737	293	1:19
230.0000000003701	-59493.49993951633	7614.146968869936	300.0066510572931	31.036783144740053	1.1087449494450095	293	1:19
231.00000000037488	-59286.32114135515	7310.232537842214	288.03205284775237	31.013423986675413	1.1095800506753215	293	1:19
232.00000000037966	-59613.10057618917	7604.520093285644	299.62734045086574	31.403354825856518	1.0958025583437634	293	1:19
233.00000000038443	-59577.96026356649	7568.618905104933	298.21278997277443	31.490564668793773	1.092767847153014	293	1:18
234.0000000003892	-59463.696730239055	7553.311844632772	297.6096731734062	31.855559638890867	1.08024712008948	293	1:18
235.00000000039398	-59664.57968548164	7453.137475049842	293.66268117768806	31.612319692232777	1.088559045769919	293	1:18
236.00000000039876	-59394.89972520125	7293.287417146276	287.3643944833244	31.433225585833558	1.0947612253404693	293	1:17
237.00000000040353	-59151.47802777658	7416.383651100918	292.2145358133358	31.608606979494578	1.0886869067363367	293	1:17
238.0000000004083	-59372.91018053726	7512.477891913828	296.00076577317765	31.49232274622961	1.092706842745363	293	1:17
239.00000000041308	-59318.60921085876	7452.419439178721	293.6343896910758	31.59806124228755	1.0890502520039829	293	1:16
240.00000000041786	-59183.635923539696	7433.971876662514	292.9075332916282	31.47030988929281	1.093471169486594	293	1:16
241.00000000042263	-59162.03594540412	7194.575897658914	283.4750405605204	31.310014217967435	1.0990693367045192	293	1:16
242.0000000004274	-59468.77077153581	7688.6362825686165	302.9416206124728	31.396887000109846	1.0960282960100516	293	1:16
243.00000000043218	-59519.67448659832	7670.003171711951	302.20745338274344	30.970566827059884	1.1111154907466492	293	1:15
244.00000000043696	-59435.09531652968	7476.288077047184	294.5748430526267	31.010674683676406	1.109678422342242	293	1:15
245.00000000044173	-59584.14710770597	7545.762161538889	297.31220647742566	31.050253697393558	1.1082639418704383	293	1:15
246.0000000004465	-59466.15919663166	7722.808367770741	304.2880423302368	31.239138979888246	1.1015629009783177	293	1:14
247.00000000045128	-59473.33020928214	7595.689325809901	299.2793974721585	31.026924289051884	1.1090972549571425	293	1:14
248.00000000045605	-59383.22361889071	7490.563207584766	295.13730055751796	31.096018183761217	1.1066328928480271	293	1:14
249.00000000046083	-59027.01404001648	7623.9462694648355	300.3927554188452	31.452169070688505	1.094101856104427	293	1:13
250.0000000004656	-59529.42238130848	7703.3298119635765	303.5205635412101	31.426782726374977	1.0949856642458764	293	1:13
251.00000000047038	-59172.17937731912	7616.507013916105	300.099639702448	31.57333712923375	1.089903053893172	293	1:13
252.00000000047515	-59339.92359847593	7715.610854273436	304.0044515446775	31.763736033647604	1.083369932375012	293	1:13
253.00000000047993	-59468.029228176165	7685.9355651780725	302.83520906261674	31.299510587903214	1.0994381673191467	293	1:12
254.0000000004847	-59526.43646021921	7519.726665367018	296.2863762633423	31.03142349589392	1.108936448349007	293	1:12
255.00000000048948	-59493.974852806045	7549.059919916363	297.4421421683004	31.055065685150197	1.1080922161824789	293	1:12
256.00000000049425	-59681.34625077757	7399.300042516003	291.5414208576503	30.997296326118725	1.1101573568451724	293	1:11
257.000000000499	-59844.09554503448	7194.562656885013	283.47451885792503	31.310498359313147	1.0990523422478486	293	1:11
258.0000000005038	-59752.09604903933	7449.268577843463	293.5102419223236	30.920081125341447	1.1129296983165833	293	1:11
259.0000000005086	-59407.48092114655	7406.88713936241	291.84036170098364	31.38166039327706	1.0965600968049047	293	1:11
260.00000000051335	-59398.00615280378	7528.382212259594	296.62741533796583	31.22764888995198	1.1019682166922	293	1:10
261.0000000005181	-59270.18625641256	7337.490129256521	289.10603510072536	31.436938013074563	1.0946319436211853	293	1:10
262.0000000005229	-59351.95240717646	7396.059789039061	291.4137509297951	31.20276079703006	1.1028471737675831	293	1:10
263.0000000005277	-59162.72158261665	7592.373042799783	299.1487318882276	31.222640288060674	1.1021449897018927	293	1:09
264.00000000053245	-59146.99916639575	7543.948702499176	297.24075398569437	31.079800550382092	1.1072103407795992	293	1:09
265.0000000005372	-59236.143347269564	7627.169528421833	300.51975574194546	31.15382520139215	1.1045794966202995	293	1:09
266.000000000542	-59053.064599907084	7730.511799169575	304.5915668964243	31.28087151439053	1.1000932804228174	293	1:08
267.0000000005468	-59242.149596840754	7618.009945593774	300.15885703844486	30.940867735550256	1.112182012892036	293	1:08
268.00000000055155	-59632.25032296762	7569.485629094524	298.246939952092	30.59905827591287	1.1246057394465325	293	1:08
269.0000000005563	-59718.085769063386	7588.134165894664	298.9817149827557	31.029130840520157	1.1090183845502026	293	1:08
270.0000000005611	-59607.31419498706	7433.719391605152	292.89758507329054	31.243171607131533	1.1014207197484305	293	1:07
271.0000000005659	-59724.6894320664	7445.639769436444	293.3672624576548	31.13730366756033	1.1051655893571073	293	1:07
272.00000000057065	-59569.785140400025	7402.674744700624	291.67438822810726	31.387932979143596	1.0963409594896316	293	1:07
273.0000000005754	-59601.914765966765	7476.045855727794	294.5652992380482	31.274432875844855	1.1003197626432075	293	1:06
274.0000000005802	-59284.226388704206	7468.605856564586	294.27215422233616	31.62520206974693	1.0881156263557719	293	1:06
275.000000000585	-59295.542081959604	7462.40626374276	294.0278827250825	31.316876666219304	1.0988284983051877	293	1:06
276.00000000058975	-59365.45775735148	7684.774637848441	302.7894671138853	31.488474009797923	1.092840400841367	293	1:06
277.0000000005945	-59555.86134618617	7770.02226988103	306.1483274959114	31.266399309775707	1.1006024780087602	293	1:05
278.0000000005993	-59531.2019777814	7572.611374183789	298.3700981102052	31.074491455460056	1.1073995083097032	293	1:05
279.0000000006041	-59611.90086268171	7591.143120658506	299.10027146000436	31.228884971463014	1.1019245992995312	293	1:05
280.00000000060885	-59382.02996357926	7625.071191051605	300.43707869751694	31.127733938730202	1.1055053550150689	293	1:04
281.0000000006136	-58999.1348761518	7519.73956571696	296.2868845528197	31.4103243339151	1.095559415207774	293	1:04
282.0000000006184	-59192.38276429975	7572.878806961051	298.3806352868866	31.412989273485863	1.095466472775193	293	1:04
283.0000000006232	-59326.13347251981	7817.670762747187	308.0257360659255	31.222252343565568	1.1021586841361333	293	1:03
284.00000000062795	-59454.89424790366	7756.793472097032	305.62709677408304	31.602665768938778	1.0888915767534029	293	1:03
285.0000000006327	-59353.46398869378	7723.786427475338	304.3265790721345	32.006617215018885	1.0751488146208403	293	1:03
286.0000000006375	-59265.29130662419	7314.403002841382	288.1963742409258	31.96048811978584	1.0767005944895789	293	1:03
287.0000000006423	-59455.356148281746	7413.893113796629	292.1164056145036	31.266674296535673	1.1005927983381127	293	1:02
288.00000000064705	-59816.47555683387	7727.162848017466	304.4596141479672	31.047128780623773	1.1083754894664102	293	1:02
289.0000000006518	-59385.17321811849	7593.753490265397	299.20312319730164	31.336207500117844	1.0981506475734542	293	1:02
290.0000000006566	-59561.352426598634	7724.378013138396	304.34988826675783	31.249771686443605	1.101188095197466	293	1:01
291.0000000006614	-59131.446552612964	7391.022216619586	291.2152644496676	30.92782429260404	1.1126510624602735	293	1:01
292.00000000066615	-59569.206408570986	7348.6256031170105	289.54478631402344	30.880036607515272	1.1143729198292374	293	1:01
293.0000000006709	-59830.33568469182	7449.958557642507	293.53742796557367	30.942444392379585	1.1121253422119874	293	1:01
294.0000000006757	-59673.05801640707	7574.582842076086	298.447776342902	31.20255383946099	1.1028544886358247	293	1:00
295.0000000006805	-59361.13548440044	7330.17205295134	288.81769399390475	31.336148477832484	1.0981527159629672	293	1:00
296.00000000068525	-59383.140166052326	7516.359510607146	296.15370627059974	31.272096653712502	1.1004019634438322	293	1:00
297.00000000069	-59214.53145871809	7528.363018271354	296.62665907148505	31.692294705690344	1.0858120839249892	293	0:59
298.0000000006948	-59432.80801275527	7789.655388445156	306.92189624554493	31.31447998248707	1.0989125981972465	293	0:59
299.0000000006996	-59687.06901656286	7530.350708660973	296.7049764903064	31.19256075059047	1.1032078075891583	293	0:59
300.00000000070435	-59463.305000811	7553.302156196275	297.6092914372249	31.261619395681805	1.1007707605673136	293	0:58
301.0000000007091	-59489.04554694667	7362.874954521201	290.10622808970595	31.461862302262702	1.0937647691718388	293	0:58
302.0000000007139	-59428.60825563417	7384.714870602215	290.9667473454578	31.290578218837354	1.099752018581559	293	0:58
303.00000000071867	-59565.69491152244	7684.79971877856	302.79045533303594	31.197781082296068	1.1030232075792847	293	0:58
304.00000000072345	-59413.46501369585	7463.645231475779	294.07669956062176	30.99152065751249	1.110364248951719	293	0:57
305.0000000007282	-59297.213448605355	7456.948183716394	293.8128277338134	31.370768271381795	1.096940829152183	293	0:57
306.000000000733	-58953.12158998384	7398.766861709049	291.5204128853907	31.477750799708815	1.0932126878350175	293	0:57
307.00000000073777	-59270.19643906507	7715.7471802351365	304.009822953371	31.32992522797163	1.0983708485849597	293	0:56
308.00000000074255	-59441.985463366145	7726.491131783989	304.43314771141297	31.087234136503266	1.1069455844044809	293	0:56
309.0000000007473	-59149.00244764655	7555.892683776388	297.7113613745349	31.279244649079146	1.1001504973926413	293	0:56
310.0000000007521	-59072.6870802241	7513.680189167592	296.0481377472349	31.1181936197761	1.1058442845114649	293	0:56
311.00000000075687	-58969.689650986256	7505.861412453389	295.74006843533647	31.57046607068152	1.090002171070504	293	0:55
312.00000000076164	-59758.49307483592	7659.747225022076	301.8033566096668	31.4702686397602	1.0934726027496902	293	0:55
313.0000000007664	-59357.14912334827	7677.9094093532985	302.5189687615431	31.546250333615383	1.0908388855990776	293	0:55
314.0000000007712	-59239.30984531276	7523.7734070242095	296.44582280636695	31.730833682315794	1.0844933008466442	293	0:54
315.00000000077597	-59545.20723076537	7695.453918380319	303.2102437552043	31.4242696365631	1.0950732334192825	293	0:54
316.00000000078074	-59316.17554621145	7542.440934467759	297.1813460914777	31.247521605302445	1.1012673898883272	293	0:54
317.0000000007855	-59497.088288583065	7424.673033773148	292.5411475723412	31.199265909932475	1.1029707127754986	293	0:53
318.0000000007903	-59461.862615023885	7383.469087038104	290.9176619578839	30.937014137675625	1.1123205492815536	293	0:53
319.00000000079507	-59491.22238337857	7399.566754639491	291.55192963969654	31.38418782428188	1.096471788641481	293	0:53
320.00000000079984	-59609.81743862212	7269.164445203685	286.4139200499264	31.250465627381278	1.1011636424578348	293	0:53
321.0000000008046	-59637.13911622221	7537.846839723188	297.0003331711081	31.232366715784114	1.101801758153652	293	0:52
322.0000000008094	-59774.54368110749	7807.701975502452	307.6329537242367	31.089467501998115	1.106866065060101	293	0:52
323.00000000081417	-59664.74961035047	7710.5113879917135	303.80352637110076	31.27653116365509	1.100245944113485	293	0:52
324.00000000081894	-59449.153452450875	7450.935742631822	293.57593024262536	31.427893254869893	1.0949469720951868	293	0:51
325.0000000008237	-59341.61365769472	7589.585987339474	299.0389185134166	31.612415162552377	1.0885557582931644	293	0:51
326.0000000008285	-59334.460338669305	7576.927613003085	298.5401631691849	31.735733013476356	1.0843258778405331	293	0:51
327.00000000083327	-59213.95622214093	7770.643409237051	306.1728011419812	31.145145673880105	1.104887320774681	293	0:50
328.00000000083804	-59573.10511669825	7928.082377962839	312.3760879903237	31.168947479343036	1.1040435863789346	293	0:50
329.0000000008428	-59444.446820580866	7686.279811759532	302.8487727966061	31.21653751604963	1.102360456891097	293	0:50
330.0000000008476	-59299.764902309806	7667.261250418445	302.09941834899763	30.98046150671696	1.1107606176650922	293	0:50
331.00000000085237	-59445.74856214132	7463.1441714345465	294.05695718559764	31.2376335801569	1.1016159873457896	293	0:49
332.00000000085714	-59454.44956842472	7285.804814935333	287.0695708557169	31.204745470110044	1.1027770308754	293	0:49
333.0000000008619	-59706.13389444456	7440.074101385561	293.14796836736883	31.22397600677401	1.1020978414563514	293	0:49
334.0000000008667	-59726.10499044813	7357.266888974748	289.88526348652977	31.143513487229168	1.1049452263265545	293	0:48
335.00000000087147	-59735.899131632585	7510.004603861176	295.9033152158388	30.840418814630347	1.1158044501790596	293	0:48
336.00000000087624	-59429.88574525551	7421.84725859406	292.4298085935186	30.84637088174809	1.1155891463106336	293	0:48
337.000000000881	-59509.2008743225	7472.061449360728	294.408308781268	30.87988893534894	1.1143782489242844	293	0:48
338.0000000008858	-59707.059121559345	7604.462804245731	299.6250831930171	31.236004982680623	1.1016734239167536	293	0:47
339.00000000089057	-59289.22675762678	7452.994133910109	293.65703336244815	31.613013129793867	1.0885351680165805	293	0:47
340.00000000089534	-59407.22035338037	7421.5953506736405	292.41988311507845	31.47158797643992	1.09342676272045	293	0:47
341.0000000009001	-59493.34522755246	7516.827095781014	296.1721296951369	31.19786823915173	1.1030201260855828	293	0:46
342.0000000009049	-59466.57573367772	7472.5324046524875	294.4268649925489	31.512076528387507	1.092021864308141	293	0:46
343.00000000090967	-59260.8920995286	7482.821585310528	294.83227122439104	31.554196806290214	1.0905641734442961	293	0:46
344.00000000091444	-59757.247392026125	7764.537141546869	305.9322067684184	31.44067472147465	1.094501847164447	293	0:45
345.0000000009192	-59673.63037744883	7328.291350933101	288.7435920470372	31.31502604760607	1.098893435580623	293	0:45
346.000000000924	-59544.68511643031	7281.482648303687	286.89927223372115	31.089710610275283	1.106857409839552	293	0:45
347.00000000092876	-59905.75299056605	7644.004072170827	301.18305724017785	30.937507918783872	1.1123027959810938	293	0:45
348.00000000093354	-59648.2160348928	7451.380163877726	293.59344098022837	31.22896484734378	1.101921780852031	293	0:44
349.0000000009383	-59325.40673708002	7426.241276025035	292.6029382243944	31.36854512815293	1.0970185712523293	293	0:44
350.0000000009431	-59730.67370735222	7424.107355377055	292.5188591555453	31.472231209994913	1.0934044151220539	293	0:44
351.00000000094786	-59546.81942108343	7366.62760650146	290.2540871417815	31.163413223935123	1.1042396515257327	293	0:43
352.00000000095264	-59709.35958485637	7559.375247986288	297.84857863997183	31.395271587611106	1.0960846910567836	293	0:43
353.0000000009574	-59706.94808232965	7490.4156464633015	295.13148646986537	30.976170287535307	1.1109144945719047	293	0:43
354.0000000009622	-59402.957344833325	7352.441268009645	289.6951281514842	31.44874140696347	1.0942211045409582	293	0:43
355.00000000096696	-59423.60699034258	7377.494463185036	290.68225451161135	31.50242524314404	1.092356423137285	293	0:42
356.00000000097174	-59797.02432211966	7373.935922602552	290.54204368469044	30.924494555176924	1.1127708650937291	293	0:42
357.0000000009765	-59651.2925751131	7522.75577698856	296.40572694529953	31.224711716126322	1.102071874084851	293	0:42
358.0000000009813	-59423.723659154406	7115.33420239261	280.3528213916311	31.085259724853074	1.1070158931706717	292	0:41
359.00000000098606	-59470.60999076982	7507.399791869291	295.80068245533204	30.935524557136095	1.1123741087756192	292	0:41
360.00000000099084	-59593.547753128194	7460.3614581737875	293.94731489873	30.735996615971086	1.1195952741896578	292	0:41
361.0000000009956	-59810.00454623619	7278.727345382553	286.79070994757177	31.061611137329113	1.107858713658132	292	0:41
362.0000000010004	-59824.15223656921	7355.290672149608	289.80739814010326	31.240927259909764	1.1014998457779428	292	0:40
363.00000000100516	-59617.817310505925	7435.949582001723	292.98545728731943	31.30654077384239	1.099191277865575	292	0:40
364.00000000100994	-59613.209639029345	7540.609632240078	297.1091905564393	31.330025587388672	1.0983673301755108	292	0:40
365.0000000010147	-59569.33295549257	7459.465967740542	293.912031486546	31.45180789897755	1.094114420044808	292	0:39
366.0000000010195	-59477.16033073043	7587.966171757458	298.97509580943176	31.373977326826534	1.096828629672223	292	0:39
367.00000000102426	-59338.36630907538	7486.96552031167	294.995547303376	31.151029005897033	1.1046786464818292	292	0:39
368.00000000102904	-59836.03915642662	7776.992508765072	306.42296338529206	31.320042799271988	1.0987174180857258	292	0:39
369.0000000010338	-59369.0241490014	7510.425648708186	295.9199048948945	31.54851627135359	1.0907605372870388	292	0:38
370.0000000010386	-59302.452816842706	7524.905772773456	296.49043939409404	30.855271470320968	1.1152673406827935	292	0:38
371.00000000104336	-59174.768086542	7258.71358556505	286.00214346961144	30.975722923680376	1.1109305388460613	292	0:38
372.00000000104814	-59687.03081205572	7258.097810699815	285.977881191003	31.461527376301614	1.0937764129236547	292	0:37
373.0000000010529	-59649.036666639644	7380.859918827952	290.8148575570794	31.388169325647713	1.0963327042661297	292	0:37
374.0000000010577	-59683.66707934704	7467.872636504582	294.24326446021456	31.149590509673242	1.104729660830187	291	0:37
375.00000000106246	-59584.44250229385	7240.120249597288	285.26954341887995	31.100900988061454	1.1064591528058962	291	0:37
376.00000000106724	-59542.39241127926	7277.77594159004	286.75322348102975	31.51991353754923	1.0917503475304955	291	0:36
377.000000001072	-59754.973927443	7543.685301463124	297.2303756645201	31.40456394563677	1.095760368407586	291	0:36
378.0000000010768	-59588.75724131506	7379.226795465595	290.7505105103639	31.135075044417967	1.1052446962038092	291	0:36
379.00000000108156	-59561.55151762118	7611.6192634528	299.90705638961003	31.06055215464469	1.1078964851436068	291	0:35
380.00000000108633	-59866.65635730166	7638.849038654548	300.97994264997754	30.902434000086195	1.1135652472764623	291	0:35
381.0000000010911	-59289.056474279234	7370.273886674402	290.3977550152771	31.013142252848688	1.109590130474111	291	0:35
382.0000000010959	-59665.56671285094	7521.553431555071	296.3583530729026	31.085397201448494	1.107010997342091	291	0:35
383.00000000110066	-59435.14506354503	7512.842153290806	296.01511811445283	31.18074252348137	1.1036259490240132	291	0:34
384.00000000110543	-59318.54002770802	7391.496890904436	291.23396719379934	31.19471574298025	1.1031315958214571	291	0:34
385.0000000011102	-59418.101791570894	7557.2595566826185	297.7652178294595	31.218189415906114	1.1023021258631098	291	0:34
386.000000001115	-59580.73929327013	7672.470151722255	302.3046553955418	30.867379157740796	1.11482987858789	290	0:33
387.00000000111976	-59457.701997922064	7367.85258862866	290.30235292744186	30.889044588228657	1.1140479421582492	290	0:33
388.00000000112453	-59336.07329922923	7607.509117375827	299.7451116353322	30.81436798513264	1.1167477643985309	290	0:33
389.0000000011293	-59410.255443242495	7323.8270578387455	288.56769346955355	30.964975744464834	1.1113161154308948	290	0:33
390.0000000011341	-59924.10712517242	7447.96212148465	293.45876595284693	30.95050709289799	1.111835630203513	290	0:32
391.00000000113886	-59896.16603459447	7606.060569138542	299.6880370730287	31.318335431936333	1.0987773163595285	290	0:32
392.00000000114363	-59643.628229740745	7502.9759762758395	295.62637874061363	31.365821769261483	1.0971138206388136	290	0:32
393.0000000011484	-59847.57513728735	7403.987481974496	291.72611167327625	31.096964675640088	1.1065992104916655	290	0:31
394.0000000011532	-59556.46856574848	7765.894665343121	305.9856948570394	31.25319126737169	1.1010676082437865	290	0:31
395.00000000115796	-59275.016447862756	7565.9465719088985	298.1074967947035	31.121010807298767	1.1057441794493374	290	0:31
396.00000000116273	-59140.57893151179	7551.899733058437	297.5540342599379	31.235585660841256	1.1016882133217456	290	0:31
397.0000000011675	-59425.38400269288	7547.491250626169	297.3803346904185	30.877784195400462	1.1144542089220415	290	0:30
398.0000000011723	-59257.58699508116	7466.907364938414	294.2052315865241	30.81241894339911	1.1168184043571345	290	0:30
399.00000000117706	-59370.26766712079	7650.5525454492745	301.44107505173804	31.52324266226021	1.091635049332936	290	0:30
400.00000000118183	-59555.87025425842	7612.5481406579165	299.94365528121136	31.568367706461355	1.09007462402648	289	0:29
401.0000000011866	-59280.499760236824	7555.410052933585	297.6923451323427	31.7800836094401	1.0828126502640376	289	0:29
402.0000000011914	-59271.99986244796	7423.869089956304	292.5094712081844	31.57839884285317	1.089728352916115	289	0:29
403.00000000119616	-59635.424979710864	7514.372145317317	296.0754016611055	30.998208222497173	1.1101246985551851	289	0:28
404.00000000120093	-59627.09916861553	7378.589932918838	290.7254173514562	31.143515556363454	1.1049451529154444	289	0:28
405.0000000012057	-59477.62703013621	7315.376829604147	288.23474419976714	31.20936569254652	1.10261377618991	289	0:28
406.0000000012105	-59712.04841632387	7543.632091506551	297.22827912751603	30.591902106473615	1.1248688113273144	289	0:28
407.00000000121526	-59473.858926073444	7521.990203432013	296.3755624160651	31.32877752283295	1.0984110865376273	289	0:27
408.00000000122003	-59460.307945034525	7634.379151064451	300.8038236425575	31.04694935721758	1.1083818948785285	289	0:27
409.0000000012248	-59435.71803302644	7666.172872734885	302.05653494455777	31.202237402552907	1.1028656732140314	289	0:27
410.0000000012296	-59676.58436188102	7327.472799117462	288.7113401099613	30.860029119638824	1.1150954014120282	289	0:26
411.00000000123435	-59412.922431207495	7230.540997852987	284.8921092496694	31.374966508192124	1.0967940491590793	289	0:26
412.00000000123913	-59301.76672001343	7428.75884542952	292.70213352085136	31.56787447364799	1.0900916559167342	289	0:26
413.0000000012439	-59256.5817859722	7587.087594277467	298.94047878817594	31.461788638420717	1.0937673300852073	289	0:26
414.0000000012487	-59357.43017882726	7382.224453150911	290.86862186897895	31.68043898718762	1.0862184255927634	289	0:25
415.00000000125345	-59390.244925511564	7411.632983949265	292.0273537497005	31.749004634928813	1.0838726112658081	289	0:25
416.00000000125823	-59360.14080978112	7331.794005205209	288.8816008853592	31.333322013572293	1.098251776298879	289	0:25
417.000000001263	-59296.213117247884	7406.339472362508	291.81878295510353	31.075737760995306	1.1073550955865827	289	0:24
418.0000000012678	-59576.279908570315	7726.985237764702	304.452616087995	31.316257087519865	1.0988502381551954	288	0:24
419.00000000127255	-59369.42863561536	7393.617539662889	291.3175233340595	31.263182750361036	1.1007157151442983	288	0:24
420.00000000127733	-59461.75259112692	7332.87442060003	288.92417056593877	31.13140875149091	1.1053748589871484	288	0:23
421.0000000012821	-59319.179291923385	7536.228861459859	296.9365828597141	31.2216941341101	1.102178389517791	288	0:23
422.0000000012869	-59228.00971288275	7623.466504380009	300.3738520910028	31.463734275449788	1.093699694304916	288	0:23
423.00000000129165	-59313.26010458832	7543.316102344326	297.21582877021183	31.03942279112342	1.1086506598502717	288	0:23
424.0000000012964	-59327.76489194337	7449.166397513212	293.50621589303785	30.821165418218204	1.116501472017988	288	0:22
425.0000000013012	-59292.66273919624	7435.084006140942	292.9513525456733	30.97336721948943	1.1110150315558034	288	0:22
426.000000001306	-59113.57482509734	7476.577816952022	294.5862591572651	31.06145103692832	1.1078644239072724	288	0:22
427.00000000131075	-59583.520080357266	7655.857695169234	301.65010440293776	30.910287067899308	1.1132823348796288	287	0:21
428.0000000013155	-59211.548723830376	7663.661803343344	301.9575957565163	31.167399436802192	1.1040984227294015	287	0:21
429.0000000013203	-59146.7669443019	7744.609786013053	305.147044724322	31.212448417611416	1.1025048755654128	287	0:21
430.0000000013251	-58940.02906758399	7507.893180265479	295.82012255821104	31.42013071217039	1.095217485693696	287	0:21
431.00000000132985	-59219.37466478889	7842.490359072575	309.00365834725477	31.08606345828097	1.1069872711587614	287	0:20
432.0000000013346	-58950.554008717445	7656.543362083896	301.6771205132978	31.36368035844405	1.0971887280277623	287	0:20
433.0000000013394	-59162.462217724766	7532.3866045793075	296.78519326558774	31.298139774948528	1.0994863211101857	287	0:20
434.0000000013442	-59096.5132495242	7285.047469630103	287.0397305295917	31.14430616124176	1.1049171036462253	286	0:19
435.00000000134895	-59238.56778480671	7668.464513781749	302.1468283889457	31.244043710236365	1.1013899762109318	286	0:19
436.0000000013537	-59081.095867546275	7565.073076435685	298.0730800106955	31.258402599045663	1.1008840406899472	286	0:19
437.0000000013585	-59384.92449187269	7797.184849627246	307.21856617360646	31.137492042082712	1.1051589033645501	286	0:19
438.0000000013633	-59270.04754373824	7558.3123526507325	297.8066992710356	31.229213110074248	1.101913020909566	286	0:18
439.00000000136805	-59412.803211288905	7581.434265526824	298.71773075970464	31.232616217213625	1.101792956421777	286	0:18
440.0000000013728	-59284.70964471719	7388.379526287716	291.1111392364969	31.291759936173083	1.0997104870081347	286	0:18
441.0000000013776	-59229.708484213654	7592.911274685572	299.1699388791364	31.488756131586836	1.092830609597547	286	0:17
442.0000000013824	-59397.09735225336	7765.768958198944	305.9807418426712	31.07370087519897	1.107427682880731	286	0:17
443.00000000138715	-59140.29210048908	7230.506575552146	284.89075296915115	31.333846666250608	1.0982333872149583	286	0:17
444.0000000013919	-59602.15021788853	7729.572759381681	304.5545675867016	31.189034210242664	1.1033325471633064	286	0:16
445.0000000013967	-59284.95075837569	7565.029018336831	298.0713440680163	31.20769112652362	1.1026729410784144	286	0:16
446.0000000014015	-59737.77643155315	7536.30454069972	296.9395647138073	31.38001069411358	1.096617744786355	286	0:16
447.00000000140625	-59381.1309200206	7508.187970239893	295.8317376417327	31.263312733697163	1.1007111387034714	285	0:16
448.000000001411	-59573.9737147135	7411.312131129493	292.0147117583736	31.284554676262406	1.0999637653420407	285	0:15
449.0000000014158	-59204.82255044079	7464.780328873838	294.1214237786344	30.990052073636722	1.1104168678704727	285	0:15
450.0000000014206	-59254.48282237747	7541.54265967651	297.14595297220205	31.038936868537952	1.1086680160631244	285	0:15
451.00000000142535	-59210.64362690356	7283.672439291572	286.9855526619131	31.206820598607923	1.1027037006226001	285	0:14
452.0000000014301	-59278.31943447309	7338.688725819502	289.15326126306485	31.1788097287057	1.1036943635172902	285	0:14
453.0000000014349	-59078.100262380874	7462.6760393976765	294.03851221399304	31.362266495375117	1.0972381911181432	285	0:14
454.0000000014397	-59054.46784921558	7568.7774251394385	298.21903585492925	31.4397943004296	1.0945324969343175	285	0:13
455.00000000144445	-58954.5787669697	7724.795904248103	304.3663536847281	31.42532207311573	1.0950365593290068	285	0:13
456.0000000014492	-59244.91302867519	7713.478681780117	303.9204413552482	31.125270288028837	1.1055928588027641	285	0:13
457.000000001454	-59416.31488949136	7524.102421015206	296.45878635776586	31.165580769884265	1.1041628523734497	285	0:13
458.0000000014588	-59704.14389680064	7516.95915252748	296.17733289155785	30.80654553568262	1.11703133085441	285	0:12
459.00000000146355	-59510.063598098524	7508.744891820177	295.85368102933546	31.103967653995443	1.1063500625242637	285	0:12
460.0000000014683	-59203.62723237765	7547.3792759369335	297.37592275147676	31.373390008817967	1.0968491625890142	285	0:12
461.0000000014731	-59471.85122417874	7418.830881107391	292.3109596519629	31.19660121062031	1.1030649244904167	285	0:11
462.0000000014779	-59301.16773150925	7503.373015158641	295.6420225554829	31.09746589373967	1.1065813747118896	285	0:11
463.00000000148265	-59231.12920931488	7507.155408182258	295.7910534408384	30.894440328157867	1.1138533727502682	285	0:11
464.0000000014874	-59369.214875949896	7616.862914695041	300.11366262599194	31.089280500131128	1.1068727228539557	285	0:10
465.0000000014922	-59622.41331004622	7658.667152522659	301.76080043958314	30.828821284917282	1.1162242059376508	285	0:10
466.00000000149697	-59359.015097777505	7493.443158776279	295.2507741371201	31.005561478915403	1.1098614221887746	285	0:10
467.00000000150175	-59373.399455796956	7647.287062453361	301.3124110501507	31.30909164006524	1.099101722731386	285	0:10
468.0000000015065	-59503.07920368697	7714.379444290385	303.95593249367886	31.29309448524363	1.0996635879196155	285	0:09
469.0000000015113	-59080.4287901558	7452.257396946624	293.62800503005207	31.456564361228658	1.0939489819544441	284	0:09
470.00000000151607	-59343.151597790915	7432.505918800634	292.84977276894176	31.230274125127046	1.1018755845970516	284	0:09
471.00000000152085	-59078.306483944645	7500.6848706765795	295.53610639351245	31.24099810011177	1.1014973480833643	284	0:08
472.0000000015256	-58963.21210289182	7762.848858093902	305.86568634704605	31.19831819709757	1.1030042177706851	284	0:08
473.0000000015304	-59231.50133098918	7652.414361220879	301.5144328575182	30.91256461862324	1.1132003113717437	284	0:08
474.00000000153517	-59051.263983674726	7305.232286650955	287.8350368694073	30.991591126056612	1.1103617242103543	284	0:07
475.00000000153995	-59005.8380981934	7551.193707032107	297.52621597581697	31.40908231307353	1.0956027373148418	284	0:07
476.0000000015447	-59327.83403252915	7412.513086229894	292.06203084995605	31.187156797904407	1.1033989658545216	284	0:07
477.0000000015495	-59127.40281043938	7558.6889448600805	297.82153746210315	31.26503036837751	1.1006506679601966	284	0:06
478.00000000155427	-59199.013090386085	7804.149370283529	307.49297675785874	31.228907238476783	1.101923813598961	284	0:06
479.00000000155904	-59022.91679853224	7592.970871631246	299.172287071279	30.99924197993205	1.1100876783060605	284	0:06
480.0000000015638	-59083.86303500374	7599.451224264277	299.42762084656	31.74679236856355	1.0839481406262013	284	0:06
481.0000000015686	-59024.660559048556	7571.137288231153	298.3120173308574	31.7258805458252	1.0846626150863066	284	0:05
482.00000000157337	-59086.78219741257	7530.755462755615	296.7209242939056	31.427121925680208	1.0949738458433695	284	0:05
483.00000000157814	-59119.708503743226	7225.942137985105	284.7109085776458	31.585603905665483	1.0894797725421392	284	0:05
484.0000000015829	-59503.67948288465	7558.62693081599	297.8190940333432	31.37966124728522	1.0966299568236304	284	0:04
485.0000000015877	-59548.99810943651	7408.55871499024	291.90622381372515	31.651418136674224	1.087214367778289	283	0:04
486.00000000159247	-59782.557946344634	7408.997874522422	291.92352723340804	31.441332768107934	1.0944789399530712	283	0:04
487.00000000159724	-59374.815403403074	7381.704562301786	290.84813753722136	31.410993373784393	1.0955360802906244	284	0:03
488.000000001602	-59530.1970103831	7520.562844796069	296.3193227498257	31.32948230067082	1.098386377039295	284	0:03
489.0000000016068	-59024.86201235585	7439.299079074177	293.11743154570206	31.26647990899025	1.1005996408587035	283	0:03
490.00000000161157	-59317.98188391267	7627.68776765791	300.5401749981402	31.177643833119223	1.1037356364368902	283	0:03
491.00000000161634	-59438.74251435939	7890.941135472357	310.91267786424754	31.258389241426848	1.100884511129715	283	0:02
492.0000000016211	-59475.2141746837	7498.064666594204	295.43286716592024	30.91127903230199	1.1132466088766646	283	0:02
493.0000000016259	-59471.79172073558	7549.376106888046	297.45460031953786	31.162700889696016	1.1042648928459493	283	0:02
494.00000000163067	-59354.32215217737	7458.484950314774	293.873378206837	31.2121532155481	1.1025153029688615	283	0:01
495.00000000163544	-59349.25686170347	7647.945832937628	301.3383674084412	31.23858409489113	1.101582467829532	283	0:01
496.0000000016402	-59383.82621067471	7451.867156111423	293.6126290665261	31.411823418501715	1.095507131193211	283	0:01
497.000000001645	-59149.307280513836	7219.236365893043	284.44669300151924	31.603714968152662	1.0888554270732946	283	0:00
498.00000000164977	-59465.10838584814	7607.3582768187	299.73916833392593	31.479186589464756	1.0931628255689196	283	0:00
499.00000000165454	-59553.47687601138	7706.4630236331495	303.64401589166846	31.49816626051523	1.0925041246571807	283	0:00
500.0000000016593	-59070.21761670659	7541.48562315657	297.1437056639474	31.404409316837032	1.095765763704433	283	0:00
