#"Time (ps)"	"Potential Energy (kJ/mole)"	"Kinetic Energy (kJ/mole)"	"Temperature (K)"	"Box Volume (nm^3)"	"Density (g/mL)"	"Speed (ns/day)"	"Time Remaining"
100.99999999994601	-62167.423785463005	7558.249809420934	297.80458790509135	30.111779475247687	1.1442576828588666	0	--
101.99999999994368	-61803.004087287816	7663.595878268056	301.9553560606152	30.016156699297074	1.1479029562072811	135	4:14
102.99999999994135	-62085.605194003205	7561.04507627218	297.91472494921004	29.840994098617205	1.1546409913569444	135	4:13
103.99999999993902	-62396.48517299519	7680.929979132878	302.638341526155	30.055501446219328	1.1464002712035355	135	4:12
104.99999999993669	-62401.89043001548	7542.5292726741645	297.1851789035943	30.1906465285284	1.1412685374771794	135	4:12
105.99999999993436	-62013.763190832105	7323.138755673539	288.5409154625766	30.427233537951007	1.132394601899268	135	4:11
106.99999999993203	-62242.031877502304	7329.708993407026	288.79979112691643	30.343366897480124	1.135524450055853	135	4:10
107.9999999999297	-62052.17353817186	7396.932396146265	291.44847809216907	30.216205148699256	1.1403031863048936	135	4:10
108.99999999992737	-62190.298005993565	7709.804959363604	303.776052213841	29.666574785628644	1.16142949626242	135	4:09
109.99999999992504	-61823.51216954971	7464.360411829997	294.1052270658433	30.175639609376496	1.1418361120139329	135	4:09
110.99999999992271	-61914.51346117561	7634.163593854932	300.7956868843158	30.021274777299464	1.1477072597582587	135	4:08
111.99999999992038	-61724.74000451763	7323.466795497193	288.5538406459145	30.170987158658868	1.1420121863402657	135	4:07
112.99999999991805	-61790.617986283585	7345.582424002737	289.4252243391534	30.28820522181094	1.1375924970388185	135	4:07
113.99999999991572	-62122.49052445579	7344.699292584518	289.39042784595716	30.05066855109917	1.1465846408879246	135	4:06
114.99999999991338	-62123.76044289238	7403.738155093833	291.71663358978645	29.628731963425267	1.1629129134394722	135	4:05
115.99999999991105	-62129.7562732682	7480.038088399656	294.72294732223344	29.5584641588189	1.1656774460260344	135	4:05
116.99999999990872	-62114.321744634595	7300.962716117569	287.667151497657	29.798347957145854	1.1562934649483274	135	4:04
117.9999999999064	-61862.93286115254	7436.5554362833645	293.0096759140336	30.13719292201408	1.1432927777402768	135	4:04
118.99999999990406	-62373.344698304776	7534.136445813756	296.85449092588186	30.043955348745328	1.1468408406665735	135	4:03
119.99999999990173	-61929.8276452233	7378.538355285048	290.723729652159	30.364108681614262	1.1347487710043431	135	4:02
120.9999999998994	-62097.23943117392	7777.815020292846	306.4557345052609	30.156497083528965	1.1425609185863717	135	4:02
121.99999999989707	-61794.1620905099	7245.138113525496	285.46759165389847	30.207114805651674	1.1406463421212785	135	4:01
122.99999999989474	-61862.5700272542	7794.693119115828	307.12075291446126	30.318712592334084	1.1364478258821586	135	4:01
123.99999999989241	-61868.996573634184	7713.3097991412	303.91414732738696	30.252238960517126	1.1389449572335095	135	4:00
124.99999999989008	-61614.326908207266	7452.211358162908	293.62653900815894	30.29124153075768	1.1374784679630214	135	3:59
125.99999999988775	-61892.67618412615	7690.6489532124015	303.02128137910944	30.324573546845752	1.1362281799569787	135	3:59
126.99999999988542	-61496.14625461871	7408.083223164758	291.88783475922503	30.6176086050884	1.1253535654439661	135	3:58
127.99999999988309	-61801.65737868418	7486.43654713172	294.9750546769751	30.187127521263648	1.1414015786972025	135	3:57
128.99999999988785	-61825.067900886555	7706.495387535788	303.6456509041229	30.233135582504882	1.1396646211265846	135	3:57
129.99999999989262	-61763.37304371048	7410.863743924185	291.99739078870294	30.545889135695017	1.1279958116799509	135	3:56
130.9999999998974	-61923.55614613436	7593.785206420499	299.2047274249983	30.260204041409644	1.138645164518825	135	3:55
131.99999999990217	-61849.465055977606	7643.439538880388	301.16117083303277	30.17941494273032	1.1416932725332316	135	3:55
132.99999999990695	-61920.34872705111	7302.424838566763	287.7247609686891	29.97402380597025	1.149516502427051	135	3:54
133.99999999991172	-62274.58626854178	7284.14337378622	287.0044481684314	30.03974051998304	1.1470017521018034	135	3:53
134.9999999999165	-61882.886863484775	7405.561911188484	291.7884918831615	30.212835137986854	1.1404303784050616	135	3:53
135.99999999992127	-61693.538139344106	7430.127524664507	292.7564080783558	30.365193544928285	1.1347082296091278	135	3:52
136.99999999992605	-61917.00172947958	7653.192553027549	301.54545190764185	30.324147303396746	1.136244151051349	135	3:52
137.99999999993082	-62049.95899310973	7130.212154406101	280.9393637230766	29.955793290622136	1.150216075896433	135	3:51
138.9999999999356	-62248.87503248881	7620.021813198757	300.2384828666202	30.1019144299781	1.1446326807304383	135	3:50
139.99999999994037	-61603.5295684147	7600.450312064617	299.46734100482684	30.387148045506784	1.1338884109000449	135	3:50
140.99999999994515	-62151.080590338446	7463.028572929747	294.0527509311763	30.291594766428585	1.1374652036244195	135	3:49
141.99999999994992	-62176.83621860537	7288.710188303568	287.1843864279055	29.97329413311441	1.149544486371206	135	3:48
142.9999999999547	-62356.3335085485	7430.130468402198	292.7565240653385	29.904525231345392	1.1521879963835142	135	3:48
143.99999999995947	-62274.521301319444	7542.798240779744	297.1957765866376	30.02520970030501	1.1475568481626317	135	3:47
144.99999999996425	-61918.7652683951	7650.406811582394	301.4356901765529	30.104482480279586	1.144535038317792	135	3:46
145.99999999996902	-62014.43829838329	7623.536166809965	300.3769528372256	29.956327206404907	1.1501955754354691	135	3:46
146.9999999999738	-61819.13698669162	7367.465083590669	290.2874287628188	30.014485831629166	1.147966858482542	135	3:45
147.99999999997857	-62069.26537975535	7567.988961534531	298.1883227980714	30.147552892370776	1.1428998941344766	135	3:45
148.99999999998334	-62303.4760299146	7422.101316575929	292.4401653432612	29.668318703851547	1.1613612268709737	135	3:44
149.99999999998812	-62057.344572712085	7365.226578496589	290.19922883507434	30.26913851042909	1.138309073356434	135	3:43
150.9999999999929	-62234.3927321473	7412.7550480710415	292.0719105606422	30.059530456696294	1.1462466141558936	135	3:43
151.99999999999767	-61972.94593302303	7510.592700503479	295.92683762694884	30.020014876348505	1.1477554275381197	135	3:42
153.00000000000244	-61968.61763294588	7435.302590509447	292.9603122083057	30.153152268839314	1.1426876600464428	135	3:41
154.00000000000722	-62255.02879082784	7436.944754842551	293.0250155569411	30.01644963017921	1.147891753808939	135	3:41
155.000000000012	-62327.93602027098	7447.66484060675	293.447400474589	29.807953921145643	1.1559208357693216	135	3:40
156.00000000001677	-62220.64371777102	7430.288505318518	292.76275091942847	30.23165344107757	1.1397204944896313	135	3:39
157.00000000002154	-62086.39283909713	7525.474325720121	296.51319245468636	30.17490911808527	1.141863754229277	135	3:39
158.00000000002632	-62179.03720829406	7499.6744365896175	295.4966442399224	30.23863742476173	1.1394572620818277	135	3:38
159.0000000000311	-62267.91393037548	7592.877027195858	299.16894401659584	30.075171825317227	1.145650479047285	135	3:37
160.00000000003587	-62164.589731934015	7201.3449687465445	283.7420864426645	30.13722531211971	1.1432915489817084	135	3:37
161.00000000004064	-62402.87566021635	7508.22157507182	295.8334122904157	30.262009192563315	1.138577243495496	135	3:36
162.00000000004542	-62012.071091234044	7566.265848121824	298.120429953468	30.15525656269013	1.1426079210261022	135	3:35
163.0000000000502	-61841.45116789252	7635.968438461733	300.866800041186	30.320051447923294	1.1363976432653466	135	3:35
164.00000000005497	-61722.32726104505	7528.380738457906	296.6277087871022	30.0955381347463	1.1448751922905116	135	3:34
165.00000000005974	-62007.94082379129	7771.135831296229	306.19256602355784	30.143968432977356	1.1430357978815355	135	3:34
166.00000000006452	-62086.21528473351	7489.718885058905	295.1043829366143	30.392140450835978	1.1337021512137802	135	3:33
167.0000000000693	-62134.954518632876	7527.270527977456	296.58396509207296	30.516538154495958	1.1290807245129078	135	3:32
168.00000000007407	-62537.00384850026	7366.746560187601	290.25911803330524	30.34650108372668	1.1354071731050712	135	3:32
169.00000000007884	-62607.57360998704	7685.639314375286	302.8238952821878	30.35763944894017	1.1349905867040986	135	3:31
170.00000000008362	-62371.53233336285	7466.707667290511	294.19771189536755	30.39502665234083	1.1335944989688151	135	3:30
171.0000000000884	-62146.77030966099	7675.669037421016	302.43105377859456	30.256235990033236	1.1387944958009377	135	3:30
172.00000000009317	-62181.05806168687	7515.643612354639	296.1258499327481	29.873895453305966	1.1533693375529	135	3:29
173.00000000009794	-62052.96916944135	7538.05375163488	297.00883772245163	30.181630342123896	1.1416094696851102	135	3:28
174.00000000010272	-61906.909478985384	7414.323623457747	292.1337144118531	30.45012032556412	1.1315434763710008	135	3:28
175.0000000001075	-62084.06777690482	7488.627494497786	295.0613807701746	30.41703943497241	1.1327741177035215	135	3:27
176.00000000011227	-62013.380269350426	7497.5071558677955	295.41125064239503	30.2891182618655	1.1375582052675433	135	3:27
177.00000000011704	-62042.0900530036	7486.471700415947	294.9764397607692	30.01574629333557	1.1479186515097348	135	3:26
178.00000000012182	-62054.65789454433	7497.99028296008	295.4302864599787	30.261842753080668	1.1385835056457856	135	3:25
179.0000000001266	-61708.59465555736	7401.590150070734	291.6319994791324	30.25785895951898	1.1387334132002263	135	3:25
180.00000000013137	-62018.82915662686	7436.06814856297	292.990476162448	30.256300775919108	1.1387920573729629	135	3:24
181.00000000013614	-62001.124953131366	7483.546490145781	294.86118278183784	30.13287825563571	1.143456483539202	135	3:23
182.00000000014091	-62076.618084900256	7445.470128089018	293.3609260296588	29.9129798841032	1.1518623401146009	135	3:23
183.0000000001457	-62214.294307501026	7745.686946876019	305.18984783766797	30.31408273901608	1.1366213949385835	135	3:22
184.00000000015046	-62192.25415107771	7431.15626189304	292.7969416243659	30.481773262713585	1.130368456983816	135	3:21
185.00000000015524	-62424.408049930295	7419.594224873947	292.34138276396374	30.360222806528693	1.134894010122176	135	3:21
186.00000000016001	-62301.214759482915	7297.925214824277	287.5474701106006	30.291911694125666	1.1374533029483864	135	3:20
187.0000000001648	-61977.95945158758	7627.362719782927	300.5277238569648	30.443719866775034	1.1317813709982099	135	3:19
188.00000000016956	-61858.13863008775	7580.179667842211	298.66865202239865	30.425058231849295	1.1324755649287646	135	3:19
189.00000000017434	-61833.58550894179	7756.10700022122	305.6004110990924	30.265308472130226	1.1384531249973058	135	3:18
190.0000000001791	-61968.90480293904	7519.777355253422	296.2887246235189	29.981474429616526	1.1492308388632104	135	3:18
191.0000000001839	-62329.63414999857	7589.520663396596	299.03669904410856	30.324148388387492	1.1362441103968062	135	3:17
192.00000000018866	-62161.370375719416	7500.529267543659	295.530325659089	30.50729673337866	1.1294227512267736	135	3:16
193.00000000019344	-62141.589313428354	7568.294287884573	298.20035304186376	30.10247990171746	1.1446111789327453	135	3:16
194.0000000001982	-61922.321700548404	7357.2908998474395	289.886553074224	30.21094995506121	1.1405015420023816	135	3:15
195.000000000203	-61869.71033174326	7471.101332764483	294.3708278638604	30.479419298653635	1.1304557567678495	135	3:14
196.00000000020776	-61644.85044818191	7629.8592776072965	300.62609138818095	30.48689838173343	1.1301784319833788	135	3:14
197.00000000021254	-62000.67188779509	7374.881879305993	290.5796598807722	30.15968258763521	1.1424402398462286	135	3:13
198.0000000002173	-62045.72605502294	7521.03305145673	296.3382006397646	30.228689045024517	1.1398322619212398	135	3:12
199.0000000002221	-62013.770680356276	7644.617580478058	301.20758715974534	30.034976316249523	1.1471836916502878	135	3:12
200.00000000022686	-61870.85158226671	7479.67021935791	294.70845281740196	30.221831401565705	1.1400909015500316	135	3:11
201.00000000023164	-61953.69517560428	7475.385606481861	294.5396336589912	30.39852621809269	1.1334639963103437	135	3:11
202.0000000002364	-62173.67621505709	7577.341727753561	298.55683359883363	30.16218010394303	1.1423456424689868	135	3:10
203.0000000002412	-62000.58872666923	7471.643738647461	294.3921993406613	30.369570002665	1.1345447105797195	135	3:09
204.00000000024596	-62043.61757290547	7477.3867794660855	294.6184824018775	30.237364386650714	1.1395052349309807	135	3:09
205.00000000025074	-62339.56584559509	7689.642339769578	302.98161953819675	30.518704710105467	1.129000569860195	135	3:08
206.0000000002555	-61914.23845916291	7297.233122382638	287.5202007943473	30.27873069837993	1.1379484613252842	135	3:07
207.0000000002603	-62290.068977260235	7286.872504931838	287.11197938222466	30.555074575544705	1.1276567145635856	135	3:07
208.00000000026506	-62122.033147260285	7340.76879856751	289.23556141781404	30.623633218876105	1.12513217366599	135	3:06
209.00000000026984	-62011.72277206223	7360.192474025587	290.0008787612796	30.43000922769708	1.132291309913338	135	3:05
210.0000000002746	-62251.01722596644	7555.432169301268	297.69356932594144	30.348579004608407	1.1353294335089636	135	3:05
211.00000000027939	-62277.776633965055	7704.592840260753	303.57068813873434	30.455805237909665	1.1313322612864516	135	3:04
212.00000000028416	-62161.161237298424	7454.9499253111135	293.734442012371	30.357459431869994	1.134997317098668	135	3:04
213.00000000028894	-61837.650990837225	7214.745232394129	284.27007375375	30.1965363350317	1.1410459341037507	135	3:03
214.0000000002937	-62052.998724756646	7296.9181988210885	287.50779240830116	30.471880163226785	1.1307354460748	135	3:02
215.00000000029848	-62227.732441279775	7439.276064903305	293.1168721175772	30.21919289802261	1.1401904453695286	135	3:02
216.00000000030326	-62302.23534744623	7489.55672197702	295.09799350639014	30.263078924935957	1.1385369973282389	135	3:01
217.00000000030803	-62148.982836568524	7494.239357158575	295.2824952463055	30.02500382009635	1.1475647169124497	135	3:00
218.0000000003128	-62376.29167343769	7671.429162484777	302.2639973515125	30.096466489362907	1.1448398775079414	135	3:00
219.00000000031758	-62162.4768803849	7335.747207136066	289.03770437358077	30.096979978745853	1.1448203452119208	135	2:59
220.00000000032236	-62508.98938917744	7348.946826089821	289.5577860303325	30.10716436453264	1.1444330854915752	135	2:58
221.00000000032713	-62421.35670521695	7578.913363575013	298.6187580350386	30.13151664608917	1.1435081550591697	135	2:58
222.0000000003319	-62219.39804741609	7535.262386739292	296.89885442031374	29.721801836311666	1.1592714061840292	135	2:57
223.00000000033668	-61989.61397050679	7497.529665038307	295.4121375321404	29.96603739890814	1.149822866147779	135	2:56
224.00000000034146	-62293.87778407958	7655.108232044711	301.6209320802544	29.650787818307716	1.1620478761049866	135	2:56
225.00000000034623	-62180.81530130276	7522.015793125843	296.3769219026451	29.80358139728201	1.1560904224834647	135	2:55
226.000000000351	-62377.9929922946	7400.702142980466	291.5970108782999	30.073506368052428	1.1457139246558516	135	2:55
227.00000000035578	-62421.34530028072	7601.345658690781	299.5026187926428	30.002543796238744	1.1484237884330197	135	2:54
228.00000000036056	-62174.11212876745	7378.392654057501	290.7179888397857	30.72470605275214	1.1214309080759377	135	2:53
229.00000000036533	-62239.8122792817	7415.8790887662235	292.19500170942484	30.73227768115279	1.1211546168683335	135	2:53
230.0000000003701	-62237.1799609735	7489.081176868868	295.07925642855673	30.673085797835807	1.1233181831198467	135	2:52
231.00000000037488	-62413.40171593352	7528.602064066329	296.63642929558915	30.063379704145234	1.1460998513202176	135	2:51
232.00000000037966	-62159.57514047527	7574.116933003512	298.42977261304566	30.001973295741806	1.148445626208007	135	2:51
233.00000000038443	-62419.948538401135	7467.880402062251	294.24391912643637	29.898258974416624	1.152429478873239	135	2:50
234.0000000003892	-62281.17853942749	7412.149835124108	292.0480644062016	30.10009640167181	1.1447018158782496	135	2:49
235.00000000039398	-62119.18111521739	7588.751510380543	299.00639344390254	30.06826051214295	1.1459138115152792	135	2:49
236.00000000039876	-62004.661654601194	7437.949496924313	293.0646036638646	30.20452781551962	1.1407440374353472	135	2:48
237.00000000040353	-62364.01080880937	7551.8445229093895	297.5522115272152	30.129495886913396	1.1435848491600462	135	2:48
238.0000000004083	-62140.71896780387	7391.292601862199	291.22626307480596	30.116614375788934	1.1440739845181052	135	2:47
239.00000000041308	-62103.850516428036	7498.494713225584	295.4501616494912	30.46910525976047	1.1308384251968338	135	2:46
240.00000000041786	-62222.854422081145	7337.924451218457	289.12349054009735	30.237341182517458	1.1395061093872088	135	2:46
241.00000000042263	-62241.36317672167	7367.630741393648	290.29395588946767	30.84123519094289	1.1171937438881385	135	2:45
242.0000000004274	-61759.26814658259	7278.225348472688	286.7712704971256	30.354965044822173	1.1350905842990384	135	2:44
243.00000000043218	-62383.25300022983	7684.0168253667725	302.7599671661895	29.694315774888867	1.1603444669448035	135	2:44
244.00000000043696	-61794.348145595985	7157.660300272593	282.02085533484376	29.803801136328886	1.1560818987986377	135	2:43
245.00000000044173	-62248.9097204197	7601.350239284713	299.5027992738286	29.872343886446384	1.1534292434527453	135	2:42
246.0000000004465	-61878.85831144749	7535.481677635032	296.90749475855125	29.77860242909726	1.1570601773922344	135	2:42
247.00000000045128	-61794.27288971809	7846.996200389467	309.18156037089744	30.12548633773739	1.1437370544933725	135	2:41
248.00000000045605	-61836.50640711613	7671.600900501754	302.2707640462716	29.74738512972499	1.1582744116448205	135	2:41
249.00000000046083	-62083.51525620447	7582.165628772218	298.7469013911373	29.85212275798775	1.1542105493950021	135	2:40
250.0000000004656	-61975.48072117526	7617.335959659683	300.13265684518063	30.356314243397048	1.1350401347422705	135	2:39
251.00000000047038	-61835.324103115156	7434.8155827060855	292.94112348580467	30.157547886838024	1.1425211074320112	135	2:39
252.00000000047515	-61756.78902827675	7528.16893480268	296.6193634555967	30.47813777936964	1.1305032892274272	135	2:38
253.00000000047993	-61565.22321035626	7672.141801109804	302.2920762133393	30.201332333631917	1.140864734988351	135	2:37
254.0000000004847	-61960.801882523374	7528.528287354538	296.633522399971	30.170810954842363	1.1420188559291615	135	2:37
255.00000000048948	-62043.50731806172	7692.867493205473	303.10869465666	30.119294937741422	1.1439721640339249	135	2:36
256.00000000049425	-61885.73391219208	7677.80300253562	302.5151346991228	30.120158133847585	1.1439393796005508	135	2:35
257.000000000499	-61941.06016283008	7348.841270249908	289.55362699693205	30.567018346308732	1.1272160934618913	135	2:35
258.0000000005038	-62295.54947894279	7344.914875034258	289.39892206673886	30.22299854083752	1.1400468739905938	135	2:34
259.0000000005086	-62278.34531754514	7449.344771081303	293.51359185689284	30.18114388555072	1.141627870029134	135	2:34
260.00000000051335	-62086.36924880772	7560.598305957696	297.89712163458717	30.17818571964542	1.1417397761812478	135	2:33
261.0000000005181	-61852.5927237267	7322.366138557586	288.51047337245967	30.583902054222634	1.1265938188010545	135	2:32
262.0000000005229	-62285.049419339164	7671.099475877692	302.2510072828278	30.248773264165425	1.1390754497116211	135	2:32
263.0000000005277	-62091.3813503432	7237.076021964553	285.14993506467493	30.37243051592162	1.134437857748724	135	2:31
264.00000000053245	-62243.1400982856	7434.181363019019	292.91613442916974	30.68794432193069	1.1227742936329845	135	2:30
265.0000000005372	-62000.372859622905	7491.70106277744	295.18248324204313	30.293854980867266	1.137380337724112	135	2:30
266.000000000542	-61997.82258058846	7782.424645926796	306.6373595767959	30.41380850675943	1.1328944548804656	135	2:29
267.0000000005468	-61949.8937207493	7657.861684874817	301.7294215991327	30.617661516313962	1.1253516206894227	135	2:28
268.00000000055155	-61981.95122097642	7544.130561327366	297.2482716988191	30.110507892859943	1.1443060054551422	135	2:28
269.0000000005563	-62241.84772944747	7521.400828056201	296.3526915022537	30.126115183870684	1.1437131803688847	135	2:27
270.0000000005611	-61870.42611835795	7535.184361561265	296.89578012976045	30.421933721035806	1.132591876803647	135	2:26
271.0000000005659	-61801.569061920745	7432.893174089953	292.8653781584937	30.203936117765775	1.1407663847109482	135	2:26
272.00000000057065	-62021.46114237033	7628.365661182547	300.5672410147378	30.49577187055446	1.1298495789960026	135	2:25
273.0000000005754	-62161.64011615759	7664.088683867658	301.9747732236102	30.46039433474832	1.1311618172256594	135	2:25
274.0000000005802	-61984.442483252584	7702.921378023673	303.50483041568157	30.230216734087236	1.1397746603070935	135	2:24
275.000000000585	-61833.11869657994	7751.5742014303705	305.4218131022013	30.135098527520157	1.1433722367835735	135	2:23
276.00000000058975	-62010.04643061204	7733.529616368694	304.7108336620255	30.25475528279541	1.1388502298908874	135	2:23
277.0000000005945	-62164.364218479226	7848.139539600523	309.22660937975127	30.028053906110404	1.1474481535445997	135	2:22
278.0000000005993	-61945.625562710426	7565.096233871058	298.07434567486644	30.338735970083718	1.1356977773589494	135	2:21
279.0000000006041	-61812.37334717816	7540.678387694151	297.11225169787457	30.165209638281908	1.142230915092906	135	2:21
280.00000000060885	-61817.031961159635	7494.762822433897	295.30312043924437	29.95790732523544	1.1501349087918413	135	2:20
281.0000000006136	-61590.69529683504	7552.11035171959	297.56268551805584	30.189418399164087	1.1413149651819108	135	2:19
282.0000000006184	-61751.54782837446	7536.828044203924	296.9605433017098	30.398630866944156	1.1334600943021935	135	2:19
283.0000000006232	-62021.72749059432	7559.531561374888	297.85509055081866	30.00068799259502	1.1484948284388905	135	2:18
284.00000000062795	-61825.86898814811	7392.226685927896	291.26306716666153	30.101269147334943	1.1446572182872452	135	2:18
285.0000000006327	-62033.38608259955	7641.236703464199	301.0743763356449	30.03441521822826	1.1472051231479456	135	2:17
286.0000000006375	-61884.241925785056	7439.973008632943	293.1443325807044	30.006610418802353	1.1482681491913513	135	2:16
287.0000000006423	-62009.90498596631	7443.359778247919	293.2777755807307	29.85739480324571	1.1540067456038905	135	2:16
288.00000000064705	-62002.32213900532	7518.58894876276	296.2418999069325	29.943260893891683	1.150697485193836	135	2:15
289.0000000006518	-61952.66117929542	7624.807884531286	300.4270601215148	30.307384902148716	1.1368725846967176	135	2:14
290.0000000006566	-62050.40203525766	7605.367160683474	299.6610710499631	30.41114589160231	1.1329936442355044	135	2:14
291.0000000006614	-62229.13821343356	7549.697735927899	297.4676254089387	30.38103510021225	1.1341165597370766	135	2:13
292.00000000066615	-62298.64960065918	7513.588381024367	296.04487122275646	30.271297107645864	1.1382279023782351	135	2:12
293.0000000006709	-62044.18451058885	7689.416445509674	302.9727190190717	30.689998386841072	1.1226991469597993	135	2:12
294.0000000006757	-61947.47169314543	7540.960158507854	297.1233538237866	30.920543331688684	1.1143282522397495	135	2:11
295.0000000006805	-62142.38229405289	7699.61093116173	303.3743946285138	30.3664050225887	1.1346629600531748	135	2:10
296.00000000068525	-62121.220237136935	7497.468082972124	295.4097111209599	30.130778481584635	1.1435361695072939	135	2:10
297.00000000069	-61994.209351207624	7597.195188014002	299.33908500629326	30.23899250624056	1.1394438820008084	135	2:09
298.0000000006948	-62005.07568666665	7424.142413144985	292.5205871258099	30.255352890452585	1.1388277351733336	135	2:09
299.0000000006996	-62211.8523577367	7788.182807067151	306.8642383977839	30.078126726501946	1.1455379293533299	135	2:08
300.00000000070435	-61868.340098432	7621.339847029558	300.2904150641162	30.011659689891534	1.1480749603697982	135	2:07
301.0000000007091	-61984.76914579375	7607.480135204678	299.7443249146021	29.80544845342915	1.156018003317106	135	2:07
302.0000000007139	-62259.10994956229	7461.111689477502	293.9772233023004	29.787642847007575	1.156709014743859	135	2:06
303.00000000071867	-62168.768390176614	7640.447228651021	301.04327003096745	30.111255307502393	1.1442776017550909	135	2:05
304.00000000072345	-62252.28923779295	7537.079897610502	296.97046664399795	30.473061263186764	1.130691620100817	135	2:05
305.0000000007282	-62327.26962707919	7648.225082057643	301.3497272779425	30.1960487189721	1.1410643601013832	135	2:04
306.000000000733	-62212.48089540328	7587.686906524035	298.96444670745376	29.720241177617766	1.159332281430224	135	2:03
307.00000000073777	-62205.521090040216	7434.217162791116	292.9175449854024	29.79810033819008	1.1563030736205955	135	2:03
308.00000000074255	-62216.26373902551	7623.569672740779	300.37827301321477	29.823990046080482	1.1552993062252015	135	2:02
309.0000000007473	-62080.652570022154	7489.471114887179	295.09462047893606	30.244244735033227	1.139246005676995	135	2:02
310.0000000007521	-61854.20225761787	7415.257873065084	292.17052502625836	30.36847519998113	1.134585611632075	135	2:01
311.00000000075687	-61572.26633310871	7697.391331222088	303.2869395877297	30.028343722864452	1.1474370790177337	135	2:00
312.00000000076164	-61829.13986739697	7575.458896831815	298.4826476826647	30.100940309621638	1.1446697230946803	135	2:00
313.0000000007664	-61816.00290715872	7355.337199292846	289.80957480501877	30.107707999398695	1.1444124212242337	135	1:59
314.0000000007712	-61994.58593304368	7622.20243998896	300.3244023160967	30.342361315742032	1.1355620826790445	135	1:58
315.00000000077597	-61943.53067546521	7310.175133220741	288.0301323660057	30.465092535491983	1.1309873741221403	135	1:58
316.00000000078074	-61939.36121175121	7525.030387837947	296.4957007414736	30.341177175858444	1.135606400812932	135	1:57
317.0000000007855	-62149.91755450875	7571.781028801386	298.3377350374375	30.087754844709753	1.1451713558202674	135	1:56
318.0000000007903	-61963.00988932297	7413.452047222523	292.0993732074601	30.349308398395888	1.1353021478052938	135	1:56
319.00000000079507	-62008.54355796936	7565.412120036182	298.08679198870914	30.296473878919254	1.137282019907896	135	1:55
320.00000000079984	-62019.53302005242	7568.79947471756	298.22025804109063	30.694744186765146	1.1225255633164897	135	1:55
321.0000000008046	-62176.824083807616	7479.243924990621	294.69165628095794	30.415202253242498	1.1328425411154663	135	1:54
322.0000000008094	-62311.00213606469	7632.947621337651	300.74777603146714	30.435638625392055	1.1320818804951314	135	1:53
323.00000000081417	-62018.59123236337	7462.687472205579	294.0393111318635	30.069685537987638	1.1458595057662175	135	1:53
324.00000000081894	-61872.5530221714	7415.8438316387055	292.1936125340739	30.574562986713538	1.1269379393608048	135	1:52
325.0000000008237	-61807.54957761624	7449.3148896543835	293.5124144909346	30.393347791651593	1.1336571161985758	135	1:51
326.0000000008285	-61818.63907094483	7484.546500029619	294.9005844341868	30.087393594629148	1.145185105540505	135	1:51
327.00000000083327	-62014.07075020674	7569.22446701543	298.23700327435506	29.9783413219585	1.1493509477079065	135	1:50
328.00000000083804	-61657.80168438755	7705.173516719811	303.59356752456523	30.167073263984992	1.1421603517050163	135	1:49
329.0000000008428	-62042.177493071766	7624.89405930893	300.43045551658525	29.798014421977246	1.1563064075736424	135	1:49
330.0000000008476	-62010.623693721456	7572.857689079799	298.3801568121355	30.034383594760328	1.1472063310503593	135	1:48
331.00000000085237	-62358.59544013793	7879.983709806015	310.4813099022725	30.0016717585576	1.1484571688668002	135	1:47
332.00000000085714	-61940.65007582118	7481.098540992085	294.7647304936347	30.334470593155135	1.1358574695837573	135	1:47
333.0000000008619	-61926.080099809624	7791.375433034796	306.9900318929188	29.94806229547506	1.150513000445778	135	1:46
334.0000000008667	-61792.79859586194	7699.217300585348	303.3588850866831	30.53414301553576	1.128429738197436	135	1:46
335.00000000087147	-61677.423429458955	7454.367983041231	293.71151275199503	30.42951568994885	1.1323096745994254	135	1:45
336.00000000087624	-61662.6576602032	7416.582612310653	292.2227214255645	30.353307405106413	1.135152573301041	135	1:44
337.000000000881	-61830.12638368833	7487.039891644053	294.9988272127328	30.306724387151544	1.1368973620821743	135	1:44
338.0000000008858	-61871.53357875688	7501.4109537106515	295.56506520756164	30.230014078150305	1.1397823011272756	135	1:43
339.00000000089057	-62170.58556849894	7842.109341802927	308.98901197090925	29.979678200062565	1.14929969491908	135	1:42
340.00000000089534	-62108.34685117274	7450.941306667541	293.5764973752766	30.182197285155272	1.141588025668716	135	1:42
341.0000000009001	-61969.952366477315	7513.652608306598	296.0474018587899	29.84016737766391	1.1546729806514078	135	1:41
342.0000000009049	-62092.222076159844	7293.667429381487	287.379707986941	30.042742056122393	1.1468871564632164	135	1:40
343.00000000090967	-62112.994813720434	7586.691079898176	298.9252098807523	30.243592232117514	1.1392705848121292	135	1:40
344.00000000091444	-61976.45656857913	7558.4554271498155	297.8126895032866	30.00710097759177	1.1482493772002278	135	1:39
345.0000000009192	-62248.10047673911	7308.601492086062	287.96812891792706	30.12523799448482	1.1437464831120026	135	1:39
346.000000000924	-62257.341526953125	7481.55970706199	294.78290101920174	30.035116072557685	1.1471783536933062	135	1:38
347.00000000092876	-61867.13743065152	7511.857028027008	295.97665372811184	30.35145399522241	1.1352218913310617	135	1:37
348.00000000093354	-61960.10416256543	7339.9444654026665	289.2030816500579	30.363178650114524	1.134783528633427	135	1:37
349.0000000009383	-62014.67546130586	7578.276829813496	298.5936778009479	30.287185058246944	1.1376308145785279	135	1:36
350.0000000009431	-61829.23092178424	7658.8614667973425	301.76881426951803	30.139862091783208	1.143191528354652	135	1:35
351.00000000094786	-62097.46418256246	7479.145497597506	294.6877781173639	29.90480245510758	1.1521773153602375	135	1:35
352.00000000095264	-62214.79956488355	7701.646879730379	303.454613573345	30.084430288076963	1.1452979058991697	135	1:34
353.0000000009574	-62487.59480703942	7653.793848612279	301.5691437130643	29.861653018683747	1.1538421864170076	135	1:33
354.0000000009622	-61977.96619642395	7268.231110750193	286.37748490900395	29.892803391434295	1.1526398028957452	135	1:33
355.00000000096696	-62353.586734134675	7750.918763320906	305.3959880129269	29.916495342341353	1.1517269858925758	135	1:32
356.00000000097174	-62156.42544011591	7524.282033191202	296.4662146232849	30.423110982279848	1.1325480497104	135	1:32
357.0000000009765	-62035.71119445888	7550.867654021637	297.513721659337	30.436336473699193	1.1320559239735728	135	1:31
358.0000000009813	-61770.504692918534	7436.655286788401	293.0136101500346	30.07479083108432	1.145664992405928	135	1:30
359.00000000098606	-61964.54305408205	7586.637178445275	298.9230860954351	29.813410638733988	1.1557092687791604	135	1:30
360.00000000099084	-62047.599101915956	7560.3419949543295	297.88702265735594	29.77514495638411	1.1571945345547825	135	1:29
361.0000000009956	-61854.49512723216	7597.051757172082	299.3334336499809	30.087637811076213	1.1451758102598495	135	1:28
362.0000000010004	-61786.82852059783	7639.916784147907	301.0223698476393	30.136092241873296	1.1433345349676396	135	1:28
363.00000000100516	-61970.81341888697	7586.6633611570805	298.92411772734675	30.23870466217058	1.1394547284364667	135	1:27
364.00000000100994	-62045.96893509844	7521.9520957779205	296.37441214669275	30.230620751015305	1.139759427796298	135	1:26
365.0000000010147	-61909.86739277313	7426.374349164718	292.608528223729	30.165157875193707	1.1422328751489366	135	1:26
366.0000000010195	-62124.61732049167	7494.8949858942215	295.30832784649215	30.12280176843456	1.1438389852968418	135	1:25
367.00000000102426	-61987.98028362554	7593.222195656255	299.1825440898533	30.42378780065457	1.1325228546447716	135	1:24
368.00000000102904	-62143.62163335769	7426.682821761148	292.62068243360244	30.05851268034441	1.146285425879871	135	1:24
369.0000000010338	-62333.28191377217	7424.7919036234325	292.54617787091087	30.035799382252232	1.1471522555668516	135	1:23
370.0000000010386	-61825.59733404586	7598.510595015425	299.3909137033943	30.108683112644357	1.1443753577729276	135	1:23
371.00000000104336	-61800.1855250106	7558.353456095613	297.80867171497044	29.84706679857247	1.1544060674917658	135	1:22
372.00000000104814	-61945.88453274325	7745.546787308667	305.18432537370495	30.086452201792024	1.1452209379160974	135	1:21
373.0000000010529	-61761.74940134	7543.6081097342085	297.22768644623767	30.772727499248596	1.1196808930877327	135	1:21
374.0000000010577	-61804.18983440887	7644.50777935236	301.2032608567235	30.693286438057246	1.1225788766100275	135	1:20
375.00000000106246	-61824.79304812226	7448.830869765075	293.4933434960207	30.914871299696763	1.1145327009477817	135	1:19
376.00000000106724	-62075.14163986154	7755.420623782001	305.5733670005533	30.528622590359017	1.1286337897205108	135	1:19
377.000000001072	-61501.12926405933	7521.686487345738	296.3639468390244	30.181404792404248	1.141618001087065	135	1:18
378.0000000010768	-61671.242006762215	7590.398480478857	299.07128614575646	29.7733232901511	1.1572653369367698	135	1:17
379.00000000108156	-61885.33400440225	7778.139695623713	306.46852712333384	30.08097350866933	1.1454295187346242	135	1:17
380.00000000108633	-62024.89096507931	7518.914173518217	296.2547141730281	29.70530201458089	1.1599153239442404	135	1:16
381.0000000010911	-62074.18708147289	7432.180451154354	292.8372959747239	29.484861820380015	1.1685872980855643	135	1:16
382.0000000010959	-62279.094842885184	7623.24049320623	300.3653029238283	29.839914614860366	1.1546827614561967	135	1:15
383.00000000110066	-62290.26523468533	7429.747619585675	292.74143933846267	29.993806317547065	1.1487583351148984	135	1:14
384.00000000110543	-62280.558637395385	7512.394185359064	295.997818405378	30.13734360345182	1.1432870614767012	135	1:14
385.0000000011102	-61968.497708771	7321.056448624212	288.4588699350599	30.092601148783377	1.1449869301343898	135	1:13
386.000000001115	-61957.27736014628	7587.351748683615	298.95124106526595	30.17045786190666	1.1420322212811995	135	1:12
387.00000000111976	-62013.656628044206	7647.820676001931	301.3337931686177	29.770828297388523	1.1573623234435342	135	1:12
388.00000000112453	-61866.269583908026	7427.735460079923	292.66215771275307	30.073269620827958	1.1457229441138328	135	1:11
389.0000000011293	-61567.364999503596	7535.263323688601	296.8988913372998	30.445134414610138	1.1317287859491063	135	1:10
390.0000000011341	-61700.78371175364	7528.239186992128	296.6221314805834	30.02918704677868	1.147404854997573	135	1:10
391.00000000113886	-61778.21958036246	7715.194359181751	303.9884013730205	30.03867276887851	1.1470425232902357	135	1:09
392.00000000114363	-62006.03532657088	7387.725818794515	291.0857273174015	30.337595437453224	1.1357404735698646	135	1:09
393.0000000011484	-61660.52855991316	7522.132079523279	296.3815037335637	30.45824075101158	1.1312417972781226	135	1:08
394.0000000011532	-61967.2701289214	7570.307748801101	298.27968594480143	30.42171548121691	1.132600001810477	135	1:07
395.00000000115796	-62097.005660474155	7461.680487999553	293.9996346824124	30.42770720758122	1.1323769738562257	135	1:07
396.00000000116273	-62226.47808864241	7472.440552290778	294.42359480451455	30.156019692309183	1.1425790061375858	135	1:06
397.0000000011675	-62394.68190582903	7565.3298683846515	298.0835511697622	30.03887202798165	1.1470349145270222	135	1:05
398.0000000011723	-62277.63126858155	7476.735009458824	294.59280184046247	30.365042640439217	1.134713868743828	135	1:05
399.00000000117706	-62314.43511131435	7484.228499888634	294.8880548270254	30.11566258540382	1.1441101424015734	135	1:04
400.00000000118183	-62143.20923127126	7819.459011344662	308.096560345451	30.012170822180643	1.1480554076961165	135	1:03
401.0000000011866	-62023.84370747721	7562.692077765734	297.97961888807606	29.83297059017168	1.154951529381232	135	1:03
402.0000000011914	-61930.32704644173	7542.862231711821	297.19829791017634	29.97097636586617	1.149633384928543	135	1:02
403.00000000119616	-62015.00629066207	7595.260522789754	299.2628567531435	30.046544491252735	1.1467420161787638	135	1:01
404.00000000120093	-62064.2367548442	7763.844679766025	305.9052854451759	29.72289789480234	1.1592286570122547	135	1:01
405.0000000012057	-62179.68270306208	7495.168807941223	295.31911678095753	30.256289303419823	1.1387924891771055	135	1:00
406.0000000012105	-62160.00285464854	7422.788119124943	292.4672262310644	30.130667384044408	1.143540385944121	135	1:00
407.00000000121526	-62063.266102182446	7424.227856123518	292.5239536870712	30.041381759127663	1.14693908840046	135	0:59
408.00000000122003	-61958.11434328431	7640.63651666905	301.05072821793215	29.80936814408011	1.1558659963058189	135	0:58
409.0000000012248	-62059.713760471874	7450.70528303799	293.56719774619495	30.013529757298798	1.148003426712083	135	0:58
410.0000000012296	-62154.39433840351	7459.459494333901	293.9121247270634	30.34272221167644	1.1355485763187367	135	0:57
411.00000000123435	-61951.860972325434	7321.74569662586	288.4860271767853	30.591204159137153	1.1263249014280037	135	0:56
412.00000000123913	-61936.71496601371	7525.51633073873	296.5148475054682	30.211476791705415	1.1404816536000622	135	0:56
413.0000000012439	-61971.37419468895	7480.147103463785	294.7272426534367	30.21985922689352	1.14016530488802	135	0:55
414.0000000012487	-62446.093658263766	7535.380272969654	296.90349928667007	30.078123021499735	1.145538070459893	135	0:54
415.00000000125345	-62343.34618636791	7598.457436056103	299.3888191732618	30.02463168780832	1.1475789400972072	135	0:54
416.00000000125823	-61887.00976283723	7708.154681185432	303.71102916946285	29.737687248671563	1.158652141337699	135	0:53
417.000000001263	-61841.57757739819	7520.657211555642	296.3233920730085	29.864519360800585	1.1537314427477339	135	0:53
418.0000000012678	-61785.66043530818	7478.995179429365	294.6818553917004	30.155045081182656	1.1426159342936977	135	0:52
419.00000000127255	-61876.90176692547	7504.772196368802	295.6975024132507	30.244593051653016	1.1392328853709248	135	0:51
420.00000000127733	-61980.85477931192	7232.276752654736	284.96083779280735	30.087396879428315	1.1451849805146312	135	0:51
421.0000000012821	-62298.007853062445	7549.894653724257	297.47538421880535	29.76530243183577	1.1575771853153332	135	0:50
422.0000000012869	-62451.30584570725	7399.69695122537	291.5574050536791	29.987256216623646	1.1490092578060997	135	0:49
423.00000000129165	-62073.50184782717	7448.429123040645	293.4775141677069	30.078411715142146	1.1455270755456266	135	0:49
424.0000000012964	-62154.00218885619	7553.758797668326	297.6276363702803	30.007777543379152	1.1482234883704776	135	0:48
425.0000000013012	-61944.501911454136	7525.579634590094	296.5173417571593	30.344567841114042	1.1354795095292125	135	0:47
426.000000001306	-61930.8597536576	7475.000622887993	294.5244648191919	30.396839162137383	1.133526904732331	135	0:47
427.00000000131075	-62218.46797621777	7602.733202954849	299.5572897889951	30.32529583661445	1.1362011172040312	135	0:46
428.0000000013155	-62086.47929719699	7546.917674480841	297.3580874769482	30.43006620490953	1.1322891898127085	135	0:46
429.0000000013203	-62240.77277639645	7508.949948825225	295.86211113617276	30.557301315760117	1.127574541123937	135	0:45
430.0000000013251	-62258.68027798142	7644.131708381752	301.1884431855366	29.849631376380184	1.154306884887316	135	0:44
431.00000000132985	-62036.8518023146	7582.159072355684	298.7466430600457	30.13993593793005	1.1431887274100965	135	0:44
432.0000000013346	-61935.192948471435	7535.122036733952	296.89332445285345	30.29678636916908	1.1372702896359723	135	0:43
433.0000000013394	-62203.75499020747	7580.343999421141	298.675126894145	29.82561319132977	1.1552364334665302	135	0:42
434.0000000013442	-62220.70417096687	7164.810794614301	282.3025938423612	29.779741198854616	1.157015931704246	135	0:42
435.00000000134895	-62234.54673440044	7326.252754008768	288.6636109296944	29.940512242339135	1.150803123547769	135	0:41
436.0000000013537	-62205.13011162021	7386.864133941236	291.0517758459491	29.934013917744636	1.151052949456908	135	0:40
437.0000000013585	-61845.018085612624	7488.42508174226	295.05340545197714	30.326926679811926	1.1361400175125747	135	0:40
438.0000000013633	-61771.20187376154	7388.871503893528	291.13086875720353	30.225235294191116	1.1399625072803323	135	0:39
439.00000000136805	-62216.5617305513	7694.884759395542	303.18817749218096	29.952364482933262	1.1503477472951016	135	0:38
440.0000000013728	-62119.72597298006	7743.838839008057	305.11703005367036	30.329737900127352	1.1360347103085062	135	0:38
441.0000000013776	-61840.30137984146	7405.084840001124	291.7696946758799	30.19969234534722	1.1409266894208137	135	0:37
442.0000000013824	-61994.537572458474	7668.497810439939	302.1484983789025	30.459343185004574	1.1312008535386584	135	0:37
443.00000000138715	-62058.28257409972	7753.545875435744	305.49949954806624	30.20688691804411	1.1406549474160472	135	0:36
444.0000000013919	-62078.35329459439	7505.0178882504515	295.70718298367524	30.32906338399293	1.136059975636738	135	0:35
445.0000000013967	-62096.40174556305	7268.252983762465	286.3783467333112	29.868963198535795	1.1535597931565678	135	0:35
446.0000000014015	-62029.26790186291	7207.241546691333	283.97441906055565	30.05863844570079	1.1462806298211488	135	0:34
447.00000000140625	-61959.74318326931	7612.2121600332175	299.9307726689834	30.267175417115553	1.1383829027409027	135	0:33
448.000000001411	-61766.865599792945	7475.440362683017	294.5417911224691	30.381615712932547	1.134094886021396	135	0:33
449.0000000014158	-61723.49583231754	7604.626660239419	299.6318943972795	30.29643202813761	1.1372835909226424	135	0:32
450.0000000014206	-61924.36390693998	7654.8134115912	301.60931578205344	30.287206849287685	1.137629996075866	135	0:31
451.00000000142535	-61976.59380468269	7475.0262482032485	294.52547448897553	30.53180178763884	1.1285162680131726	135	0:31
452.0000000014301	-61733.7886743189	7332.81017101295	288.9219814411081	30.225372500909767	1.1399573324718164	135	0:30
453.0000000014349	-61794.343754410336	7351.182646191488	289.64588016598503	30.253543362525136	1.1388958508504514	135	0:30
454.0000000014397	-62355.28486905768	7774.593622925093	306.32880738062596	30.09151746998179	1.1450281642817046	135	0:29
455.00000000144445	-62203.23136710032	7676.524370035281	302.46475496380754	30.060574205165675	1.1462068147448479	135	0:28
456.0000000014492	-62166.907343223545	7486.9411090192225	294.9949350525606	30.16878317429197	1.1420956161886278	135	0:28
457.000000001454	-61864.71941816536	7511.685687114759	295.96990267978055	29.930226406655112	1.1511986090904656	135	0:27
458.0000000014588	-62181.95219075063	7686.2048004673525	302.8461761483751	29.948385031662177	1.1505006020417041	135	0:26
459.00000000146355	-61923.27494540883	7442.058467848412	293.226502307548	30.179289555236366	1.1416980159867862	135	0:26
460.0000000014683	-61826.81836634656	7307.912593859068	287.94098545776484	30.475180313754173	1.1306129989837483	135	0:25
461.0000000014731	-62055.237249359285	7531.345762363963	296.74453447356893	30.223333829422067	1.1400342266531143	135	0:24
462.0000000014779	-62235.40545104578	7147.617249107613	281.6251464354411	30.151806925276595	1.1427386456305393	135	0:24
463.00000000148265	-61989.25694152439	7374.888948040227	290.57993839782824	30.216057358484086	1.1403087636590554	135	0:23
464.0000000014874	-62071.479396070936	7595.288543932662	299.26396082156236	30.262310470903756	1.1385659083179418	135	0:23
465.0000000014922	-62064.54841036405	7502.361986075921	295.60253708382464	30.106561898934263	1.144455986863242	135	0:22
466.00000000149697	-62243.7307232898	7641.452354098131	301.08287324296987	30.027976727440432	1.1474511027450456	135	0:21
467.00000000150175	-62451.148217864335	7519.910888071585	296.2939859851948	29.657243765120874	1.1617949153328428	135	0:21
468.0000000015065	-62328.793821907544	7624.172572423409	300.40202802212036	29.85576782713717	1.154069632661931	135	0:20
469.0000000015113	-61909.615907159256	7401.089903969769	291.6122891509869	30.096139792967143	1.144852304851258	135	0:19
470.00000000151607	-62052.547908590874	7612.687295145306	299.9494935924542	30.127163863758756	1.1436733694854109	135	0:19
471.00000000152085	-61982.548440736544	7637.829957991233	300.94014626158594	30.16640168679724	1.1421857789616352	135	0:18
472.0000000015256	-61806.425249283435	7600.390695427046	299.46499203401584	30.024604796278716	1.1475799679259913	135	0:17
473.0000000015304	-61764.49005189445	7442.271039791141	293.23487791055146	30.23512171961068	1.1395897568606763	135	0:17
474.00000000153517	-62146.50937441143	7596.072407271737	299.2948460270733	30.123275187805667	1.1438210086482306	135	0:16
475.00000000153995	-62228.910698641936	7434.900869353927	292.9444838874392	30.22505806460264	1.1399691916375834	135	0:15
476.0000000015447	-62356.526546674635	7611.52528996446	299.90370912081704	30.20443884090489	1.1407473977779037	135	0:15
477.0000000015495	-62151.80306790231	7563.117765495465	297.99639152223415	30.33850875555778	1.1357062829527536	135	0:14
478.00000000155427	-62128.47402413044	7690.742252944403	303.0249575063798	30.542610457564134	1.1281168994044144	135	0:14
479.00000000155904	-61799.02805096842	7510.737181418162	295.9325303574542	30.26011521753237	1.1386485068351917	135	0:13
480.0000000015638	-62020.507594484196	7216.857337223371	284.35329335142734	30.464428719253743	1.1310120182010135	135	0:12
481.0000000015686	-62166.158990085416	7343.9601379351825	289.36130421928516	30.21379269670403	1.1403942350098535	135	0:12
482.00000000157337	-62166.77971116296	7478.313532391565	294.65499763755	30.478320849749377	1.1304964987724193	135	0:11
483.00000000157814	-61939.10632182617	7668.271699489951	302.13958932191446	30.104873304320908	1.1445201798659863	135	0:10
484.0000000015829	-62097.542024901835	7582.497277338945	298.75996876350973	30.202481714530684	1.1408213184192468	135	0:10
485.0000000015877	-62089.17206021704	7697.553209505206	303.29331779652273	30.132642395376873	1.143465433831003	135	0:09
486.00000000159247	-62113.13576922004	7440.750495257303	293.1749665356024	30.340854467025196	1.1356184792538024	135	0:08
487.00000000159724	-62464.98813000569	7386.896082804444	291.0530346715081	29.79390739358839	1.1564658020155791	135	0:08
488.000000001602	-62184.467620518175	7313.842618474321	288.17463591671253	29.853834621190693	1.154144365248375	135	0:07
489.0000000016068	-62134.97470157326	7482.656756426793	294.8261261496532	30.52749090192252	1.1286756294450058	135	0:07
490.00000000161157	-62155.96414730197	7568.012120096042	298.1892352746422	30.368997185959547	1.1345661102380398	135	0:06
491.00000000161634	-62099.27849136421	7474.935960913992	294.5219170557538	30.121888615326718	1.1438736610815385	135	0:05
492.0000000016211	-62175.572545397095	7432.074580336874	292.83312453080947	30.269251414637925	1.1383048274673113	135	0:05
493.0000000016259	-62084.60364114022	7448.389330710568	293.4759462996476	30.35238117347456	1.1351872135559313	135	0:04
494.00000000163067	-61972.1348579808	7584.146923418095	298.82496690238816	30.632027860172247	1.1248238336157723	135	0:03
495.00000000163544	-61828.393858414376	7568.405330538337	298.2047282626593	30.4484263730728	1.1316064280936071	135	0:03
496.0000000016402	-61958.17626989639	7400.914466523984	291.6053766940607	30.40820815384311	1.1331031027801437	135	0:02
497.000000001645	-62408.011684679834	7398.834650184521	291.52342930365825	30.0047905056944	1.1483377963450534	135	0:01
498.00000000164977	-62141.20700392261	7325.143551060613	288.61990693271	29.91174684281755	1.1519098229255584	135	0:01
499.00000000165454	-62094.122422803805	7425.00267404074	292.55448249153756	30.00721418676785	1.148245045163101	135	0:00
500.0000000016593	-62492.957947577	7409.03512350852	291.9253408349368	30.202155557065517	1.1408336383143856	135	0:00
