#"Time (ps)"	"Potential Energy (kJ/mole)"	"Kinetic Energy (kJ/mole)"	"Temperature (K)"	"Box Volume (nm^3)"	"Density (g/mL)"	"Speed (ns/day)"	"Time Remaining"
100.99999999994601	-67341.73554470518	7493.1548830697175	292.65120457434574	31.02669137990339	1.0486303772263563	0	--
101.99999999994368	-67304.443222718	7669.085499860767	299.52231663980405	30.896063818769292	1.0530639526329748	135	4:15
102.99999999994135	-67572.78994779976	7861.568833487285	307.0399084052647	30.684497936061458	1.0603247005569212	135	4:14
103.99999999993902	-67388.24429606876	7595.6428615921695	296.65395519635047	30.97071981412814	1.0505255054146938	135	4:13
104.99999999993669	-67342.18094660167	7317.178128771355	285.77829057134545	31.055208330824055	1.0476674553009027	135	4:12
105.99999999993436	-67631.997802903	7750.511950721948	302.7024923202213	30.920108818613237	1.0522450382260022	135	4:12
106.99999999993203	-67251.45570826146	7737.862889145193	302.2084730232845	30.913919980768842	1.0524556932939522	135	4:11
107.9999999999297	-67306.08968258189	7761.153966534817	303.11812482686713	31.055403730392005	1.0476608634120996	135	4:10
108.99999999992737	-67327.04744074089	7479.037216445873	292.09982772337713	30.889971010394913	1.053271661370131	135	4:10
109.99999999992504	-67225.09671564703	7648.287099999004	298.71001836654716	30.808508157684457	1.056056687953539	135	4:09
110.99999999992271	-67435.59148713018	7516.572323765753	293.5657915987281	30.618873746345756	1.0625972514641175	135	4:08
111.99999999992038	-67579.32198844082	7762.260512280956	303.1613418630258	30.65189379890431	1.0614525581762537	135	4:08
112.99999999991805	-67643.82451951655	7663.591110564231	299.30772883651906	30.961094210469955	1.0508521069901806	135	4:07
113.99999999991572	-67558.32575211395	7369.424789566314	287.8188260274027	31.062389350490918	1.047425254982184	135	4:06
114.99999999991338	-67501.19935686537	7385.320432296005	288.43964316850276	31.034815291257527	1.048355879693573	135	4:06
115.99999999991105	-67386.04009489305	7451.463475096889	291.0229130263869	31.29828630913906	1.0395307514422443	135	4:05
116.99999999990872	-67657.67290602293	7583.691477529178	296.1871842571473	31.063345342413324	1.047393019880908	135	4:04
117.9999999999064	-67578.47904409509	7533.368861691917	294.2217939279842	30.813595405145172	1.055882335638156	135	4:04
118.99999999990406	-67656.41624204864	7681.263027128051	299.99791978415647	30.94273517603167	1.0514756016460998	135	4:03
119.99999999990173	-67586.13288678337	7437.1881151273865	290.4653773346789	31.120414133532254	1.045472304648311	135	4:02
120.9999999998994	-67754.45338052916	7367.6463574459085	287.74936792725504	30.891731071338484	1.0532116510615515	135	4:02
121.99999999989707	-67810.89788169687	7529.212762868633	294.0594741379967	30.95863496757792	1.0509355829114346	135	4:01
122.99999999989474	-67612.19455282443	7713.842404499861	301.2703336313178	30.725076412633985	1.0589243342748986	135	4:00
123.99999999989241	-67267.87855632306	7792.213795808098	304.3311914980548	30.901969702258356	1.0528626944908335	135	4:00
124.99999999989008	-67231.15386016498	7591.822662922692	296.50475425765615	30.99755708959502	1.0496159743089906	135	3:59
125.99999999988775	-67349.80404677248	7669.8338180910505	299.5515428115454	30.85615921562641	1.054425823331795	135	3:59
126.99999999988542	-67417.35014218959	7506.727127954338	293.1812795395966	30.87123800959912	1.0539107979951183	135	3:58
127.99999999988309	-67421.60985875814	7864.212167047071	307.1431459283687	30.84612763414106	1.0547687369931942	135	3:57
128.99999999988785	-67355.51823879694	7615.688452006567	297.43685188976224	31.224857585675007	1.0419753235550424	135	3:57
129.99999999989262	-67408.82136147236	7843.312030313633	306.32687423957327	31.063542151606473	1.0473863839160158	135	3:56
130.9999999998974	-67323.00547996938	7628.60981478734	297.9415061297379	31.051752584282486	1.0477840501106654	135	3:55
131.99999999990217	-67099.68815287898	7364.022243421665	287.60782523245416	31.133489137773918	1.045033241915659	135	3:54
132.99999999990695	-67352.2658286819	7580.834757435847	296.07561275095384	30.983429373964412	1.0500945745254933	135	3:54
133.99999999991172	-67249.2816292886	7436.501211031366	290.4385497414603	30.98209858440777	1.050139679762295	135	3:53
134.9999999999165	-67533.99408905851	7648.758797155459	298.72844087925176	30.834515666341563	1.0551659522678694	135	3:52
135.99999999992127	-67529.04325920978	7473.738545637579	291.8928838634292	30.904018803708635	1.052792884072715	135	3:52
136.99999999992605	-67662.88064810642	7520.371392082513	293.7141672744628	30.9282577026601	1.0519677958773441	135	3:51
137.99999999993082	-67738.69882625158	7575.9516428185725	295.8848987730473	31.24459741784622	1.0413170203694242	135	3:50
138.9999999999356	-67477.16262583708	7607.23683859785	297.1067673148062	31.37696030428537	1.036924251752654	135	3:50
139.99999999994037	-67830.34789075737	7961.284486920488	310.9343836359955	31.00308988668374	1.0494286603274436	135	3:49
140.99999999994515	-67516.68795938711	7677.243349854798	299.84092804778174	30.82941118536838	1.0553406579894455	135	3:48
141.99999999994992	-67421.67136714881	7550.575293965878	294.8938050114304	31.02208815185247	1.0487859787688403	135	3:48
142.9999999999547	-67409.84265986938	7504.709109978566	293.10246422072504	30.85475302118472	1.054473878415267	135	3:47
143.99999999995947	-67534.99306521477	7565.321737763053	295.4697392617929	30.972159725276757	1.0504766659601457	136	3:46
144.99999999996425	-67470.17772223664	7268.484831099366	283.8765345766039	30.820103184408914	1.0556593821610794	136	3:46
145.99999999996902	-67715.07928663515	7538.821093991576	294.4347352557712	31.209801498623804	1.042477988436693	136	3:45
146.9999999999738	-68013.76851136863	7658.41659453142	299.10563394141514	31.38565346903505	1.0366370455817735	136	3:44
147.99999999997857	-67552.11084622791	7846.300071913614	306.44357461307396	31.008672964455027	1.0492397118409107	136	3:44
148.99999999998334	-67544.66445664802	7485.893848135927	292.36761900151424	30.696798915061873	1.0598998017943089	136	3:43
149.99999999998812	-67522.58346000334	7688.328854556601	300.273881370504	31.04825596743424	1.0479020502768193	136	3:43
150.9999999999929	-67561.10663186878	7605.985176994786	297.05788266187	31.168384148591198	1.0438632599843782	136	3:42
151.99999999999767	-67548.51506132321	7548.833977730546	294.8257965020953	30.974959747663938	1.0503817067348276	136	3:41
153.00000000000244	-67545.65232374595	7434.973528699495	290.378884876446	30.806977304380364	1.0561091652821026	136	3:41
154.00000000000722	-67629.15226029724	7352.052045091893	287.1403194868948	30.784143948501203	1.056892507396747	136	3:40
155.000000000012	-67704.22001593045	7527.580143353304	293.99571086668726	30.89922082252055	1.0529563600542533	136	3:39
156.00000000001677	-67372.51387923141	7504.04433050194	293.07650072235265	31.019264302357694	1.048881455364526	136	3:39
157.00000000002154	-67139.8778930771	7279.836742693604	284.3198926352744	31.054838348879716	1.047679937028799	136	3:38
158.00000000002632	-67412.19648985937	7392.476193442046	288.7191171886871	30.878555218409858	1.0536610555663588	136	3:37
159.0000000000311	-67317.53328273821	7637.131763051716	298.2743376891822	31.075380473048472	1.0469873768403815	136	3:37
160.00000000003587	-67346.07998465604	7579.572025622601	296.02629574203473	30.892245312318597	1.0531941190050034	136	3:36
161.00000000004064	-67121.46681754763	7722.949059004236	301.6260013643269	31.13002464298518	1.0451495448181525	136	3:35
162.00000000004542	-67341.01756572598	7710.788485665573	301.1510603693242	30.96390316524478	1.0507567767591106	136	3:35
163.0000000000502	-67213.04751265427	7812.357198991181	305.11790834799945	30.96116538859682	1.050849691135233	136	3:34
164.00000000005497	-67646.63129239468	7768.533464610422	303.40633707320137	31.184168411383673	1.0433348953412158	136	3:33
165.00000000005974	-67360.70994462701	7432.249693081795	290.2725032805733	31.145568012114204	1.044627957118618	136	3:33
166.00000000006452	-67369.0252900825	7653.721520412416	298.9222640367577	31.298586327682983	1.0395207868227838	134	3:34
167.0000000000693	-67217.65690085577	7697.135314978845	300.61782478163366	30.991284421745704	1.0498284176619854	134	3:34
168.00000000007407	-67411.63361385724	7744.992350334837	302.4869198774701	31.046308531308426	1.0479677818373676	134	3:33
169.00000000007884	-67589.42459115852	7545.362528354761	294.6902162482108	30.937622240483385	1.0516493747609184	134	3:32
170.00000000008362	-67357.73779677428	7538.308319894938	294.4147084500535	30.860889781392174	1.0542641938150272	134	3:32
171.0000000000884	-67605.85852109763	7458.113799905879	291.2826468229696	30.88047190929459	1.0535956568721054	134	3:31
172.00000000009317	-67874.92778548968	7678.398234018185	299.8860329797941	30.730069564273382	1.0587522757715937	134	3:30
173.00000000009794	-67643.29470077969	7562.156017425927	295.3460995019771	30.678599477091797	1.0605285652002672	134	3:30
174.00000000010272	-67314.21751550291	7559.834645454544	295.25543644825785	30.875006102377537	1.0537821750677623	134	3:29
175.0000000001075	-67848.52773588552	7757.314173294799	302.96815860642414	30.9137713746845	1.0524607525705325	134	3:28
176.00000000011227	-67513.63006407779	7617.10841850141	297.4923098259261	31.214473056448938	1.0423219711880403	134	3:28
177.00000000011704	-67963.63011855833	7912.4401967531285	309.0267305076245	31.080990639184503	1.0467983940246601	134	3:27
178.00000000012182	-67619.06254031457	7632.974138111653	298.1119582954736	31.202796732705785	1.0427120159934613	134	3:26
179.0000000001266	-67412.2485140196	7605.899693683227	297.0545440422246	31.664207056821876	1.0275176329983047	135	3:26
180.00000000013137	-67439.908201551	7266.371795848063	283.7940082814383	31.430071345974987	1.0351720404211049	135	3:25
181.00000000013614	-67754.0993224878	7560.556805062148	295.2836409739027	31.05743919664839	1.0475922010113747	135	3:24
182.00000000014091	-67881.32008993701	7427.88406334954	290.1020000920223	30.867630115625236	1.0540339820038307	135	3:24
183.0000000001457	-67725.71932100871	7520.863611226574	293.7333912899372	30.751605381484282	1.0580108154413188	135	3:23
184.00000000015046	-67426.16227763722	7172.127535277347	280.113222709722	30.66184816091252	1.061107957845472	135	3:22
185.00000000015524	-67539.82277736368	7510.105060102333	293.3132074027606	30.854376812338135	1.0544867356641419	135	3:22
186.00000000016001	-67404.13484947744	7600.994188091244	296.8629555667503	30.979511386649442	1.0502273802747888	135	3:21
187.0000000001648	-67465.672200854	7637.92336422205	298.30525431103985	30.59925610284251	1.06327849855054	135	3:20
188.00000000016956	-67757.1921187889	7605.8631485625465	297.0531167430755	30.663438357631268	1.061052929104953	135	3:20
189.00000000017434	-67433.9836123471	7473.91333920539	291.89971056713006	30.99546065423484	1.0496869670284632	135	3:19
190.0000000001791	-67200.41700233295	7509.6340254925735	293.29481076635136	31.52622350843147	1.0320148582684645	135	3:18
191.0000000001839	-67187.01498681863	7541.368983106331	294.5342451191319	31.244322877499023	1.0413261703048362	135	3:18
192.00000000018866	-67523.74281674146	7487.649005780465	292.4361680982442	31.060419822303103	1.0474916717780975	135	3:17
193.00000000019344	-67614.80809859495	7470.43502671098	291.763862268615	30.532575147125684	1.065600622581509	135	3:16
194.0000000001982	-67416.38122345589	7318.843243091556	285.8433229534549	31.099784939090934	1.0461657901980612	135	3:16
195.000000000203	-67293.49823176497	7378.218039117	288.16225347729375	30.921440180698173	1.0521997324724612	135	3:15
196.00000000020776	-67581.62567180255	7450.059893651957	290.96809502155617	30.805912559146766	1.056145667599563	135	3:14
197.00000000021254	-67215.18577078861	7396.81252781596	288.8884762234016	30.917003893028706	1.0523507128428466	135	3:14
198.0000000002173	-67509.9141519047	7619.040117938419	297.56775390468033	30.947486227571968	1.0513141793341207	135	3:13
199.0000000002221	-67367.38625554583	7445.644454874549	290.7956465005931	30.993025117630456	1.0497694549760461	135	3:13
200.00000000022686	-67205.29387985711	7580.566368076786	296.0651305881733	30.96046350663084	1.0508735141780308	135	3:12
201.00000000023164	-67145.13967396156	7583.389937330101	296.17540736158537	30.89830721706319	1.0529874940147694	135	3:11
202.0000000002364	-67542.44946724895	7909.534201442335	308.9132345180897	30.936145641515647	1.0516995705545116	135	3:11
203.0000000002412	-67464.19264651305	7411.837412514557	289.47528520763467	31.37573290310472	1.0369648156513451	135	3:10
204.00000000024596	-67412.17910093776	7281.4751955412285	284.3838837320792	30.837476692176416	1.0550646348456978	135	3:09
205.00000000025074	-67675.27624348438	7409.393054380913	289.37981883020285	30.65543888484172	1.061329808652055	135	3:09
206.0000000002555	-67612.70232653222	7652.210388919231	298.86324557809087	31.27726483891253	1.0402294207425669	135	3:08
207.0000000002603	-67634.18158595354	7720.24372390523	301.52034232112595	31.03837758866	1.0482355591189412	135	3:07
208.00000000026506	-67749.4681823221	7427.148702494043	290.0732799809988	31.17234040285167	1.0437307775202358	135	3:07
209.00000000026984	-68023.28477326201	7682.261748351093	300.0369256466427	31.132976147854105	1.0450504613268847	135	3:06
210.0000000002746	-67678.55655352806	7439.86197593471	290.56980712404516	31.150778946233697	1.0444532106869693	135	3:05
211.00000000027939	-67450.54205593091	7613.240581807506	297.3412483457843	31.07985894752138	1.0468365104465363	135	3:05
212.00000000028416	-67266.90509598021	7582.708369379248	296.14878817581797	31.138241508456403	1.0448737471882592	135	3:04
213.00000000028894	-67340.75895350051	7507.231198561306	293.2009664235088	30.73604415975075	1.0585464712599395	135	3:03
214.0000000002937	-67141.03929052822	7669.99641442049	299.5578931422689	30.97330837247852	1.0504377089630967	135	3:03
215.00000000029848	-67151.89360676124	7575.384989603457	295.86276767492285	31.321626532805947	1.0387561147795583	135	3:02
216.00000000030326	-66984.65409088647	7744.136125704872	302.45347933430025	31.121067174778428	1.045450366565891	135	3:02
217.00000000030803	-67040.64160881544	7643.816251741504	298.5354057836707	30.90530665349806	1.052749013319085	135	3:01
218.0000000003128	-67686.1675127075	7950.983421926539	310.53206723844056	31.093860639641186	1.046365115701158	135	3:00
219.00000000031758	-67311.98324068767	7517.915541225038	293.6182520394369	31.26918248662707	1.040498295716824	135	3:00
220.00000000032236	-67569.45658568625	7953.7595343237035	310.6404905460783	30.994768498011208	1.0497104079961588	135	2:59
221.00000000032713	-67291.18675086045	7478.663074182446	292.08521529566366	31.1126235981437	1.045734088710379	135	2:58
222.0000000003319	-67385.12828064998	7542.619835788935	294.58309817902744	31.2278663916601	1.0418749291973073	135	2:58
223.00000000033668	-67227.66199190868	7509.107575341563	293.2742498313052	31.515211369238646	1.0323754679796022	135	2:57
224.00000000034146	-67529.78218813677	7704.961285098145	300.9234743535584	31.511851314223886	1.0324855484167594	135	2:56
225.00000000034623	-67470.55168148244	7610.982177647844	297.2530445507134	31.10978540687836	1.0458294925621774	135	2:56
226.000000000351	-67547.35764244274	7560.870290356134	295.2958843947759	31.20042434984233	1.0427913005599314	135	2:55
227.00000000035578	-67202.7643013036	7536.781262262722	294.35506798318795	31.037073647944684	1.0482795979687467	135	2:54
228.00000000036056	-67079.54170614877	7811.403265352326	305.0806517007192	31.113114105320683	1.0457176024122221	135	2:54
229.00000000036533	-67042.22976907127	7674.9819733773365	299.75260816644305	31.158722953841504	1.0441869242841542	135	2:53
230.0000000003701	-67177.03966960261	7672.099251348533	299.6400211336982	31.08385274786386	1.046702007943006	135	2:53
231.00000000037488	-67193.35630076172	7508.589711826829	293.25402425426097	31.296152361738184	1.0396016324860076	135	2:52
232.00000000037966	-67654.66008590083	7514.386843567089	293.48043590774176	31.207275439117712	1.0425623713696959	135	2:51
233.00000000038443	-67599.42927818722	7619.707276457548	297.59381031847556	31.138960706127886	1.0448496143736457	135	2:51
234.0000000003892	-67331.73010274462	7644.953740275748	298.5798313153633	31.23263680684791	1.041715795147346	135	2:50
235.00000000039398	-67629.49928686142	7784.542603603323	304.03158690235625	31.07848857240634	1.0468826696637092	135	2:49
236.00000000039876	-67167.74772192491	7431.669678162721	290.24985033032914	31.09389852613576	1.0463638407530762	135	2:49
237.00000000040353	-67285.45706828401	7546.575647869262	294.7375956088074	31.00934901916997	1.0492168366927141	135	2:48
238.0000000004083	-67431.1942963998	7466.769054033301	291.6206847503598	30.677312197008444	1.060573067055288	135	2:47
239.00000000041308	-67451.73382198534	7614.705638496689	297.3984673158376	31.135550019964423	1.0449640704895762	135	2:47
240.00000000041786	-67588.91086350044	7614.716689113563	297.3988989065881	30.780725351187844	1.057009888967359	135	2:46
241.00000000042263	-67454.53042094063	7569.003311456994	295.613526090315	30.80618954922911	1.056136171395076	135	2:45
242.0000000004274	-67385.51788675485	7706.032970019243	300.965329872092	30.742356324792354	1.0583291255249474	135	2:45
243.00000000043218	-67444.23112424859	7625.462252441421	297.8185755449067	30.891539211883835	1.0532181922899317	135	2:44
244.00000000043696	-67012.08431197234	7534.687528897995	294.2732955387628	31.14071656094916	1.0447907010140476	135	2:44
245.00000000044173	-67110.24073401591	7641.6056673573485	298.4490696284821	31.1562945154539	1.0442683121272913	135	2:43
246.0000000004465	-67394.99170615952	7761.803159614534	303.1434795859432	30.989891333359623	1.0498756105921023	135	2:42
247.00000000045128	-67114.17005129452	7563.064939249982	295.38159817654406	31.450866928554117	1.0344875758020824	135	2:42
248.00000000045605	-67226.5091143442	7441.042514139507	290.61591399532585	30.899025797406285	1.0529630059898172	135	2:41
249.00000000046083	-67497.80494244248	7675.6821922180325	299.77995577774874	30.928117481304607	1.0519725652704492	135	2:40
250.0000000004656	-67353.05330819727	7778.598280558138	303.79942657380315	31.004942561155502	1.0493659525935046	135	2:40
251.00000000047038	-67697.51890803722	7673.414068586417	299.6913723808653	31.119864822133323	1.0454907587726296	135	2:39
252.00000000047515	-67317.0849815215	7580.751303310476	296.0723533828109	31.08779910970309	1.0465691370103738	135	2:38
253.00000000047993	-67688.39803569869	7900.7809689687065	308.57136996740303	30.99992900205457	1.0495356645377314	135	2:38
254.0000000004847	-67531.45383297445	7554.956738850811	295.06492587351863	30.758128212974956	1.0577864446273133	135	2:37
255.00000000048948	-67547.91018669112	7544.035163588724	294.63837494721645	30.694680472654067	1.0599729524723276	135	2:36
256.00000000049425	-67340.8485154933	7485.962792379989	292.3703116745456	30.560407867435767	1.0646301327824454	135	2:36
257.000000000499	-67295.3317553736	7435.866240466647	290.4137504541728	30.64114976185451	1.0618247467429456	135	2:35
258.0000000005038	-67600.45116903062	7651.036253801469	298.81738878453615	30.547491543194447	1.0650802878458376	135	2:35
259.0000000005086	-67502.63070931603	7601.633969892092	296.8879427607433	30.74405891370809	1.0582705158454844	135	2:34
260.00000000051335	-67656.49557670546	7625.418872550801	297.8168813083078	30.478317330679392	1.0674976158557037	135	2:33
261.0000000005181	-67808.16913537928	7885.514519763217	307.97512648661575	30.944354758105828	1.0514205689576124	135	2:33
262.0000000005229	-67717.7155335558	7448.476777830094	290.9062651569026	30.92878857287649	1.051949739613352	135	2:32
263.0000000005277	-67562.86447788688	7557.24217446048	295.154185403661	31.296360150379073	1.0395947301686377	135	2:31
264.00000000053245	-67779.40382424393	7525.80242910627	293.9262808036628	30.957974042873897	1.0509580194341908	135	2:31
265.0000000005372	-67783.34596778275	7406.416453173422	289.2635652704536	31.27449449731611	1.04032156582374	135	2:30
266.000000000542	-67616.98067279617	7722.117214168072	301.5935129936578	31.352588913104864	1.0377302868342881	135	2:29
267.0000000005468	-67413.49044380398	7359.305289546549	287.4236007962833	31.09780725017559	1.0462323219142764	135	2:29
268.00000000055155	-67434.3314982499	7607.822720667741	297.12964941135533	31.141763413540293	1.0447555796293648	135	2:28
269.0000000005563	-67389.31051163061	7705.119026622474	300.92963507595454	31.07646322751196	1.04695089809931	135	2:27
270.0000000005611	-67200.57190315306	7673.299015580136	299.6868788929549	31.131344455563326	1.0451052357290522	135	2:27
271.0000000005659	-67287.4801201023	7919.004711855417	309.2831129369363	31.330631056772443	1.0384575729367869	135	2:26
272.00000000057065	-67529.65314822772	7704.1308434488965	300.8910407854854	31.03744970263572	1.048266896845938	135	2:26
273.0000000005754	-67477.29163112969	7672.813518695561	299.6679174207439	31.307377200682918	1.0392288973055246	135	2:25
274.0000000005802	-67526.98818423742	7620.591312056036	297.62833704144094	30.667963636522934	1.0608963631040302	135	2:24
275.000000000585	-67477.83044960772	7489.848635161292	292.5220763969463	30.76509289717917	1.057546980096296	135	2:24
276.00000000058975	-67485.95338969465	7238.142231556002	282.69147989071377	30.742917009671434	1.0583098238712498	135	2:23
277.0000000005945	-67696.48319538645	7396.486832256562	288.87575592076945	30.487154601014186	1.0671881817633289	135	2:22
278.0000000005993	-67763.2590575844	7697.328402142491	300.6253659564673	30.65098982570854	1.0614838630269823	135	2:22
279.0000000006041	-67580.08525180927	7674.71483329724	299.74217479525964	30.800160324785363	1.0563429132416557	135	2:21
280.00000000060885	-67460.77497609382	7481.057412900686	292.1787281245037	30.809291402459433	1.0560298405044328	135	2:20
281.0000000006136	-67455.80129548197	7561.796898207065	295.33207381138004	31.187941124952346	1.0432086861855503	135	2:20
282.0000000006184	-67558.38368701327	7695.5223026277945	300.55482728393144	31.058224016315595	1.047565729086833	135	2:19
283.0000000006232	-67369.13870163835	7767.086717775333	303.3498332092602	31.37347063573147	1.0370395887517425	135	2:18
284.00000000062795	-67361.68363848652	7604.965811164413	297.01807050760175	31.408761626656208	1.035874367558043	135	2:18
285.0000000006327	-67664.21641785084	7620.935405041225	297.64177587036846	31.431876795539058	1.0351125800547618	135	2:17
286.0000000006375	-67205.98217120775	7584.074631421579	296.202148641295	31.183132646008584	1.0433695502994424	135	2:17
287.0000000006423	-67346.1801606139	7736.047772593352	302.13758218309397	31.01384049898571	1.0490648872350359	135	2:16
288.00000000064705	-67298.7876633954	7429.367141340106	290.159922898529	31.08690283282675	1.0465993109946412	135	2:15
289.0000000006518	-67644.56957637661	7656.265735720253	299.0216304166276	31.316511287215018	1.0389257854235021	135	2:15
290.0000000006566	-67407.52237093795	7618.863086575151	297.5608398020738	31.060934756278037	1.047474306265614	135	2:14
291.0000000006614	-67672.98468090352	7602.731555687949	296.9308098588207	30.990028895794282	1.049870950272308	135	2:13
292.00000000066615	-67207.95180445118	7427.512930046779	290.0875051816934	30.93669469063857	1.051680905511831	135	2:13
293.0000000006709	-67422.44064039743	7654.933445667511	298.96959675459044	30.995391061230922	1.0496893238585177	135	2:12
294.0000000006757	-67516.06239114082	7541.39832596081	294.5353911279684	30.77936617687707	1.0570565650645554	135	2:11
295.0000000006805	-67421.13299454999	7398.103606312441	288.9389003348862	30.606134523886354	1.0630395373973702	135	2:11
296.00000000068525	-67256.45344482965	7364.858426470437	287.64048303551397	30.650283867082848	1.0615083118605522	135	2:10
297.00000000069	-67708.62488781207	7459.105419560535	291.32137532797753	30.7537357333893	1.0579375256343262	135	2:10
298.0000000006948	-67509.21126228326	7621.719161096426	297.67238609493023	30.89201799881903	1.05320186874932	135	2:09
299.0000000006996	-67450.34752333944	7478.596720644449	292.0826238047463	31.00156238141538	1.049480367650697	135	2:08
300.00000000070435	-67503.95595829104	7687.769514773889	300.2520359043777	30.841613792402402	1.0549231082651296	135	2:08
301.0000000007091	-66978.27023890318	7383.0098652526885	288.34940210995956	30.982662888770832	1.0501205529879036	135	2:07
302.0000000007139	-67045.88463990268	7401.630644813766	289.0766516668819	30.738307729862992	1.0584685198588468	135	2:06
303.00000000071867	-67182.70261093145	7741.680289448561	302.35756466953455	31.10665914678101	1.0459345997996923	135	2:06
304.00000000072345	-67502.46594505821	7680.5538574115035	299.97022258917866	30.9678004179143	1.0506245405460775	135	2:05
305.0000000007282	-67412.0224735174	7786.782948353728	304.11908537264	31.16883567254594	1.043848138172569	135	2:04
306.000000000733	-67666.20651106696	7432.729863574916	290.29125672627214	30.814802449309106	1.0558409757555758	135	2:04
307.00000000073777	-67415.76462860595	7640.922551201007	298.4223899763013	30.944125516425423	1.0514283581393722	135	2:03
308.00000000074255	-67183.95845513491	7286.047814255583	284.5624710421905	30.873053313310127	1.053848829126563	135	2:02
309.0000000007473	-67591.94129233208	7822.047042985849	305.4963530166909	30.64502093081693	1.0616906139253373	135	2:02
310.0000000007521	-67029.57942572897	7546.230540625641	294.72411716719915	31.066749857587272	1.0472782391122208	135	2:01
311.00000000075687	-67062.73546501785	7749.102084429825	302.64742885561697	30.797140740425103	1.0564464850818722	135	2:01
312.00000000076164	-67362.24438975105	7530.87237649577	294.12429168610413	30.8484831888124	1.0546881960664198	135	2:00
313.0000000007664	-67426.94823852324	7580.58338691332	296.0657952725539	30.892971546121487	1.0531693604553418	135	1:59
314.0000000007712	-67186.73546411868	7354.189152288999	287.2237859313094	30.86408245666402	1.0541551374960418	135	1:59
315.00000000077597	-67396.89033680852	7450.717426019645	290.99377547824673	31.04738197945992	1.0479315488603331	135	1:58
316.00000000078074	-67553.2832633947	7612.738404515967	297.3216354068324	30.811829190497363	1.055942861575647	135	1:57
317.0000000007855	-67168.95016614551	7473.289895572213	291.8753614734465	30.908035946644443	1.0526560517128583	135	1:57
318.0000000007903	-67144.42104305065	7522.851192308179	293.81101787137015	31.138446779103443	1.0448668591789863	135	1:56
319.00000000079507	-67614.61615438055	7665.66784039147	299.3888371940802	30.793539929146487	1.0565700195773378	135	1:55
320.00000000079984	-67371.86985755592	7774.014708735711	303.6204114812262	30.993065288945132	1.0497680943291168	135	1:55
321.0000000008046	-67352.79708123492	7411.322796019951	289.4551864455791	30.709926084071927	1.0594467403380947	135	1:54
322.0000000008094	-67248.31870882539	7671.790227487336	299.62795195767916	30.778382500427114	1.057090348569888	135	1:53
323.00000000081417	-67210.85791564261	7510.323191443183	293.3217266981244	31.222939931934704	1.0420393197027746	135	1:53
324.00000000081894	-67321.45892908858	7766.931133167623	303.3437567269813	30.987629815422906	1.049952231893532	135	1:52
325.0000000008237	-67484.81658548632	7996.905129441298	312.32557654527074	30.96723765158066	1.050643633502555	135	1:52
326.0000000008285	-67210.59499283947	7538.641104307399	294.4277056135568	31.067425402917998	1.0472554665806952	135	1:51
327.00000000083327	-67414.28299137444	7566.709520206992	295.5239402239035	30.900977539132253	1.0528964996201697	135	1:50
328.00000000083804	-67549.37545581901	7481.973959749131	292.214524600545	30.69009628477072	1.0601312809154941	135	1:50
329.0000000008428	-67535.48645556153	7447.9076182910285	290.88403617227567	31.015905289040344	1.0489950489141602	135	1:49
330.0000000008476	-67622.90002138473	7568.2228435401685	295.5830442866482	30.9112314298779	1.0525472322123646	135	1:48
331.00000000085237	-67572.55857353297	7541.395012355898	294.53526171245727	30.685077889872804	1.0603046602183057	135	1:48
332.00000000085714	-67754.66072439234	7683.639187435145	300.0907226404946	30.896518320186665	1.053048461597574	135	1:47
333.0000000008619	-67618.68751910477	7558.329192159859	295.1966397562109	31.05753946751639	1.0475888188059232	135	1:46
334.0000000008667	-67823.46495336323	7500.749460422803	292.94781691524844	30.797980527707423	1.0564176783124861	135	1:46
335.00000000087147	-67665.40183809571	7605.477138283787	297.03804080045586	30.711030085387097	1.059408655305081	135	1:45
336.00000000087624	-67751.0259125267	7692.507014364688	300.4370627700375	30.680329468856886	1.0604687644837756	135	1:44
337.000000000881	-67373.8998697258	7316.950990853895	285.7694195168716	30.914302309984706	1.0524426771645272	135	1:44
338.0000000008858	-67451.32256996547	7589.4149871466125	296.4107205392705	30.608150747667175	1.062969512729336	135	1:43
339.00000000089057	-67618.92183698912	7580.260780072344	296.05319560230964	30.83959474549101	1.0549921733504877	135	1:43
340.00000000089534	-67368.2783084322	7735.132842571378	302.10184885351384	31.22078802169161	1.0421111428445933	135	1:42
341.0000000009001	-67235.26494745107	7613.558564959193	297.35366743411595	31.42574360454727	1.0353145973317868	135	1:41
342.0000000009049	-67290.31891343673	7604.943899053529	297.0172147124467	31.383774903462765	1.0366990964558565	135	1:41
343.00000000090967	-67659.84466056695	7609.672553002706	297.201896104442	30.720367307492317	1.0590866560979828	135	1:40
344.00000000091444	-67378.16983539701	7440.246214823375	290.5848138835966	30.97851102046491	1.0502612944921832	135	1:39
345.0000000009192	-67176.29778679347	7509.790182847109	293.3009096177192	31.420144922480965	1.0354990776161193	135	1:39
346.000000000924	-67129.90853485107	7724.7084567444	301.6947160614097	30.934608464653067	1.0517518307357934	135	1:38
347.00000000092876	-67151.37090390894	7874.1514274579495	307.53133175626266	30.68312892682956	1.0603720097576006	135	1:37
348.00000000093354	-67432.63110795611	7695.24782026078	300.5441071538134	30.899429786025383	1.052949239228628	135	1:37
349.0000000009383	-67577.68548194392	7731.318868825498	301.9528910342288	30.883911299811793	1.053478323064349	135	1:36
350.0000000009431	-67549.90108194959	7665.619675905631	299.38695609125796	31.309499822932285	1.0391584429580556	135	1:36
351.00000000094786	-67290.5798886379	7517.921290446402	293.61847657991206	31.08392604571927	1.0466995397537457	135	1:35
352.00000000095264	-67021.27788195669	7446.452023976133	290.8271867628783	31.385865316873993	1.0366300485047244	135	1:34
353.0000000009574	-67142.44316840943	7573.652883079736	295.7951188582991	31.180560261482892	1.0434556278959721	135	1:34
354.0000000009622	-67187.43765803965	7623.829070726657	297.75479031644517	31.003145056077155	1.0494267928929457	135	1:33
355.00000000096696	-67410.23720848945	7602.818130829948	296.9341911207841	30.962474936593026	1.0508052457829102	135	1:32
356.00000000097174	-67177.50901897682	7551.7392190405135	294.93926304351993	31.218350536093602	1.0421925094401558	135	1:32
357.0000000009765	-67126.28384016026	7372.09428498626	287.9230853230457	31.117343289230657	1.0455754780664068	135	1:31
358.0000000009813	-67282.14327625794	7750.950741517652	302.71962964847927	31.186876419932947	1.0432443008302974	135	1:30
359.00000000098606	-67017.30713271117	7564.186161395815	295.42538841132415	31.193262803531166	1.043030711173655	135	1:30
360.00000000099084	-67089.56231914618	7766.579123021387	303.3300086869467	31.084944251279733	1.046665254497099	135	1:29
361.0000000009956	-67344.7936670004	7892.568229681236	308.25061481382096	30.73090641025105	1.058723444452026	135	1:28
362.0000000010004	-66742.43288641181	7574.509167468254	295.8285617353874	30.992324453211975	1.049793187823378	135	1:28
363.00000000100516	-67048.44939136802	7723.500839141587	301.6475515824094	31.029861530101208	1.0485232444312398	135	1:27
364.00000000100994	-66943.28057452425	7609.245226632639	297.1852065285694	31.040468063274798	1.048164963861737	135	1:27
365.0000000010147	-67255.54542410665	7582.349473287662	296.13477119963653	30.84758832773421	1.0547187916321497	135	1:26
366.0000000010195	-67487.90401359744	7910.249433978978	308.9411685013939	31.187261485147545	1.043231420023473	135	1:25
367.00000000102426	-67283.30442154751	7720.268562325577	301.52131240565615	31.39684338395548	1.0362675854993832	135	1:25
368.00000000102904	-67111.7566106458	7693.448929631044	300.4738500300912	30.85785387416685	1.0543679161379227	135	1:24
369.0000000010338	-67156.88783526965	7829.703472616768	305.79538104816663	31.02169722960371	1.0487991951241624	135	1:23
370.0000000010386	-67037.00777111188	7766.01566733172	303.30800247075626	31.38538913912096	1.036645776210538	135	1:23
371.00000000104336	-67310.54200598822	7496.804197965193	292.7937315094882	30.877709922795436	1.0536899001623985	135	1:22
372.00000000104814	-67488.72211058074	7622.644302033168	297.7085182200182	31.24590612363036	1.0412734057722899	135	1:21
373.0000000010529	-67459.8821668278	7469.164160246884	291.7142275543492	31.566906165676382	1.0306848227391592	135	1:21
374.0000000010577	-67661.90851668283	7745.185437259606	302.4944610429742	30.936671990066667	1.0516816772095117	135	1:20
375.00000000106246	-67321.92144991556	7543.597389642324	294.6212773328278	31.22866031727201	1.041848441631645	135	1:20
376.00000000106724	-67244.47077188882	7456.20437971847	291.20807287826887	30.923818126218404	1.0521188215826738	135	1:19
377.000000001072	-67038.47113198749	7496.793866170792	292.79332799292894	31.008545274863362	1.0492440324883057	135	1:18
378.0000000010768	-67698.44606140183	7521.555817891221	293.76042597924817	30.79865492745323	1.056394545879742	135	1:18
379.00000000108156	-67560.33179078271	7508.441327366461	293.248228979541	30.72545057283284	1.0589114391885093	135	1:17
380.00000000108633	-67425.35447464357	7599.759663885649	296.8147402286876	30.76044842789507	1.0577066573674858	135	1:16
381.0000000010911	-67616.6918950289	7487.369077655441	292.425235279657	31.000647025743916	1.049511355642845	135	1:16
382.0000000010959	-67593.92498890738	7494.079730212268	292.6873252250647	30.927755860101342	1.0519848654058543	135	1:15
383.00000000110066	-67243.14897989758	7567.154534852087	295.54132062961673	31.16721855255351	1.0439022985298834	135	1:14
384.00000000110543	-67073.1198643469	7549.601442328495	294.8557704506607	31.186197269052258	1.043267019864605	135	1:14
385.0000000011102	-67246.54778943525	7633.0122634735	298.11344731221527	30.835444999383395	1.0551341511836274	135	1:13
386.000000001115	-67120.56390985721	7650.57411609771	298.799339623963	30.70281719462809	1.0596920432267825	135	1:12
387.00000000111976	-67174.66620561626	7652.79377587574	298.8860302259754	30.773901866892686	1.0572442593246958	135	1:12
388.00000000112453	-67193.80260069991	7832.454196168101	305.90281277396315	30.797764389084147	1.056425092248761	135	1:11
389.0000000011293	-67016.84401029837	7698.828776310969	300.6839642791457	30.760024140993078	1.057721246792995	135	1:11
390.0000000011341	-66908.6049888861	7755.398242710355	302.89333039291887	31.155262126158796	1.0443029159583328	135	1:10
391.00000000113886	-67012.07794925445	7828.841779354029	305.7617269231353	31.12428499153773	1.045342281586221	135	1:09
392.00000000114363	-67571.37923312391	7564.092143229787	295.4217164560571	30.510978869136	1.0663548759068433	135	1:09
393.0000000011484	-67390.76275296518	7701.334688225015	300.78183468909276	30.743412012938265	1.0582927839011933	135	1:08
394.0000000011532	-67431.67672292594	7763.308859632672	303.2022859139735	31.092975993582108	1.0463948865013593	135	1:07
395.00000000115796	-67458.96935236646	7464.1058921969325	291.51667281792925	30.91784695620751	1.05232201750263	135	1:07
396.00000000116273	-67240.5728397904	7611.087704733781	297.2571659961255	31.2431312259748	1.0413658877681429	135	1:06
397.0000000011675	-67214.01784731663	7571.570583363895	295.7137929642484	30.808878687287578	1.05604398706074	135	1:05
398.0000000011723	-67176.2128298147	7645.338382783548	298.5948538385855	31.378628459864466	1.0368691266225714	135	1:05
399.00000000117706	-68070.0929880206	7847.047895984849	306.47278148503534	30.96521041448681	1.0507124172672297	135	1:04
400.00000000118183	-67227.43542381228	7426.397844852367	290.0439546304983	31.034102586645073	1.0483799554041195	135	1:04
401.0000000011866	-67440.66232440254	7521.539184782599	293.7597763597821	30.93165192591308	1.0518523602852616	135	1:03
402.0000000011914	-67254.71240727231	7628.172954170197	297.92444418615963	31.199826219240947	1.042811291869605	135	1:02
403.00000000119616	-67312.6313974791	7733.146268016904	302.0242615828093	31.012013868359197	1.049126677935258	135	1:02
404.00000000120093	-67249.51562345496	7657.898981462726	299.08541814574295	30.913455424838098	1.052471509207361	135	1:01
405.0000000012057	-67397.89808382827	7573.672106052805	295.79586962700887	30.98452260642884	1.0500575238504137	135	1:00
406.0000000012105	-67219.78941958712	7644.465609812425	298.56076698661127	30.888498934856084	1.0533218578996455	135	1:00
407.00000000121526	-67218.05492299882	7594.21291813539	296.59810760189526	30.894718365020548	1.0531098131851249	135	0:59
408.00000000122003	-67380.44623416118	7388.382977352429	288.55925333455593	30.94527572987689	1.0513892773099964	135	0:58
409.0000000012248	-67523.91358764016	7596.515397753927	296.688032799544	31.046670981318826	1.04795554748433	135	0:58
410.0000000012296	-67472.78273956428	7701.114537880691	300.77323653992073	30.83065469687699	1.0552980922941455	135	0:57
411.00000000123435	-67201.24485120128	7685.24533827746	300.1534521564417	31.01607446732511	1.04898932713324	135	0:56
412.00000000123913	-67372.72145693575	7620.304795003798	297.61714688698964	30.633990052006794	1.0620729141244358	135	0:56
413.0000000012439	-67386.40238716657	7784.472035583712	304.02883081146183	31.036885753677346	1.0482859441507892	135	0:55
414.0000000012487	-67394.00815163157	7543.635467702151	294.622764502151	31.143783715038836	1.044687806192378	135	0:55
415.00000000125345	-67404.40631161822	7693.463853851755	300.47443290756223	30.903470586038747	1.0528115602812715	135	0:54
416.00000000125823	-67487.84954652912	7507.799258384839	293.22315245785904	30.568574706916188	1.0643457013529851	135	0:53
417.000000001263	-67469.73726226392	7713.328900584269	301.2502783219325	30.770993988965866	1.0573441695598362	135	0:53
418.0000000012678	-67384.81719966728	7603.900751604557	296.9764737478925	30.758920876767856	1.0577591852504762	135	0:52
419.00000000127255	-67818.13101045592	7482.793088958819	292.24651635217145	30.48132989019644	1.0673921119254732	135	0:51
420.00000000127733	-67611.19555847498	7588.613675925427	296.37942468354913	30.867890442429914	1.0540250927245627	135	0:51
421.0000000012821	-67565.46186085389	7532.941748727302	294.20511268683356	30.872299525500512	1.0538745602322073	135	0:50
422.0000000012869	-67453.0216027539	7624.503097645579	297.78111498113134	30.807463986414966	1.0560924813590917	135	0:49
423.00000000129165	-67559.98717901844	7578.305732649684	295.9768396491538	31.0561604947822	1.047635334421336	135	0:49
424.0000000012964	-67393.97133643558	7607.257088008204	297.1075581718516	30.800425739609636	1.0563338104756401	135	0:48
425.0000000013012	-67085.63311302103	7804.069898500677	304.7942411465253	31.134405890370985	1.0450024709113264	135	0:47
426.000000001306	-67469.31468511937	7669.70240608046	299.54641040953385	31.121149060904756	1.0454476157715482	135	0:47
427.00000000131075	-67570.68357148764	7761.565427602564	303.13419477056783	31.146254343404514	1.0446049379508617	135	0:46
428.0000000013155	-67598.12316528303	7482.359562283322	292.22958461837186	31.287677759242353	1.0398832197184358	135	0:46
429.0000000013203	-67361.48924691146	7550.366789760018	294.8856617115846	30.729910985514852	1.0587577393611747	135	0:45
430.0000000013251	-67651.88301656622	7622.473386724327	297.7018429848478	31.081059244639434	1.0467960834187224	135	0:44
431.00000000132985	-67521.25286532138	7595.163505513112	296.6352335582494	30.9063758346762	1.0527125943149165	135	0:44
432.0000000013346	-67469.85518177185	7304.898624791857	285.29870464428893	30.715621259662516	1.0592503016867616	135	0:43
433.0000000013394	-67388.83593884416	7596.403008882437	296.6836433615655	30.574448880544463	1.0641412119286726	135	0:42
434.0000000013442	-67218.76894220756	7510.394969898838	293.3245300635743	30.808316421695377	1.0560632603371387	135	0:42
435.00000000134895	-67414.09912686874	7660.352955467475	299.18126007877254	30.989670119415926	1.0498831049320971	135	0:41
436.0000000013537	-67198.46735709842	7427.877312426781	290.1017364292917	31.106168925162205	1.0459510833388228	135	0:40
437.0000000013585	-67336.6608607682	7629.401463239591	297.97242459822894	31.188024506776788	1.0432058971456895	135	0:40
438.0000000013633	-67381.56043998693	7676.310051511318	299.80447732859756	31.01905987939034	1.0488883677422818	135	0:39
439.00000000136805	-67263.71433820945	7622.185168011452	297.69058637066865	31.13357267516531	1.0450304378895403	135	0:39
440.0000000013728	-67077.06561383337	7523.42548590501	293.8334473707619	30.809475318662887	1.0560235365671866	135	0:38
441.0000000013776	-67240.90510204146	7665.282269299383	299.3737784042502	31.096916689229623	1.0462622841660205	135	0:37
442.0000000013824	-67692.79754521706	7734.218691116404	302.0661459314955	31.000593536541558	1.0495131664960862	135	0:37
443.00000000138715	-67378.60196312823	7650.792558564377	298.8078710705963	31.55244283018024	1.0311572787218002	135	0:36
444.0000000013919	-67671.5532429675	7689.639296481455	300.32506173629355	30.746534271160808	1.0581853160702746	135	0:35
445.0000000013967	-67634.09849433962	7632.263054950792	298.0841863693856	30.738084534118986	1.058476205623018	135	0:35
446.0000000014015	-67731.08460843534	7698.16867781226	300.6581836001394	30.580791796824002	1.0639204930322583	135	0:34
447.00000000140625	-67785.24271746524	7487.709670794918	292.4385374192888	30.771249337988056	1.0573353954019578	135	0:33
448.000000001411	-67379.88390563286	7349.5617741040005	287.0430599459276	31.087454366431068	1.0465807429033633	135	0:33
449.0000000014158	-67371.2648714892	7540.018352881865	294.4814951669032	30.962550089960715	1.050802695232236	135	0:32
450.0000000014206	-67644.59402635568	7400.390677801377	289.0282237556121	30.870939797887022	1.0539209787199528	135	0:31
451.00000000142535	-67488.76997896863	7714.867084827445	301.3103533475589	30.67641985374748	1.0606039179575006	135	0:31
452.0000000014301	-67259.7537860462	7636.4679490107965	298.24841189667956	30.875499047471788	1.0537653508294622	135	0:30
453.0000000014349	-67250.89367688619	7895.240965145293	308.3550006519987	31.01279950854369	1.0491001006481417	135	0:30
454.0000000014397	-66674.41113079013	7293.7375453560235	284.8627996894045	31.10840664650481	1.04587584492854	135	0:29
455.00000000144445	-67343.60437186502	7633.86882363427	298.1469009598112	30.65902772753568	1.0612055729534051	135	0:28
456.0000000014492	-67277.41702855306	7527.141897466879	293.97859482030043	30.683729240832456	1.0603512640340043	135	0:28
457.000000001454	-67289.9171200445	7675.243777628178	299.76283314251344	30.942787935904605	1.051473808797981	135	0:27
458.0000000014588	-67149.96757883372	7603.424858480546	296.95788735829245	30.972508046406578	1.0504648521535729	135	0:26
459.00000000146355	-67352.00983420442	7534.059851014388	294.2487810730152	30.760591885285333	1.057701724567841	135	0:26
460.0000000014683	-67459.53815576126	7622.555856542944	297.70506391009707	30.51325069327992	1.0662754818502274	135	0:25
461.0000000014731	-67336.82800319142	7660.689069277052	299.1943872745642	30.639023352913092	1.0618984394847044	135	0:24
462.0000000014779	-67193.00384534165	7683.854737227794	300.0991411114122	30.946982038812596	1.0513313073626673	135	0:24
463.00000000148265	-66858.00125905918	7611.398246068654	297.2692944383022	30.90634146518888	1.0527137649870328	135	0:23
464.0000000014874	-67059.12638056651	7782.219511341518	303.9408566613078	30.9289591701342	1.0519439372926256	135	0:23
465.0000000014922	-67182.87132918279	7628.020548117554	297.91849184491133	31.039269780410248	1.0482054286704874	135	0:22
466.00000000149697	-67129.49793208958	7556.122411650217	295.110452164408	30.96374943621707	1.050761993563296	135	0:21
467.00000000150175	-67242.90625805093	7794.898999696759	304.4360643006069	30.934595834292686	1.0517522601580724	135	0:21
468.0000000015065	-67142.41974513	7831.400134933965	305.8616455627312	31.085776897308417	1.0466372191138946	135	0:20
469.0000000015113	-67175.77466413719	7545.01430093133	294.6766159454647	30.832629946639887	1.0552304860824733	135	0:19
470.00000000151607	-66928.09961800021	7393.012015032791	288.74004413286684	30.850598873349902	1.0546158672433241	135	0:19
471.00000000152085	-67527.68198393384	7409.046691814838	289.3662913609642	30.73253059247854	1.0586674920208672	135	0:18
472.0000000015256	-67723.28674492525	7666.97277092452	299.43980230801986	30.930147697271504	1.0519035151152527	135	0:17
473.0000000015304	-67650.37177843726	7606.268682650332	297.0689552037958	30.908405780606227	1.0526434561762017	135	0:17
474.00000000153517	-67388.87863534509	7424.703982284007	289.9777994623816	30.863052634219564	1.054190312001733	135	0:16
475.00000000153995	-67393.15597490376	7426.73107913121	290.0569693638958	31.309140548281754	1.0391703673762893	135	0:15
476.0000000015447	-67774.44629291099	7571.9066257445165	295.72691737032454	31.102335163823874	1.0460800102121257	135	0:15
477.0000000015495	-67752.08683778965	7574.946193260171	295.84563012999956	31.089819297083956	1.046501131926665	135	0:14
478.00000000155427	-67350.47810933588	7736.098814147039	302.1395756521204	30.99107018308226	1.049835675037601	135	0:14
479.00000000155904	-66992.33038629408	7656.46170612584	299.02928419879953	31.018877604926907	1.0488945312652456	135	0:13
480.0000000015638	-67025.44735575601	7528.6535728265735	294.0376345201123	31.28149727032173	1.0400886762112205	135	0:12
481.0000000015686	-67462.16044749529	7756.7321707611745	302.9454280282914	30.806928965459548	1.0561108224150606	135	0:12
482.00000000157337	-67279.9540948305	7623.747121805523	297.7515897352671	30.865415958584304	1.0541095940339995	135	0:11
483.00000000157814	-67393.82703701331	7561.595490423808	295.32420766803983	31.025407319980566	1.0486737772767527	135	0:10
484.0000000015829	-67561.85299248845	7479.730885562081	292.1269195299128	30.874401331969395	1.053802816642938	135	0:10
485.0000000015877	-67883.17010155146	7786.360431032349	304.1025836180407	31.04768278641958	1.0479213959254003	135	0:09
486.00000000159247	-67234.96674421767	7507.14494258448	293.19759762679854	30.70014092998032	1.059784421185544	135	0:08
487.00000000159724	-67417.59574858032	7600.20552839848	296.8321538266704	30.84918256142679	1.0546642855449797	135	0:08
488.000000001602	-67356.69361937701	7759.083336624697	303.0372547064865	31.245191725421336	1.0412972137188925	135	0:07
489.0000000016068	-67448.76691961539	7715.383315762071	301.33051516287094	30.801763552774386	1.0562879307234758	135	0:07
490.00000000161157	-67478.64729471796	7460.981705079277	291.39465517148193	30.853058316609086	1.0545317988226477	135	0:06
491.00000000161634	-67364.24814573707	7584.776058223453	296.2295434304983	30.93239029197997	1.0518272522324121	135	0:05
492.0000000016211	-67418.77949935058	7468.8620945522525	291.7024301351347	30.77065098356112	1.0573559559456698	135	0:05
493.0000000016259	-67235.3410991808	7728.671159657748	301.8494826182283	30.729821864300714	1.0587608099216104	135	0:04
494.00000000163067	-67607.27862379048	8062.899805010807	314.903051801327	30.656492522751847	1.0612933316375788	135	0:03
495.00000000163544	-67276.97641800408	7770.197823712366	303.47133995965294	30.87711152021666	1.0537103208145402	135	0:03
496.0000000016402	-67206.49047413396	7496.331695280678	292.7752775362359	31.08636261996397	1.0466174985972527	135	0:02
497.000000001645	-67354.09635571582	7827.569991895017	305.7120562386705	31.03970861297734	1.0481906093728957	135	0:01
498.00000000164977	-67280.3675051347	7629.230642731319	297.96575306557116	30.64272590165524	1.0617701307061702	135	0:01
499.00000000165454	-67182.48683230722	7589.734708224738	296.42320750372033	31.039711329221753	1.0481905176471107	135	0:00
500.0000000016593	-67275.15582435858	7700.601313449372	300.75319214601905	31.167723112414727	1.0438853992781487	135	0:00
