    -44.945         0.00000     0.00000     0.00000     0.00000
    -44.795         0.00000     0.00000     0.00000     0.00000
    -44.645         0.00000     0.00000     0.00000     0.00000
    -44.495         0.00000     0.00000     0.00000     0.00000
    -44.345         0.00000     0.00000     0.00000     0.00000
    -44.195         0.00000     0.00000     0.00000     0.00000
    -44.045         0.00000     0.00000     0.00000     0.00000
    -43.895         0.00000     0.00000     0.00000     0.00000
    -43.745         0.00000     0.00000     0.00000     0.00000
    -43.595         0.00000     0.00000     0.00000     0.00000
    -43.445         0.00000     0.00000     0.00000     0.00000
    -43.295         0.00000     0.00000     0.00000     0.00000
    -43.145         0.00000     0.00000     0.00000     0.00000
    -42.995         0.00000     0.00000     0.00000     0.00000
    -42.845         0.00000     0.00000     0.00000     0.00000
    -42.695         0.00000     0.00000     0.00000     0.00000
    -42.545         0.00000     0.00000     0.00000     0.00000
    -42.395         0.00000     0.00000     0.00000     0.00000
    -42.245         0.00000     0.00000     0.00000     0.00000
    -42.095         0.00000     0.00000     0.00000     0.00000
    -41.945         0.00000     0.00000     0.00000     0.00000
    -41.795         0.00000     0.00000     0.00000     0.00000
    -41.645         0.00000     0.00000     0.00000     0.00000
    -41.495         0.00000     0.00000     0.00000     0.00000
    -41.345         0.00000     0.00000     0.00000     0.00000
    -41.195         0.00000     0.00000     0.00000     0.00000
    -41.045         0.00000     0.00000     0.00000     0.00000
    -40.895         0.00000     0.00000     0.00000     0.00000
    -40.745         0.00000     0.00000     0.00000     0.00000
    -40.595         0.00000     0.00000     0.00000     0.00000
    -40.445         0.00000     0.00000     0.00000     0.00000
    -40.295         0.00000     0.00000     0.00000     0.00000
    -40.145         0.00000     0.00000     0.00000     0.00000
    -39.995         0.00000     0.00000     0.00000     0.00000
    -39.845         0.00000     0.00000     0.00000     0.00000
    -39.695         0.00000     0.00000     0.00000     0.00000
    -39.545         0.00000     0.00000     0.00000     0.00000
    -39.395         0.00000     0.00000     0.00000     0.00000
    -39.245         0.00000     0.00000     0.00000     0.00000
    -39.095         0.00000     0.00000     0.00000     0.00000
    -38.945         0.00000     0.00000     0.00000     0.00000
    -38.795         0.00000     0.00000     0.00000     0.00000
    -38.645         0.00000     0.00000     0.00000     0.00000
    -38.495         0.00000     0.00000     0.00000     0.00000
    -38.345         0.00000     0.00000     0.00000     0.00000
    -38.195         0.00000     0.00000     0.00000     0.00000
    -38.045         0.00000     0.00000     0.00000     0.00000
    -37.895         0.00000     0.00000     0.00000     0.00000
    -37.745         0.00000     0.00000     0.00000     0.00000
    -37.595         0.00000     0.00000     0.00000     0.00000
    -37.445         0.00000     0.00000     0.00000     0.00000
    -37.295         0.00000     0.00000     0.00000     0.00000
    -37.145         0.00000     0.00000     0.00000     0.00000
    -36.995         0.00000     0.00000     0.00000     0.00000
    -36.845         0.00000     0.00000     0.00000     0.00000
    -36.695         0.00000     0.00000     0.00000     0.00000
    -36.545         0.00000     0.00000     0.00000     0.00000
    -36.395         0.00000     0.00000     0.00000     0.00000
    -36.245         0.00000     0.00000     0.00000     0.00000
    -36.095         0.00000     0.00000     0.00000     0.00000
    -35.945         0.00000     0.00000     0.00000     0.00000
    -35.795         0.00000     0.00000     0.00000     0.00000
    -35.645         0.00000     0.00000     0.00000     0.00000
    -35.495         0.00000     0.00000     0.00000     0.00000
    -35.345         0.00000     0.00000     0.00000     0.00000
    -35.195         0.00000     0.00000     0.00000     0.00000
    -35.045         0.00000     0.00000     0.00000     0.00000
    -34.895         0.00000     0.00000     0.00000     0.00000
    -34.745         0.00000     0.00000     0.00000     0.00000
    -34.595         0.00000     0.00000     0.00000     0.00000
    -34.445         0.00000     0.00000     0.00000     0.00000
    -34.295         0.00000     0.00000     0.00000     0.00000
    -34.145         0.00000     0.00000     0.00000     0.00000
    -33.995         0.00000     0.00000     0.00000     0.00000
    -33.845         0.00000     0.00000     0.00000     0.00000
    -33.695         0.00000     0.00000     0.00000     0.00000
    -33.545         0.00000     0.00000     0.00000     0.00000
    -33.395         0.00000     0.00000     0.00000     0.00000
    -33.245         0.00000     0.00000     0.00000     0.00000
    -33.095         0.00000     0.00000     0.00000     0.00000
    -32.945         0.00000     0.00000     0.00000     0.00000
    -32.795         0.00000     0.00000     0.00000     0.00000
    -32.645         0.00000     0.00000     0.00000     0.00000
    -32.495         0.00000     0.00000     0.00000     0.00000
    -32.345         0.00000     0.00000     0.00000     0.00000
    -32.195         0.00000     0.00000     0.00000     0.00000
    -32.045         0.00000     0.00000     0.00000     0.00000
    -31.895         0.00000     0.00000     0.00000     0.00000
    -31.745         0.00000     0.00000     0.00000     0.00000
    -31.595         0.00000     0.00000     0.00000     0.00000
    -31.445         0.00000     0.00000     0.00000     0.00000
    -31.295         0.00000     0.00000     0.00000     0.00000
    -31.145         0.00000     0.00000     0.00000     0.00000
    -30.995         0.00000     0.00000     0.00000     0.00000
    -30.845         0.00000     0.00000     0.00000     0.00000
    -30.695         0.00000     0.00000     0.00000     0.00000
    -30.545         0.00000     0.00000     0.00000     0.00000
    -30.395         0.00000     0.00000     0.00000     0.00000
    -30.245         0.00000     0.00000     0.00000     0.00000
    -30.095         0.00000     0.00000     0.00000     0.00000
    -29.945         0.00000     0.00000     0.00000     0.00000
    -29.795         0.00000     0.00000     0.00000     0.00000
    -29.645         0.00000     0.00000     0.00000     0.00000
    -29.495         0.00000     0.00000     0.00000     0.00000
    -29.345         0.00000     0.00000     0.00000     0.00000
    -29.195         0.00000     0.00000     0.00000     0.00000
    -29.045         0.00000     0.00000     0.00000     0.00000
    -28.895         0.00000     0.00000     0.00000     0.00000
    -28.745         0.00000     0.00000     0.00000     0.00000
    -28.595         0.00000     0.00000     0.00000     0.00000
    -28.445         0.00000     0.00000     0.00000     0.00000
    -28.295         0.00000     0.00000     0.00000     0.00000
    -28.145         0.00000     0.00000     0.00000     0.00000
    -27.995         0.00000     0.00000     0.00000     0.00000
    -27.845         0.00000     0.00000     0.00000     0.00000
    -27.695         0.00000     0.00000     0.00000     0.00000
    -27.545         0.00000     0.00000     0.00000     0.00000
    -27.395         0.00000     0.00000     0.00000     0.00000
    -27.245         0.00000     0.00000     0.00000     0.00000
    -27.095         0.00000     0.00000     0.00000     0.00000
    -26.945         0.00000     0.00000     0.00000     0.00000
    -26.795         0.00000     0.00000     0.00000     0.00000
    -26.645         0.00000     0.00000     0.00000     0.00000
    -26.495         0.00000     0.00000     0.00000     0.00000
    -26.345         0.00000     0.00000     0.00000     0.00000
    -26.195         0.00000     0.00000     0.00000     0.00000
    -26.045         0.00000     0.00000     0.00000     0.00000
    -25.895         0.00000     0.00000     0.00000     0.00000
    -25.745         0.00000     0.00000     0.00000     0.00000
    -25.595         0.00000     0.00000     0.00000     0.00000
    -25.445         0.00000     0.00000     0.00000     0.00000
    -25.295         0.00000     0.00000     0.00000     0.00000
    -25.145         0.00000     0.00000     0.00000     0.00000
    -24.995         0.00000     0.00000     0.00000     0.00000
    -24.845         0.00000     0.00000     0.00000     0.00000
    -24.695         0.00000     0.00000     0.00000     0.00000
    -24.545         0.00000     0.00000     0.00000     0.00000
    -24.395         0.00000     0.00000     0.00000     0.00000
    -24.245         0.00000     0.00000     0.00000     0.00000
    -24.095         0.00000     0.00000     0.00000     0.00000
    -23.945         0.00000     0.00000     0.00000     0.00000
    -23.795         0.00000     0.00000     0.00000     0.00000
    -23.645         0.00000     0.00000     0.00000     0.00000
    -23.495         0.00000     0.00000     0.00000     0.00000
    -23.345         0.00000     0.00000     0.00000     0.00000
    -23.195         0.00000     0.00000     0.00000     0.00000
    -23.045         0.00000     0.00000     0.00000     0.00000
    -22.895         0.00000     0.00000     0.00000     0.00000
    -22.745         0.00000     0.00000     0.00000     0.00000
    -22.595         0.00000     0.00000     0.00000     0.00000
    -22.445         0.00000     0.00000     0.00000     0.00000
    -22.295         0.00000     0.00000     0.00000     0.00000
    -22.145         0.00000     0.00000     0.00000     0.00000
    -21.995         0.00000     0.00000     0.00000     0.00000
    -21.845         0.00000     0.00000     0.00000     0.00000
    -21.695         0.00000     0.00000     0.00000     0.00000
    -21.545         0.00000     0.00000     0.00000     0.00000
    -21.395         0.00000     0.00000     0.00000     0.00000
    -21.245         0.00000     0.00000     0.00000     0.00000
    -21.095         0.00000     0.00000     0.00000     0.00000
    -20.945         0.00000     0.00000     0.00000     0.00000
    -20.795         0.00000     0.00000     0.00000     0.00000
    -20.645         0.00000     0.00000     0.00000     0.00000
    -20.495         0.00000     0.00000     0.00000     0.00000
    -20.345         0.00000     0.00000     0.00000     0.00000
    -20.195        -0.00000     0.00000    -0.00000     0.00000
    -20.045        -0.00046     0.00000    -0.00046     0.00000
    -19.895        -0.00046     0.00000    -0.00046     0.00000
    -19.745        -0.00225     0.00000    -0.00225     0.00000
    -19.595        -0.00493     0.00000    -0.00493     0.00000
    -19.445        -0.00637     0.00000    -0.00637     0.00000
    -19.295        -0.01139     0.00000    -0.01139     0.00000
    -19.145        -0.02082     0.00000    -0.02082     0.00000
    -18.995        -0.03118     0.00000    -0.03118     0.00000
    -18.845        -0.04557     0.00000    -0.04557     0.00000
    -18.695        -0.06648     0.00000    -0.06648     0.00000
    -18.545        -0.08501     0.00000    -0.08501     0.00000
    -18.395        -0.10745     0.00000    -0.10745     0.00000
    -18.245        -0.14055     0.00000    -0.14055     0.00000
    -18.095        -0.17036     0.00000    -0.17036     0.00000
    -17.945        -0.20396     0.00000    -0.20396     0.00000
    -17.795        -0.23215     0.00000    -0.23215     0.00000
    -17.645        -0.26363     0.00000    -0.26363     0.00000
    -17.495        -0.29954     0.00000    -0.29954     0.00000
    -17.345        -0.33403     0.00000    -0.33403     0.00000
    -17.195        -0.36558     0.00000    -0.36558     0.00000
    -17.045        -0.39505     0.00000    -0.39505     0.00000
    -16.895        -0.42201     0.00000    -0.42201     0.00000
    -16.745        -0.45164     0.00000    -0.45164     0.00000
    -16.595        -0.48186    -0.00000    -0.48186     0.00000
    -16.445        -0.50851    -0.00000    -0.50851     0.00000
    -16.295        -0.52958    -0.00000    -0.52958     0.00000
    -16.145        -0.55321    -0.00000    -0.55321     0.00000
    -15.995        -0.57639    -0.00000    -0.57639     0.00000
    -15.845        -0.59298     0.00000    -0.59298     0.00000
    -15.695        -0.61446    -0.00041    -0.61406     0.00000
    -15.545        -0.62790    -0.00040    -0.62750     0.00000
    -15.395        -0.64620    -0.00126    -0.64494     0.00000
    -15.245        -0.66379    -0.00221    -0.66159     0.00000
    -15.095        -0.67933    -0.00326    -0.67607     0.00000
    -14.945        -0.69273    -0.00556    -0.68718     0.00000
    -14.795        -0.70924    -0.00730    -0.70194     0.00000
    -14.645        -0.72517    -0.01288    -0.71229     0.00000
    -14.495        -0.74240    -0.01868    -0.72372     0.00000
    -14.345        -0.75985    -0.02400    -0.73585     0.00000
    -14.195        -0.77961    -0.03023    -0.74937     0.00000
    -14.045        -0.79957    -0.03741    -0.76215     0.00000
    -13.895        -0.81603    -0.04521    -0.77081     0.00000
    -13.745        -0.83475    -0.05391    -0.78085     0.00000
    -13.595        -0.84992    -0.06178    -0.78814     0.00000
    -13.445        -0.86946    -0.07358    -0.79587     0.00000
    -13.295        -0.89208    -0.08951    -0.80257     0.00000
    -13.145        -0.91375    -0.10273    -0.81102     0.00000
    -12.995        -0.93480    -0.11531    -0.81949     0.00000
    -12.845        -0.96000    -0.13167    -0.82833     0.00000
    -12.695        -0.98678    -0.15053    -0.83625     0.00000
    -12.545        -1.01411    -0.17087    -0.84323     0.00000
    -12.395        -1.04341    -0.19188    -0.85153     0.00000
    -12.245        -1.06982    -0.21197    -0.85785     0.00000
    -12.095        -1.10064    -0.23598    -0.86466     0.00000
    -11.945        -1.13171    -0.26162    -0.87009     0.00000
    -11.795        -1.16376    -0.28441    -0.87935     0.00000
    -11.645        -1.19907    -0.31277    -0.88630     0.00000
    -11.495        -1.23205    -0.33728    -0.89476     0.00000
    -11.345        -1.26517    -0.36256    -0.90262     0.00000
    -11.195        -1.30088    -0.39159    -0.90929     0.00000
    -11.045        -1.34274    -0.42380    -0.91894     0.00000
    -10.895        -1.38428    -0.45501    -0.92928     0.00000
    -10.745        -1.42629    -0.48811    -0.93818     0.00000
    -10.595        -1.47346    -0.52286    -0.95060     0.00000
    -10.445        -1.52140    -0.55767    -0.96373     0.00000
    -10.295        -1.57477    -0.59626    -0.97851     0.00000
    -10.145        -1.62807    -0.63462    -0.99345     0.00000
    -9.9950        -1.68735    -0.67755    -1.00980     0.00000
    -9.8450        -1.74960    -0.72005    -1.02955     0.00000
    -9.6950        -1.80980    -0.76139    -1.04840     0.00000
    -9.5450        -1.86851    -0.79779    -1.07071     0.00000
    -9.3950        -1.93402    -0.84247    -1.09155     0.00000
    -9.2450        -1.99749    -0.87990    -1.11759     0.00000
    -9.0950        -2.05685    -0.91876    -1.13809     0.00000
    -8.9450        -2.12551    -0.96254    -1.16298     0.00000
    -8.7950        -2.19704    -1.00797    -1.18907     0.00000
    -8.6450        -2.26871    -1.05125    -1.21747     0.00000
    -8.4950        -2.34312    -1.09569    -1.24743     0.00000
    -8.3450        -2.41335    -1.13911    -1.27424    -0.00000
    -8.1950        -2.48500    -1.18355    -1.30145     0.00000
    -8.0450        -2.56264    -1.23038    -1.33186    -0.00040
    -7.8950        -2.64216    -1.28220    -1.35871    -0.00125
    -7.7450        -2.72438    -1.33103    -1.39108    -0.00227
    -7.5950        -2.80753    -1.38031    -1.42233    -0.00488
    -7.4450        -2.89741    -1.43329    -1.45387    -0.01025
    -7.2950        -2.99337    -1.48460    -1.48756    -0.02121
    -7.1450        -3.09682    -1.53644    -1.52036    -0.04003
    -6.9950        -3.21325    -1.59378    -1.55480    -0.06467
    -6.8450        -3.34221    -1.65150    -1.58998    -0.10073
    -6.6950        -3.48918    -1.70941    -1.62452    -0.15526
    -6.5450        -3.64817    -1.76641    -1.66065    -0.22111
    -6.3950        -3.82708    -1.82653    -1.69853    -0.30202
    -6.2450        -4.02353    -1.88697    -1.73858    -0.39798
    -6.0950        -4.25049    -1.95161    -1.77893    -0.51994
    -5.9450        -4.51465    -2.01826    -1.82019    -0.67621
    -5.7950        -4.82169    -2.08506    -1.86393    -0.87270
    -5.6450        -5.19957    -2.15580    -1.90876    -1.13501
    -5.4950        -5.64364    -2.22753    -1.95429    -1.46182
    -5.3450        -6.12003    -2.29712    -2.00548    -1.81743
    -5.1950        -6.66065    -2.37135    -2.05577    -2.23353
    -5.0450        -7.23738    -2.44677    -2.10895    -2.68165
    -4.8950        -7.85748    -2.52531    -2.16711    -3.16506
    -4.7450        -8.51129    -2.60255    -2.22855    -3.68018
    -4.5950        -9.19632    -2.68552    -2.29386    -4.21695
    -4.4450        -9.88232    -2.76930    -2.36138    -4.75163
    -4.2950       -10.60395    -2.85708    -2.43351    -5.31337
    -4.1450       -11.33707    -2.94311    -2.50836    -5.88560
    -3.9950       -12.08953    -3.03829    -2.58671    -6.46453
    -3.8450       -12.85934    -3.13956    -2.66989    -7.04988
    -3.6950       -13.63510    -3.23761    -2.75978    -7.63771
    -3.5450       -14.45232    -3.34423    -2.85824    -8.24985
    -3.3950       -15.31114    -3.45432    -2.96542    -8.89140
    -3.2450       -16.18748    -3.57026    -3.07978    -9.53745
    -3.0950       -17.12024    -3.69096    -3.20149   -10.22778
    -2.9450       -18.09077    -3.81970    -3.33192   -10.93915
    -2.7950       -19.11060    -3.95083    -3.47288   -11.68689
    -2.6450       -20.18790    -4.08960    -3.62498   -12.47332
    -2.4950       -21.35125    -4.23228    -3.79282   -13.32615
    -2.3450       -22.59347    -4.37980    -3.97059   -14.24308
    -2.1950       -23.93310    -4.53284    -4.16161   -15.23866
    -2.0450       -25.36363    -4.69131    -4.37384   -16.29848
    -1.8950       -26.89943    -4.85959    -4.60405   -17.43579
    -1.7450       -28.54246    -5.03827    -4.84873   -18.65545
    -1.5950       -30.32283    -5.22885    -5.11805   -19.97593
    -1.4450       -32.27368    -5.43757    -5.41963   -21.41648
    -1.2950       -34.41140    -5.65950    -5.75909   -22.99281
    -1.1450       -36.80505    -5.90941    -6.13548   -24.76016
   -0.99500       -39.50417    -6.18224    -6.55628   -26.76565
   -0.84500       -42.59623    -6.48637    -7.03774   -29.07211
   -0.69500       -46.20984    -6.83550    -7.58800   -31.78634
   -0.54500       -50.52284    -7.22754    -8.19228   -35.10301
   -0.39500       -55.93930    -7.63137    -8.74874   -39.55919
   -0.25300       -60.47671    -7.85496    -9.02107   -43.60067
   -0.21500       -60.80678    -7.86720    -9.03519   -43.90438
   -0.20900       -61.14650    -7.87926    -9.04912   -44.21812
   -0.20300       -61.49460    -7.89091    -9.06288   -44.54082
   -0.19700       -61.85158    -7.90236    -9.07607   -44.87315
   -0.19100       -62.21766    -7.91344    -9.08911   -45.21511
   -0.18500       -62.59425    -7.92406    -9.10177   -45.56842
   -0.17900       -62.98364    -7.93471    -9.11374   -45.93518
   -0.17300       -63.38673    -7.94504    -9.12567   -46.31602
   -0.16700       -63.80122    -7.95537    -9.13671   -46.70914
   -0.16100       -64.22883    -7.96498    -9.14749   -47.11636
   -0.15500       -64.67360    -7.97407    -9.15796   -47.54157
   -0.14900       -65.13117    -7.98298    -9.16795   -47.98023
   -0.14300       -65.60674    -7.99188    -9.17771   -48.43715
   -0.13700       -66.09893    -8.00029    -9.18699   -48.91166
   -0.13100       -66.61002    -8.00851    -9.19580   -49.40571
   -0.12500       -67.14001    -8.01617    -9.20424   -49.91960
   -0.11900       -67.69266    -8.02357    -9.21223   -50.45687
   -0.11300       -68.26947    -8.03073    -9.21974   -51.01900
   -0.10700       -68.86866    -8.03745    -9.22702   -51.60419
   -0.10100       -69.49400    -8.04380    -9.23387   -52.21634
   -0.95000E-01   -70.14376    -8.04986    -9.24044   -52.85347
   -0.89000E-01   -70.82537    -8.05558    -9.24642   -53.52337
   -0.83000E-01   -71.53695    -8.06088    -9.25207   -54.22399
   -0.77000E-01   -72.28228    -8.06597    -9.25729   -54.95902
   -0.71000E-01   -73.06460    -8.07079    -9.26220   -55.73161
   -0.65000E-01   -73.88721    -8.07508    -9.26671   -56.54542
   -0.59000E-01   -74.75657    -8.07890    -9.27067   -57.40700
   -0.53000E-01   -75.67940    -8.08243    -9.27428   -58.32269
   -0.47000E-01   -76.65759    -8.08558    -9.27757   -59.29444
   -0.41000E-01   -77.68105    -8.08831    -9.28043   -60.31231
   -0.35000E-01   -78.72877    -8.09072    -9.28281   -61.35523
   -0.29000E-01   -79.76612    -8.09268    -9.28481   -62.38863
   -0.23000E-01   -80.71052    -8.09424    -9.28637   -63.32992
   -0.19700E-01   -80.79636    -8.09437    -9.28650   -63.41550
   -0.19100E-01   -80.87977    -8.09450    -9.28663   -63.49864
   -0.18500E-01   -80.96129    -8.09462    -9.28676   -63.57991
   -0.17900E-01   -81.04088    -8.09475    -9.28688   -63.65925
   -0.17300E-01   -81.11832    -8.09487    -9.28700   -63.73645
   -0.16700E-01   -81.19373    -8.09498    -9.28712   -63.81162
   -0.16100E-01   -81.26672    -8.09510    -9.28723   -63.88439
   -0.15500E-01   -81.33753    -8.09520    -9.28734   -63.95498
   -0.14900E-01   -81.40611    -8.09529    -9.28744   -64.02338
   -0.14300E-01   -81.47248    -8.09539    -9.28754   -64.08954
   -0.13700E-01   -81.53614    -8.09548    -9.28763   -64.15302
   -0.13100E-01   -81.59743    -8.09557    -9.28771   -64.21415
   -0.12500E-01   -81.65621    -8.09565    -9.28780   -64.27276
   -0.11900E-01   -81.71238    -8.09573    -9.28787   -64.32878
   -0.11300E-01   -81.76606    -8.09580    -9.28795   -64.38231
   -0.10700E-01   -81.81696    -8.09587    -9.28802   -64.43307
   -0.10100E-01   -81.86528    -8.09594    -9.28809   -64.48125
   -0.95000E-02   -81.91077    -8.09601    -9.28815   -64.52661
   -0.89000E-02   -81.95365    -8.09607    -9.28821   -64.56937
   -0.83000E-02   -81.99395    -8.09613    -9.28827   -64.60956
   -0.77000E-02   -82.03122    -8.09617    -9.28832   -64.64673
   -0.71000E-02   -82.06563    -8.09622    -9.28837   -64.68104
   -0.65000E-02   -82.09727    -8.09627    -9.28841   -64.71259
   -0.59000E-02   -82.12607    -8.09631    -9.28845   -64.74131
   -0.53000E-02   -82.15199    -8.09634    -9.28848   -64.76716
   -0.47000E-02   -82.17503    -8.09638    -9.28851   -64.79014
   -0.41000E-02   -82.19515    -8.09641    -9.28854   -64.81020
   -0.35000E-02   -82.21237    -8.09643    -9.28857   -64.82737
   -0.29000E-02   -82.22665    -8.09645    -9.28859   -64.84162
   -0.23000E-02   -82.23796    -8.09647    -9.28860   -64.85289
   -0.17000E-02   -82.24634    -8.09648    -9.28861   -64.86125
   -0.11000E-02   -82.25177    -8.09649    -9.28862   -64.86666
   -0.50000E-03   -82.25424    -8.09649    -9.28863   -64.86913
    0.10000E-03   -82.25375    -8.09649    -9.28862   -64.86864
    0.70000E-03   -82.25030    -8.09649    -9.28862   -64.86520
    0.13000E-02   -82.24388    -8.09648    -9.28861   -64.85879
    0.19000E-02   -82.23449    -8.09646    -9.28860   -64.84943
    0.25000E-02   -82.22220    -8.09645    -9.28858   -64.83717
    0.31000E-02   -82.20700    -8.09642    -9.28856   -64.82201
    0.37000E-02   -82.18882    -8.09640    -9.28854   -64.80389
    0.43000E-02   -82.16775    -8.09637    -9.28851   -64.78287
    0.49000E-02   -82.14375    -8.09634    -9.28847   -64.75893
    0.55000E-02   -82.11692    -8.09630    -9.28844   -64.73219
    0.61000E-02   -82.08722    -8.09626    -9.28840   -64.70257
    0.67000E-02   -82.05472    -8.09621    -9.28835   -64.67016
    0.73000E-02   -82.01935    -8.09616    -9.28830   -64.63489
    0.79000E-02   -81.98126    -8.09610    -9.28825   -64.59692
    0.85000E-02   -81.94036    -8.09604    -9.28819   -64.55614
    0.91000E-02   -81.89672    -8.09598    -9.28812   -64.51262
    0.97000E-02   -81.85036    -8.09591    -9.28806   -64.46639
    0.10300E-01   -81.80135    -8.09584    -9.28799   -64.41753
    0.10900E-01   -81.74976    -8.09577    -9.28792   -64.36608
    0.11500E-01   -81.69568    -8.09569    -9.28783   -64.31216
    0.12100E-01   -81.63880    -8.09561    -9.28775   -64.25545
    0.12700E-01   -81.57949    -8.09553    -9.28766   -64.19631
    0.13300E-01   -81.51783    -8.09544    -9.28757   -64.13482
    0.13900E-01   -81.45349    -8.09535    -9.28747   -64.07067
    0.14500E-01   -81.38697    -8.09524    -9.28738   -64.00435
    0.15100E-01   -81.31804    -8.09514    -9.28727   -63.93563
    0.15700E-01   -81.24694    -8.09504    -9.28717   -63.86473
    0.16300E-01   -81.17348    -8.09492    -9.28706   -63.79150
    0.16900E-01   -81.09797    -8.09481    -9.28694   -63.71622
    0.17500E-01   -81.02039    -8.09468    -9.28683   -63.63888
    0.18100E-01   -80.94090    -8.09455    -9.28672   -63.55963
    0.18700E-01   -80.85931    -8.09442    -9.28659   -63.47830
    0.19300E-01   -80.77578    -8.09429    -9.28646   -63.39504
    0.20200E-01   -80.43371    -8.09373    -9.28591   -63.05407
    0.25000E-01   -79.45472    -8.09195    -9.28425   -62.07852
    0.31000E-01   -78.41711    -8.08979    -9.28218   -61.04515
    0.37000E-01   -77.38877    -8.08717    -9.27977   -60.02183
    0.43000E-01   -76.39267    -8.08403    -9.27691   -59.03173
    0.49000E-01   -75.44599    -8.08060    -9.27360   -58.09178
    0.55000E-01   -74.55348    -8.07664    -9.26994   -57.20690
    0.61000E-01   -73.71264    -8.07232    -9.26603   -56.37429
    0.67000E-01   -72.91422    -8.06756    -9.26164   -55.58502
    0.73000E-01   -72.15359    -8.06241    -9.25680   -54.83438
    0.79000E-01   -71.42874    -8.05672    -9.25166   -54.12036
    0.85000E-01   -70.73783    -8.05082    -9.24605   -53.44097
    0.91000E-01   -70.07660    -8.04438    -9.24017   -52.79205
    0.97000E-01   -69.44512    -8.03771    -9.23385   -52.17355
    0.10300       -68.84077    -8.03040    -9.22725   -51.58313
    0.10900       -68.26043    -8.02284    -9.22029   -51.01730
    0.11500       -67.70455    -8.01491    -9.21293   -50.47671
    0.12100       -67.17023    -8.00675    -9.20523   -49.95824
    0.12700       -66.65946    -7.99785    -9.19714   -49.46446
    0.13300       -66.16786    -7.98862    -9.18861   -48.99063
    0.13900       -65.69797    -7.97917    -9.18020   -48.53859
    0.14500       -65.24587    -7.96902    -9.17108   -48.10577
    0.15100       -64.81188    -7.95858    -9.16186   -47.69144
    0.15700       -64.39491    -7.94785    -9.15229   -47.29477
    0.16300       -63.99222    -7.93658    -9.14221   -46.91344
    0.16900       -63.60590    -7.92495    -9.13217   -46.54878
    0.17500       -63.23445    -7.91316    -9.12182   -46.19947
    0.18100       -62.87604    -7.90087    -9.11138   -45.86379
    0.18700       -62.53035    -7.88823    -9.10015   -45.54197
    0.19300       -62.19674    -7.87535    -9.08864   -45.23275
    0.19900       -61.87443    -7.86242    -9.07712   -44.93489
    0.20500       -61.56274    -7.84850    -9.06545   -44.64879
    0.21100       -61.26017    -7.83476    -9.05342   -44.37200
    0.21700       -60.96844    -7.82039    -9.04103   -44.10703
    0.29500       -55.32338    -7.35851    -8.68201   -39.28286
    0.44500       -51.66316    -6.78015    -8.27768   -36.60533
    0.59500       -48.93765    -6.21107    -7.88956   -34.83702
    0.74500       -46.78599    -5.69263    -7.53946   -33.55391
    0.89500       -45.02533    -5.23643    -7.23175   -32.55716
     1.0450       -43.54527    -4.84797    -6.94919   -31.74810
     1.1950       -42.27878    -4.50492    -6.68779   -31.08606
     1.3450       -41.17664    -4.19587    -6.44856   -30.53220
     1.4950       -40.21618    -3.91680    -6.23055   -30.06883
     1.6450       -39.36986    -3.66204    -6.03606   -29.67176
     1.7950       -38.61451    -3.42740    -5.85496   -29.33216
     1.9450       -37.92961    -3.21134    -5.68555   -29.03272
     2.0950       -37.31354    -3.01470    -5.52882   -28.77002
     2.2450       -36.75808    -2.83653    -5.38221   -28.53934
     2.3950       -36.24895    -2.67258    -5.24330   -28.33306
     2.5450       -35.78187    -2.51513    -5.11274   -28.15400
     2.6950       -35.34807    -2.36886    -4.98902   -27.99019
     2.8450       -34.95203    -2.23350    -4.87183   -27.84670
     2.9950       -34.58420    -2.10648    -4.76101   -27.71671
     3.1450       -34.23833    -1.98613    -4.65568   -27.59652
     3.2950       -33.92080    -1.87494    -4.55435   -27.49151
     3.4450       -33.61621    -1.76899    -4.45821   -27.38901
     3.5950       -33.33619    -1.67047    -4.36459   -27.30113
     3.7450       -33.06762    -1.57825    -4.27552   -27.21385
     3.8950       -32.81306    -1.49197    -4.18985   -27.13124
     4.0450       -32.57778    -1.41170    -4.10890   -27.05719
     4.1950       -32.35458    -1.33619    -4.03092   -26.98746
     4.3450       -32.14257    -1.26573    -3.95768   -26.91915
     4.4950       -31.94157    -1.19938    -3.88693   -26.85526
     4.6450       -31.75164    -1.13763    -3.81931   -26.79471
     4.7950       -31.56735    -1.07970    -3.75180   -26.73585
     4.9450       -31.39390    -1.02542    -3.68975   -26.67872
     5.0950       -31.22316    -0.97328    -3.62588   -26.62400
     5.2450       -31.06093    -0.92443    -3.56600   -26.57050
     5.3950       -30.90598    -0.87734    -3.50931   -26.51933
     5.5450       -30.75417    -0.83291    -3.45206   -26.46920
     5.6950       -30.60952    -0.79101    -3.39848   -26.42003
     5.8450       -30.47017    -0.75035    -3.34678   -26.37304
     5.9950       -30.34103    -0.71341    -3.30033   -26.32729
     6.1450       -30.21560    -0.67740    -3.25631   -26.28188
     6.2950       -30.09292    -0.64452    -3.21009   -26.23831
     6.4450       -29.97999    -0.61276    -3.17186   -26.19537
     6.5950       -29.87082    -0.58325    -3.13377   -26.15380
     6.7450       -29.76941    -0.55590    -3.10031   -26.11320
     6.8950       -29.67747    -0.53523    -3.06871   -26.07353
     7.0450       -29.57820    -0.50845    -3.03503   -26.03472
     7.1950       -29.49237    -0.48687    -3.00885   -25.99665
     7.3450       -29.39825    -0.46482    -2.97408   -25.95934
     7.4950       -29.31832    -0.44571    -2.94974   -25.92286
     7.6450       -29.23704    -0.42766    -2.92237   -25.88701
     7.7950       -29.16890    -0.41382    -2.90317   -25.85192
     7.9450       -29.09084    -0.39697    -2.87631   -25.81756
     8.0950       -29.01402    -0.37711    -2.85313   -25.78379
     8.2450       -28.94929    -0.36407    -2.83461   -25.75061
     8.3950       -28.88589    -0.34682    -2.82099   -25.71808
     8.5450       -28.82399    -0.33460    -2.80323   -25.68616
     8.6950       -28.76747    -0.32321    -2.78953   -25.65473
     8.8450       -28.71768    -0.31578    -2.77805   -25.62385
     8.9950       -28.66616    -0.30957    -2.76309   -25.59350
     9.1450       -28.60901    -0.30096    -2.74435   -25.56370
     9.2950       -28.55301    -0.29038    -2.72829   -25.53434
     9.4450       -28.49762    -0.28182    -2.71038   -25.50542
     9.5950       -28.44781    -0.27327    -2.69753   -25.47701
     9.7450       -28.39742    -0.26370    -2.68466   -25.44905
     9.8950       -28.36099    -0.25749    -2.68200   -25.42150
     10.045       -28.31349    -0.25587    -2.66332   -25.39430
     10.195       -28.27450    -0.25261    -2.65433   -25.36756
     10.345       -28.23593    -0.24939    -2.64533   -25.34121
     10.495       -28.20094    -0.24620    -2.63954   -25.31520
     10.645       -28.16646    -0.24476    -2.63205   -25.28964
     10.795       -28.13406    -0.24338    -2.62625   -25.26443
     10.945       -28.09241    -0.23715    -2.61576   -25.23950
     11.095       -28.05911    -0.23232    -2.61182   -25.21497
     11.245       -28.02307    -0.23107    -2.60124   -25.19075
     11.395       -27.99221    -0.22987    -2.59546   -25.16688
     11.545       -27.96163    -0.22675    -2.59162   -25.14326
     11.695       -27.92761    -0.22363    -2.58406   -25.11992
     11.845       -27.89954    -0.22251    -2.58022   -25.09681
     11.995       -27.86998    -0.22143    -2.57444   -25.07411
     12.145       -27.83688    -0.21655    -2.56867   -25.05165
     12.295       -27.80998    -0.21345    -2.56704   -25.02949
     12.445       -27.78331    -0.21244    -2.56327   -25.00760
     12.595       -27.75921    -0.21147    -2.56175   -24.98598
     12.745       -27.73313    -0.21052    -2.55805   -24.96457
     12.895       -27.70732    -0.20958    -2.55433   -24.94341
     13.045       -27.68418    -0.20868    -2.55294   -24.92256
     13.195       -27.65905    -0.20556    -2.55159   -24.90191
     13.345       -27.63646    -0.20470    -2.55028   -24.88148
     13.495       -27.61188    -0.20154    -2.54902   -24.86132
     13.645       -27.58990    -0.20071    -2.54779   -24.84139
     13.795       -27.56817    -0.19990    -2.54659   -24.82168
     13.945       -27.54671    -0.19912    -2.54544   -24.80215
     14.095       -27.52547    -0.19834    -2.54431   -24.78282
     14.245       -27.50455    -0.19759    -2.54320   -24.76376
     14.395       -27.48389    -0.19687    -2.54214   -24.74488
     14.545       -27.46341    -0.19614    -2.54111   -24.72616
     14.695       -27.44318    -0.19542    -2.54009   -24.70766
     14.845       -27.42317    -0.19473    -2.53911   -24.68934
     14.995       -27.40336    -0.19403    -2.53816   -24.67117
     15.145       -27.38377    -0.19336    -2.53722   -24.65319
     15.295       -27.36440    -0.19270    -2.53630   -24.63540
     15.445       -27.34531    -0.19205    -2.53542   -24.61784
     15.595       -27.32635    -0.19141    -2.53455   -24.60039
     15.745       -27.30757    -0.19078    -2.53371   -24.58308
     15.895       -27.28898    -0.19017    -2.53289   -24.56592
     16.045       -27.27060    -0.18955    -2.53209   -24.54896
     16.195       -27.25243    -0.18895    -2.53132   -24.53216
     16.345       -27.23448    -0.18836    -2.53056   -24.51556
     16.495       -27.21670    -0.18778    -2.52982   -24.49910
     16.645       -27.19907    -0.18722    -2.52910   -24.48276
     16.795       -27.18164    -0.18665    -2.52839   -24.46660
     16.945       -27.16434    -0.18610    -2.52769   -24.45056
     17.095       -27.14723    -0.18556    -2.52702   -24.43465
     17.245       -27.13029    -0.18503    -2.52637   -24.41889
     17.395       -27.11351    -0.18449    -2.52572   -24.40330
     17.545       -27.09683    -0.18396    -2.52507   -24.38780
     17.695       -27.08036    -0.18344    -2.52446   -24.37246
     17.845       -27.06402    -0.18292    -2.52385   -24.35725
     17.995       -27.04787    -0.18242    -2.52327   -24.34219
     18.145       -27.03182    -0.18191    -2.52269   -24.32722
     18.295       -27.01592    -0.18142    -2.52213   -24.31238
     18.445       -27.00017    -0.18093    -2.52156   -24.29768
     18.595       -26.98457    -0.18045    -2.52102   -24.28311
     18.745       -26.96907    -0.17997    -2.52048   -24.26861
     18.895       -26.95372    -0.17951    -2.51996   -24.25425
     19.045       -26.93855    -0.17905    -2.51945   -24.24004
     19.195       -26.92344    -0.17860    -2.51895   -24.22590
     19.345       -26.90852    -0.17814    -2.51846   -24.21192
     19.495       -26.89367    -0.17770    -2.51797   -24.19800
     19.645       -26.87896    -0.17726    -2.51749   -24.18420
     19.795       -26.86432    -0.17683    -2.51702   -24.17048
     19.945       -26.84983    -0.17640    -2.51655   -24.15688
     20.095       -26.83544    -0.17597    -2.51610   -24.14337
     20.245       -26.82120    -0.17555    -2.51566   -24.13000
     20.395       -26.80713    -0.17513    -2.51522   -24.11678
     20.545       -26.79309    -0.17472    -2.51479   -24.10358
     20.695       -26.77920    -0.17431    -2.51437   -24.09052
     20.845       -26.76539    -0.17390    -2.51396   -24.07753
     20.995       -26.75169    -0.17351    -2.51355   -24.06463
     21.145       -26.73813    -0.17311    -2.51314   -24.05188
     21.295       -26.72466    -0.17271    -2.51275   -24.03920
     21.445       -26.71125    -0.17232    -2.51236   -24.02657
     21.595       -26.69796    -0.17194    -2.51197   -24.01405
     21.745       -26.68473    -0.17156    -2.51159   -24.00158
     21.895       -26.67164    -0.17119    -2.51121   -23.98924
     22.045       -26.65861    -0.17081    -2.51085   -23.97694
     22.195       -26.64571    -0.17044    -2.51049   -23.96478
     22.345       -26.63289    -0.17008    -2.51012   -23.95268
     22.495       -26.62014    -0.16972    -2.50977   -23.94064
     22.645       -26.60751    -0.16937    -2.50943   -23.92871
     22.795       -26.59494    -0.16902    -2.50908   -23.91684
     22.945       -26.58249    -0.16867    -2.50874   -23.90508
     23.095       -26.57014    -0.16832    -2.50840   -23.89342
     23.245       -26.55784    -0.16798    -2.50807   -23.88179
     23.395       -26.54561    -0.16763    -2.50774   -23.87024
     23.545       -26.53345    -0.16729    -2.50741   -23.85875
     23.695       -26.52141    -0.16695    -2.50709   -23.84738
     23.845       -26.50947    -0.16662    -2.50678   -23.83607
     23.995       -26.49760    -0.16629    -2.50648   -23.82483
     24.145       -26.48577    -0.16596    -2.50617   -23.81364
     24.295       -26.47404    -0.16562    -2.50586   -23.80256
     24.445       -26.46239    -0.16530    -2.50556   -23.79153
     24.595       -26.45081    -0.16497    -2.50526   -23.78058
     24.745       -26.43931    -0.16465    -2.50498   -23.76968
     24.895       -26.42787    -0.16433    -2.50469   -23.75884
     25.045       -26.41649    -0.16402    -2.50440   -23.74806
     25.195       -26.40520    -0.16371    -2.50412   -23.73737
     25.345       -26.39399    -0.16340    -2.50384   -23.72675
     25.495       -26.38283    -0.16309    -2.50356   -23.71618
     25.645       -26.37176    -0.16278    -2.50329   -23.70569
     25.795       -26.36074    -0.16248    -2.50302   -23.69524
     25.945       -26.34976    -0.16218    -2.50276   -23.68482
     26.095       -26.33886    -0.16188    -2.50250   -23.67448
     26.245       -26.32803    -0.16158    -2.50223   -23.66422
     26.395       -26.31724    -0.16128    -2.50197   -23.65400
     26.545       -26.30655    -0.16099    -2.50171   -23.64385
     26.695       -26.29595    -0.16070    -2.50146   -23.63379
     26.845       -26.28540    -0.16041    -2.50121   -23.62378
     26.995       -26.27488    -0.16012    -2.50096   -23.61380
     27.145       -26.26445    -0.15984    -2.50071   -23.60390
     27.295       -26.25410    -0.15956    -2.50047   -23.59407
     27.445       -26.24379    -0.15928    -2.50023   -23.58427
     27.595       -26.23352    -0.15901    -2.50000   -23.57451
     27.745       -26.22333    -0.15873    -2.49975   -23.56486
     27.895       -26.21319    -0.15845    -2.49951   -23.55522
     28.045       -26.20311    -0.15818    -2.49928   -23.54565
     28.195       -26.19306    -0.15791    -2.49905   -23.53610
     28.345       -26.18311    -0.15764    -2.49882   -23.52665
     28.495       -26.17316    -0.15738    -2.49859   -23.51719
     28.645       -26.16329    -0.15711    -2.49837   -23.50780
     28.795       -26.15350    -0.15684    -2.49815   -23.49851
     28.945       -26.14373    -0.15658    -2.49793   -23.48922
     29.095       -26.13402    -0.15632    -2.49772   -23.47999
     29.245       -26.12439    -0.15606    -2.49750   -23.47082
     29.395       -26.11475    -0.15580    -2.49728   -23.46166
     29.545       -26.10522    -0.15555    -2.49707   -23.45260
     29.695       -26.09568    -0.15530    -2.49686   -23.44351
     29.845       -26.08622    -0.15505    -2.49665   -23.43451
     29.995       -26.07683    -0.15480    -2.49645   -23.42558
     30.145       -26.06750    -0.15455    -2.49624   -23.41670
     35.794       -25.45149    -0.13854    -2.48376   -22.82919
     49.810       -24.84608    -0.12331    -2.47282   -22.24995
     69.316       -24.25221    -0.10866    -2.46280   -21.68074
     96.460       -23.67102    -0.09445    -2.45340   -21.12317
     134.23       -23.10347    -0.08069    -2.44449   -20.57829
     186.80       -22.54990    -0.06734    -2.43597   -20.04659
     259.95       -22.01104    -0.05434    -2.42779   -19.52892
     361.74       -21.48740    -0.04178    -2.41991   -19.02571
     503.40       -20.97892    -0.02960    -2.41230   -18.53701
     700.53       -20.48552    -0.01781    -2.40498   -18.06273
     974.85       -20.00694    -0.00639    -2.39787   -17.60268
     1356.6       -19.54332     0.00460    -2.39102   -17.15690
     1887.8       -19.09389     0.01525    -2.38440   -16.72474
     2627.1       -18.65837     0.02555    -2.37797   -16.30595
     3655.9       -18.23576     0.03550    -2.37173   -15.89953
     5087.5       -17.82565     0.04513    -2.36570   -15.50508
     7079.7       -17.42799     0.05443    -2.35988   -15.12254
     9852.1       -17.04283     0.06342    -2.35426   -14.75199
     13710.       -16.67030     0.07212    -2.34882   -14.39360
     19079.       -16.31046     0.08055    -2.34361   -14.04740
     26550.       -15.96301     0.08868    -2.33860   -13.71309
     36947.       -15.62807     0.09657    -2.33375   -13.39089
     51416.       -15.30643     0.10418    -2.32913   -13.08149
     71550.       -14.99890     0.11157    -2.32471   -12.78577
     99568.       -14.70497     0.11872    -2.32049   -12.50320
    0.13856E+06   -14.42321     0.12560    -2.31643   -12.23238
    0.19282E+06   -14.15404     0.13227    -2.31260   -11.97371
    0.26832E+06   -13.89704     0.13867    -2.30891   -11.72680
    0.37340E+06   -13.65167     0.14478    -2.30542   -11.49103
    0.51962E+06   -13.41737     0.15063    -2.30208   -11.26593
    0.72310E+06   -13.19316     0.15622    -2.29889   -11.05049
    0.10063E+07   -12.97928     0.16155    -2.29585   -10.84498
    0.14003E+07   -12.77544     0.16662    -2.29296   -10.64910
    0.19487E+07   -12.58125     0.17148    -2.29019   -10.46254
    0.27118E+07   -12.39638     0.17611    -2.28758   -10.28491
    0.37737E+07   -12.22026     0.18052    -2.28509   -10.11569
    0.52514E+07   -12.05252     0.18477    -2.28271    -9.95458
    0.73079E+07   -11.89310     0.18881    -2.28044    -9.80146
    0.10170E+08   -11.74109     0.19264    -2.27830    -9.65543
    0.14152E+08   -11.59667     0.19628    -2.27628    -9.51668
    0.19694E+08   -11.45916     0.19978    -2.27435    -9.38459
    0.27406E+08   -11.32836     0.20309    -2.27251    -9.25894
    0.38138E+08   -11.20404     0.20623    -2.27079    -9.13948
    0.53073E+08   -11.08608     0.20925    -2.26917    -9.02616
    0.73856E+08   -10.97471     0.21211    -2.26763    -8.91919
    0.10278E+09   -10.86993     0.21483    -2.26620    -8.81857
    0.14302E+09   -10.77211     0.21743    -2.26489    -8.72465
    0.19903E+09   -10.68156     0.21987    -2.26367    -8.63776
    0.27697E+09   -10.59793     0.22221    -2.26255    -8.55759
    0.38543E+09   -10.52053     0.22443    -2.26150    -8.48345
    0.53637E+09   -10.44861     0.22651    -2.26055    -8.41457
    0.74641E+09   -10.38266     0.22847    -2.25968    -8.35145
    0.10387E+10   -10.32257     0.23029    -2.25889    -8.29397
    0.14454E+10   -10.26740     0.23197    -2.25816    -8.24121
    0.20115E+10   -10.21666     0.23352    -2.25749    -8.19269
    0.27992E+10   -10.16988     0.23497    -2.25687    -8.14798
    0.38953E+10   -10.12688     0.23629    -2.25630    -8.10686
    0.54207E+10   -10.08726     0.23750    -2.25578    -8.06898
    0.75434E+10   -10.05082     0.23861    -2.25530    -8.03412
    0.10497E+11   -10.01731     0.23962    -2.25486    -8.00207
    0.14608E+11    -9.98647     0.24056    -2.25445    -7.97257
    0.20329E+11    -9.95808     0.24141    -2.25408    -7.94541
    0.28289E+11    -9.93187     0.24219    -2.25373    -7.92034
    0.39367E+11    -9.90778     0.24292    -2.25341    -7.89729
    0.54783E+11    -9.88558     0.24359    -2.25311    -7.87606
    0.10000E+12    -9.62739     0.25140    -2.24970    -7.62909
