#"Time (ps)"	"Potential Energy (kJ/mole)"	"Kinetic Energy (kJ/mole)"	"Temperature (K)"	"Box Volume (nm^3)"	"Density (g/mL)"	"Speed (ns/day)"	"Time Remaining"
100.99999999994601	-60760.920063162135	7791.36020345763	306.98906803046776	30.446611133700504	1.0399194904209397	0	--
101.99999999994368	-60854.41291382353	7666.221853392339	302.0584648420328	30.242899857681415	1.0469242197077364	294	1:56
102.99999999994135	-60833.6114585998	7605.039195533966	299.6477937107926	30.395450056826963	1.041669864272692	295	1:56
103.99999999993902	-60666.21523944882	7583.680184165975	298.8062226856201	30.121238749034635	1.051152796171674	294	1:56
104.99999999993669	-60634.59957757214	7597.572394539879	299.353592670347	30.35439828755603	1.0430786351045005	295	1:55
105.99999999993436	-60375.10563403956	7588.811815014809	299.0084151822603	30.351030793220193	1.0431943663104513	294	1:55
106.99999999993203	-60702.012595649634	7675.091023568121	302.40792093382777	30.664242425894344	1.0325389388542472	297	1:54
107.9999999999297	-60497.559473026224	7531.87915251925	296.76519903724767	30.83491247095833	1.0268238758589965	297	1:54
108.99999999992737	-60656.15058256508	7648.083269698047	301.34378258395515	30.486900104326	1.038545218662936	298	1:53
109.99999999992504	-60732.22092352199	7418.507924652469	292.2982347748526	30.50202459591837	1.038030253881547	298	1:53
110.99999999992271	-60973.297113534296	7507.550163405623	295.80660727674854	30.457950057568134	1.0395323478881016	297	1:52
111.99999999992038	-60844.67091689701	7551.520381251156	297.53908733735545	30.395615680940853	1.041664188268296	297	1:52
112.99999999991805	-60564.14053491558	7334.947129275695	289.0058378086314	30.41440923107332	1.0410205272984348	298	1:52
113.99999999991572	-60720.339826779	7526.596946997853	296.5570737153765	30.60540476619959	1.0345239534348414	298	1:51
114.99999999991338	-60457.24067196273	7624.730954140495	300.42367294941596	30.592866052839046	1.0349479607604164	299	1:51
115.99999999991105	-60664.24282547395	7672.098857099638	302.2900259358344	30.437548705688258	1.0402291144189693	299	1:51
116.99999999990872	-60664.46017691525	7526.410629949167	296.5497325970556	30.665903806619927	1.0324829991923268	299	1:50
117.9999999999064	-60568.03581680986	7503.952109589417	295.6648395803622	30.556566711294707	1.0361774159496466	299	1:50
118.99999999990406	-60714.04450411559	7512.670706496983	296.0083629022591	30.59584109818801	1.0348473256084947	299	1:50
119.99999999990173	-60776.78739849731	7416.5929459063855	292.22278228321994	30.352143956249027	1.0431561072206772	299	1:49
120.9999999998994	-60950.45940121595	7388.045970585068	291.09799673613526	30.411373847371046	1.0411244323951976	298	1:49
121.99999999989707	-60414.15896328201	7573.068871491627	298.3881240605518	30.347826302211786	1.0433045194045667	298	1:49
122.99999999989474	-60538.55801763176	7650.5476960003125	301.44088397755087	30.138084499809416	1.0505652519290851	298	1:49
123.99999999989241	-60487.05101577891	7793.433686690252	307.0707657916466	30.671036488164088	1.0323102170812084	298	1:49
124.99999999989008	-60694.034877834754	7619.36179617632	300.21212159554597	30.619209528513537	1.034057535212256	298	1:48
125.99999999988775	-60558.27635731542	7522.011769050176	296.37641212764925	30.50584163018497	1.0379003706579706	298	1:48
126.99999999988542	-60688.69178071045	7664.796295210457	302.00229611587315	30.572413763708088	1.035640318749961	298	1:48
127.99999999988309	-60875.27013340447	7434.756382755346	292.93844378581844	30.711854287941545	1.030938218134027	298	1:47
128.99999999988785	-60883.81131257687	7588.173796665964	298.98327648334464	30.550408827477014	1.0363862727337887	298	1:47
129.99999999989262	-60636.876150010125	7396.970052009849	291.4496163979249	30.319546914951797	1.0442776214306986	297	1:47
130.9999999998974	-60567.52023162178	7461.852590750961	294.0060673358171	30.42282088543424	1.0407326938693378	297	1:47
131.99999999990217	-60774.493621741014	7592.709433607679	299.16198609518415	30.187892408279208	1.048831892832599	297	1:47
132.99999999990695	-60574.781224330654	7502.18104869994	295.5950576273157	30.49063231430875	1.0384180953946263	297	1:46
133.99999999991172	-60747.27544706385	7513.2226237817795	296.03010911453333	30.492172715086866	1.0383656366847436	297	1:46
134.9999999999165	-60645.49641538283	7505.703167911141	295.7338334079116	30.745497341787477	1.0298101209170933	296	1:46
135.99999999992127	-60985.60772899943	7728.477157961801	304.51139955826505	31.03211887230965	1.0202984999343618	296	1:46
136.99999999992605	-60555.85881909725	7363.409341077994	290.1272835699756	30.63473396075357	1.0335335170778646	296	1:45
137.99999999993082	-60433.4940861557	7386.335510043889	291.0306025105151	30.735106677930748	1.0301582703774101	296	1:45
138.9999999999356	-60696.30565535184	7709.459795613565	303.76209235243317	30.53468103707303	1.0369200941303618	296	1:45
139.99999999994037	-60524.61006158576	7620.394735504772	300.2528206613693	30.968561402050664	1.0223924813344978	296	1:44
140.99999999994515	-60740.63011470338	7629.3416802758675	300.60534116681066	30.627468112160095	1.0337787054174252	296	1:44
141.99999999994992	-60903.437875366915	7328.836995080557	288.7650910900707	30.44794861111425	1.0398738102062126	296	1:44
142.9999999999547	-60524.29386200645	7241.467677836001	285.32263373025546	30.51231936184911	1.0376800255568495	296	1:44
143.99999999995947	-60820.375911527546	7316.454910621169	288.2772219030223	30.405198274403578	1.0413358942591342	296	1:43
144.99999999996425	-61111.11213011097	7343.546336216608	289.3446570206376	30.434129106536545	1.040345995259712	296	1:43
145.99999999996902	-61026.6808732496	7304.491292397844	287.80584079462216	30.497629487769874	1.038179847646828	296	1:43
146.9999999999738	-61072.116853014915	7365.051947936544	290.19200427797506	30.530262891580115	1.0370701506122422	296	1:43
147.99999999997857	-60986.8202337916	7377.339133464213	290.67613433169566	30.569154483475995	1.0357507386184688	296	1:42
148.99999999998334	-60839.394770012936	7493.362814432025	295.24760847224	30.41661960270349	1.0409448764776	296	1:42
149.99999999998812	-61063.275665545545	7549.197934619696	297.4475801154681	30.43376861356082	1.0403583183284841	296	1:42
150.9999999999929	-60806.668611939385	7593.214048782979	299.1818685468145	30.578833172123108	1.0354229069821639	296	1:41
151.99999999999767	-60845.30621944758	7459.859697991658	293.92754493730297	30.34281421776751	1.0434768544528197	296	1:41
153.00000000000244	-60954.5600638476	7472.552019820408	294.4276378540213	30.437318375563184	1.0402369862064595	296	1:41
154.00000000000722	-60879.98748870767	7521.348034462571	296.3502601776499	30.329181825035327	1.0439458775332608	296	1:41
155.000000000012	-60808.00948682139	7559.081606662803	297.8370088146939	30.02157963820485	1.054642184614093	296	1:40
156.00000000001677	-60813.24465135997	7680.926678294569	302.6378528274943	30.20819775896822	1.0481268888609054	296	1:40
157.00000000002154	-60539.31037927259	7499.720478453342	295.49810816700307	30.262935389011684	1.0462311050863444	296	1:40
158.00000000002632	-60703.71645115115	7353.233527933362	289.7263441560416	30.305760482957034	1.0447526750898732	295	1:40
159.0000000000311	-60835.675447502	7559.994479447105	297.87297711265023	30.715071362081954	1.0308302384180492	295	1:39
160.00000000003587	-60950.423480700556	7435.963201703016	292.98599392011494	30.47103581674452	1.039085921647709	295	1:39
161.00000000004064	-60872.62117450405	7505.86319568838	295.7401386969639	30.849081855884908	1.0263522422843956	295	1:39
162.00000000004542	-61198.48935316384	7601.720039654385	299.5170149323107	30.684743060263095	1.0318490942883216	295	1:38
163.0000000000502	-60938.586968413816	7498.913499077412	295.46631219812633	30.564060959470936	1.0359233472668221	295	1:38
164.00000000005497	-60697.85520241392	7488.290756029175	295.0477632024249	30.630421859202958	1.0336790162649827	296	1:38
165.00000000005974	-60427.86106199885	7268.515059214926	286.3883334521725	30.786063372463513	1.0284531657114149	295	1:37
166.00000000006452	-60844.187776974635	7750.271531587727	305.3701243858968	30.573984971475518	1.0355870968322227	296	1:37
167.0000000000693	-60659.910729461786	7568.005355312016	298.1886153647215	30.659046227483852	1.0327139370310672	296	1:37
168.00000000007407	-60789.182241208124	7573.831578998872	298.418175663958	30.702658628224686	1.0312469912978715	295	1:37
169.00000000007884	-60772.7639753781	7734.214099369066	304.7374420270987	30.47614303693658	1.0389117906694585	295	1:36
170.00000000008362	-60828.4842712043	7382.1717833850325	290.8665466161453	30.147035222852672	1.0502533367261682	295	1:36
171.0000000000884	-60805.476664153626	7506.613429905894	295.76969883758443	30.420960128797475	1.0407963522896844	295	1:36
172.00000000009317	-60856.08339439597	7333.4339198539055	288.9462155170161	30.522475493370777	1.0373347450824906	295	1:35
173.00000000009794	-60859.760068705946	7355.197535663536	289.8037284492775	30.52159846472171	1.0373645525740989	295	1:35
174.00000000010272	-61041.33097799067	7499.157446066572	295.47592400619266	30.278474689479342	1.04569416590208	295	1:35
175.0000000001075	-60776.24187962385	7405.212595754178	291.7743826462046	30.52482880632387	1.0372547717169465	295	1:35
176.00000000011227	-60679.40369361601	7461.036064462139	293.97389520696123	30.56803473579118	1.035788679542759	295	1:34
177.00000000011704	-60669.95028709044	7461.122231606647	293.97729029725315	30.599128112239445	1.0347361604247065	295	1:34
178.00000000012182	-60694.55359122844	7471.2007203806925	294.37439501261804	30.533120662049612	1.0369730852488939	295	1:34
179.0000000001266	-61064.52800500547	7637.816195527491	300.9392473746062	30.352498896418396	1.0431439086202705	295	1:33
180.00000000013137	-60635.90917681984	7518.960873086666	296.2562031161239	30.9233656289051	1.0238867500763495	295	1:33
181.00000000013614	-60553.38664624456	7569.260593950559	298.2380732937274	30.600555049508124	1.0346879095485975	295	1:33
182.00000000014091	-60379.110000206565	7508.230792460279	295.83342488929713	30.422699906446017	1.0407368324496975	295	1:33
183.0000000001457	-60583.974217005714	7616.712367364692	300.1077308780774	30.40687372185496	1.0412785156681608	295	1:32
184.00000000015046	-60678.18081214599	7625.03218977201	300.4355419996667	30.49387197900521	1.038307774001327	295	1:32
185.00000000015524	-60557.75315990028	7485.909494960033	294.95393862016147	30.997516605979243	1.021437450543858	295	1:32
186.00000000016001	-60452.44836892333	7544.9744840265375	297.2811710254492	30.6127788942766	1.0342747531855694	295	1:31
187.0000000001648	-60733.73661547946	7621.48596356503	300.2958163741177	30.616281817173906	1.0341564179567302	295	1:31
188.00000000016956	-60938.627381930244	7553.39512914564	297.6129546845055	30.3781199249271	1.0422641168527917	295	1:31
189.00000000017434	-60824.42401859365	7435.407890110371	292.9641139679832	30.353563438303183	1.0431073241057427	295	1:31
190.0000000001791	-60883.89730143387	7694.1655056875425	303.15947872811455	30.75868288443171	1.0293686649121065	295	1:30
191.0000000001839	-60516.16156075851	7301.1422629190365	287.67388495999785	30.888535167603262	1.0250413029754266	295	1:30
192.00000000018866	-60578.42950453359	7624.819892139174	300.4271772147322	30.55815220670425	1.03612365436991	295	1:30
193.00000000019344	-60507.47398455531	7673.558287836906	302.34752928187277	30.515809944430774	1.0375613294504984	295	1:29
194.0000000001982	-60324.59017169458	7466.747135543863	294.19891835350455	30.38809315832278	1.0419220505295392	295	1:29
195.000000000203	-60639.15913066335	7574.8651307408145	298.4588988596176	30.319760666264447	1.0442702593767954	295	1:29
196.00000000020776	-60524.9026428106	7337.09526880319	289.0904771186266	30.18463534360673	1.0489450667459703	295	1:29
197.00000000021254	-60639.8316025814	7478.906345873031	294.6780060287581	30.28284195606744	1.0455433602016524	295	1:28
198.0000000002173	-60397.97367856992	7648.496258247937	301.36005483510604	30.415792971642396	1.0409731669571083	295	1:28
199.0000000002221	-60648.46485951607	7831.4629342856715	308.56916439886754	30.546019268937847	1.0365352046837522	295	1:28
200.00000000022686	-60769.125537924876	7489.369936260998	295.09028421608014	30.353578170655837	1.0431068178252354	295	1:27
201.00000000023164	-60704.089479917224	7393.3851975864445	291.30836877366835	30.336524250308035	1.0436932086865833	295	1:27
202.0000000002364	-60963.461180036364	7434.776077187111	292.93921977038275	30.236028879844454	1.047162127706144	295	1:27
203.0000000002412	-60999.12716972272	7307.201792869861	287.9126378097866	30.359829271668147	1.0428920417134688	295	1:27
204.00000000024596	-61190.863520974526	7390.236079303318	291.18428968329005	30.836909682091697	1.0267573716567915	295	1:26
205.00000000025074	-61086.45878805875	7406.433145824737	291.8224738034429	30.6391934988473	1.033383086157066	295	1:26
206.0000000002555	-60746.99297871502	7494.266078032391	295.2831981566624	30.817986431242904	1.027387834239026	295	1:26
207.0000000002603	-60654.40943605642	7563.365804484236	298.00581141938875	30.451520715900692	1.0397518281794564	295	1:25
208.00000000026506	-60705.76575102701	7423.087361059199	292.47867013888344	30.40264456312079	1.041423362677114	295	1:25
209.00000000026984	-60828.14236807526	7396.315621714354	291.4238310483507	30.4673369031385	1.0392120727801704	295	1:25
210.0000000002746	-60440.38708880686	7623.119771017526	300.3601903748166	30.643164151644022	1.033249183358359	295	1:25
211.00000000027939	-60343.63791701937	7472.901364389061	294.4414024549064	30.689676304192915	1.0316832286327038	295	1:24
212.00000000028416	-60238.919476737356	7583.608915388817	298.80341460912155	30.574034011913305	1.0355854357611132	295	1:24
213.00000000028894	-60525.23552617204	7593.232368035282	299.1825903476354	30.505057759585025	1.0379270409758128	295	1:24
214.0000000002937	-60782.3158052231	7617.047683901163	300.1209427574333	30.831711429572966	1.0269304838145623	295	1:23
215.00000000029848	-60531.584665514005	7454.053009321639	293.6987543414887	30.619541405122607	1.0340463273530713	295	1:23
216.00000000030326	-60455.74153754857	7473.445092761373	294.4628260140692	30.618719216850117	1.034074094052179	295	1:23
217.00000000030803	-61184.26956695056	7494.2786859003045	295.28369492199215	30.060473350388193	1.0532776369202936	295	1:23
218.0000000003128	-60985.29105973992	7375.874185689626	290.618413607677	30.160881309190735	1.0497711923807136	295	1:22
219.00000000031758	-61042.26101740482	7383.712851621974	290.92726657896	30.537055374184703	1.036839470840684	295	1:22
220.00000000032236	-60707.89474398142	7663.330896864282	301.9445576387859	30.500384306809107	1.038086078414884	295	1:22
221.00000000032713	-60660.132355917915	7546.277329358238	297.3325047160658	30.65878313121382	1.032722799195742	294	1:21
222.0000000003319	-60696.97654210238	7513.955023089507	296.05896653801705	30.553201016741333	1.0362915596913538	294	1:21
223.00000000033668	-60574.459719415434	7532.823038981771	296.80238931184533	30.373391950041526	1.0424263574934391	294	1:21
224.00000000034146	-60395.06242973555	7405.269557772667	291.7766270190114	30.32247704326566	1.0441767105644217	294	1:20
225.00000000034623	-60394.73525405428	7563.187236852972	297.9987756375393	30.289313366992534	1.0453199764411198	294	1:20
226.000000000351	-60517.01649846116	7603.366238076426	299.5818771522799	30.176298763308736	1.0492348509519691	294	1:20
227.00000000035578	-60441.83443671951	7597.436355161901	299.3482325534007	30.391214864609132	1.0418150270153588	294	1:20
228.00000000036056	-60748.42050906923	7360.042169654849	289.9946129206798	30.422281916340268	1.0407511317616243	294	1:19
229.00000000036533	-60911.455068448704	7327.180156663031	288.69980964133885	30.38384255517722	1.0420678121177045	294	1:19
230.0000000003701	-60902.84658151402	7234.623199420229	285.05295295627707	30.280833958707195	1.0456126927804767	294	1:19
231.00000000037488	-60878.62846978361	7201.289552594425	283.73956673026623	30.755139504232215	1.0294872611728951	294	1:18
232.00000000037966	-60784.86359037462	7472.529167008295	294.42673742543	30.45406735577569	1.0396648817156293	294	1:18
233.00000000038443	-60377.92983311429	7427.751903024835	292.66245876544247	30.725047180297263	1.0304955481242002	294	1:18
234.0000000003892	-60386.6445620679	7575.797551373504	298.49563736657495	30.673926546339136	1.032212954131271	294	1:18
235.00000000039398	-60723.74241340434	7716.726110109611	304.0483939810201	30.34022500941458	1.043565903857918	294	1:17
236.00000000039876	-60456.28956802416	7539.971115240672	297.084032210085	30.77193509352161	1.0289253580892972	294	1:17
237.00000000040353	-60907.790649809	7651.7934757774	301.4899692159114	30.82737899490746	1.0270748071197604	294	1:17
238.0000000004083	-60809.01764062178	7517.227360779615	296.1879006228924	30.575123708872393	1.035548527511421	294	1:16
239.00000000041308	-60519.88553275354	7310.4029699760285	288.0387680811078	30.466055710690924	1.0392557748816738	294	1:16
240.00000000041786	-60856.888536792656	7610.242378062485	299.852805430635	30.315268220076387	1.0444250107024966	294	1:16
241.00000000042263	-60720.347648039635	7511.770958611175	295.9729117412661	30.16228138415725	1.0497224640253118	294	1:16
242.0000000004274	-60713.74936186598	7552.546499641163	297.57951764990827	30.460568178814597	1.039442998874307	294	1:15
243.00000000043218	-60711.34592534401	7475.225015536373	294.53295713618326	30.353910896083264	1.0430953837743482	294	1:15
244.00000000043696	-60644.11885164064	7549.449573978094	297.457495012238	29.98025595614316	1.0560958646090066	294	1:15
245.00000000044173	-60669.15809043177	7664.669827931063	301.9973131512529	30.26663402958921	1.0461032536438961	294	1:14
246.0000000004465	-60855.11148926325	7690.761981302492	303.0253757279065	30.220311098143306	1.0477067635861501	294	1:14
247.00000000045128	-60673.33803334113	7439.359163600084	293.1197989490989	30.406895334431496	1.0412777755494684	294	1:14
248.00000000045605	-60556.34453780737	7486.187839367853	294.96490572835785	30.261832219819443	1.0462692445458033	294	1:13
249.00000000046083	-60638.16962891395	7679.271458349517	302.5726351485464	30.417858699038117	1.0409024727372922	294	1:13
250.0000000004656	-60558.502410259534	7344.388442323778	289.37783702544704	30.147879803783372	1.0502239142942633	294	1:13
251.00000000047038	-60536.804563982616	7348.103585711426	289.52421819335495	30.15922320720566	1.0498289069871545	294	1:13
252.00000000047515	-60566.48246221	7457.38543514494	293.8300559718923	30.647048553310892	1.0331182227915319	294	1:12
253.00000000047993	-60879.19266939949	7681.280965175756	302.65181216150415	30.346741882952294	1.0433418011502882	294	1:12
254.0000000004847	-60694.28143925269	7207.369296776003	283.9791160453317	30.500358510725146	1.0380869563899946	294	1:12
255.00000000048948	-60800.55327968899	7472.482849199594	294.4249124474345	30.432852976946545	1.0403896197043014	294	1:11
256.00000000049425	-60607.27293586731	7336.971672485153	289.08560727337556	30.20777207083186	1.0481416590723909	294	1:11
257.000000000499	-60610.01532091937	7368.650603097893	290.33379566809145	30.297512081933167	1.0450371056732028	294	1:11
258.0000000005038	-60367.91585476053	7561.06856127502	297.91529724299073	30.695332668748318	1.0314931158064378	294	1:11
259.0000000005086	-60601.00741859307	7557.414443050403	297.77132054072626	30.44004965500041	1.0401436493715177	294	1:10
260.00000000051335	-60371.11764669631	7357.4102870516745	289.8909135451644	30.66948993449228	1.0323622728265138	294	1:10
261.0000000005181	-60548.37285618347	7737.245688849429	304.85689033970715	30.50163535485715	1.03804350051547	294	1:10
262.0000000005229	-60530.818545601796	7518.802751647076	296.2499729390935	30.14937094784287	1.0501719717461535	294	1:09
263.0000000005277	-60785.77709727609	7486.8490755618905	294.99095923861216	30.528025007366754	1.0371461739684087	294	1:09
264.00000000053245	-60332.257989046484	7376.356600101784	290.6374213222385	30.49330557213917	1.0383270603542238	294	1:09
265.0000000005372	-60010.366808792576	7523.492955249187	296.4347726653398	30.664090325965876	1.0325440604507814	294	1:09
266.000000000542	-60518.44053984352	7704.288989778895	303.55835631370564	30.69883878854166	1.0313753087957251	294	1:08
267.0000000005468	-60393.46290270984	7454.40274611682	293.71253439657596	30.760840073358963	1.0292964775895006	294	1:08
268.00000000055155	-60787.859325888945	7347.131573745293	289.48591973970815	30.549917666355974	1.0364029350583521	294	1:08
269.0000000005563	-60617.5529550006	7433.5073449441425	292.88923017695123	30.66088879479166	1.0326518760467485	294	1:07
270.0000000005611	-60907.67565930067	7590.020073476446	299.05602203515787	30.723378158448636	1.030551528933858	294	1:07
271.0000000005659	-60999.98838223837	7383.38185613934	290.9142249543806	30.721849732083054	1.0306027993534987	294	1:07
272.00000000057065	-60677.96192112268	7376.217978391895	290.6319594582742	30.809310533827944	1.0276771465053764	294	1:06
273.0000000005754	-60871.11123199592	7719.58477623981	304.16102890331916	30.625675205678906	1.0338392255048554	294	1:06
274.0000000005802	-60672.50966102464	7323.962680296905	288.5730371593518	30.774974060643924	1.028823753768579	294	1:06
275.000000000585	-61010.701579529676	7508.1422523829415	295.8299363025658	30.779466195278918	1.0286736012354492	294	1:06
276.00000000058975	-60997.42308562691	7603.722829307042	299.5959272804598	30.46981029670733	1.0391277145110365	294	1:05
277.0000000005945	-60798.21768607845	7510.129507101815	295.90823655542994	30.48657970131066	1.0385561334005973	294	1:05
278.0000000005993	-60618.718372548436	7442.035927057913	293.2252666848727	30.51748582700141	1.0375043512656688	294	1:05
279.0000000006041	-60461.79260443049	7590.9137075831095	299.09123230581673	30.673880993249842	1.0322144870474639	294	1:04
280.00000000060885	-60381.97468236979	7607.857622103229	299.75884314545056	30.53861241547829	1.0367866065569715	294	1:04
281.0000000006136	-60536.85899094408	7402.656917377108	291.6736858098788	30.68435884497375	1.0318620146234123	294	1:04
282.0000000006184	-60741.865189156	7801.079279209602	307.3720114356375	30.350540050273914	1.0432112338942248	294	1:04
283.0000000006232	-60913.962091870926	7736.66549013461	304.83402980469356	30.367002849075874	1.042645680002163	294	1:03
284.00000000062795	-60785.06714545976	7683.185078214579	302.7268365310557	30.18612545261954	1.0488932865829164	294	1:03
285.0000000006327	-60863.37260319409	7560.731367722872	297.9020114069343	30.409821841120603	1.0411775675840522	294	1:03
286.0000000006375	-60637.3598933327	7516.910143465115	296.17540187489476	30.312671204673208	1.04451449103308	294	1:02
287.0000000006423	-61061.55749968055	7659.432243460116	301.7909459530385	30.508356224691195	1.037814823650756	294	1:02
288.00000000064705	-60851.33235105584	7351.454916354516	289.65626469665074	30.13000902577408	1.0508468254396384	294	1:02
289.0000000006518	-61003.293527565664	7490.023932129974	295.1160524487211	30.230637800583292	1.0473488698472457	294	1:01
290.0000000006566	-60747.787289705855	7339.647334480238	289.1910316101776	30.529696311114005	1.0370893969120851	294	1:01
291.0000000006614	-60623.758468889486	7486.722584448872	294.98597533491807	30.866824189620928	1.0257622922493204	294	1:01
292.00000000066615	-60538.0329359966	7473.26710399609	294.45581304024347	30.683020969686375	1.0319070070213483	294	1:01
293.0000000006709	-60483.34205756217	7613.7584756670785	299.991343952607	30.548896464878084	1.0364375803755794	294	1:00
294.0000000006757	-60398.35991174783	7485.50986844527	294.9381928494457	30.529211766939152	1.0371058570693243	294	1:00
295.0000000006805	-60629.67531394138	7643.989432016708	301.1824804002999	30.616365702162742	1.0341535844982976	294	1:00
296.00000000068525	-60753.902287610545	7640.304982239417	301.03730859797025	30.394834093837936	1.0416909741126472	294	0:59
297.00000000069	-60405.08813065605	7431.587625896	292.8135909116522	30.73869045804527	1.0300381656927549	294	0:59
298.0000000006948	-60293.552911765175	7266.824480102503	286.3217225790256	30.48030694072508	1.038769865302713	294	0:59
299.0000000006996	-60722.983468082006	7738.594445885476	304.91003300731376	30.28432119477081	1.0454922906005042	294	0:59
300.00000000070435	-60602.631751453155	7530.435592887681	296.7083210320767	30.882552739645327	1.0252398693245448	294	0:58
301.0000000007091	-60220.32373860525	7296.033911605546	287.47260970536325	30.513304542738844	1.0376465220557978	294	0:58
302.0000000007139	-60591.68831743603	7591.920241374529	299.13089096136605	30.69066383891494	1.0316500321200526	294	0:58
303.00000000071867	-61081.96606270972	7739.477714527757	304.9448348660693	30.310896526844747	1.0445756464894058	294	0:57
304.00000000072345	-60412.54514795047	7339.1082374768885	289.16979053258467	30.212577248859688	1.0479749567341976	294	0:57
305.0000000007282	-60920.03007986152	7581.427989534257	298.7174834779645	30.193530153341577	1.0486360546250415	294	0:57
306.000000000733	-60813.924033677205	7471.158161337224	294.3727181345442	30.330009349034036	1.043917394513125	294	0:56
307.00000000073777	-61113.72351453715	7918.711549226769	312.0068659411259	30.04771223240383	1.0537249588358881	294	0:56
308.00000000074255	-60919.66278200163	7552.874053414569	297.59242366695815	30.191481551135052	1.0487072084083267	294	0:56
309.0000000007473	-60740.823871744156	7479.2803555865175	294.69274246634785	30.37180976326483	1.0424806615738138	294	0:56
310.0000000007521	-60838.69874309629	7528.633177062925	296.6373036564456	30.477656422273682	1.0388602029145224	294	0:55
311.00000000075687	-60678.408089807665	7561.887514032382	297.94756497765815	30.807975589920982	1.0277216769011193	294	0:55
312.00000000076164	-60743.50711358947	7423.12387772444	292.4801089399063	30.51838474365339	1.0374737916555947	294	0:55
313.0000000007664	-60708.10815523678	7443.054029608134	293.26538116358887	30.552250537973745	1.036323798662532	294	0:54
314.0000000007712	-60717.6045655832	7467.761839945924	294.2388989410503	30.317184637134567	1.0443589902612698	294	0:54
315.00000000077597	-60937.22351018342	7681.29285266542	302.6522805430547	30.723414936099367	1.0305502953058816	294	0:54
316.00000000078074	-60711.295470650075	7651.279206684996	301.4697063882059	30.792176114173294	1.0282490012334224	294	0:54
317.0000000007855	-61037.13038001879	7391.688044744938	291.2414988876004	30.229651467954124	1.0473830427309636	294	0:53
318.0000000007903	-61154.323835811956	7482.510289379782	294.82000578611513	30.574036512490522	1.0355853510630608	294	0:53
319.00000000079507	-60903.753408116754	7510.949942872287	295.9405627226175	30.354818350632563	1.0430642005321875	294	0:53
320.00000000079984	-61100.0256785517	7569.294015747882	298.23939015319024	30.066990842076606	1.0530493224780444	294	0:52
321.0000000008046	-60828.66364551315	7303.556770316435	287.76901948802947	30.67941361048623	1.032028341127754	294	0:52
322.0000000008094	-60658.76839582028	7369.20714905123	290.3557242555356	30.32611569940384	1.044051425808705	294	0:52
323.00000000081417	-60657.52986921079	7436.266294688826	292.9979361523838	30.345662170877954	1.0433789237127822	294	0:51
324.00000000081894	-60597.59762350659	7377.099536942718	290.6666939373465	30.07386829363174	1.0528085055791405	294	0:51
325.0000000008237	-60661.35881350472	7643.610425891979	301.1675470980304	30.32510115643419	1.0440863551244737	294	0:51
326.0000000008285	-60646.82549184747	7620.832513124896	300.2700696320363	30.57085079970895	1.035693266852219	294	0:51
327.00000000083327	-60591.92818566924	7466.087868676344	294.17294243711024	30.65833666461273	1.0327378383755603	294	0:50
328.00000000083804	-60818.27978141399	7472.345287805441	294.41949236119984	30.616440724113787	1.0341510504277867	294	0:50
329.0000000008428	-61115.390958623786	7609.431956995277	299.82087385493605	30.068495920024155	1.0529966121157717	294	0:50
330.0000000008476	-60707.331066953135	7096.2288928216585	279.60004895826097	30.04883847634631	1.0536854647518532	294	0:49
331.00000000085237	-60813.73570726559	7433.734339200038	292.8981740267087	30.160027124624186	1.0498009237316581	294	0:49
332.00000000085714	-60614.75173840119	7356.000653388461	289.83537226440797	30.276538746562952	1.045761029694871	294	0:49
333.0000000008619	-61048.04939557225	7552.329337962201	297.5709612156406	30.393739044208242	1.041728504977599	294	0:49
334.0000000008667	-60706.790914572775	7390.039766235024	291.1765547096392	30.310124403666563	1.0446022561151955	294	0:48
335.00000000087147	-61001.32847056392	7472.606811074992	294.4297966960902	30.532992852072063	1.0369774259798332	294	0:48
336.00000000087624	-60836.18989220116	7650.106856356364	301.423514359421	30.650743679844602	1.0329936743434625	294	0:48
337.000000000881	-60690.9495498045	7567.40490156369	298.1649567567531	30.286187138151135	1.045427877427267	294	0:47
338.0000000008858	-60905.847742131125	7608.205923998845	299.7725666637498	30.544348644405172	1.0365918980237245	294	0:47
339.00000000089057	-60400.5865696049	7643.4610941232	301.16166324472016	30.48313070027578	1.0386736403986183	294	0:47
340.00000000089534	-60636.35388159094	7512.106821317395	295.98614514037445	29.88839961192991	1.0593415755377042	294	0:46
341.0000000009001	-60777.54152985601	7432.049157179292	292.83177580553786	30.09796516608232	1.0519656116448222	294	0:46
342.0000000009049	-60699.90814083352	7434.345729570404	292.9222635508867	29.971218032604312	1.0564143339372685	294	0:46
343.00000000090967	-60402.62136050724	7460.373829200205	293.9478023322167	30.168390368527195	1.0495098992166767	294	0:46
344.00000000091444	-60431.959980715445	7601.441281695315	299.50603152969217	30.309879095175386	1.0446107104479403	294	0:45
345.0000000009192	-60151.61246638899	7668.556856101765	302.150466788663	30.56763349506079	1.0358022756429077	294	0:45
346.000000000924	-60301.119799465116	7578.235993049155	298.591714934279	30.640709500175344	1.0333319577675295	294	0:45
347.00000000092876	-60324.04868224292	7462.582026852322	294.034808005366	30.691423545527996	1.0316244956261003	294	0:44
348.00000000093354	-60713.63076567752	7635.076297247275	300.83129205004445	30.52460037700845	1.0372625339609887	294	0:44
349.0000000009383	-60624.018573490845	7223.328342466938	284.6079218552776	30.465307989040834	1.039281281731732	294	0:44
350.0000000009431	-60739.73610057696	7480.358488665064	294.7352222208904	30.539697305983708	1.0367497758073303	294	0:44
351.00000000094786	-60839.302307348	7581.350857256019	298.71444437239205	30.671578199852377	1.0322919847454972	294	0:43
352.00000000095264	-60823.226878599875	7542.426832860747	297.18079047101077	30.97882479863009	1.0220537590116219	294	0:43
353.0000000009574	-60886.024137038825	7359.69143892258	289.9807937032624	30.742756652136375	1.0299019275814383	294	0:43
354.0000000009622	-61153.19477665308	7444.640350345428	293.3278841299545	30.626555865064383	1.0338094977019308	294	0:42
355.00000000096696	-60721.80200509049	7253.738811760324	285.8061313312819	30.4027307543059	1.0414204102609461	294	0:42
356.00000000097174	-60806.65299195575	7633.230819093065	300.75857796625974	30.302281619822786	1.0448726182549253	294	0:42
357.0000000009765	-60778.499024510646	7536.482021891482	296.94655768861907	30.521327956237783	1.0373737466665969	294	0:41
358.0000000009813	-60642.34958288478	7330.775888732804	288.841485858092	30.475657950701013	1.0389283272052878	294	0:41
359.00000000098606	-60938.234504924214	7567.772972358051	298.1794591937063	30.314309590575096	1.04445803855768	294	0:41
360.00000000099084	-60896.90924079501	7567.646381243447	298.17447134982814	30.361927416090502	1.0428199732281436	294	0:41
361.0000000009956	-60840.958259321545	7344.279824580422	289.37355735425564	30.472323476356507	1.039042013313127	294	0:40
362.0000000010004	-60720.955996854085	7476.031566002863	294.56473620550645	30.356990495706444	1.042989565770048	294	0:40
363.00000000100516	-60890.759870815	7516.8779982283095	296.174135313469	30.526769557452432	1.0371888278454526	294	0:40
364.00000000100994	-61013.365961360105	7594.482718189357	299.2318556644078	30.489625219679848	1.0384523951040812	294	0:39
365.0000000010147	-60540.85113597824	7704.837195328647	303.57995627910486	30.496177343794674	1.0382292829119084	294	0:39
366.0000000010195	-60468.972272954736	7667.6744888396115	302.11570044538075	30.40220543072555	1.0414384050968737	294	0:39
367.00000000102426	-60945.79111457348	7638.933276414774	300.98326172018216	30.81874171488914	1.0273626557539106	294	0:39
368.00000000102904	-60754.2412821484	7503.104053404668	295.63142513525946	30.572099909861674	1.035650950656127	294	0:38
369.0000000010338	-60996.498692133755	7555.738951014739	297.70530411675287	30.283508699012405	1.0455203407864984	294	0:38
370.0000000010386	-60861.27202251187	7585.5103218348195	298.87833233562407	30.377388447357617	1.04228921423153	294	0:38
371.00000000104336	-60639.31784305163	7422.056508472126	292.43805329320844	30.088271131087982	1.0523045407713145	294	0:37
372.00000000104814	-60673.83478341423	7648.813383947498	301.3725499733636	30.486927895053018	1.0385442719645097	294	0:37
373.0000000010529	-60685.50227363556	7707.690825308403	303.69239277095136	30.679629835041354	1.0320210675762105	294	0:37
374.0000000010577	-60568.61251478776	7768.358566555501	306.08277556145504	30.78621702152553	1.0284480328669303	294	0:37
375.00000000106246	-60536.26991155272	7729.372991996237	304.5466965087538	30.39641015217845	1.04163696228231	294	0:36
376.00000000106724	-60448.06406432504	7639.344591509916	300.99946803518077	30.8113259418037	1.0276099248375559	294	0:36
377.000000001072	-60579.766831401445	7338.578743751841	289.14892783583656	30.599266688941846	1.034731474354075	294	0:36
378.0000000010768	-60841.51910813645	7600.800261198395	299.480774542491	30.460380458889258	1.0394494047090077	294	0:35
379.00000000108156	-60720.10994607239	7587.57431780619	298.9596562871709	30.281016165789673	1.0456064011145332	294	0:35
380.00000000108633	-60574.53149839374	7536.222025788866	296.93631352596327	30.506426964260733	1.0378804562165023	294	0:35
381.0000000010911	-60525.19119620032	7401.530027645746	291.6292849839164	30.48399926519926	1.0386440460044204	294	0:34
382.0000000010959	-60680.60066617784	7548.245126102178	297.41003830105234	30.069962969632645	1.0529452386481983	294	0:34
383.00000000110066	-60793.075937853864	7584.196453020036	298.82656430636706	30.52044284479228	1.0374038311375564	294	0:34
384.00000000110543	-60870.84318079054	7283.141729608915	286.9646420549563	30.410179119137023	1.0411653351715224	294	0:34
385.0000000011102	-60938.534215842956	7300.105817579636	287.63304775307915	30.278007818469014	1.0457102899580168	294	0:33
386.000000001115	-60914.98112475025	7641.575891218659	301.08738395745826	30.1469248307547	1.0502571825469242	294	0:33
387.00000000111976	-60580.517379901314	7396.154329308345	291.4174759313868	30.477055850710503	1.0388806743766954	294	0:33
388.00000000112453	-60726.347975266544	7456.554666617483	293.7973226815126	30.22966454023567	1.0473825898087687	294	0:32
389.0000000011293	-60760.64024625209	7406.110859021975	291.8097753114422	30.552585021142463	1.0363124532111485	294	0:32
390.0000000011341	-60750.0987924771	7658.691576161813	301.76176276067036	30.655173470773043	1.032844402769054	294	0:32
391.00000000113886	-60814.70954960925	7663.424567072197	301.9482483589014	30.518597218541636	1.03746656861299	294	0:32
392.00000000114363	-60774.92272929335	7327.599241051652	288.7163220759497	30.456392143158617	1.0395855223552648	294	0:31
393.0000000011484	-60709.70015055375	7360.399642691584	290.0086977930933	30.479828161321446	1.0387861823768771	294	0:31
394.0000000011532	-60577.964939104306	7442.5814618755785	293.2467614201795	30.61644136224616	1.0341510288731828	294	0:31
395.00000000115796	-60678.47373654402	7446.390287292284	293.3968337739703	30.791259346280913	1.028279615949732	294	0:30
396.00000000116273	-60588.20191261673	7578.31971473116	298.59501367037404	30.51250215639056	1.0376738090150701	294	0:30
397.0000000011675	-60211.65288414675	7573.533025351148	298.40641228713054	30.51959111908144	1.0374327824925094	294	0:30
398.0000000011723	-60471.172789219534	7645.569518837598	301.2447377427774	30.540077552128555	1.0367368675196957	294	0:29
399.00000000117706	-60627.53856649727	7606.125638908552	299.6906009011063	30.765540370054	1.0291392237667614	294	0:29
400.00000000118183	-60339.311574481835	7696.129101479989	303.236846790503	30.659059750550426	1.0327134815226646	294	0:29
401.0000000011866	-60593.91681924308	7727.072030499542	304.45603582730683	30.484749449541525	1.0386184865192822	294	0:29
402.0000000011914	-60569.19412603797	7291.254384271952	287.28429051545925	30.45249282067269	1.0397186372114848	294	0:28
403.00000000119616	-60775.9588622007	7639.120810923914	300.99065080792565	30.384725749508416	1.0420375222808975	294	0:28
404.00000000120093	-60736.52040976935	7554.02794762083	297.637888502075	30.06844036686415	1.0529985575871217	294	0:28
405.0000000012057	-61098.2973456069	7406.2222149105955	291.8141628688872	30.05114350672384	1.053604643301446	294	0:27
406.0000000012105	-60936.86860355927	7483.406669827256	294.85532426594216	29.96516643378724	1.0566276815169564	294	0:27
407.00000000121526	-60945.924310644856	7385.4978055429965	290.99759593434635	30.370739870148242	1.0425173858317265	294	0:27
408.00000000122003	-61113.74754610518	7511.568358267322	295.96492904131156	30.24299575832496	1.046920899907436	294	0:27
409.0000000012248	-60950.157424915174	7484.417228084723	294.8951414903483	30.27131876109854	1.0459413607011723	294	0:26
410.0000000012296	-60826.21989007949	7339.5376908619555	289.18671151826646	30.696934920407042	1.0314392761784732	294	0:26
411.00000000123435	-60574.31280956918	7219.529458989235	284.4582412259751	30.712297505055353	1.0309233403977887	294	0:26
412.00000000123913	-60641.057204143464	7426.947409192292	292.63076072999814	30.767700643980085	1.029066965437901	294	0:25
413.0000000012439	-61088.92085941858	7697.504066004808	303.29102206504126	30.551229184635954	1.0363584438404525	294	0:25
414.0000000012487	-60728.22029943662	7403.3442293769895	291.7007667385973	30.59933330934996	1.0347292215522768	294	0:25
415.00000000125345	-61165.307586598996	7420.239758556182	292.36647113695125	30.48923330939687	1.0384657434283207	294	0:24
416.00000000125823	-60900.21102984529	7499.797983432004	295.5011619574255	30.471308964877814	1.0390766071683029	294	0:24
417.000000001263	-60641.14244404255	7458.399439212053	293.8700089653894	30.589657060216293	1.03505653145686	294	0:24
418.0000000012678	-60773.28159564271	7665.208124482011	302.01852269004763	30.4716489054207	1.0390650152696488	294	0:24
419.00000000127255	-60678.57109382746	7597.527965396038	299.351842108044	30.690369049112213	1.0316599414146903	294	0:23
420.00000000127733	-60580.019772626576	7468.728283314206	294.2769779851692	30.589620344908052	1.0350577737874014	294	0:23
421.0000000012821	-60638.47963201819	7448.934414053729	293.49707546259106	30.088504526709922	1.0522963780767363	294	0:23
422.0000000012869	-60740.454956300964	7705.50052001953	303.606092078675	30.279119775248738	1.0456718877635287	294	0:22
423.00000000129165	-60525.89422208362	7570.420419146256	298.2837718170414	30.484794018896753	1.0386169680390769	294	0:22
424.0000000012964	-60909.394280212495	7812.454059081074	307.8201915968172	30.44702557459469	1.0399053351740688	294	0:22
425.0000000013012	-60948.38422665332	7558.453001618561	297.8122410114282	30.244907154886516	1.0468547373301116	294	0:22
426.000000001306	-60873.47958955719	7537.124608762631	296.97187639286983	30.455662345162366	1.0396104335662755	294	0:21
427.00000000131075	-60754.59665656282	7626.883962591388	300.5085041009148	30.677120400263583	1.0321054884581113	294	0:21
428.0000000013155	-60740.63850138392	7461.501966065689	293.99225229678035	30.526819752986587	1.037187122386199	294	0:21
429.0000000013203	-60729.98482305827	7464.166252009945	294.097228403344	30.415386657983944	1.0409870731296835	294	0:20
430.0000000013251	-60930.91048449738	7651.055163043278	301.4608787962357	30.354393806083223	1.0430787891029156	294	0:20
431.00000000132985	-60433.746929285175	7624.661310715283	300.42092891376086	30.25129180107473	1.0466337947947562	294	0:20
432.0000000013346	-60646.80920571339	7594.850863149436	299.2463610235805	30.742918021128993	1.0298965216457872	294	0:19
433.0000000013394	-60538.34485809982	7658.568864025967	301.756927753273	30.603093313736526	1.0346020910569358	294	0:19
434.0000000013442	-60874.64442506651	7550.4088758354155	297.4952926721393	30.279663935881825	1.0456530958285304	294	0:19
435.00000000134895	-60947.77015178389	7253.44589564251	285.79459007998935	30.580125427822544	1.035379152055258	294	0:19
436.0000000013537	-60855.922805357084	7341.40738758764	289.26037984322244	30.295967129187257	1.0450903976819745	294	0:18
437.0000000013585	-60938.71651546593	7395.572833051578	291.3945642716423	30.36142375831783	1.042837272297818	294	0:18
438.0000000013633	-60818.4883796628	7712.619196553529	303.88657659199686	30.44225644081312	1.0400682484480326	294	0:18
439.00000000136805	-60502.88524799264	7488.235499081775	295.0455860114927	30.411334513834056	1.0411257789690005	294	0:17
440.0000000013728	-60862.594374006265	7770.650122062263	306.1730656354589	30.766645835851282	1.0291022461183499	294	0:17
441.0000000013776	-60792.85782838368	7652.827369191957	301.5307058738876	30.825168164340056	1.0271484705744571	294	0:17
442.0000000013824	-60746.58156748992	7704.338691174822	303.56031460915307	30.468841549803386	1.039160753238636	294	0:17
443.00000000138715	-60553.44789529382	7514.828385750007	296.0933780890426	30.52363279766927	1.0372954145097693	294	0:16
444.0000000013919	-60902.008720700775	7361.43096331386	290.04933307992457	30.422266341563567	1.0407516645775	294	0:16
445.0000000013967	-60644.744002144114	7150.062094358296	281.7211425718632	30.491738080309783	1.0383804377372725	294	0:16
446.0000000014015	-60878.56392585952	7681.976875409132	302.6792318710797	30.546219472087564	1.036528411122508	294	0:15
447.00000000140625	-60707.43348889533	7628.824057132337	300.58494618541147	30.52717244370766	1.0371751394134965	294	0:15
448.000000001411	-60786.80749380207	7605.833300714079	299.6790824206963	30.429161262470927	1.0405158414356932	294	0:15
449.0000000014158	-60740.65149167017	7555.213194629548	297.6845886757405	30.81485998068592	1.027492072170615	294	0:14
450.0000000014206	-60649.97719853968	7481.097067770786	294.76432313593114	30.468297625592715	1.0391793044783346	294	0:14
451.00000000142535	-60435.774832482304	7594.6556446525365	299.2386691773739	30.77836272476435	1.0287104813969519	294	0:14
452.0000000014301	-60791.46781875918	7509.376805288502	295.87857918853376	30.407665041595013	1.041251417755736	294	0:14
453.0000000014349	-60842.197879662446	7377.799522921309	290.6942742362405	30.372902886349024	1.0424431426155416	294	0:13
454.0000000014397	-60809.84212907136	7312.194991093689	288.10937589263693	30.48373777800757	1.0386529554143074	294	0:13
455.00000000144445	-60919.288096447155	7697.649583065884	303.2967556142285	30.25538547418003	1.0464921811101275	294	0:13
456.0000000014492	-60998.9115428332	7570.942603122043	298.30434650077837	30.48279948497799	1.0386849262583469	294	0:12
457.000000001454	-60740.79603730698	7434.797569908885	292.94006660976055	30.65163413788654	1.0329636649312253	294	0:12
458.0000000014588	-60808.87213680835	7496.994171611261	295.39068836163403	30.893569353294303	1.0248742698883413	294	0:12
459.00000000146355	-61027.029369163676	7415.513073235275	292.1802339866146	30.568498713626187	1.0357729580317498	294	0:12
460.0000000014683	-60825.199512089835	7416.143686319165	292.2050809090846	30.295754958179334	1.045097716789333	294	0:11
461.0000000014731	-61202.0516535661	7542.815628457305	297.19610949037644	30.53855247867537	1.0367886414168277	294	0:11
462.0000000014779	-60924.41036712681	7353.314355116145	289.729528845347	30.568349964212143	1.0357779982325055	294	0:11
463.00000000148265	-60704.889134531084	7596.982899921987	299.3303658654464	30.530871922872937	1.0370494630872946	294	0:10
464.0000000014874	-60694.96744826378	7365.029767385429	290.1911303372847	30.367270312044838	1.0426364967892405	294	0:10
465.0000000014922	-60359.74775485144	7586.6930973499875	298.92493512943787	30.34511407387033	1.0433977693452132	294	0:10
466.00000000149697	-60560.86845214042	7634.692644447565	300.81617566312934	30.561676252549418	1.0360041796647566	294	0:09
467.00000000150175	-60486.196430939744	7983.002474031535	314.5400065703928	30.513216383766274	1.0376495200305154	294	0:09
468.0000000015065	-60656.96771455425	7629.025409222497	300.5928797026524	30.76513064050118	1.0291529298276545	294	0:09
469.0000000015113	-60472.73229612288	7666.652744895144	302.0754424913025	30.367037581410482	1.0426444874749519	294	0:09
470.00000000151607	-60669.63507997754	7704.90978479347	303.5828163923037	30.543961965944334	1.0366050210023379	294	0:08
471.00000000152085	-60606.57884778999	7511.063925853969	295.9450537907243	30.546100194732215	1.0365324585906572	294	0:08
472.0000000015256	-60771.07213370601	7324.73731390132	288.60355866549133	30.356278336346588	1.043014034342027	294	0:08
473.0000000015304	-60575.83953850891	7400.238403236233	291.5783934112812	30.43179954019506	1.0404256341588463	294	0:07
474.00000000153517	-60872.00204360529	7595.545785376474	299.27374180450465	30.496901057634158	1.0382046449692146	294	0:07
475.00000000153995	-60991.8887417863	7351.48525770823	289.6574601828889	30.358905197384534	1.0429237856024554	294	0:07
476.0000000015447	-61278.58019856838	7639.548775623076	301.0075131375722	30.032072748836885	1.0542736959915153	294	0:07
477.0000000015495	-60824.07642222528	7651.064734077851	301.46125590663837	30.163119621650033	1.049693292084962	294	0:06
478.00000000155427	-60378.34802862076	7475.727109900863	294.5527402648018	30.21779234059125	1.0477940935701997	294	0:06
479.00000000155904	-60224.46103094774	7530.245645461175	296.7008368724543	30.434072035254786	1.0403479461612988	294	0:06
480.0000000015638	-60418.19602224833	7543.753974253374	297.23308145597724	30.472327006865388	1.0390418929302283	294	0:05
481.0000000015686	-60380.93808299635	7657.952089189092	301.7326260745657	30.685422167022164	1.0318262581777262	294	0:05
482.00000000157337	-60268.26687836449	7440.436209560417	293.16223586986166	31.12908022355335	1.0171204580354334	294	0:05
483.00000000157814	-60664.04131982569	7326.154411200457	288.6593940225805	30.59564053169333	1.034854109440996	294	0:04
484.0000000015829	-60824.75214043309	7412.158440747348	292.0480573866165	30.59756499350297	1.0347890213461557	294	0:04
485.0000000015877	-60727.348345841834	7581.5463182681	298.72214577399177	30.822596208898677	1.027234179775593	294	0:04
486.00000000159247	-60966.504698036006	7776.488845946169	306.4031184576621	30.83059245509632	1.0269677555277916	294	0:04
487.00000000159724	-60525.045875473705	7405.882417313509	291.8007744302931	31.059337855953974	1.0194043569777143	294	0:03
488.000000001602	-60273.14798385065	7513.995096576653	296.06054548214877	30.61644374469227	1.0341509483997902	294	0:03
489.0000000016068	-60639.66922362047	7904.539502226693	311.4484700529847	30.371457836640445	1.0424927412277503	294	0:03
490.00000000161157	-60968.110694777104	7390.313910398039	291.1873563230819	30.583885289620394	1.0352518666406274	294	0:02
491.00000000161634	-60889.33472424644	7390.578980336235	291.19780040103035	30.434720876605436	1.040325766862554	294	0:02
492.0000000016211	-60702.410482736654	7451.729128233628	293.6071906002686	30.538194764420574	1.0368007860140807	294	0:02
493.0000000016259	-60805.104433326196	7666.799618829331	302.0812295029406	30.137759268600615	1.0505765890893486	294	0:02
494.00000000163067	-60718.43206561633	7754.121427817133	305.5218149796592	30.291143489760803	1.0452568205589505	294	0:01
495.00000000163544	-60735.41681072436	7491.792440470299	295.18573382822655	30.521322012271803	1.0373739486930444	294	0:01
496.0000000016402	-60620.609813253424	7549.245802045193	297.44946615025003	30.415776707900275	1.040973723580051	294	0:01
497.000000001645	-60375.0817573434	7297.942054582591	287.547792859382	30.35523097783724	1.0430500218667156	294	0:00
498.00000000164977	-60453.22927252512	7385.001034064828	290.9780225339227	30.24089660810899	1.0469935711731602	294	0:00
499.00000000165454	-60534.27500888007	7477.301333503082	294.6147665893327	30.23289511122677	1.047270670530156	294	0:00
500.0000000016593	-60781.621303903084	7791.851518160684	307.0084264273153	30.3463908326408	1.0433538706404066	294	0:00
