#"Time (ps)"	"Potential Energy (kJ/mole)"	"Kinetic Energy (kJ/mole)"	"Temperature (K)"	"Box Volume (nm^3)"	"Density (g/mL)"	"Speed (ns/day)"	"Time Remaining"
100.99999999994601	-62777.51772935639	7428.586791778798	292.6953543977576	29.248923128588913	1.0821547753639114	0	--
101.99999999994368	-62533.07024638192	7461.511976570654	293.9926467228509	29.919338064761597	1.0579064874143516	307	1:51
102.99999999994135	-62532.69598798023	7586.786473635995	298.92861426867273	29.935398813530423	1.057338906189825	312	1:50
103.99999999993902	-62607.112420670484	7600.714220235028	299.47738442388953	30.224554413375984	1.047223439755552	312	1:49
104.99999999993669	-62897.2161398633	7659.353045643671	301.78782546274846	29.827823188340624	1.0611522549934793	309	1:50
105.99999999993436	-62863.84159353768	7691.999595912157	303.07413924873987	30.031662576602915	1.0539497024887923	308	1:50
106.99999999993203	-62632.74352076874	7525.92725037057	296.53068685376263	29.474129614862584	1.0738862267163851	306	1:50
107.9999999999297	-62512.51680656339	7448.205647185363	293.46836116163604	29.848891771515518	1.0604032498137663	307	1:50
108.99999999992737	-62500.31840189142	7273.391266776489	286.58046196064316	29.664145747169968	1.0670073599161072	307	1:50
109.99999999992504	-62103.28478626534	7573.898465247155	298.42081106348877	29.899123105245746	1.0586217437360625	308	1:49
110.99999999992271	-62140.576141534635	7427.679945098487	292.65962353562765	29.94745425316213	1.0569132711676934	307	1:49
111.99999999992038	-62095.79006368044	7599.810502828266	299.44177685894323	29.917392552641537	1.0579752825103659	307	1:49
112.99999999991805	-62299.83580692441	7597.102415097452	299.3350749087166	30.049823678559978	1.053312730764457	307	1:48
113.99999999991572	-62373.80343881433	7540.677475152093	297.1118636496846	29.67050286109716	1.0667787460843872	307	1:48
114.99999999991338	-62648.4795884261	7449.496907138271	293.51923837423783	29.85719983693753	1.0601081819701215	306	1:48
115.99999999991105	-62412.08675869476	7567.757183729069	298.1788371025219	29.81448969380395	1.0616268184671407	305	1:48
116.99999999990872	-62388.9739230095	7416.574305517412	292.2220478292235	29.959033169344657	1.0565047830128895	305	1:48
117.9999999999064	-62225.44272908292	7764.8583628165015	305.9448632771179	30.099445152065023	1.0515762559059303	304	1:48
118.99999999990406	-62332.9696272189	7558.486742006224	297.81357042373793	29.934477289298098	1.0573714560624823	305	1:48
119.99999999990173	-62233.7509245401	7579.174341853205	298.6286870183979	29.848090637102192	1.0604317114512545	305	1:47
120.9999999998994	-62028.75597555356	7628.173712142405	300.5593218018451	30.124440739289554	1.0507037163539028	304	1:47
121.99999999989707	-61876.35316116011	7440.226455641903	293.15397131036514	29.982581729018005	1.0556749956999487	304	1:47
122.99999999989474	-62148.67808127371	7506.019108446582	295.74628184926144	30.006577280840563	1.054830797315374	304	1:47
123.99999999989241	-62100.32414434428	7745.565576657644	305.18470403817133	29.912572735902707	1.0581457542053596	304	1:47
124.99999999989008	-62173.60071789092	7578.363533216428	298.5967401719866	30.16124832537469	1.0494214793896877	303	1:46
125.99999999988775	-62286.54224456925	7744.823882235951	305.15548037589247	30.133304567300012	1.0503946477945316	304	1:46
126.99999999988542	-62123.19164214947	7419.1228572888995	292.32246386862175	30.115871144986148	1.0510026983936016	304	1:46
127.99999999988309	-62042.11223631087	7619.983226193524	300.23660669401994	29.890632973220164	1.0589224345370074	304	1:45
128.99999999988785	-62239.14000234968	7607.92164626347	299.7613657752316	30.24680730497272	1.0464529865487895	304	1:45
129.99999999989262	-62156.18882479027	7567.2621824212165	298.1593334489616	29.981407115428148	1.0557163550061228	304	1:45
130.9999999998974	-62593.71433649177	7361.419346329425	290.048875356609	30.056815321913863	1.0530677152205696	304	1:44
131.99999999990217	-62673.603908814315	7344.720147890613	289.3909066282075	29.77616860247615	1.0629931023168075	304	1:44
132.99999999990695	-62911.12458651638	7652.924784758323	301.53454416568127	30.055221039652167	1.053123575304797	304	1:44
133.99999999991172	-62594.79078083276	7494.058817481875	295.27503183889746	29.903569704103486	1.058464328876129	304	1:44
134.9999999999165	-62643.5277835732	7511.778322544028	295.9732018891767	30.181103106808784	1.048731112505754	303	1:43
135.99999999992127	-62883.807968394016	7656.987714509738	301.6946285393066	29.42699780125843	1.0756062188749973	303	1:43
136.99999999992605	-62722.79892342014	7301.317007755135	287.6807701190685	29.603162860028593	1.069205408473163	303	1:43
137.99999999993082	-62768.831441938586	7584.638009558036	298.84396217099453	29.623219015086217	1.0684815118078526	303	1:43
138.9999999999356	-62634.1405368484	7409.349845018323	291.9373952990204	29.468620292925177	1.0740869957000811	303	1:42
139.99999999994037	-62602.83448283083	7368.044779943669	290.30992549900026	29.376455009075737	1.077456821392361	303	1:42
140.99999999994515	-62579.40460829437	7383.033994003599	290.9005187631553	29.452641341739483	1.0746697204708184	303	1:42
141.99999999994992	-62660.24801938262	7380.038502250572	290.7824927449067	29.420665643852395	1.0758377196835542	303	1:41
142.9999999999547	-62698.20332309636	7400.647575828473	291.5945153090596	29.721591453411005	1.0649450547582275	303	1:41
143.99999999995947	-62733.17033503129	7574.954860690882	298.4624343287817	29.768378926844075	1.0632712622893923	303	1:41
144.99999999996425	-62467.61471710389	7430.711487137031	292.7790699789707	29.538781879018916	1.071535785310647	303	1:41
145.99999999996902	-62541.69034019319	7695.39634138204	303.20797515144574	29.856422197830877	1.0601357935028801	303	1:40
146.9999999999738	-62039.65499140043	7491.158404894584	295.16075205541614	30.184452768894673	1.048614731570418	303	1:40
147.99999999997857	-62418.26977582337	7640.5826227506695	301.0482479717857	29.830135697718568	1.0610699917223374	303	1:40
148.99999999998334	-62185.42602068177	7400.124527821825	291.57390658145584	30.18053794796145	1.048750750978326	304	1:39
149.99999999998812	-62572.7626448402	7546.39201940126	297.33702364324927	29.810994565632374	1.0617512866995826	304	1:39
150.9999999999929	-62411.37599533977	7449.80153720761	293.53124116946725	29.640199134598543	1.0678694058066474	304	1:39
151.99999999999767	-62326.90804739893	7457.677183257978	293.84155120237614	29.92546864369278	1.0576897630148065	304	1:39
153.00000000000244	-62404.060235115816	7276.011496532645	286.6837021998135	29.91932562052576	1.057906927425533	303	1:38
154.00000000000722	-62710.24886572885	7540.693060191001	297.1124777191724	29.7355270326135	1.064445967382355	304	1:38
155.000000000012	-62683.84906732454	7480.926834900272	294.75761575379215	29.98746237728815	1.0555031779490243	304	1:38
156.00000000001677	-62114.89531943586	7389.156330687478	291.1417462746132	30.08280309635998	1.0521579965958796	304	1:37
157.00000000002154	-62292.3535825086	7621.392529322238	300.292134951315	29.825692415870225	1.0612280646001873	304	1:37
158.00000000002632	-62159.999607763835	7586.849308838604	298.931090052077	29.859661165984797	1.060020797352894	304	1:37
159.0000000000311	-62053.3278657835	7543.112694412135	297.2078142502945	29.95843378361749	1.0565259207630204	304	1:36
160.00000000003587	-62224.82201466078	7637.135957111697	300.9124451537038	29.965209771955845	1.0562870101272284	304	1:36
161.00000000004064	-61891.142280921486	7406.2605944374645	291.81567506892384	30.321013677432397	1.0438919415617223	304	1:36
162.00000000004542	-62174.91964091151	7755.335246963397	305.5696409302941	30.283511637010385	1.045184660789859	304	1:36
163.0000000000502	-62035.38628649319	7234.860971097194	285.06232144953236	30.023092395879704	1.0542505555556383	304	1:35
164.00000000005497	-62472.07137108102	7636.552149458324	300.88944242212193	29.76132182776956	1.0635233885452247	304	1:35
165.00000000005974	-62175.77688948836	7582.446821140242	298.7576266823645	29.718528344073764	1.0650548193839553	304	1:35
166.00000000006452	-62375.70061805769	7699.014140303489	303.35052082899307	29.736476133881652	1.0644119933831167	304	1:35
167.0000000000693	-62266.203833046544	7597.483156531096	299.3500765842678	29.692742823496594	1.0659797252818135	304	1:34
168.00000000007407	-62236.117205227696	7626.913703642123	300.5096759344855	29.937713929356036	1.0572571410276441	304	1:34
169.00000000007884	-62269.14663211067	7460.838880936884	293.9661259362475	29.752496301861996	1.0638388630225148	304	1:34
170.00000000008362	-62321.26832360684	7648.463708781959	301.3587723465592	30.08076927097718	1.0522291352566275	303	1:33
171.0000000000884	-62129.27932074806	7521.139198548498	296.3420317886448	30.04605413943427	1.0534448780185288	303	1:33
172.00000000009317	-62380.289269782545	7751.025542197529	305.39983332096637	29.753096903861188	1.0638173881572255	303	1:33
173.00000000009794	-62108.19287859558	7359.47224140726	289.9721570545662	30.02916434776149	1.0540373841676323	303	1:33
174.00000000010272	-62681.4029579355	7714.391325984813	303.95640064689013	29.63544680275172	1.068040649041792	303	1:32
175.0000000001075	-62032.02505530362	7232.936007501659	284.9864755426876	29.693994792824267	1.0659347810454693	303	1:32
176.00000000011227	-62428.815686947084	7434.971276174086	292.9469108478746	29.157181168557322	1.0855597341483527	303	1:32
177.00000000011704	-62388.132290023175	7484.757087371574	294.9085323595941	29.446870066623312	1.074880344370806	303	1:32
178.00000000012182	-62362.69931984483	7400.482746927966	291.58802084991135	29.84034707482763	1.060706893203496	303	1:31
179.0000000001266	-62550.003449744196	7400.296289816356	291.5806742129409	29.60023006516249	1.0693113454920944	303	1:31
180.00000000013137	-62169.33055843931	7305.3140146944515	287.8382570537205	29.78898338385692	1.0625358183591804	303	1:31
181.00000000013614	-62164.26382616299	7746.319890550085	305.21442492294574	29.690811281007722	1.0660490728355794	303	1:30
182.00000000014091	-62394.36763552841	7602.833991821861	299.56090600252105	29.480128534513156	1.0736677013059417	303	1:30
183.0000000001457	-62226.64840154245	7513.566831100576	296.043671301526	29.967344557402743	1.0562117633487678	303	1:30
184.00000000015046	-62423.99223750163	7740.98499221657	305.004223440191	29.677216800929084	1.0665374064613613	303	1:30
185.00000000015524	-62661.112081102125	7561.248154976371	297.9223734532495	29.724233207789414	1.0648504072952798	303	1:29
186.00000000016001	-62622.24701823905	7630.058350188912	300.6335788330135	29.587862610199082	1.0697583078185544	303	1:29
187.0000000001648	-62542.21105006238	7516.132698544536	296.14476959947933	29.856103364026527	1.0601471147099395	303	1:29
188.00000000016956	-62580.78988886587	7574.190723156605	298.4323263805712	29.36245485422213	1.0779705578092396	303	1:28
189.00000000017434	-62172.12943574632	7337.821012604692	289.1190723070705	29.73136867982497	1.0645948452192406	303	1:28
190.0000000001791	-62291.45708928365	7362.866043671613	290.10587699139455	29.66723730024902	1.0668961695866694	303	1:28
191.0000000001839	-62158.17290766028	7613.441003613081	299.9788351675634	30.063217373896784	1.0528434613035478	304	1:27
192.00000000018866	-62587.6011619521	7528.068398525267	296.61505069516653	29.865447673073632	1.0598154156045492	304	1:27
193.00000000019344	-62305.785557228286	7498.206599379662	295.43845949028884	30.191659498428002	1.048364427914354	304	1:27
194.0000000001982	-62268.60527346088	7596.1775853600975	299.29863549226764	29.771174489945377	1.0631714193386703	303	1:27
195.000000000203	-61934.23170345664	7612.8804538338945	299.9567488245111	29.943166512745034	1.0570646168761784	303	1:26
196.00000000020776	-62117.72131327272	7594.960773947746	299.2506916427097	30.02398247270442	1.0542193017408656	303	1:26
197.00000000021254	-62195.41751566302	7711.611969974767	303.84689063978374	29.999379128160783	1.0550838969911365	303	1:26
198.0000000002173	-62170.715905871766	7547.889857423717	297.39604028303586	29.82012772516277	1.0614260988274045	303	1:26
199.0000000002221	-62024.536192660744	7667.950832632095	302.1265887268996	30.045127176003025	1.0534773792914651	303	1:25
200.00000000022686	-61938.43649770264	7447.41745669814	293.43730549782583	29.886817450329694	1.059057622661167	303	1:25
201.00000000023164	-62325.013973777706	7729.488430991279	304.5512449455578	29.601561193447253	1.0692632605087413	303	1:25
202.0000000002364	-62237.05089888291	7682.2390665981	302.68956252280736	29.466012155796065	1.0741820667995758	303	1:24
203.0000000002412	-62235.61552471321	7543.705794907879	297.231183131168	29.581504102931145	1.069988251027376	303	1:24
204.00000000024596	-62424.276263177395	7470.051990747006	294.32913366794196	29.59329394689855	1.0695619722038963	303	1:24
205.00000000025074	-62417.06548645382	7413.52379017617	292.10185381467846	29.370510671847434	1.077674889330193	303	1:24
206.0000000002555	-62168.79181100114	7653.571834870147	301.5600387270429	29.762969120461022	1.0634645256576525	303	1:23
207.0000000002603	-62193.65481047606	7642.038864652325	301.10562567382266	30.26028565912981	1.04598688176312	303	1:23
208.00000000026506	-62400.304488476395	7628.338948666453	300.56583232185665	29.938785573052712	1.0572192970426841	303	1:23
209.00000000026984	-62257.26999325419	7362.267784659739	290.08230485871167	29.80086114791321	1.0621123222162607	303	1:22
210.0000000002746	-62092.875657604076	7366.380974157709	290.2443695274783	29.655228965701408	1.0673281893881952	303	1:22
211.00000000027939	-62167.42348706763	7354.809166034054	289.7884262135327	29.509886940566908	1.0725849916538646	303	1:22
212.00000000028416	-62452.3458630309	7488.668262354058	295.0626374107563	29.70656785875692	1.0654836327221182	303	1:22
213.00000000028894	-62136.103027724166	7555.561880492213	297.6983273228085	29.616575561702142	1.0687211886435708	303	1:21
214.0000000002937	-61976.542607802665	7673.495289291972	302.34504706258224	29.837831052756137	1.0607963354270267	303	1:21
215.00000000029848	-62167.30931544697	7455.275665916453	293.7469284983448	29.920433507261592	1.0578677554980158	303	1:21
216.00000000030326	-62257.73384884748	7268.307938167229	286.3801726309884	29.663878644749364	1.0670169675689718	303	1:20
217.00000000030803	-62579.47205667652	7597.8801241134415	299.36571758981245	30.022244641167756	1.0542803250111448	303	1:20
218.0000000003128	-62221.25884138295	7289.526132352206	287.2161952878853	30.084382177420757	1.052102770506955	303	1:20
219.00000000031758	-62338.31137681048	7574.3536443420235	298.4387456734248	30.121709634907248	1.0507989825774677	303	1:20
220.00000000032236	-62506.46825017585	7505.962420401862	295.74404827135425	29.815880781814865	1.061577287267642	303	1:19
221.00000000032713	-62271.05955194362	7609.580372895762	299.82672162192165	29.76969508972684	1.063224253471683	303	1:19
222.0000000003319	-62231.92367738753	7911.115805799669	311.70758441199706	29.760280289660134	1.0635606093015033	303	1:19
223.00000000033668	-62222.19733098385	7692.458338702534	303.09221427261326	29.52295097346356	1.0721103681777757	303	1:18
224.00000000034146	-62350.3643843669	7720.477782243623	304.19621442596184	29.697731665105486	1.0658006542312806	303	1:18
225.00000000034623	-62441.02396541322	7700.591875826601	303.4126855274784	29.54445055824956	1.0713301902653403	303	1:18
226.000000000351	-62239.419564266806	7543.022515059618	297.2042610741274	29.764396701904392	1.0634135190057217	303	1:18
227.00000000035578	-62627.84612737122	7633.748279922955	300.778966552304	29.406745222770596	1.0763469944761308	303	1:17
228.00000000036056	-62489.60002962366	7571.421779833176	298.32322664598166	29.587892757635746	1.0697572178297845	303	1:17
229.00000000036533	-62374.51323654846	7500.494673252859	295.5286123836958	29.91690041582694	1.057992686338243	303	1:17
230.0000000003701	-62492.43048075415	7617.039936130499	300.1206374858462	29.550394041432344	1.0711147131735588	303	1:17
231.00000000037488	-62401.08716770119	7780.176530980143	306.54841773303986	29.99919765817558	1.055090279363804	303	1:16
232.00000000037966	-62027.60881378254	7596.958863264272	299.32941879189855	29.781821725488733	1.0627913271928977	303	1:16
233.00000000038443	-61900.99469809682	7492.99475270041	295.2331063923701	30.091660390051953	1.0518483004121062	303	1:16
234.0000000003892	-61972.87025504338	7505.548119138075	295.72772429767923	30.200582936246732	1.0480546651921043	303	1:15
235.00000000039398	-62125.736576769734	7377.223066092884	290.6715611361018	30.251023739009266	1.0463071303282463	303	1:15
236.00000000039876	-62115.613985430246	7489.429709142639	295.0926393403138	29.623213960093473	1.0684816941366944	303	1:15
237.00000000040353	-62310.358961580816	7385.103052261304	290.98204217494043	30.066897073837065	1.052714610361192	303	1:15
238.0000000004083	-62128.45056653177	7501.821842647147	295.5809044719618	29.74084012682855	1.064255807935365	303	1:14
239.00000000041308	-62341.117909231194	7628.492166117632	300.5718692757794	30.229522320583857	1.0470513394881562	303	1:14
240.00000000041786	-62386.99553498445	7699.315199176206	303.36238291473217	29.98861306037207	1.0554626775881226	303	1:14
241.00000000042263	-62399.48253950922	7648.963755259675	301.37847478594813	29.720012615534344	1.0650016286100208	303	1:13
242.0000000004274	-62036.746247577394	7592.307093309413	299.14613339809785	30.029812848226147	1.0540146219966906	303	1:13
243.00000000043218	-62051.80631438087	7547.753211775722	297.39065627831354	30.41783389448881	1.0405692248713745	303	1:13
244.00000000043696	-62076.63396273478	7411.182171287237	292.0095911825289	29.792753645149727	1.0624013548679607	303	1:13
245.00000000044173	-62283.538200435025	7722.7873945152705	304.2872159584632	29.677323887191577	1.0665335580178459	303	1:12
246.0000000004465	-61882.87058997544	7629.994026835776	300.6310444146685	29.6378171076407	1.067955231753371	303	1:12
247.00000000045128	-62089.63668228948	7532.20356303066	296.7779812059521	29.72996067584042	1.0646452641821296	303	1:12
248.00000000045605	-62418.78893158928	7794.900431506087	307.128557321276	29.783120758754514	1.0627449720342226	303	1:11
249.00000000046083	-62184.52218853345	7352.553974798851	289.69956893605524	29.905204972460503	1.0584064502150186	303	1:11
250.0000000004656	-62595.05131448549	7586.070465906099	298.90040269329137	29.7636888434317	1.0634388097643155	303	1:11
251.00000000047038	-62942.16258587281	7616.269292883224	300.09027320463116	30.02876635605506	1.054051354043457	303	1:11
252.00000000047515	-62977.43385112239	7644.412573117081	301.19915267428763	29.88597810999696	1.059087366033598	303	1:10
253.00000000047993	-62884.37873591005	7446.094727979592	293.3851883775849	29.804757183889983	1.0619734843860045	303	1:10
254.0000000004847	-62748.415054144076	7746.043246011515	305.20352479166525	30.01769496269401	1.0544401186430663	303	1:10
255.00000000048948	-62621.78880228425	7609.277940233437	299.8148054072012	29.772466427090112	1.0631252844088945	303	1:09
256.00000000049425	-62376.54102452184	7755.8225351660585	305.58884067812903	30.179148046681853	1.0487990512155796	303	1:09
257.000000000499	-62218.63200758764	7455.936308510973	293.7729586200561	30.09845147496774	1.0516109728827292	303	1:09
258.0000000005038	-62317.06783575201	7371.344430880722	290.43993575902425	29.8288308725229	1.0611164069125767	303	1:09
259.0000000005086	-62407.23684717005	7390.188604397338	291.18241911425446	29.74718327780642	1.064028870977813	303	1:08
260.00000000051335	-62105.045130124054	7399.828770430626	291.56225338053633	30.190280860807466	1.048412301421958	303	1:08
261.0000000005181	-62598.28252149615	7477.091433724667	294.60649628277866	30.062954652481586	1.0528526621464898	303	1:08
262.0000000005229	-62801.93524980315	7388.074447780065	291.0991187722527	29.84912682709692	1.060394899361713	303	1:07
263.0000000005277	-62744.564042788756	7291.023368906792	287.2751882291062	29.51456889217217	1.0724148454781977	303	1:07
264.00000000053245	-62889.840391086094	7453.5867080414155	293.6803815039226	29.806924564439377	1.0618962640518819	303	1:07
265.0000000005372	-62713.49439484862	7397.9055781123625	291.4864772641703	29.748747429336007	1.0639729256849895	303	1:07
266.000000000542	-62580.71656126843	7371.684933299099	290.45335196843445	29.694746249994274	1.0659078064309289	303	1:06
267.0000000005468	-62496.85623128619	7430.269777180428	292.7616660694637	29.739684756253467	1.064297153694573	303	1:06
268.00000000055155	-62703.22475487771	7476.433890288401	294.5805882716718	29.836505150378752	1.0608434760816028	303	1:06
269.0000000005563	-62938.395017198374	7326.01923460851	288.6540679004532	29.52647751264426	1.0719823190659983	302	1:05
270.0000000005611	-62640.52838089905	7485.368138382914	294.9326085126139	29.640243250787233	1.0678678164024102	302	1:05
271.0000000005659	-62346.34030567354	7356.702534505261	289.8630272340523	29.979487269511793	1.0557839616571227	303	1:05
272.00000000057065	-62922.20258795822	7652.023442254312	301.49903017479176	29.723745007637476	1.0648678970204306	302	1:05
273.0000000005754	-62522.70705791947	7633.056121465001	300.75169466724304	29.95424337889018	1.0566737218994702	303	1:04
274.0000000005802	-62225.07128792978	7584.713017284055	298.8469175666256	29.759555425008614	1.0635865148461061	303	1:04
275.000000000585	-62192.35520844086	7567.099893551065	298.1529390700986	29.51949930454957	1.0722357283673924	303	1:04
276.00000000058975	-62166.93080737954	7741.171531407582	305.01157331118975	29.87583717062851	1.0594468585794803	303	1:03
277.0000000005945	-62285.31234665602	7593.982112507338	299.21213119168925	29.663093920599536	1.0670451950352289	303	1:03
278.0000000005993	-62416.14403043938	7442.078112396062	293.22692883850243	29.57841187656826	1.0701001111871309	303	1:03
279.0000000006041	-62473.73058849195	7504.275434523267	295.67757897599034	29.892986488914683	1.0588390641260288	303	1:03
280.00000000060885	-62757.984147200536	7472.475535555506	294.42462428096246	29.807049336318762	1.0618918189694089	303	1:02
281.0000000006136	-62659.536327880225	7555.744080770314	297.7055062353615	29.601283214738746	1.0692733017092548	303	1:02
282.0000000006184	-62585.98592622351	7468.651874440442	294.27396738261274	29.722270419930975	1.064920727476779	303	1:02
283.0000000006232	-62409.497940255154	7319.024290027976	288.37845857658317	29.544372759048283	1.0713330113992934	303	1:01
284.00000000062795	-62429.25752982905	7416.190452172794	292.2069235405952	29.531898619436646	1.0717855375889218	303	1:01
285.0000000006327	-62690.79961795453	7617.37117696243	300.1336887774862	29.618077218096694	1.068667003761983	303	1:01
286.0000000006375	-62613.08180256514	7584.233398330942	298.82801999655044	30.015902020165928	1.0545031036078611	303	1:01
287.0000000006423	-62395.36920492019	7377.229312755579	290.67180726220926	29.722783290867227	1.0649023521151855	303	1:00
288.00000000064705	-62320.21936851303	7524.050168469153	296.45672754390074	29.905991801392034	1.0583786034603657	303	1:00
289.0000000006518	-62547.045145888784	7532.006560821608	296.77021907931726	29.733153245427545	1.0645309488902581	303	1:00
290.0000000006566	-62390.62797719889	7424.443655293828	292.53210978128106	29.911490980286448	1.058184022278094	303	0:59
291.0000000006614	-62482.01388538454	7323.093718301324	288.53879899987635	29.97413545294088	1.0559724695829034	303	0:59
292.00000000066615	-62561.72447461565	7286.541082573135	287.0985806961103	29.68247533540523	1.0663484591563066	303	0:59
293.0000000006709	-62677.9254043847	7300.707540181487	287.6567563554196	29.65012274145631	1.0675120003331162	303	0:59
294.0000000006757	-62758.11043031461	7452.306008019748	293.62992036545495	29.86540622804122	1.059816886339081	303	0:58
295.0000000006805	-62446.6029677655	7442.45884231646	293.2419300604177	29.932541552895664	1.0574398362371087	303	0:58
296.00000000068525	-62763.05576672469	7533.082933473951	296.81262947092637	29.86799734316616	1.0597249448696777	303	0:58
297.00000000069	-62788.08125953507	7592.6548210695255	299.15983429475995	30.21325410768844	1.0476151203388555	303	0:57
298.0000000006948	-62538.60546412523	7483.181325819177	294.8464454379557	30.002647658738137	1.0549689546694383	303	0:57
299.0000000006996	-62635.57829459035	7374.207468054674	290.5527429057633	29.587838611116332	1.0697591755135045	303	0:57
300.00000000070435	-62625.15900804984	7484.145743819113	294.8844446800984	30.09179137710384	1.0518437218044	303	0:57
301.0000000007091	-62543.816805851966	7581.171209134551	298.7073660179144	29.658978726033915	1.0671932479614084	303	0:56
302.0000000007139	-62456.16976716393	7599.261329889665	299.42013877724685	30.00952326813376	1.0547272462493475	303	0:56
303.00000000071867	-62505.06629661299	7515.92353981017	296.1365284909621	29.943956228761905	1.0570367387677402	303	0:56
304.00000000072345	-62388.580205018836	7539.637851143878	297.0709011993486	29.63359293743262	1.0681074652231044	303	0:55
305.0000000007282	-62194.35122950244	7520.943771352939	296.33433171945717	29.8149458214442	1.0616105770378108	303	0:55
306.000000000733	-62737.86397675946	7669.885755913319	302.2028270574738	29.84462922412188	1.0605547014895353	303	0:55
307.00000000073777	-62471.60407315439	7398.353697507741	291.5041337133603	30.274055907116768	1.0455111113940232	303	0:55
308.00000000074255	-62823.149466650735	7442.95357575848	293.2614231597384	29.90580674747546	1.0583851525933632	303	0:54
309.0000000007473	-62510.557638187456	7405.949373912015	291.80341260170826	30.051828191561203	1.053242472840389	303	0:54
310.0000000007521	-62716.26934293794	7352.210944819088	289.6860531376524	29.715455054943302	1.0651649715385734	303	0:54
311.00000000075687	-62471.81542024537	7557.607994047378	297.77894668540785	29.97104549805414	1.056081338233911	303	0:53
312.00000000076164	-62240.62203919931	7618.36487678503	300.1728417590551	30.06932710370832	1.052629536028126	303	0:53
313.0000000007664	-62497.32591242375	7599.850605016907	299.4433569339488	30.05785180626152	1.0530314023060312	303	0:53
314.0000000007712	-62475.83896544672	7349.817691155413	289.5917560325787	29.966500179660997	1.0562415246388146	303	0:53
315.00000000077597	-62677.57776670772	7545.867843175696	297.31637046244805	29.80080639088399	1.0621142737780642	303	0:52
316.00000000078074	-62324.12532870768	7384.9825318045005	290.97729352236297	29.4807942906708	1.0736434549821703	303	0:52
317.0000000007855	-62163.99936206534	7608.139270452481	299.76994043295764	29.862129602758454	1.0599331748573841	303	0:52
318.0000000007903	-62410.28323869986	7634.046674775404	300.7907236724045	29.80374906855288	1.0620094057647125	303	0:51
319.00000000079507	-62429.200403583585	7465.62300279772	294.1546261561129	29.621264293623337	1.0685520214161905	303	0:51
320.00000000079984	-62299.36245893172	7624.45811606502	300.4129227974109	29.754317776929977	1.0637737378201872	302	0:51
321.0000000008046	-62356.76591255551	7673.561433180725	302.34765321224467	29.610641183238673	1.0689353750222477	302	0:51
322.0000000008094	-62432.424830880715	7600.900532651582	299.48472535969887	29.74888340755136	1.0639680624053283	302	0:50
323.00000000081417	-62653.329990700644	7518.3459403927045	296.2319740200879	29.504085579029837	1.0727958930661166	302	0:50
324.00000000081894	-62430.87851545331	7449.709579209275	293.5276179124916	29.435211551536938	1.0753060762765867	302	0:50
325.0000000008237	-62443.48571112935	7599.761973676346	299.43986475133545	29.684763482418855	1.0662662633846023	302	0:49
326.0000000008285	-62238.06149323593	7405.509705847912	291.78608914524915	29.85413091738315	1.0602171580692217	302	0:49
327.00000000083327	-62545.008537228394	7693.3142183485	303.1259369716029	30.010268467226982	1.0547010558209495	302	0:49
328.00000000083804	-62407.43600342781	7457.991669556824	293.8539423450354	30.126335628860975	1.0506376290760042	302	0:49
329.0000000008428	-62527.580646262824	7452.124842683104	293.6227822308541	29.705243586926045	1.0655311324154617	302	0:48
330.0000000008476	-62383.877658069745	7384.698252253703	290.9660925623148	29.97691062884917	1.0558747106979507	302	0:48
331.00000000085237	-62438.309911485005	7172.160471939902	282.59184552508464	30.023661814228593	1.0542305610055276	302	0:48
332.00000000085714	-62393.04236362674	7452.560327046529	293.63994084441816	30.08049356145908	1.052238779699037	302	0:48
333.0000000008619	-62229.60627428349	7551.550350277383	297.54026815343775	30.18138850289479	1.048721195673904	302	0:47
334.0000000008667	-62364.173567741964	7556.062245975437	297.71804233140244	29.92268287547542	1.0577882327455421	302	0:47
335.00000000087147	-62221.91005234182	7508.958873082107	295.862112151304	29.698935160098195	1.065757464610384	302	0:47
336.00000000087624	-62547.002474212786	7562.482592151559	297.97101177930017	29.519383435175843	1.072239937103073	302	0:46
337.000000000881	-62417.12800727098	7594.32565255042	299.2256670872072	29.635612342511422	1.0680346831386633	302	0:46
338.0000000008858	-62572.94170615755	7380.678733527813	290.80771863589257	29.96384991208262	1.0563349479697919	302	0:46
339.00000000089057	-62652.09588637948	7410.398303442969	291.9787058361084	29.916165744334922	1.0580186681793673	302	0:46
340.00000000089534	-62721.77941503009	7391.248166501784	291.2241671498311	29.978144061503507	1.0558312673698917	302	0:45
341.0000000009001	-62784.80128614654	7445.779647322186	293.37277381647544	29.995674522692568	1.0552142047650546	302	0:45
342.0000000009049	-62408.745223162376	7630.527487097807	300.6520633977979	29.70089492406935	1.065687142383176	302	0:45
343.00000000090967	-62582.292608561926	7728.8659000327925	304.5267164686583	29.555063260075823	1.0709454944936985	302	0:44
344.00000000091444	-62471.00596667573	7707.3879269184745	303.68045820599684	29.93544793705989	1.0573371711157742	302	0:44
345.0000000009192	-62379.20133697044	7565.7478445599945	298.0996666954603	29.926751304500232	1.0576444304228505	302	0:44
346.000000000924	-62552.035151022224	7759.854446336893	305.747702881954	29.814964887565907	1.0616098981573714	302	0:44
347.00000000092876	-62395.023670980445	7482.327197066326	294.8127917262843	29.56741580045432	1.0704980797600883	302	0:43
348.00000000093354	-62582.25809398637	7646.899932588957	301.2971576626578	29.67701331074291	1.0665447195252848	302	0:43
349.0000000009383	-62513.74277633394	7700.872016695913	303.4237234184424	29.624345613102662	1.0684408780275312	302	0:43
350.0000000009431	-62459.488533981435	7564.899057562803	298.0662234554586	29.82023607464595	1.0614222422191284	302	0:42
351.00000000094786	-62318.37205295332	7449.199954031482	293.50753806066984	30.101775751311827	1.0514948386882148	302	0:42
352.00000000095264	-62315.63755406969	7472.550566586433	294.42758059483526	30.3887801327639	1.0415640805446067	302	0:42
353.0000000009574	-62483.96138260208	7857.9755840982	309.613795046717	29.898774498539975	1.0586340868051323	302	0:42
354.0000000009622	-62392.30549034636	7503.324525095432	295.6401119880179	29.629641471142776	1.0682499101003693	302	0:41
355.00000000096696	-62130.278285462904	7588.4649523041035	298.9947483695969	30.193556882614025	1.0482985479620697	302	0:41
356.00000000097174	-62268.28183329961	7555.15457213778	297.6822788782669	29.870432184318624	1.0596385630627412	302	0:41
357.0000000009765	-62281.023361694446	7471.390578474766	294.3818756524339	29.706697323051138	1.0654789892545187	302	0:40
358.0000000009813	-62419.40857757928	7442.392656011621	293.2393222395099	30.02254066807154	1.0542699296437512	302	0:40
359.00000000098606	-62241.12368808256	7525.233036767975	296.5033339935033	29.984011043697464	1.0556246724871572	302	0:40
360.00000000099084	-62117.535738062725	7271.515834213119	286.5065676367063	29.870016230401813	1.0596533190242818	302	0:40
361.0000000009956	-62448.677919917915	7657.4123141159225	301.7113582801972	29.605697574214343	1.0691138676435796	302	0:39
362.0000000010004	-62553.72563242339	7472.3472434924915	294.4195694176482	29.7852247386029	1.0626699014572922	302	0:39
363.00000000100516	-62593.59180631739	7499.031420691617	295.4709584531447	30.3063183174134	1.0443981187800013	302	0:39
364.00000000100994	-62305.36959348206	7639.5527482968155	301.0076696657492	30.05670945315445	1.0530714244413932	302	0:38
365.0000000010147	-61949.27103623451	7608.601536005801	299.7881542579754	30.120596755425417	1.0508378069286828	302	0:38
366.0000000010195	-61980.015582361724	7656.122667234963	301.66054462459203	29.953457011181957	1.0567014627406264	302	0:38
367.00000000102426	-62237.69938603649	7777.909624888823	306.45909887598356	29.597479985390937	1.0694107016366774	302	0:38
368.00000000102904	-61830.85943803063	7477.374549553418	294.61765139076283	29.91152699702207	1.0581827481093038	302	0:37
369.0000000010338	-62342.25376909031	7676.9111354478555	302.47963555554713	30.087733107650884	1.051985595744527	302	0:37
370.0000000010386	-62288.960123387544	7791.1183081989	306.9795370630758	29.759530363688125	1.0635874105216154	302	0:37
371.00000000104336	-62395.60322540579	7705.51506086757	303.60666500577264	29.90520537899818	1.058406435826818	302	0:36
372.00000000104814	-62205.68180522008	7818.795666210812	308.0700586305233	29.75682850996827	1.063683981888438	302	0:36
373.0000000010529	-62397.0936196534	7801.1586339590085	307.375138109277	29.716068622538238	1.0651429783631607	302	0:36
374.0000000010577	-62350.07145733273	7509.6594901006965	295.8897173139414	29.62377137133987	1.0684615892113145	302	0:36
375.00000000106246	-62025.15350035118	7457.869718193853	293.8491373130146	30.08006637078634	1.052253723369262	302	0:35
376.00000000106724	-62298.58858261339	7441.713762897554	293.21257302513175	29.97296773976434	1.056013609084921	302	0:35
377.000000001072	-62061.68567279074	7311.681948269094	288.0891613813746	29.992144763741038	1.0553383923419812	302	0:35
378.0000000010768	-62572.73385743433	7602.336508393442	299.5413045503917	30.027488380277205	1.054096214675223	302	0:34
379.00000000108156	-62055.41344492778	7281.030445721455	286.88145490200304	29.864499523792947	1.059849063020042	302	0:34
380.00000000108633	-62123.112123287196	7514.577052547178	296.08347525517445	29.9346004747667	1.0573671048168924	302	0:34
381.0000000010911	-62165.81226615238	7540.424319716749	297.1018890176391	29.574125912291496	1.070255193060479	302	0:34
382.0000000010959	-62129.80584804076	7454.54782052201	293.718250504583	29.851799270141697	1.0602999689038242	302	0:33
383.00000000110066	-62530.20268406355	7328.208765810557	288.7403380927672	29.68581780940676	1.0662283936750663	302	0:33
384.00000000110543	-62421.175940784015	7738.5530503627	304.9084019733703	29.762140029553375	1.0634941508380984	302	0:33
385.0000000011102	-62312.1873776174	7625.30207042788	300.44617562574246	29.979719250036965	1.0557757920903619	302	0:32
386.000000001115	-62086.725461177295	7463.342729303471	294.06478060712345	30.187359564168435	1.0485137585674877	302	0:32
387.00000000111976	-62680.76029104029	7676.1776811593545	302.45073656453786	30.049116242977874	1.0533375285288502	302	0:32
388.00000000112453	-61964.37128327481	7463.169848762204	294.0579689035367	30.002007884237656	1.054991451238288	302	0:32
389.0000000011293	-62177.64043230607	7549.059112666095	297.442110361658	30.222892047142217	1.0472810407582205	302	0:31
390.0000000011341	-62230.300527797546	7534.4407748921585	296.8661300742387	29.734257434992156	1.0644914172501108	302	0:31
391.00000000113886	-62152.29212890699	7524.147115009565	296.4605473555014	29.874679673467828	1.0594879069436502	302	0:31
392.00000000114363	-62480.97478469965	7460.065851081081	293.9356676197539	29.652632280554073	1.0674216554667038	302	0:30
393.0000000011484	-62438.72964832987	7341.191544392977	289.2518753588398	29.806662352602896	1.061905605646934	302	0:30
394.0000000011532	-62286.032249202835	7601.34897285898	299.50239444927263	29.919038518810865	1.057917079051658	302	0:30
395.00000000115796	-62585.635670672316	7696.313475789477	303.24411136253667	29.63513898713657	1.0680517426151857	302	0:30
396.00000000116273	-62941.49156149951	7647.369779251025	301.31567019258057	29.650825695629596	1.0674866920323163	302	0:29
397.0000000011675	-62317.55230160584	7190.997026131008	283.33402866962297	29.67035940185145	1.066783904069573	302	0:29
398.0000000011723	-62587.423245930346	7486.987337772215	294.9964069378563	29.82684087636104	1.0611872027969214	302	0:29
399.00000000117706	-62644.79324457023	7423.482229286532	292.49422842728734	29.9744970565419	1.0559597306386317	302	0:28
400.00000000118183	-62580.188446479355	7774.699973328119	306.3326347008469	29.875912408396832	1.059444190529842	302	0:28
401.0000000011866	-62447.88552668298	7712.259233731067	303.8723936189976	29.63217692507913	1.068158506136144	302	0:28
402.0000000011914	-62328.28732547318	7580.270852340862	298.67189086521046	29.720738739714047	1.0649756089528135	302	0:28
403.00000000119616	-62408.297621118894	7532.882450753779	296.80473020792033	30.125330235497223	1.0506726927281442	302	0:27
404.00000000120093	-62519.067088935844	7592.403027814761	299.1499133342861	29.979179083757472	1.0557948151089709	302	0:27
405.0000000012057	-62378.623872519354	7476.151855290498	294.5694757497376	29.80861000203462	1.0618362223429407	302	0:27
406.0000000012105	-62092.17308625212	7479.538253300032	294.7029039499209	29.94904932757454	1.0568569803887597	302	0:26
407.00000000121526	-62248.17717060249	7680.4211736501165	302.6179353296977	30.16187035113252	1.0493998372573063	302	0:26
408.00000000122003	-62078.41000136637	7682.75692581827	302.70996680591327	30.01041135834003	1.0546960339834943	302	0:26
409.0000000012248	-62421.947337747726	7597.433085077523	299.34810370809913	29.777547286694002	1.0629438863152432	302	0:26
410.0000000012296	-62394.67417718819	7610.826848195956	299.8758342647385	30.10471474886581	1.051392185639192	302	0:25
411.00000000123435	-62595.3491800738	7793.750113032418	307.0832333743722	29.962559227432557	1.0563804512691701	302	0:25
412.00000000123913	-62281.219457103376	7481.687492114572	294.7875865731627	30.342153938885684	1.0431646316740313	302	0:25
413.0000000012439	-62544.99988474106	7325.380078834568	288.6288843856054	30.084047218210653	1.0521144847390995	302	0:24
414.0000000012487	-63110.55391980053	7611.521534116286	299.90320573489095	30.02190197831608	1.0542923583161263	302	0:24
415.00000000125345	-62495.94334995106	7603.29000691245	299.57887355170527	30.332318053595717	1.043502899512235	302	0:24
416.00000000125823	-62213.02634889868	7789.029629219595	306.8972405709965	30.013411789143145	1.0545905963714521	302	0:24
417.000000001263	-62561.81791520855	7701.393608518422	303.44427477062015	29.955578544417143	1.0566266243505231	302	0:23
418.0000000012678	-62464.10769432288	7855.804307294408	309.5282440998956	29.76329162400605	1.063453002366349	302	0:23
419.00000000127255	-62418.062370244996	7429.944050499364	292.7488320420742	29.759994393315193	1.0635708266451893	302	0:23
420.00000000127733	-62766.69993061776	7585.575314913745	298.8808931419797	29.42667136122695	1.075618150939064	302	0:22
421.0000000012821	-62529.63427067149	7356.211232932343	289.8436693545482	29.689004765187764	1.0661139397629205	302	0:22
422.0000000012869	-62365.66835432578	7329.474536242758	288.7902109872523	29.758754563320267	1.0636151378750092	302	0:22
423.00000000129165	-62018.44844011514	7722.71164883358	304.28423148648113	30.100345636393616	1.0515447968672136	302	0:22
424.0000000012964	-62487.2329050485	7417.816665504288	292.2709983236905	30.063148206410517	1.0528458836225663	302	0:21
425.0000000013012	-62461.02231073688	7687.206332163765	302.8852788273863	30.008538968128853	1.0547618420034015	302	0:21
426.000000001306	-62511.786318789294	7793.2243566205	307.0625179323067	30.09344723521936	1.0517858452856546	302	0:21
427.00000000131075	-62324.454495244136	7608.568957328623	299.7868706184717	30.175520587000737	1.0489251294471353	302	0:20
428.0000000013155	-62312.56324005118	7620.917355372848	300.2734125197926	30.022764386845093	1.0542620736058257	302	0:20
429.0000000013203	-62381.59818337468	7604.640143634106	299.6320705806029	29.7980394531652	1.062212897851987	302	0:20
430.0000000013251	-62391.06009913722	7574.206858613221	298.43296213718617	29.93032350179359	1.0575182000942185	302	0:20
431.00000000132985	-62240.4161615558	7641.75469484562	301.09442903782525	29.80785478122666	1.0618631253460469	302	0:19
432.0000000013346	-62192.71438495524	7460.259029784063	293.94327909559934	29.843021896785665	1.0606118223323626	302	0:19
433.0000000013394	-62476.71821154631	7613.793009937002	299.99270464484323	29.670318304274968	1.0667853817157726	302	0:19
434.0000000013442	-62579.27053291729	7565.384968172226	298.0853689244444	29.702056178010444	1.0656454774766577	302	0:18
435.00000000134895	-62772.816758171946	7539.214870814254	297.0542352599239	29.661308658150965	1.0671094186249424	302	0:18
436.0000000013537	-62597.81949006044	7362.96277043929	290.10968814368215	29.854812235737278	1.0601929627936508	302	0:18
437.0000000013585	-62425.16933405312	7506.743221956865	295.7748128022485	29.53589195716651	1.0716406290948164	302	0:18
438.0000000013633	-62450.65591207324	7547.796591001889	297.39236547258326	29.6981489956587	1.0657856771639656	302	0:17
439.00000000136805	-62139.876735397906	7544.629006123209	297.2675587758807	29.730179481522562	1.064637428695182	302	0:17
440.0000000013728	-62118.41470784438	7323.956736232684	288.57280295599224	30.005119996303502	1.0548820281923155	302	0:17
441.0000000013776	-62200.35379393218	7405.135932491134	291.7713620204011	29.983519142681704	1.05564199076278	302	0:16
442.0000000013824	-62357.18009559641	7528.146439826289	296.61812561734223	29.987994413167208	1.055484451602961	302	0:16
443.00000000138715	-62584.132244037755	7438.907778750707	293.10201383704975	29.837763669147066	1.0607987310584939	302	0:16
444.0000000013919	-62523.6123203953	7417.316918249979	292.25130767406773	29.80010822566059	1.0621391572866612	302	0:16
445.0000000013967	-62753.9203676997	7565.455088975925	298.08813176939253	29.640881974127915	1.0678448052079494	302	0:15
446.0000000014015	-62504.737410555856	7608.28333160625	299.7756166176263	29.664347505879174	1.0670001027860585	302	0:15
447.00000000140625	-62301.08020608456	7346.811912809363	289.47332471005427	29.902619309722457	1.058497970027771	302	0:15
448.000000001411	-62589.46368742542	7501.459130990924	295.56661319156916	29.69232645829477	1.0659946731460064	302	0:14
449.0000000014158	-62617.526940165466	7567.206709235465	298.1571477379754	29.981521648081305	1.055712322055543	302	0:14
450.0000000014206	-62483.031038494286	7527.553408674812	296.59475946871726	29.53164691040798	1.071794672809095	302	0:14
451.00000000142535	-62254.40434633792	7561.946823061862	297.94990182555256	29.746303738078012	1.064060332219937	302	0:14
452.0000000014301	-62381.15426707329	7485.858837667004	294.9519426612057	29.691247946011504	1.0660333946019374	302	0:13
453.0000000014349	-62225.31385485263	7277.676483901942	286.7493047271562	29.589163178179593	1.0697112874485069	302	0:13
454.0000000014397	-62314.14807020995	7291.44663049784	287.291865250573	29.629885179715362	1.0682411236451004	302	0:13
455.00000000144445	-62280.20387915571	7460.946361042263	293.97036078311896	29.948187137788235	1.0568874066476144	302	0:12
456.0000000014492	-62347.96046889745	7751.118932378808	305.4035130076918	29.753095366157453	1.063817443137588	302	0:12
457.000000001454	-62706.04417767178	7499.962592139901	295.50764774071723	29.948482768880403	1.0568769737725756	302	0:12
458.0000000014588	-62493.519646956585	7582.820970223297	298.7723686112848	29.674784893107564	1.0666248113295032	302	0:12
459.00000000146355	-62701.360002254485	7566.066066434916	298.1122050243603	29.30024721203517	1.080259207671577	302	0:11
460.0000000014683	-62502.13096748595	7692.555956059885	303.0960605152172	29.72073331387888	1.064975803375409	302	0:11
461.0000000014731	-62365.42575946165	7530.036287454838	296.69258791237905	30.098319402467702	1.0516155873892203	302	0:11
462.0000000014779	-62711.560706078744	7571.239167149246	298.3160314841375	29.628733468857938	1.068282647691403	302	0:10
463.00000000148265	-62837.82550309962	7684.709069473041	302.786883640149	29.94078336147871	1.057148754450332	302	0:10
464.0000000014874	-62765.82694062017	7448.4241738895025	293.4769713795559	30.00945595345311	1.0547296121245526	302	0:10
465.0000000014922	-63040.057588698575	7585.886817485392	298.8931667221585	29.739476860796138	1.0643045937226723	302	0:10
466.00000000149697	-63049.646579830645	7351.822162047993	289.67073462362555	29.944602422055336	1.057013928311222	302	0:09
467.00000000150175	-62761.691193590406	7380.01049026036	290.7813890384235	29.956840956240118	1.0565820970271982	302	0:09
468.0000000015065	-62183.72913528199	7570.747541497091	298.2966608355173	29.79716297899753	1.0622441425099494	302	0:09
469.0000000015113	-62378.23537512409	7593.351081141578	299.1872677884048	29.553856542850777	1.070989222403571	302	0:08
470.00000000151607	-62737.15093339549	7477.304561655623	294.614893782469	29.47246942462501	1.0739467189474288	302	0:08
471.00000000152085	-62789.91891241053	7479.674525493359	294.7082732400751	29.73510292754747	1.0644611493350922	302	0:08
472.0000000015256	-63069.21522465421	7390.915876995804	291.21107453915806	29.3342013266199	1.0790088158674815	302	0:08
473.0000000015304	-62782.43374070915	7584.046170163318	298.8206429790352	29.928768470105446	1.0575731463681883	302	0:07
474.00000000153517	-62885.681174523634	7433.2133736363285	292.87764734988934	29.704597924663787	1.0655542929121367	302	0:07
475.00000000153995	-62839.88327700307	7559.541886734656	297.8551444093271	29.492952692459077	1.073200847941799	302	0:07
476.0000000015447	-62673.28668444362	7416.756579635151	292.229229651148	29.929889479460417	1.0575335354838427	302	0:06
477.0000000015495	-62716.17177515791	7321.032756603046	288.45759460237974	29.805237895274605	1.0619563564319885	302	0:06
478.00000000155427	-62740.880462814064	7473.843253550572	294.4785140334151	29.63140883134211	1.0681861945212416	302	0:06
479.00000000155904	-62510.98187346838	7400.994038923422	291.60816637637623	29.606349332606804	1.0690903320185723	302	0:06
480.0000000015638	-62296.8935763223	7442.937016856841	293.2607707188746	29.675419459636274	1.0666020030788943	302	0:05
481.0000000015686	-62343.580496726965	7414.716083317536	292.1488316145399	29.984415236157744	1.0556104425770476	302	0:05
482.00000000157337	-62385.02677407401	7484.861314969932	294.91263905373324	29.84796226880717	1.0604362720912595	302	0:05
483.00000000157814	-62563.23768684006	7670.459422416419	302.22543021540105	29.57849487635658	1.0700971083946262	302	0:04
484.0000000015829	-62487.67087249507	7282.880580054191	286.95435244488465	29.614294289253923	1.0688035152449975	302	0:04
485.0000000015877	-62601.982424843416	7541.69931531843	297.1521253950215	29.80726966563792	1.0618839696794835	302	0:04
486.00000000159247	-62472.18589069552	7424.830604427213	292.5473560477521	29.9008685393175	1.058559947723074	302	0:04
487.00000000159724	-62519.40973824926	7457.3018063470045	293.82676089554263	29.84588239442368	1.0605101708692717	302	0:03
488.000000001602	-62183.96646181337	7322.153639580811	288.50175875494483	30.14270385088846	1.0500671072652132	302	0:03
489.0000000016068	-62309.34682374235	7528.787535207203	296.64338555506384	30.322030546692027	1.0438569339581216	302	0:03
490.00000000161157	-62396.92723440507	7384.631490589986	290.9634620715675	29.775135847654347	1.063029972383751	302	0:02
491.00000000161634	-62535.29779036873	7738.038002764408	304.888108471586	30.01729952099125	1.0544540096193573	302	0:02
492.0000000016211	-62759.032773572864	7597.451036470649	299.34881101482114	30.12112282898726	1.0508194537619981	302	0:02
493.0000000016259	-62531.55585736231	7412.6968840892405	292.0692727091531	29.98293752961141	1.0556624682486428	302	0:02
494.00000000163067	-62413.36793316499	7401.268952767988	291.6189983162081	30.0143680512408	1.054556996962858	302	0:01
495.00000000163544	-62216.03607668774	7477.794754081837	294.634207960244	30.127289896955023	1.0506043506108231	302	0:01
496.0000000016402	-62474.364635982696	7739.243001892614	304.9355869027823	29.949315272101774	1.0568475956890613	302	0:01
497.000000001645	-62206.546828314255	7556.57446757031	297.73822448521497	30.227990490025576	1.04710439975488	302	0:00
498.00000000164977	-62364.04107349407	7567.145272438644	298.1547270534599	29.831738987109766	1.0610129651352591	302	0:00
499.00000000165454	-62296.9747404214	7601.595059222734	299.5120905512999	29.95148345060447	1.056771090822737	302	0:00
500.0000000016593	-62493.42451386459	7632.914161508479	300.7461012723015	29.894755013162204	1.0587764249587799	302	0:00
