    -44.945         0.00000     0.00000     0.00000     0.00000
    -44.795         0.00000     0.00000     0.00000     0.00000
    -44.645         0.00000     0.00000     0.00000     0.00000
    -44.495         0.00000     0.00000     0.00000     0.00000
    -44.345         0.00000     0.00000     0.00000     0.00000
    -44.195         0.00000     0.00000     0.00000     0.00000
    -44.045         0.00000     0.00000     0.00000     0.00000
    -43.895         0.00000     0.00000     0.00000     0.00000
    -43.745         0.00000     0.00000     0.00000     0.00000
    -43.595         0.00000     0.00000     0.00000     0.00000
    -43.445         0.00000     0.00000     0.00000     0.00000
    -43.295         0.00000     0.00000     0.00000     0.00000
    -43.145         0.00000     0.00000     0.00000     0.00000
    -42.995         0.00000     0.00000     0.00000     0.00000
    -42.845         0.00000     0.00000     0.00000     0.00000
    -42.695         0.00000     0.00000     0.00000     0.00000
    -42.545         0.00000     0.00000     0.00000     0.00000
    -42.395         0.00000     0.00000     0.00000     0.00000
    -42.245         0.00000     0.00000     0.00000     0.00000
    -42.095         0.00000     0.00000     0.00000     0.00000
    -41.945         0.00000     0.00000     0.00000     0.00000
    -41.795         0.00000     0.00000     0.00000     0.00000
    -41.645         0.00000     0.00000     0.00000     0.00000
    -41.495         0.00000     0.00000     0.00000     0.00000
    -41.345         0.00000     0.00000     0.00000     0.00000
    -41.195         0.00000     0.00000     0.00000     0.00000
    -41.045         0.00000     0.00000     0.00000     0.00000
    -40.895         0.00000     0.00000     0.00000     0.00000
    -40.745         0.00000     0.00000     0.00000     0.00000
    -40.595         0.00000     0.00000     0.00000     0.00000
    -40.445         0.00000     0.00000     0.00000     0.00000
    -40.295         0.00000     0.00000     0.00000     0.00000
    -40.145         0.00000     0.00000     0.00000     0.00000
    -39.995         0.00000     0.00000     0.00000     0.00000
    -39.845         0.00000     0.00000     0.00000     0.00000
    -39.695         0.00000     0.00000     0.00000     0.00000
    -39.545         0.00000     0.00000     0.00000     0.00000
    -39.395         0.00000     0.00000     0.00000     0.00000
    -39.245         0.00000     0.00000     0.00000     0.00000
    -39.095         0.00000     0.00000     0.00000     0.00000
    -38.945         0.00000     0.00000     0.00000     0.00000
    -38.795         0.00000     0.00000     0.00000     0.00000
    -38.645         0.00000     0.00000     0.00000     0.00000
    -38.495         0.00000     0.00000     0.00000     0.00000
    -38.345         0.00000     0.00000     0.00000     0.00000
    -38.195         0.00000     0.00000     0.00000     0.00000
    -38.045         0.00000     0.00000     0.00000     0.00000
    -37.895         0.00000     0.00000     0.00000     0.00000
    -37.745         0.00000     0.00000     0.00000     0.00000
    -37.595         0.00000     0.00000     0.00000     0.00000
    -37.445         0.00000     0.00000     0.00000     0.00000
    -37.295         0.00000     0.00000     0.00000     0.00000
    -37.145         0.00000     0.00000     0.00000     0.00000
    -36.995         0.00000     0.00000     0.00000     0.00000
    -36.845         0.00000     0.00000     0.00000     0.00000
    -36.695         0.00000     0.00000     0.00000     0.00000
    -36.545         0.00000     0.00000     0.00000     0.00000
    -36.395         0.00000     0.00000     0.00000     0.00000
    -36.245         0.00000     0.00000     0.00000     0.00000
    -36.095         0.00000     0.00000     0.00000     0.00000
    -35.945         0.00000     0.00000     0.00000     0.00000
    -35.795         0.00000     0.00000     0.00000     0.00000
    -35.645         0.00000     0.00000     0.00000     0.00000
    -35.495         0.00000     0.00000     0.00000     0.00000
    -35.345         0.00000     0.00000     0.00000     0.00000
    -35.195         0.00000     0.00000     0.00000     0.00000
    -35.045         0.00000     0.00000     0.00000     0.00000
    -34.895         0.00000     0.00000     0.00000     0.00000
    -34.745         0.00000     0.00000     0.00000     0.00000
    -34.595         0.00000     0.00000     0.00000     0.00000
    -34.445         0.00000     0.00000     0.00000     0.00000
    -34.295         0.00000     0.00000     0.00000     0.00000
    -34.145         0.00000     0.00000     0.00000     0.00000
    -33.995         0.00000     0.00000     0.00000     0.00000
    -33.845         0.00000     0.00000     0.00000     0.00000
    -33.695         0.00000     0.00000     0.00000     0.00000
    -33.545         0.00000     0.00000     0.00000     0.00000
    -33.395         0.00000     0.00000     0.00000     0.00000
    -33.245         0.00000     0.00000     0.00000     0.00000
    -33.095         0.00000     0.00000     0.00000     0.00000
    -32.945         0.00000     0.00000     0.00000     0.00000
    -32.795         0.00000     0.00000     0.00000     0.00000
    -32.645         0.00000     0.00000     0.00000     0.00000
    -32.495         0.00000     0.00000     0.00000     0.00000
    -32.345         0.00000     0.00000     0.00000     0.00000
    -32.195         0.00000     0.00000     0.00000     0.00000
    -32.045         0.00000     0.00000     0.00000     0.00000
    -31.895         0.00000     0.00000     0.00000     0.00000
    -31.745         0.00000     0.00000     0.00000     0.00000
    -31.595         0.00000     0.00000     0.00000     0.00000
    -31.445         0.00000     0.00000     0.00000     0.00000
    -31.295         0.00000     0.00000     0.00000     0.00000
    -31.145         0.00000     0.00000     0.00000     0.00000
    -30.995         0.00000     0.00000     0.00000     0.00000
    -30.845         0.00000     0.00000     0.00000     0.00000
    -30.695         0.00000     0.00000     0.00000     0.00000
    -30.545         0.00000     0.00000     0.00000     0.00000
    -30.395         0.00000     0.00000     0.00000     0.00000
    -30.245         0.00000     0.00000     0.00000     0.00000
    -30.095         0.00000     0.00000     0.00000     0.00000
    -29.945         0.00000     0.00000     0.00000     0.00000
    -29.795         0.00000     0.00000     0.00000     0.00000
    -29.645         0.00000     0.00000     0.00000     0.00000
    -29.495         0.00000     0.00000     0.00000     0.00000
    -29.345         0.00000     0.00000     0.00000     0.00000
    -29.195         0.00000     0.00000     0.00000     0.00000
    -29.045         0.00000     0.00000     0.00000     0.00000
    -28.895         0.00000     0.00000     0.00000     0.00000
    -28.745         0.00000     0.00000     0.00000     0.00000
    -28.595         0.00000     0.00000     0.00000     0.00000
    -28.445         0.00000     0.00000     0.00000     0.00000
    -28.295         0.00000     0.00000     0.00000     0.00000
    -28.145         0.00000     0.00000     0.00000     0.00000
    -27.995         0.00000     0.00000     0.00000     0.00000
    -27.845         0.00000     0.00000     0.00000     0.00000
    -27.695         0.00000     0.00000     0.00000     0.00000
    -27.545         0.00000     0.00000     0.00000     0.00000
    -27.395         0.00000     0.00000     0.00000     0.00000
    -27.245         0.00000     0.00000     0.00000     0.00000
    -27.095         0.00000     0.00000     0.00000     0.00000
    -26.945         0.00000     0.00000     0.00000     0.00000
    -26.795         0.00000     0.00000     0.00000     0.00000
    -26.645         0.00000     0.00000     0.00000     0.00000
    -26.495         0.00000     0.00000     0.00000     0.00000
    -26.345         0.00000     0.00000     0.00000     0.00000
    -26.195         0.00000     0.00000     0.00000     0.00000
    -26.045         0.00000     0.00000     0.00000     0.00000
    -25.895         0.00000     0.00000     0.00000     0.00000
    -25.745         0.00000     0.00000     0.00000     0.00000
    -25.595         0.00000     0.00000     0.00000     0.00000
    -25.445         0.00000     0.00000     0.00000     0.00000
    -25.295         0.00000     0.00000     0.00000     0.00000
    -25.145         0.00000     0.00000     0.00000     0.00000
    -24.995         0.00000     0.00000     0.00000     0.00000
    -24.845         0.00000     0.00000     0.00000     0.00000
    -24.695         0.00000     0.00000     0.00000     0.00000
    -24.545         0.00000     0.00000     0.00000     0.00000
    -24.395         0.00000     0.00000     0.00000     0.00000
    -24.245         0.00000     0.00000     0.00000     0.00000
    -24.095         0.00000     0.00000     0.00000     0.00000
    -23.945         0.00000     0.00000     0.00000     0.00000
    -23.795         0.00000     0.00000     0.00000     0.00000
    -23.645         0.00000     0.00000     0.00000     0.00000
    -23.495         0.00000     0.00000     0.00000     0.00000
    -23.345         0.00000     0.00000     0.00000     0.00000
    -23.195         0.00000     0.00000     0.00000     0.00000
    -23.045         0.00000     0.00000     0.00000     0.00000
    -22.895         0.00000     0.00000     0.00000     0.00000
    -22.745         0.00000     0.00000     0.00000     0.00000
    -22.595         0.00000     0.00000     0.00000     0.00000
    -22.445         0.00000     0.00000     0.00000     0.00000
    -22.295         0.00000     0.00000     0.00000     0.00000
    -22.145         0.00000     0.00000     0.00000     0.00000
    -21.995         0.00000     0.00000     0.00000     0.00000
    -21.845         0.00000     0.00000     0.00000     0.00000
    -21.695         0.00000     0.00000     0.00000     0.00000
    -21.545         0.00000     0.00000     0.00000     0.00000
    -21.395         0.00000     0.00000     0.00000     0.00000
    -21.245         0.00000     0.00000     0.00000     0.00000
    -21.095         0.00000     0.00000     0.00000     0.00000
    -20.945         0.00000     0.00000     0.00000     0.00000
    -20.795         0.00000     0.00000     0.00000     0.00000
    -20.645         0.00000     0.00000     0.00000     0.00000
    -20.495         0.00000     0.00000     0.00000     0.00000
    -20.345         0.00000     0.00000     0.00000     0.00000
    -20.195         0.00000     0.00000     0.00000     0.00000
    -20.045         0.00000     0.00000     0.00000     0.00000
    -19.895         0.00000     0.00000     0.00000     0.00000
    -19.745         0.00000     0.00000     0.00000     0.00000
    -19.595         0.00000     0.00000     0.00000     0.00000
    -19.445         0.00000     0.00000     0.00000     0.00000
    -19.295         0.00000     0.00000     0.00000     0.00000
    -19.145         0.00000     0.00000     0.00000     0.00000
    -18.995         0.00000     0.00000     0.00000     0.00000
    -18.845         0.00000     0.00000     0.00000     0.00000
    -18.695         0.00000     0.00000     0.00000     0.00000
    -18.545         0.00000     0.00000     0.00000     0.00000
    -18.395         0.00000     0.00000     0.00000     0.00000
    -18.245         0.00000     0.00000     0.00000     0.00000
    -18.095         0.00000     0.00000     0.00000     0.00000
    -17.945         0.00000     0.00000     0.00000     0.00000
    -17.795         0.00000     0.00000     0.00000     0.00000
    -17.645         0.00000     0.00000     0.00000     0.00000
    -17.495         0.00000     0.00000     0.00000     0.00000
    -17.345         0.00000     0.00000     0.00000     0.00000
    -17.195         0.00000     0.00000     0.00000     0.00000
    -17.045        -0.00000     0.00000    -0.00000     0.00000
    -16.895        -0.00000     0.00000    -0.00000     0.00000
    -16.745        -0.00040     0.00000    -0.00040     0.00000
    -16.595        -0.00120     0.00000    -0.00120     0.00000
    -16.445        -0.00281     0.00000    -0.00281     0.00000
    -16.295        -0.00411     0.00000    -0.00411     0.00000
    -16.145        -0.00629     0.00000    -0.00629     0.00000
    -15.995        -0.00864     0.00000    -0.00864     0.00000
    -15.845        -0.01501     0.00000    -0.01501     0.00000
    -15.695        -0.02208     0.00000    -0.02208     0.00000
    -15.545        -0.03436     0.00000    -0.03436     0.00000
    -15.395        -0.04518     0.00000    -0.04518     0.00000
    -15.245        -0.05601     0.00000    -0.05601     0.00000
    -15.095        -0.07238     0.00000    -0.07238     0.00000
    -14.945        -0.08910     0.00000    -0.08910     0.00000
    -14.795        -0.10862     0.00000    -0.10862     0.00000
    -14.645        -0.12330     0.00000    -0.12330     0.00000
    -14.495        -0.13640     0.00000    -0.13640     0.00000
    -14.345        -0.15576     0.00000    -0.15576     0.00000
    -14.195        -0.17791     0.00000    -0.17791     0.00000
    -14.045        -0.19878     0.00000    -0.19878     0.00000
    -13.895        -0.22007    -0.00034    -0.21973     0.00000
    -13.745        -0.23394    -0.00033    -0.23360     0.00000
    -13.595        -0.25510    -0.00077    -0.25432     0.00000
    -13.445        -0.27207    -0.00230    -0.26978     0.00000
    -13.295        -0.29094    -0.00529    -0.28565     0.00000
    -13.145        -0.31173    -0.01051    -0.30123     0.00000
    -12.995        -0.33814    -0.01864    -0.31950     0.00000
    -12.845        -0.36325    -0.02699    -0.33626     0.00000
    -12.695        -0.39368    -0.03778    -0.35590     0.00000
    -12.545        -0.42753    -0.05442    -0.37311     0.00000
    -12.395        -0.46552    -0.07113    -0.39439     0.00000
    -12.245        -0.50114    -0.08935    -0.41179     0.00000
    -12.095        -0.53384    -0.10639    -0.42746     0.00000
    -11.945        -0.57109    -0.12694    -0.44415     0.00000
    -11.795        -0.61383    -0.15528    -0.45855     0.00000
    -11.645        -0.65417    -0.18111    -0.47306     0.00000
    -11.495        -0.69849    -0.20842    -0.49007     0.00000
    -11.345        -0.74667    -0.24178    -0.50490     0.00000
    -11.195        -0.79781    -0.27829    -0.51952     0.00000
    -11.045        -0.84803    -0.31164    -0.53639     0.00000
    -10.895        -0.89687    -0.34558    -0.55129     0.00000
    -10.745        -0.95621    -0.38919    -0.56702     0.00000
    -10.595        -1.02197    -0.43848    -0.58349     0.00000
    -10.445        -1.08862    -0.48760    -0.60102     0.00000
    -10.295        -1.14970    -0.53187    -0.61783     0.00000
    -10.145        -1.21883    -0.58343    -0.63540     0.00000
    -9.9950        -1.29075    -0.64074    -0.65002     0.00000
    -9.8450        -1.37053    -0.70006    -0.67048     0.00000
    -9.6950        -1.45217    -0.76103    -0.69114     0.00000
    -9.5450        -1.53873    -0.82713    -0.71160     0.00000
    -9.3950        -1.62526    -0.89510    -0.73016     0.00000
    -9.2450        -1.71510    -0.96350    -0.75160     0.00000
    -9.0950        -1.81583    -1.04154    -0.77429     0.00000
    -8.9450        -1.91519    -1.11924    -0.79595     0.00000
    -8.7950        -2.02154    -1.19843    -0.82311     0.00000
    -8.6450        -2.13215    -1.28436    -0.84779     0.00000
    -8.4950        -2.24016    -1.36569    -0.87447     0.00000
    -8.3450        -2.34387    -1.44428    -0.89959     0.00000
    -8.1950        -2.46268    -1.53258    -0.93010    -0.00000
    -8.0450        -2.58056    -1.61554    -0.96489    -0.00013
    -7.8950        -2.70266    -1.69797    -1.00361    -0.00108
    -7.7450        -2.83097    -1.78320    -1.04452    -0.00324
    -7.5950        -2.96233    -1.87000    -1.08597    -0.00636
    -7.4450        -3.09673    -1.95328    -1.13041    -0.01304
    -7.2950        -3.24888    -2.04269    -1.18211    -0.02408
    -7.1450        -3.41569    -2.13289    -1.23841    -0.04439
    -6.9950        -3.59472    -2.22884    -1.29341    -0.07247
    -6.8450        -3.78747    -2.32243    -1.35449    -0.11055
    -6.6950        -4.00464    -2.41740    -1.42380    -0.16344
    -6.5450        -4.23513    -2.51125    -1.49337    -0.23051
    -6.3950        -4.48462    -2.60302    -1.56630    -0.31530
    -6.2450        -4.76547    -2.70184    -1.64334    -0.42029
    -6.0950        -5.07659    -2.80353    -1.72518    -0.54788
    -5.9450        -5.42235    -2.90686    -1.81172    -0.70377
    -5.7950        -5.83865    -3.01618    -1.89963    -0.92284
    -5.6450        -6.31472    -3.12297    -1.99245    -1.19930
    -5.4950        -6.85324    -3.23477    -2.09377    -1.52470
    -5.3450        -7.45014    -3.34586    -2.19292    -1.91136
    -5.1950        -8.11022    -3.46176    -2.30271    -2.34575
    -5.0450        -8.82254    -3.59168    -2.41352    -2.81734
    -4.8950        -9.56242    -3.72361    -2.52870    -3.31011
    -4.7450       -10.32982    -3.85760    -2.65231    -3.81991
    -4.5950       -11.13462    -3.99440    -2.78432    -4.35591
    -4.4450       -11.97750    -4.14578    -2.92418    -4.90754
    -4.2950       -12.82569    -4.30129    -3.07261    -5.45179
    -4.1450       -13.69197    -4.46474    -3.22618    -6.00106
    -3.9950       -14.58688    -4.63684    -3.38575    -6.56430
    -3.8450       -15.52049    -4.81906    -3.56136    -7.14007
    -3.6950       -16.47545    -5.00893    -3.74889    -7.71762
    -3.5450       -17.47311    -5.21263    -3.94932    -8.31116
    -3.3950       -18.50013    -5.41542    -4.16633    -8.91838
    -3.2450       -19.58441    -5.63923    -4.39566    -9.54953
    -3.0950       -20.71519    -5.86865    -4.64246   -10.20408
    -2.9450       -21.89100    -6.11744    -4.90209   -10.87147
    -2.7950       -23.11910    -6.36705    -5.18854   -11.56352
    -2.6450       -24.43669    -6.64062    -5.48998   -12.30608
    -2.4950       -25.84214    -6.92912    -5.81640   -13.09662
    -2.3450       -27.33938    -7.22996    -6.16859   -13.94083
    -2.1950       -28.94198    -7.54441    -6.54360   -14.85398
    -2.0450       -30.66974    -7.87444    -6.95243   -15.84287
    -1.8950       -32.50440    -8.22502    -7.38203   -16.89736
    -1.7450       -34.48653    -8.59002    -7.85039   -18.04613
    -1.5950       -36.62116    -8.98378    -8.35976   -19.27762
    -1.4450       -38.94857    -9.40665    -8.91411   -20.62782
    -1.2950       -41.49575    -9.86313    -9.52832   -22.10430
    -1.1450       -44.29622   -10.36623   -10.19468   -23.73531
   -0.99500       -47.44151   -10.91901   -10.93682   -25.58568
   -0.84500       -51.03598   -11.53740   -11.80284   -27.69575
   -0.69500       -55.23109   -12.24970   -12.81356   -30.16782
   -0.54500       -60.13087   -13.02151   -13.94548   -33.16388
   -0.39500       -66.01286   -13.82041   -15.05941   -37.13304
   -0.25300       -70.61575   -14.27750   -15.63512   -40.70313
   -0.21500       -70.93871   -14.30275   -15.66532   -40.97063
   -0.20900       -71.26572   -14.32722   -15.69427   -41.24422
   -0.20300       -71.60052   -14.35157   -15.72264   -41.52631
   -0.19700       -71.94359   -14.37523   -15.75038   -41.81798
   -0.19100       -72.29457   -14.39884   -15.77736   -42.11838
   -0.18500       -72.65339   -14.42150   -15.80325   -42.42863
   -0.17900       -73.02415   -14.44416   -15.82875   -42.75124
   -0.17300       -73.40302   -14.46553   -15.85352   -43.08398
   -0.16700       -73.79500   -14.48689   -15.87728   -43.43083
   -0.16100       -74.19742   -14.50801   -15.90011   -43.78930
   -0.15500       -74.61419   -14.52827   -15.92267   -44.16326
   -0.14900       -75.04465   -14.54775   -15.94449   -44.55241
   -0.14300       -75.49012   -14.56697   -15.96478   -44.95837
   -0.13700       -75.95227   -14.58536   -15.98505   -45.38186
   -0.13100       -76.43183   -14.60258   -16.00433   -45.82493
   -0.12500       -76.92741   -14.61955   -16.02267   -46.28519
   -0.11900       -77.44264   -14.63602   -16.04017   -46.76644
   -0.11300       -77.97975   -14.65184   -16.05696   -47.27095
   -0.10700       -78.53846   -14.66665   -16.07273   -47.79908
   -0.10100       -79.12381   -14.68098   -16.08779   -48.35505
   -0.95000E-01   -79.73559   -14.69453   -16.10170   -48.93936
   -0.89000E-01   -80.37339   -14.70705   -16.11503   -49.55131
   -0.83000E-01   -81.04112   -14.71910   -16.12742   -50.19460
   -0.77000E-01   -81.74108   -14.73014   -16.13887   -50.87206
   -0.71000E-01   -82.47534   -14.74034   -16.14935   -51.58565
   -0.65000E-01   -83.24722   -14.74973   -16.15911   -52.33838
   -0.59000E-01   -84.06111   -14.75822   -16.16779   -53.13510
   -0.53000E-01   -84.92565   -14.76601   -16.17567   -53.98397
   -0.47000E-01   -85.85031   -14.77301   -16.18262   -54.89468
   -0.41000E-01   -86.83200   -14.77902   -16.18866   -55.86432
   -0.35000E-01   -87.86155   -14.78411   -16.19387   -56.88357
   -0.29000E-01   -88.90750   -14.78838   -16.19829   -57.92083
   -0.23000E-01   -89.90336   -14.79179   -16.20167   -58.90990
   -0.19700E-01   -89.99525   -14.79208   -16.20196   -59.00121
   -0.19100E-01   -90.08556   -14.79238   -16.20224   -59.09094
   -0.18500E-01   -90.17370   -14.79266   -16.20252   -59.17852
   -0.17900E-01   -90.26015   -14.79293   -16.20280   -59.26442
   -0.17300E-01   -90.34449   -14.79318   -16.20305   -59.34826
   -0.16700E-01   -90.42679   -14.79344   -16.20329   -59.43006
   -0.16100E-01   -90.50670   -14.79367   -16.20352   -59.50951
   -0.15500E-01   -90.58414   -14.79390   -16.20375   -59.58649
   -0.14900E-01   -90.65910   -14.79411   -16.20397   -59.66101
   -0.14300E-01   -90.73182   -14.79433   -16.20419   -59.73331
   -0.13700E-01   -90.80185   -14.79453   -16.20439   -59.80294
   -0.13100E-01   -90.86951   -14.79473   -16.20458   -59.87019
   -0.12500E-01   -90.93442   -14.79492   -16.20477   -59.93473
   -0.11900E-01   -90.99644   -14.79511   -16.20494   -59.99639
   -0.11300E-01   -91.05568   -14.79528   -16.20511   -60.05529
   -0.10700E-01   -91.11211   -14.79544   -16.20527   -60.11140
   -0.10100E-01   -91.16573   -14.79560   -16.20541   -60.16472
   -0.95000E-02   -91.21642   -14.79574   -16.20555   -60.21513
   -0.89000E-02   -91.26402   -14.79587   -16.20568   -60.26247
   -0.83000E-02   -91.30874   -14.79600   -16.20580   -60.30694
   -0.77000E-02   -91.35043   -14.79611   -16.20592   -60.34840
   -0.71000E-02   -91.38888   -14.79622   -16.20602   -60.38664
   -0.65000E-02   -91.42424   -14.79631   -16.20612   -60.42181
   -0.59000E-02   -91.45656   -14.79640   -16.20621   -60.45395
   -0.53000E-02   -91.48559   -14.79648   -16.20628   -60.48282
   -0.47000E-02   -91.51135   -14.79655   -16.20635   -60.50845
   -0.41000E-02   -91.53391   -14.79661   -16.20641   -60.53089
   -0.35000E-02   -91.55317   -14.79666   -16.20646   -60.55004
   -0.29000E-02   -91.56918   -14.79671   -16.20651   -60.56596
   -0.23000E-02   -91.58187   -14.79674   -16.20654   -60.57859
   -0.17000E-02   -91.59127   -14.79677   -16.20657   -60.58793
   -0.11000E-02   -91.59736   -14.79678   -16.20658   -60.59400
   -0.50000E-03   -91.60013   -14.79679   -16.20659   -60.59675
    0.10000E-03   -91.59957   -14.79679   -16.20659   -60.59620
    0.70000E-03   -91.59568   -14.79678   -16.20658   -60.59233
    0.13000E-02   -91.58848   -14.79676   -16.20656   -60.58516
    0.19000E-02   -91.57796   -14.79673   -16.20653   -60.57469
    0.25000E-02   -91.56413   -14.79670   -16.20649   -60.56094
    0.31000E-02   -91.54696   -14.79665   -16.20645   -60.54386
    0.37000E-02   -91.52654   -14.79659   -16.20639   -60.52355
    0.43000E-02   -91.50285   -14.79653   -16.20633   -60.50000
    0.49000E-02   -91.47590   -14.79645   -16.20626   -60.47318
    0.55000E-02   -91.44571   -14.79637   -16.20618   -60.44316
    0.61000E-02   -91.41235   -14.79628   -16.20609   -60.40997
    0.67000E-02   -91.37582   -14.79618   -16.20599   -60.37365
    0.73000E-02   -91.33611   -14.79607   -16.20589   -60.33415
    0.79000E-02   -91.29324   -14.79595   -16.20578   -60.29151
    0.85000E-02   -91.24735   -14.79583   -16.20565   -60.24587
    0.91000E-02   -91.19858   -14.79569   -16.20553   -60.19736
    0.97000E-02   -91.14678   -14.79555   -16.20538   -60.14585
    0.10300E-01   -91.09196   -14.79540   -16.20524   -60.09133
    0.10900E-01   -91.03416   -14.79523   -16.20508   -60.03384
    0.11500E-01   -90.97366   -14.79506   -16.20491   -59.97369
    0.12100E-01   -90.91040   -14.79487   -16.20473   -59.91079
    0.12700E-01   -90.84426   -14.79468   -16.20455   -59.84503
    0.13300E-01   -90.77568   -14.79449   -16.20436   -59.77684
    0.13900E-01   -90.70441   -14.79428   -16.20416   -59.70598
    0.14500E-01   -90.63044   -14.79406   -16.20394   -59.63244
    0.15100E-01   -90.55417   -14.79384   -16.20372   -59.55661
    0.15700E-01   -90.47554   -14.79362   -16.20349   -59.47843
    0.16300E-01   -90.39463   -14.79338   -16.20326   -59.39799
    0.16900E-01   -90.31132   -14.79314   -16.20301   -59.31517
    0.17500E-01   -90.22602   -14.79288   -16.20276   -59.23039
    0.18100E-01   -90.13845   -14.79260   -16.20248   -59.14337
    0.18700E-01   -90.04882   -14.79232   -16.20221   -59.05430
    0.19300E-01   -89.95745   -14.79202   -16.20194   -58.96349
    0.20200E-01   -89.58634   -14.79086   -16.20078   -58.59470
    0.25000E-01   -88.55645   -14.78716   -16.19717   -57.57212
    0.31000E-01   -87.50780   -14.78251   -16.19268   -56.53262
    0.37000E-01   -86.48995   -14.77706   -16.18730   -55.52559
    0.43000E-01   -85.52332   -14.77065   -16.18109   -54.57158
    0.49000E-01   -84.61709   -14.76338   -16.17396   -53.67975
    0.55000E-01   -83.76868   -14.75532   -16.16614   -52.84723
    0.61000E-01   -82.96567   -14.74640   -16.15739   -52.06188
    0.67000E-01   -82.20443   -14.73655   -16.14781   -51.32007
    0.73000E-01   -81.48112   -14.72580   -16.13753   -50.61779
    0.79000E-01   -80.79183   -14.71411   -16.12630   -49.95143
    0.85000E-01   -80.13629   -14.70166   -16.11435   -49.32028
    0.91000E-01   -79.51078   -14.68820   -16.10172   -48.72085
    0.97000E-01   -78.91309   -14.67398   -16.08824   -48.15087
    0.10300       -78.34323   -14.65851   -16.07411   -47.61061
    0.10900       -77.79860   -14.64233   -16.05914   -47.09713
    0.11500       -77.27658   -14.62564   -16.04338   -46.60756
    0.12100       -76.77719   -14.60819   -16.02720   -46.14180
    0.12700       -76.29727   -14.58976   -16.01036   -45.69715
    0.13300       -75.83520   -14.57064   -15.99271   -45.27185
    0.13900       -75.39271   -14.55016   -15.97432   -44.86823
    0.14500       -74.96606   -14.52905   -15.95492   -44.48208
    0.15100       -74.55644   -14.50694   -15.93497   -44.11453
    0.15700       -74.16168   -14.48398   -15.91431   -43.76339
    0.16300       -73.78188   -14.46061   -15.89308   -43.42819
    0.16900       -73.41541   -14.43609   -15.87178   -43.10753
    0.17500       -73.06110   -14.41082   -15.84967   -42.80061
    0.18100       -72.71891   -14.38479   -15.82683   -42.50730
    0.18700       -72.38770   -14.35760   -15.80325   -42.22685
    0.19300       -72.06525   -14.33007   -15.77984   -41.95534
    0.19900       -71.75169   -14.30176   -15.75630   -41.69362
    0.20500       -71.44817   -14.27294   -15.73219   -41.44304
    0.21100       -71.15156   -14.24300   -15.70753   -41.20102
    0.21700       -70.86413   -14.21187   -15.68237   -40.96989
    0.29500       -64.91878   -13.25928   -14.94954   -36.70996
    0.44500       -60.58995   -12.12500   -14.14764   -34.31731
    0.59500       -57.12676   -11.00776   -13.38744   -32.73156
    0.74500       -54.34154   -10.03210   -12.72075   -31.58869
    0.89500       -52.05874    -9.22223   -12.13718   -30.69932
     1.0450       -50.11492    -8.53239   -11.60187   -29.98067
     1.1950       -48.40391    -7.90968   -11.10765   -29.38658
     1.3450       -46.88678    -7.34714   -10.64538   -28.89425
     1.4950       -45.54305    -6.83857   -10.21996   -28.48452
     1.6450       -44.33030    -6.37286    -9.82145   -28.13598
     1.7950       -43.22490    -5.93771    -9.45112   -27.83608
     1.9450       -42.21675    -5.53278    -9.10230   -27.58167
     2.0950       -41.29093    -5.15908    -8.77578   -27.35607
     2.2450       -40.44354    -4.81400    -8.46886   -27.16067
     2.3950       -39.65578    -4.49217    -8.18046   -26.98315
     2.5450       -38.93968    -4.19547    -7.91077   -26.83343
     2.6950       -38.27253    -3.91600    -7.65473   -26.70180
     2.8450       -37.65327    -3.65958    -7.41561   -26.57809
     2.9950       -37.08696    -3.42380    -7.19056   -26.47259
     3.1450       -36.55613    -3.20416    -6.97857   -26.37340
     3.2950       -36.06040    -2.99983    -6.77430   -26.28628
     3.4450       -35.59211    -2.81006    -6.57888   -26.20318
     3.5950       -35.14962    -2.63424    -6.39409   -26.12129
     3.7450       -34.73811    -2.47116    -6.22011   -26.04684
     3.8950       -34.34928    -2.31930    -6.05268   -25.97730
     4.0450       -33.98367    -2.17932    -5.89097   -25.91338
     4.1950       -33.63699    -2.04813    -5.73620   -25.85267
     4.3450       -33.30658    -1.92467    -5.58812   -25.79378
     4.4950       -32.99260    -1.80814    -5.44634   -25.73812
     4.6450       -32.69713    -1.69958    -5.31255   -25.68500
     4.7950       -32.41545    -1.59838    -5.18277   -25.63430
     4.9450       -32.14970    -1.50481    -5.05921   -25.58567
     5.0950       -31.89237    -1.41439    -4.93961   -25.53837
     5.2450       -31.64559    -1.32886    -4.82435   -25.49238
     5.3950       -31.41136    -1.24718    -4.71658   -25.44760
     5.5450       -31.18715    -1.17042    -4.61229   -25.40443
     5.6950       -30.96907    -1.09659    -4.50988   -25.36259
     5.8450       -30.76140    -1.02547    -4.41413   -25.32180
     5.9950       -30.56189    -0.95817    -4.32240   -25.28131
     6.1450       -30.36973    -0.89319    -4.23485   -25.24170
     6.2950       -30.18600    -0.83152    -4.15058   -25.20390
     6.4450       -30.01199    -0.77270    -4.07238   -25.16691
     6.5950       -29.84178    -0.71707    -3.99379   -25.13092
     6.7450       -29.67760    -0.66348    -3.91843   -25.09570
     6.8950       -29.51889    -0.61281    -3.84490   -25.06118
     7.0450       -29.36321    -0.56382    -3.77190   -25.02749
     7.1950       -29.21519    -0.51767    -3.70304   -24.99449
     7.3450       -29.07342    -0.47310    -3.63813   -24.96220
     7.4950       -28.93009    -0.43060    -3.56904   -24.93045
     7.6450       -28.79698    -0.38990    -3.50770   -24.89939
     7.7950       -28.66768    -0.35037    -3.44835   -24.86897
     7.9450       -28.54562    -0.31325    -3.39328   -24.83909
     8.0950       -28.42152    -0.27674    -3.33500   -24.80978
     8.2450       -28.30575    -0.24385    -3.28086   -24.78104
     8.3950       -28.19787    -0.21474    -3.23047   -24.75267
     8.5450       -28.09346    -0.18522    -3.18334   -24.72490
     8.6950       -27.99848    -0.15982    -3.14103   -24.69763
     8.8450       -27.91111    -0.13758    -3.10267   -24.67085
     8.9950       -27.82640    -0.11686    -3.06503   -24.64452
     9.1450       -27.73660    -0.09416    -3.02382   -24.61862
     9.2950       -27.65648    -0.07882    -2.98456   -24.59310
     9.4450       -27.58761    -0.06068    -2.95891   -24.56802
     9.5950       -27.50685    -0.04633    -2.91721   -24.54332
     9.7450       -27.43956    -0.03199    -2.88853   -24.51904
     9.8950       -27.37705    -0.02120    -2.86079   -24.49507
     10.045       -27.31760    -0.01484    -2.83128   -24.47148
     10.195       -27.26072    -0.00690    -2.80562   -24.44820
     10.345       -27.20458     0.00385    -2.78314   -24.42529
     10.495       -27.15552     0.01172    -2.76450   -24.40273
     10.645       -27.10947     0.01960    -2.74859   -24.38048
     10.795       -27.05775     0.02583    -2.72503   -24.35855
     10.945       -27.02229     0.02852    -2.71390   -24.33691
     11.095       -26.98093     0.03113    -2.69649   -24.31558
     11.245       -26.93816     0.03549    -2.67914   -24.29451
     11.395       -26.90568     0.03982    -2.67175   -24.27375
     11.545       -26.87740     0.04220    -2.66639   -24.25321
     11.695       -26.84028     0.04452    -2.65187   -24.23294
     11.845       -26.80880     0.04877    -2.64459   -24.21299
     11.995       -26.77567     0.05099    -2.63346   -24.19320
     12.145       -26.74268     0.05522    -2.62425   -24.17366
     12.295       -26.71020     0.05733    -2.61311   -24.15442
     12.445       -26.68406     0.05940    -2.60809   -24.13537
     12.595       -26.65605     0.06143    -2.60090   -24.11657
     12.745       -26.63284     0.06341    -2.59821   -24.09803
     12.895       -26.60766     0.06535    -2.59332   -24.07969
     13.045       -26.58053     0.06725    -2.58620   -24.06157
     13.195       -26.55597     0.06912    -2.58141   -24.04367
     13.345       -26.53408     0.07093    -2.57901   -24.02601
     13.495       -26.51247     0.07271    -2.57667   -24.00852
     13.645       -26.49110     0.07445    -2.57440   -23.99115
     13.795       -26.46752     0.07617    -2.56969   -23.97400
     13.945       -26.44425     0.07785    -2.56505   -23.95705
     14.095       -26.42373     0.07950    -2.56296   -23.94027
     14.245       -26.40342     0.08112    -2.56093   -23.92361
     14.395       -26.38087     0.08272    -2.55634   -23.90725
     14.545       -26.36111     0.08428    -2.55440   -23.89099
     14.695       -26.34161     0.08581    -2.55251   -23.87491
     14.845       -26.31966     0.08732    -2.54796   -23.85903
     14.995       -26.30062     0.08882    -2.54618   -23.84325
     15.145       -26.28177     0.09028    -2.54442   -23.82764
     15.295       -26.25557     0.09173    -2.53510   -23.81220
     15.445       -26.23724     0.09315    -2.53344   -23.79695
     15.595       -26.21906     0.09455    -2.53181   -23.78179
     15.745       -26.20107     0.09593    -2.53021   -23.76679
     15.895       -26.18329     0.09728    -2.52866   -23.75191
     16.045       -26.16565     0.09863    -2.52715   -23.73713
     16.195       -26.14835     0.09995    -2.52566   -23.72264
     16.345       -26.13111     0.10125    -2.52421   -23.70816
     16.495       -26.11409     0.10254    -2.52279   -23.69384
     16.645       -26.09721     0.10381    -2.52139   -23.67963
     16.795       -26.08052     0.10507    -2.52003   -23.66556
     16.945       -26.06404     0.10630    -2.51869   -23.65166
     17.095       -26.04770     0.10753    -2.51737   -23.63786
     17.245       -26.03159     0.10873    -2.51610   -23.62422
     17.395       -26.01562     0.10991    -2.51483   -23.61069
     17.545       -25.99655     0.11107    -2.51033   -23.59729
     17.695       -25.98087     0.11224    -2.50912   -23.58400
     17.845       -25.96533     0.11338    -2.50793   -23.57079
     17.995       -25.94990     0.11452    -2.50675   -23.55767
     18.145       -25.93466     0.11564    -2.50560   -23.54470
     18.295       -25.91954     0.11675    -2.50447   -23.53182
     18.445       -25.90462     0.11784    -2.50337   -23.51909
     18.595       -25.88974     0.11892    -2.50227   -23.50639
     18.745       -25.87504     0.11999    -2.50120   -23.49383
     18.895       -25.86042     0.12104    -2.50013   -23.48132
     19.045       -25.84595     0.12209    -2.49908   -23.46896
     19.195       -25.83159     0.12313    -2.49807   -23.45666
     19.345       -25.81737     0.12415    -2.49705   -23.44446
     19.495       -25.80329     0.12516    -2.49606   -23.43240
     19.645       -25.78937     0.12617    -2.49510   -23.42043
     19.795       -25.77554     0.12716    -2.49414   -23.40856
     19.945       -25.76182     0.12814    -2.49319   -23.39677
     20.095       -25.74824     0.12910    -2.49227   -23.38507
     20.245       -25.73476     0.13005    -2.49135   -23.37346
     20.395       -25.72139     0.13100    -2.49044   -23.36195
     20.545       -25.70808     0.13195    -2.48953   -23.35049
     20.695       -25.69491     0.13288    -2.48865   -23.33913
     20.845       -25.68184     0.13380    -2.48778   -23.32786
     20.995       -25.66887     0.13470    -2.48693   -23.31664
     21.145       -25.65600     0.13561    -2.48608   -23.30552
     21.295       -25.64323     0.13650    -2.48524   -23.29449
     21.445       -25.63055     0.13739    -2.48441   -23.28353
     21.595       -25.61795     0.13828    -2.48359   -23.27264
     21.745       -25.60547     0.13916    -2.48278   -23.26185
     21.895       -25.59310     0.14002    -2.48198   -23.25115
     22.045       -25.58082     0.14088    -2.48119   -23.24051
     22.195       -25.56863     0.14173    -2.48041   -23.22995
     22.345       -25.55654     0.14257    -2.47963   -23.21948
     22.495       -25.54452     0.14341    -2.47887   -23.20906
     22.645       -25.53258     0.14423    -2.47812   -23.19870
     22.795       -25.52070     0.14506    -2.47738   -23.18839
     22.945       -25.50891     0.14589    -2.47664   -23.17816
     23.095       -25.49720     0.14670    -2.47591   -23.16799
     23.245       -25.48564     0.14749    -2.47519   -23.15795
     23.395       -25.47411     0.14829    -2.47448   -23.14792
     23.545       -25.46269     0.14908    -2.47379   -23.13798
     23.695       -25.45133     0.14986    -2.47310   -23.12809
     23.845       -25.44005     0.15063    -2.47242   -23.11826
     23.995       -25.42883     0.15140    -2.47175   -23.10848
     24.145       -25.41766     0.15216    -2.47107   -23.09875
     24.295       -25.40659     0.15292    -2.47039   -23.08911
     24.445       -25.39560     0.15368    -2.46974   -23.07954
     24.595       -25.38465     0.15442    -2.46909   -23.06998
     24.745       -25.37378     0.15517    -2.46844   -23.06051
     24.895       -25.36297     0.15591    -2.46781   -23.05106
     25.045       -25.35226     0.15663    -2.46718   -23.04171
     25.195       -25.34162     0.15736    -2.46655   -23.03242
     25.345       -25.33106     0.15807    -2.46594   -23.02319
     25.495       -25.32055     0.15879    -2.46533   -23.01402
     25.645       -25.31010     0.15950    -2.46471   -23.00489
     25.795       -25.29970     0.16021    -2.46411   -22.99580
     25.945       -25.28940     0.16091    -2.46351   -22.98680
     26.095       -25.27914     0.16160    -2.46292   -22.97782
     26.245       -25.26894     0.16229    -2.46233   -22.96890
     26.395       -25.25885     0.16297    -2.46176   -22.96007
     26.545       -25.24877     0.16365    -2.46118   -22.95124
     26.695       -25.23878     0.16432    -2.46062   -22.94248
     26.845       -25.22882     0.16500    -2.46005   -22.93377
     26.995       -25.21892     0.16568    -2.45949   -22.92511
     27.145       -25.20910     0.16635    -2.45893   -22.91652
     27.295       -25.19936     0.16699    -2.45838   -22.90797
     27.445       -25.18963     0.16765    -2.45784   -22.89944
     27.595       -25.18001     0.16830    -2.45729   -22.89102
     27.745       -25.17041     0.16895    -2.45676   -22.88260
     27.895       -25.16087     0.16960    -2.45622   -22.87425
     28.045       -25.15136     0.17023    -2.45570   -22.86590
     28.195       -25.14194     0.17085    -2.45517   -22.85762
     28.345       -25.13254     0.17148    -2.45466   -22.84936
     28.495       -25.12324     0.17210    -2.45414   -22.84121
     28.645       -25.11397     0.17271    -2.45363   -22.83306
     28.795       -25.10478     0.17333    -2.45312   -22.82499
     28.945       -25.09565     0.17394    -2.45261   -22.81698
     29.095       -25.08654     0.17454    -2.45211   -22.80897
     29.245       -25.07750     0.17513    -2.45162   -22.80101
     29.395       -25.06846     0.17574    -2.45112   -22.79307
     29.545       -25.05948     0.17634    -2.45063   -22.78520
     29.695       -25.05056     0.17694    -2.45015   -22.77736
     29.845       -25.04172     0.17753    -2.44967   -22.76958
     29.995       -25.03290     0.17812    -2.44919   -22.76183
     30.145       -25.02412     0.17870    -2.44872   -22.75410
     35.794       -24.44661     0.21643    -2.41939   -22.24365
     49.810       -23.88106     0.25241    -2.39294   -21.74054
     69.316       -23.32742     0.28714    -2.36835   -21.24621
     96.460       -22.78615     0.32072    -2.34518   -20.76169
     134.23       -22.25783     0.35323    -2.32302   -20.28804
     186.80       -21.74313     0.38468    -2.30188   -19.82593
     259.95       -21.24208     0.41513    -2.28161   -19.37560
     361.74       -20.75575     0.44449    -2.26213   -18.93811
     503.40       -20.28355     0.47287    -2.24343   -18.51299
     700.53       -19.82551     0.50023    -2.22537   -18.10037
     974.85       -19.38175     0.52665    -2.20798   -17.70042
     1356.6       -18.95165     0.55215    -2.19126   -17.31253
     1887.8       -18.53489     0.57669    -2.17513   -16.93645
     2627.1       -18.13083     0.60032    -2.15956   -16.57159
     3655.9       -17.73936     0.62303    -2.14455   -16.21785
     5087.5       -17.35976     0.64490    -2.13006   -15.87459
     7079.7       -16.99176     0.66594    -2.11607   -15.54163
     9852.1       -16.63535     0.68621    -2.10249   -15.21908
     13710.       -16.29052     0.70575    -2.08932   -14.90695
     19079.       -15.95736     0.72453    -2.07661   -14.60528
     26550.       -15.63573     0.74263    -2.06434   -14.31402
     36947.       -15.32569     0.76015    -2.05254   -14.03330
     51416.       -15.02786     0.77705    -2.04112   -13.76379
     71550.       -14.74272     0.79337    -2.03012   -13.50597
     99568.       -14.47011     0.80913    -2.01955   -13.25969
    0.13856E+06   -14.20897     0.82436    -2.00948   -13.02384
    0.19282E+06   -13.95929     0.83904    -1.99985   -12.79848
    0.26832E+06   -13.72058     0.85323    -1.99061   -12.58320
    0.37340E+06   -13.49274     0.86688    -1.98175   -12.37787
    0.51962E+06   -13.27470     0.88005    -1.97334   -12.18141
    0.72310E+06   -13.06644     0.89271    -1.96531   -11.99383
    0.10063E+07   -12.86751     0.90477    -1.95764   -11.81465
    0.14003E+07   -12.67807     0.91627    -1.95030   -11.64404
    0.19487E+07   -12.49748     0.92727    -1.94328   -11.48147
    0.27118E+07   -12.32542     0.93781    -1.93659   -11.32664
    0.37737E+07   -12.16172     0.94783    -1.93022   -11.17934
    0.52514E+07   -12.00563     0.95743    -1.92414   -11.03892
    0.73079E+07   -11.85712     0.96657    -1.91834   -10.90535
    0.10170E+08   -11.71580     0.97527    -1.91281   -10.77827
    0.14152E+08   -11.58122     0.98360    -1.90757   -10.65725
    0.19694E+08   -11.45322     0.99153    -1.90260   -10.54215
    0.27406E+08   -11.33144     0.99910    -1.89785   -10.43269
    0.38138E+08   -11.21555     1.00630    -1.89332   -10.32853
    0.53073E+08   -11.10563     1.01315    -1.88899   -10.22978
    0.73856E+08   -11.00183     1.01965    -1.88487   -10.13660
    0.10278E+09   -10.90404     1.02581    -1.88097   -10.04888
    0.14302E+09   -10.81260     1.03173    -1.87729    -9.96704
    0.19903E+09   -10.72785     1.03734    -1.87382    -9.89137
    0.27697E+09   -10.64935     1.04269    -1.87055    -9.82148
    0.38543E+09   -10.57659     1.04779    -1.86755    -9.75682
    0.53637E+09   -10.50902     1.05262    -1.86478    -9.69686
    0.74641E+09   -10.44697     1.05721    -1.86222    -9.64196
    0.10387E+10   -10.39011     1.06155    -1.85983    -9.59184
    0.14454E+10   -10.33777     1.06566    -1.85764    -9.54578
    0.20115E+10   -10.28964     1.06950    -1.85566    -9.50349
    0.27992E+10   -10.24540     1.07304    -1.85384    -9.46460
    0.38953E+10   -10.20465     1.07632    -1.85216    -9.42881
    0.54207E+10   -10.16716     1.07935    -1.85061    -9.39590
    0.75434E+10   -10.13257     1.08216    -1.84920    -9.36554
    0.10497E+11   -10.10077     1.08477    -1.84788    -9.33766
    0.14608E+11   -10.07137     1.08714    -1.84667    -9.31185
    0.20329E+11   -10.04441     1.08931    -1.84555    -9.28816
    0.28289E+11   -10.01959     1.09131    -1.84452    -9.26638
    0.39367E+11    -9.99674     1.09313    -1.84358    -9.24628
    0.54783E+11    -9.97571     1.09481    -1.84271    -9.22781
    0.10000E+12    -9.73076     1.11434    -1.83263    -9.01247
