    -44.945         0.00000     0.00000     0.00000     0.00000
    -44.795         0.00000     0.00000     0.00000     0.00000
    -44.645         0.00000     0.00000     0.00000     0.00000
    -44.495         0.00000     0.00000     0.00000     0.00000
    -44.345         0.00000     0.00000     0.00000     0.00000
    -44.195         0.00000     0.00000     0.00000     0.00000
    -44.045         0.00000     0.00000     0.00000     0.00000
    -43.895         0.00000     0.00000     0.00000     0.00000
    -43.745         0.00000     0.00000     0.00000     0.00000
    -43.595         0.00000     0.00000     0.00000     0.00000
    -43.445         0.00000     0.00000     0.00000     0.00000
    -43.295         0.00000     0.00000     0.00000     0.00000
    -43.145         0.00000     0.00000     0.00000     0.00000
    -42.995         0.00000     0.00000     0.00000     0.00000
    -42.845         0.00000     0.00000     0.00000     0.00000
    -42.695         0.00000     0.00000     0.00000     0.00000
    -42.545         0.00000     0.00000     0.00000     0.00000
    -42.395         0.00000     0.00000     0.00000     0.00000
    -42.245         0.00000     0.00000     0.00000     0.00000
    -42.095         0.00000     0.00000     0.00000     0.00000
    -41.945         0.00000     0.00000     0.00000     0.00000
    -41.795         0.00000     0.00000     0.00000     0.00000
    -41.645         0.00000     0.00000     0.00000     0.00000
    -41.495         0.00000     0.00000     0.00000     0.00000
    -41.345         0.00000     0.00000     0.00000     0.00000
    -41.195         0.00000     0.00000     0.00000     0.00000
    -41.045         0.00000     0.00000     0.00000     0.00000
    -40.895         0.00000     0.00000     0.00000     0.00000
    -40.745         0.00000     0.00000     0.00000     0.00000
    -40.595         0.00000     0.00000     0.00000     0.00000
    -40.445         0.00000     0.00000     0.00000     0.00000
    -40.295         0.00000     0.00000     0.00000     0.00000
    -40.145         0.00000     0.00000     0.00000     0.00000
    -39.995         0.00000     0.00000     0.00000     0.00000
    -39.845         0.00000     0.00000     0.00000     0.00000
    -39.695         0.00000     0.00000     0.00000     0.00000
    -39.545         0.00000     0.00000     0.00000     0.00000
    -39.395         0.00000     0.00000     0.00000     0.00000
    -39.245         0.00000     0.00000     0.00000     0.00000
    -39.095         0.00000     0.00000     0.00000     0.00000
    -38.945         0.00000     0.00000     0.00000     0.00000
    -38.795         0.00000     0.00000     0.00000     0.00000
    -38.645         0.00000     0.00000     0.00000     0.00000
    -38.495         0.00000     0.00000     0.00000     0.00000
    -38.345         0.00000     0.00000     0.00000     0.00000
    -38.195         0.00000     0.00000     0.00000     0.00000
    -38.045         0.00000     0.00000     0.00000     0.00000
    -37.895         0.00000     0.00000     0.00000     0.00000
    -37.745         0.00000     0.00000     0.00000     0.00000
    -37.595         0.00000     0.00000     0.00000     0.00000
    -37.445         0.00000     0.00000     0.00000     0.00000
    -37.295         0.00000     0.00000     0.00000     0.00000
    -37.145         0.00000     0.00000     0.00000     0.00000
    -36.995         0.00000     0.00000     0.00000     0.00000
    -36.845         0.00000     0.00000     0.00000     0.00000
    -36.695         0.00000     0.00000     0.00000     0.00000
    -36.545         0.00000     0.00000     0.00000     0.00000
    -36.395         0.00000     0.00000     0.00000     0.00000
    -36.245         0.00000     0.00000     0.00000     0.00000
    -36.095         0.00000     0.00000     0.00000     0.00000
    -35.945         0.00000     0.00000     0.00000     0.00000
    -35.795         0.00000     0.00000     0.00000     0.00000
    -35.645         0.00000     0.00000     0.00000     0.00000
    -35.495         0.00000     0.00000     0.00000     0.00000
    -35.345         0.00000     0.00000     0.00000     0.00000
    -35.195         0.00000     0.00000     0.00000     0.00000
    -35.045         0.00000     0.00000     0.00000     0.00000
    -34.895         0.00000     0.00000     0.00000     0.00000
    -34.745         0.00000     0.00000     0.00000     0.00000
    -34.595         0.00000     0.00000     0.00000     0.00000
    -34.445         0.00000     0.00000     0.00000     0.00000
    -34.295         0.00000     0.00000     0.00000     0.00000
    -34.145         0.00000     0.00000     0.00000     0.00000
    -33.995         0.00000     0.00000     0.00000     0.00000
    -33.845         0.00000     0.00000     0.00000     0.00000
    -33.695         0.00000     0.00000     0.00000     0.00000
    -33.545         0.00000     0.00000     0.00000     0.00000
    -33.395         0.00000     0.00000     0.00000     0.00000
    -33.245         0.00000     0.00000     0.00000     0.00000
    -33.095         0.00000     0.00000     0.00000     0.00000
    -32.945         0.00000     0.00000     0.00000     0.00000
    -32.795         0.00000     0.00000     0.00000     0.00000
    -32.645         0.00000     0.00000     0.00000     0.00000
    -32.495         0.00000     0.00000     0.00000     0.00000
    -32.345         0.00000     0.00000     0.00000     0.00000
    -32.195         0.00000     0.00000     0.00000     0.00000
    -32.045         0.00000     0.00000     0.00000     0.00000
    -31.895         0.00000     0.00000     0.00000     0.00000
    -31.745         0.00000     0.00000     0.00000     0.00000
    -31.595         0.00000     0.00000     0.00000     0.00000
    -31.445         0.00000     0.00000     0.00000     0.00000
    -31.295         0.00000     0.00000     0.00000     0.00000
    -31.145         0.00000     0.00000     0.00000     0.00000
    -30.995         0.00000     0.00000     0.00000     0.00000
    -30.845         0.00000     0.00000     0.00000     0.00000
    -30.695         0.00000     0.00000     0.00000     0.00000
    -30.545         0.00000     0.00000     0.00000     0.00000
    -30.395         0.00000     0.00000     0.00000     0.00000
    -30.245         0.00000     0.00000     0.00000     0.00000
    -30.095         0.00000     0.00000     0.00000     0.00000
    -29.945         0.00000     0.00000     0.00000     0.00000
    -29.795         0.00000     0.00000     0.00000     0.00000
    -29.645         0.00000     0.00000     0.00000     0.00000
    -29.495         0.00000     0.00000     0.00000     0.00000
    -29.345         0.00000     0.00000     0.00000     0.00000
    -29.195         0.00000     0.00000     0.00000     0.00000
    -29.045         0.00000     0.00000     0.00000     0.00000
    -28.895         0.00000     0.00000     0.00000     0.00000
    -28.745         0.00000     0.00000     0.00000     0.00000
    -28.595         0.00000     0.00000     0.00000     0.00000
    -28.445         0.00000     0.00000     0.00000     0.00000
    -28.295         0.00000     0.00000     0.00000     0.00000
    -28.145         0.00000     0.00000     0.00000     0.00000
    -27.995         0.00000     0.00000     0.00000     0.00000
    -27.845         0.00000     0.00000     0.00000     0.00000
    -27.695         0.00000     0.00000     0.00000     0.00000
    -27.545         0.00000     0.00000     0.00000     0.00000
    -27.395         0.00000     0.00000     0.00000     0.00000
    -27.245         0.00000     0.00000     0.00000     0.00000
    -27.095         0.00000     0.00000     0.00000     0.00000
    -26.945         0.00000     0.00000     0.00000     0.00000
    -26.795         0.00000     0.00000     0.00000     0.00000
    -26.645         0.00000     0.00000     0.00000     0.00000
    -26.495         0.00000     0.00000     0.00000     0.00000
    -26.345         0.00000     0.00000     0.00000     0.00000
    -26.195         0.00000     0.00000     0.00000     0.00000
    -26.045         0.00000     0.00000     0.00000     0.00000
    -25.895         0.00000     0.00000     0.00000     0.00000
    -25.745         0.00000     0.00000     0.00000     0.00000
    -25.595         0.00000     0.00000     0.00000     0.00000
    -25.445         0.00000     0.00000     0.00000     0.00000
    -25.295         0.00000     0.00000     0.00000     0.00000
    -25.145         0.00000     0.00000     0.00000     0.00000
    -24.995         0.00000     0.00000     0.00000     0.00000
    -24.845         0.00000     0.00000     0.00000     0.00000
    -24.695         0.00000     0.00000     0.00000     0.00000
    -24.545        -0.00000     0.00000    -0.00000     0.00000
    -24.395        -0.00000     0.00000    -0.00000     0.00000
    -24.245        -0.00000     0.00000    -0.00000     0.00000
    -24.095        -0.00000     0.00000    -0.00000     0.00000
    -23.945        -0.00057     0.00000    -0.00057     0.00000
    -23.795        -0.00280     0.00000    -0.00280     0.00000
    -23.645        -0.00610     0.00000    -0.00610     0.00000
    -23.495        -0.01100     0.00000    -0.01100     0.00000
    -23.345        -0.01490     0.00000    -0.01490     0.00000
    -23.195        -0.02203     0.00000    -0.02203     0.00000
    -23.045        -0.03234     0.00000    -0.03234     0.00000
    -22.895        -0.03902     0.00000    -0.03902     0.00000
    -22.745        -0.05150     0.00000    -0.05150     0.00000
    -22.595        -0.06459     0.00000    -0.06459     0.00000
    -22.445        -0.08073     0.00000    -0.08073     0.00000
    -22.295        -0.09593     0.00000    -0.09593     0.00000
    -22.145        -0.11215     0.00000    -0.11215     0.00000
    -21.995        -0.12527     0.00000    -0.12527     0.00000
    -21.845        -0.14204     0.00000    -0.14204     0.00000
    -21.695        -0.16071     0.00000    -0.16071     0.00000
    -21.545        -0.18283     0.00000    -0.18283     0.00000
    -21.395        -0.20192     0.00000    -0.20192     0.00000
    -21.245        -0.22095     0.00000    -0.22095     0.00000
    -21.095        -0.23738     0.00000    -0.23738     0.00000
    -20.945        -0.25671     0.00000    -0.25671     0.00000
    -20.795        -0.27645     0.00000    -0.27645     0.00000
    -20.645        -0.28582     0.00000    -0.28582     0.00000
    -20.495        -0.30049     0.00000    -0.30049     0.00000
    -20.345        -0.31850     0.00000    -0.31850     0.00000
    -20.195        -0.32924     0.00000    -0.32924     0.00000
    -20.045        -0.34085     0.00000    -0.34085     0.00000
    -19.895        -0.35052     0.00000    -0.35052     0.00000
    -19.745        -0.36206     0.00000    -0.36206     0.00000
    -19.595        -0.37024     0.00000    -0.37024     0.00000
    -19.445        -0.37789     0.00000    -0.37789     0.00000
    -19.295        -0.38836     0.00000    -0.38836     0.00000
    -19.145        -0.39777     0.00000    -0.39777     0.00000
    -18.995        -0.40395     0.00000    -0.40395     0.00000
    -18.845        -0.40919     0.00000    -0.40919     0.00000
    -18.695        -0.41399     0.00000    -0.41399     0.00000
    -18.545        -0.42193     0.00000    -0.42193     0.00000
    -18.395        -0.42669     0.00000    -0.42669     0.00000
    -18.245        -0.43500     0.00000    -0.43500     0.00000
    -18.095        -0.44064     0.00000    -0.44064     0.00000
    -17.945        -0.44539     0.00000    -0.44539     0.00000
    -17.795        -0.44790     0.00000    -0.44790     0.00000
    -17.645        -0.44940     0.00000    -0.44940     0.00000
    -17.495        -0.45411     0.00000    -0.45411     0.00000
    -17.345        -0.45843     0.00000    -0.45843     0.00000
    -17.195        -0.46141     0.00000    -0.46141     0.00000
    -17.045        -0.46440    -0.00000    -0.46440     0.00000
    -16.895        -0.46868    -0.00000    -0.46868     0.00000
    -16.745        -0.47022    -0.00000    -0.47022     0.00000
    -16.595        -0.47446    -0.00000    -0.47446     0.00000
    -16.445        -0.47831    -0.00000    -0.47831     0.00000
    -16.295        -0.48049    -0.00000    -0.48049     0.00000
    -16.145        -0.48355    -0.00000    -0.48355     0.00000
    -15.995        -0.48622     0.00000    -0.48622     0.00000
    -15.845        -0.49006    -0.00037    -0.48969     0.00000
    -15.695        -0.49164    -0.00037    -0.49127     0.00000
    -15.545        -0.49592    -0.00113    -0.49479     0.00000
    -15.395        -0.49943    -0.00194    -0.49749     0.00000
    -15.245        -0.50301    -0.00277    -0.50023     0.00000
    -15.095        -0.50515    -0.00330    -0.50185     0.00000
    -14.945        -0.50925    -0.00463    -0.50462     0.00000
    -14.795        -0.51461    -0.00607    -0.50853     0.00000
    -14.645        -0.52039    -0.00902    -0.51137     0.00000
    -14.495        -0.52707    -0.01244    -0.51463     0.00000
    -14.345        -0.53335    -0.01633    -0.51702     0.00000
    -14.195        -0.54166    -0.02133    -0.52033     0.00000
    -14.045        -0.55015    -0.02647    -0.52367     0.00000
    -13.895        -0.55920    -0.03308    -0.52612     0.00000
    -13.745        -0.57132    -0.04143    -0.52989     0.00000
    -13.595        -0.57931    -0.04692    -0.53239     0.00000
    -13.445        -0.58984    -0.05577    -0.53407     0.00000
    -13.295        -0.60367    -0.06570    -0.53797     0.00000
    -13.145        -0.61507    -0.07348    -0.54159     0.00000
    -12.995        -0.62672    -0.08145    -0.54527     0.00000
    -12.845        -0.63955    -0.08947    -0.55009     0.00000
    -12.695        -0.65192    -0.09768    -0.55424     0.00000
    -12.545        -0.66764    -0.10820    -0.55944     0.00000
    -12.395        -0.68408    -0.12040    -0.56368     0.00000
    -12.245        -0.70346    -0.13514    -0.56832     0.00000
    -12.095        -0.72073    -0.14767    -0.57307     0.00000
    -11.945        -0.73852    -0.16068    -0.57784     0.00000
    -11.795        -0.76102    -0.17617    -0.58485     0.00000
    -11.645        -0.78340    -0.19273    -0.59067     0.00000
    -11.495        -0.80495    -0.20802    -0.59694     0.00000
    -11.345        -0.83343    -0.22939    -0.60404     0.00000
    -11.195        -0.86018    -0.24813    -0.61204     0.00000
    -11.045        -0.88691    -0.26652    -0.62039     0.00000
    -10.895        -0.91413    -0.28535    -0.62878     0.00000
    -10.745        -0.94442    -0.30751    -0.63691     0.00000
    -10.595        -0.97593    -0.32871    -0.64722     0.00000
    -10.445        -1.00633    -0.34873    -0.65759     0.00000
    -10.295        -1.03780    -0.36879    -0.66901     0.00000
    -10.145        -1.07041    -0.38970    -0.68072     0.00000
    -9.9950        -1.10152    -0.40864    -0.69289     0.00000
    -9.8450        -1.13694    -0.43083    -0.70610     0.00000
    -9.6950        -1.17113    -0.45082    -0.72030     0.00000
    -9.5450        -1.20471    -0.47209    -0.73262     0.00000
    -9.3950        -1.24154    -0.49372    -0.74782     0.00000
    -9.2450        -1.28439    -0.51930    -0.76510     0.00000
    -9.0950        -1.32216    -0.54252    -0.77963     0.00000
    -8.9450        -1.36227    -0.56348    -0.79879     0.00000
    -8.7950        -1.40222    -0.58402    -0.81820     0.00000
    -8.6450        -1.44193    -0.60347    -0.83846     0.00000
    -8.4950        -1.48609    -0.62654    -0.85954     0.00000
    -8.3450        -1.53121    -0.64961    -0.88160     0.00000
    -8.1950        -1.57939    -0.67507    -0.90401    -0.00031
    -8.0450        -1.62848    -0.69889    -0.92900    -0.00059
    -7.8950        -1.67595    -0.72483    -0.94971    -0.00141
    -7.7450        -1.72393    -0.74749    -0.97427    -0.00218
    -7.5950        -1.77768    -0.77333    -0.99851    -0.00583
    -7.4450        -1.83216    -0.79973    -1.01984    -0.01259
    -7.2950        -1.89359    -0.82554    -1.04253    -0.02552
    -7.1450        -1.96471    -0.84898    -1.06837    -0.04736
    -6.9950        -2.04613    -0.87446    -1.09449    -0.07718
    -6.8450        -2.14282    -0.90050    -1.11838    -0.12394
    -6.6950        -2.25790    -0.92650    -1.14560    -0.18581
    -6.5450        -2.39032    -0.95432    -1.17202    -0.26398
    -6.3950        -2.53776    -0.98281    -1.19731    -0.35763
    -6.2450        -2.70825    -1.01274    -1.22628    -0.46924
    -6.0950        -2.90818    -1.04310    -1.25348    -0.61159
    -5.9450        -3.14769    -1.07444    -1.28110    -0.79214
    -5.7950        -3.44793    -1.10867    -1.31040    -1.02886
    -5.6450        -3.81010    -1.14198    -1.34097    -1.32716
    -5.4950        -4.24211    -1.17755    -1.37241    -1.69215
    -5.3450        -4.74033    -1.21751    -1.40679    -2.11603
    -5.1950        -5.27515    -1.25957    -1.44317    -2.57241
    -5.0450        -5.85422    -1.30028    -1.48344    -3.07050
    -4.8950        -6.46740    -1.34135    -1.52742    -3.59863
    -4.7450        -7.09373    -1.38316    -1.56919    -4.14138
    -4.5950        -7.76021    -1.42985    -1.61790    -4.71246
    -4.4450        -8.44020    -1.47927    -1.66758    -5.29336
    -4.2950        -9.12023    -1.52520    -1.72017    -5.87486
    -4.1450        -9.82045    -1.57425    -1.78194    -6.46426
    -3.9950       -10.53807    -1.62433    -1.83904    -7.07470
    -3.8450       -11.25450    -1.67563    -1.90182    -7.67705
    -3.6950       -11.99152    -1.72890    -1.96727    -8.29535
    -3.5450       -12.74573    -1.78588    -2.03480    -8.92505
    -3.3950       -13.51913    -1.84659    -2.10344    -9.56910
    -3.2450       -14.32976    -1.90843    -2.17535   -10.24597
    -3.0950       -15.16113    -1.97301    -2.25030   -10.93782
    -2.9450       -16.03995    -2.04061    -2.33173   -11.66761
    -2.7950       -16.95364    -2.11129    -2.41351   -12.42884
    -2.6450       -17.92063    -2.18498    -2.50146   -13.23419
    -2.4950       -18.96479    -2.26395    -2.59665   -14.10419
    -2.3450       -20.09352    -2.34556    -2.69972   -15.04824
    -2.1950       -21.30380    -2.43267    -2.80556   -16.06557
    -2.0450       -22.60642    -2.52607    -2.91882   -17.16153
    -1.8950       -24.00156    -2.62718    -3.03631   -18.33807
    -1.7450       -25.50588    -2.73680    -3.16197   -19.60711
    -1.5950       -27.12133    -2.85040    -3.29093   -20.97999
    -1.4450       -28.87359    -2.97044    -3.43213   -22.47101
    -1.2950       -30.80023    -3.10148    -3.58806   -24.11070
    -1.1450       -32.93939    -3.23671    -3.76521   -25.93748
   -0.99500       -35.34698    -3.37986    -3.96776   -27.99936
   -0.84500       -38.11324    -3.53874    -4.19852   -30.37598
   -0.69500       -41.33637    -3.72506    -4.45055   -33.16076
   -0.54500       -45.21395    -3.92021    -4.71047   -36.58327
   -0.39500       -50.21287    -4.10739    -4.96057   -41.14491
   -0.25300       -54.58348    -4.21132    -5.08853   -45.28363
   -0.21500       -54.90708    -4.21694    -5.09547   -45.59467
   -0.20900       -55.23951    -4.22260    -5.10220   -45.91471
   -0.20300       -55.57975    -4.22802    -5.10882   -46.24291
   -0.19700       -55.93239    -4.23344    -5.11522   -46.58373
   -0.19100       -56.29424    -4.23865    -5.12139   -46.93420
   -0.18500       -56.66672    -4.24361    -5.12741   -47.29570
   -0.17900       -57.05525    -4.24862    -5.13356   -47.67307
   -0.17300       -57.45396    -4.25352    -5.13935   -48.06109
   -0.16700       -57.86532    -4.25825    -5.14497   -48.46209
   -0.16100       -58.29275    -4.26292    -5.15039   -48.87945
   -0.15500       -58.73705    -4.26743    -5.15567   -49.31395
   -0.14900       -59.19564    -4.27187    -5.16071   -49.76306
   -0.14300       -59.67086    -4.27615    -5.16555   -50.22916
   -0.13700       -60.16579    -4.28027    -5.17026   -50.71526
   -0.13100       -60.67813    -4.28423    -5.17484   -51.21907
   -0.12500       -61.21014    -4.28800    -5.17907   -51.74308
   -0.11900       -61.76507    -4.29165    -5.18317   -52.29026
   -0.11300       -62.34260    -4.29504    -5.18691   -52.86065
   -0.10700       -62.94279    -4.29836    -5.19053   -53.45390
   -0.10100       -63.57010    -4.30163    -5.19406   -54.07441
   -0.95000E-01   -64.22272    -4.30467    -5.19727   -54.72077
   -0.89000E-01   -64.90340    -4.30747    -5.20033   -55.39560
   -0.83000E-01   -65.61421    -4.31011    -5.20315   -56.10095
   -0.77000E-01   -66.36093    -4.31260    -5.20577   -56.84257
   -0.71000E-01   -67.14269    -4.31489    -5.20822   -57.61957
   -0.65000E-01   -67.96806    -4.31699    -5.21049   -58.44058
   -0.59000E-01   -68.84027    -4.31894    -5.21250   -59.30883
   -0.53000E-01   -69.76579    -4.32067    -5.21432   -60.23080
   -0.47000E-01   -70.74438    -4.32217    -5.21594   -61.20627
   -0.41000E-01   -71.76652    -4.32349    -5.21736   -62.22566
   -0.35000E-01   -72.81165    -4.32466    -5.21856   -63.26842
   -0.29000E-01   -73.84330    -4.32561    -5.21956   -64.29813
   -0.23000E-01   -74.77560    -4.32636    -5.22037   -65.22888
   -0.19700E-01   -74.85948    -4.32643    -5.22045   -65.31261
   -0.19100E-01   -74.94143    -4.32649    -5.22052   -65.39442
   -0.18500E-01   -75.02167    -4.32656    -5.22058   -65.47453
   -0.17900E-01   -75.09980    -4.32662    -5.22065   -65.55253
   -0.17300E-01   -75.17595    -4.32667    -5.22071   -65.62857
   -0.16700E-01   -75.24983    -4.32672    -5.22077   -65.70234
   -0.16100E-01   -75.32149    -4.32678    -5.22082   -65.77389
   -0.15500E-01   -75.39102    -4.32683    -5.22087   -65.84331
   -0.14900E-01   -75.45829    -4.32689    -5.22092   -65.91048
   -0.14300E-01   -75.52309    -4.32694    -5.22097   -65.97518
   -0.13700E-01   -75.58542    -4.32699    -5.22102   -66.03741
   -0.13100E-01   -75.64568    -4.32703    -5.22107   -66.09757
   -0.12500E-01   -75.70320    -4.32708    -5.22112   -66.15501
   -0.11900E-01   -75.75824    -4.32712    -5.22115   -66.20997
   -0.11300E-01   -75.81084    -4.32716    -5.22119   -66.26249
   -0.10700E-01   -75.86069    -4.32719    -5.22123   -66.31227
   -0.10100E-01   -75.90790    -4.32723    -5.22127   -66.35941
   -0.95000E-02   -75.95249    -4.32726    -5.22130   -66.40393
   -0.89000E-02   -75.99456    -4.32729    -5.22133   -66.44594
   -0.83000E-02   -76.03375    -4.32732    -5.22136   -66.48507
   -0.77000E-02   -76.07014    -4.32734    -5.22139   -66.52141
   -0.71000E-02   -76.10391    -4.32737    -5.22141   -66.55513
   -0.65000E-02   -76.13492    -4.32739    -5.22143   -66.58609
   -0.59000E-02   -76.16310    -4.32741    -5.22145   -66.61423
   -0.53000E-02   -76.18847    -4.32743    -5.22147   -66.63957
   -0.47000E-02   -76.21100    -4.32744    -5.22149   -66.66207
   -0.41000E-02   -76.23074    -4.32746    -5.22150   -66.68178
   -0.35000E-02   -76.24755    -4.32747    -5.22151   -66.69857
   -0.29000E-02   -76.26155    -4.32748    -5.22152   -66.71254
   -0.23000E-02   -76.27263    -4.32749    -5.22153   -66.72361
   -0.17000E-02   -76.28081    -4.32749    -5.22154   -66.73178
   -0.11000E-02   -76.28611    -4.32750    -5.22154   -66.73708
   -0.50000E-03   -76.28853    -4.32750    -5.22154   -66.73949
    0.10000E-03   -76.28804    -4.32750    -5.22154   -66.73900
    0.70000E-03   -76.28466    -4.32750    -5.22154   -66.73563
    0.13000E-02   -76.27838    -4.32749    -5.22153   -66.72936
    0.19000E-02   -76.26923    -4.32749    -5.22153   -66.72022
    0.25000E-02   -76.25721    -4.32748    -5.22152   -66.70821
    0.31000E-02   -76.24228    -4.32747    -5.22151   -66.69330
    0.37000E-02   -76.22446    -4.32746    -5.22150   -66.67551
    0.43000E-02   -76.20381    -4.32744    -5.22148   -66.65489
    0.49000E-02   -76.18034    -4.32742    -5.22146   -66.63145
    0.55000E-02   -76.15411    -4.32740    -5.22145   -66.60526
    0.61000E-02   -76.12507    -4.32739    -5.22143   -66.57626
    0.67000E-02   -76.09317    -4.32736    -5.22140   -66.54440
    0.73000E-02   -76.05851    -4.32734    -5.22138   -66.50979
    0.79000E-02   -76.02106    -4.32732    -5.22135   -66.47240
    0.85000E-02   -75.98107    -4.32729    -5.22132   -66.43246
    0.91000E-02   -75.93828    -4.32726    -5.22129   -66.38974
    0.97000E-02   -75.89277    -4.32722    -5.22126   -66.34429
    0.10300E-01   -75.84468    -4.32719    -5.22122   -66.29627
    0.10900E-01   -75.79402    -4.32715    -5.22118   -66.24568
    0.11500E-01   -75.74072    -4.32712    -5.22115   -66.19246
    0.12100E-01   -75.68491    -4.32708    -5.22111   -66.13672
    0.12700E-01   -75.62656    -4.32704    -5.22107   -66.07846
    0.13300E-01   -75.56582    -4.32700    -5.22103   -66.01779
    0.13900E-01   -75.50277    -4.32695    -5.22099   -65.95483
    0.14500E-01   -75.43729    -4.32690    -5.22094   -65.88945
    0.15100E-01   -75.36958    -4.32685    -5.22089   -65.82183
    0.15700E-01   -75.29950    -4.32680    -5.22084   -65.75186
    0.16300E-01   -75.22751    -4.32674    -5.22079   -65.67998
    0.16900E-01   -75.15317    -4.32669    -5.22073   -65.60575
    0.17500E-01   -75.07688    -4.32663    -5.22068   -65.52957
    0.18100E-01   -74.99828    -4.32657    -5.22061   -65.45110
    0.18700E-01   -74.91779    -4.32651    -5.22055   -65.37073
    0.19300E-01   -74.83582    -4.32645    -5.22049   -65.28888
    0.20200E-01   -74.49825    -4.32618    -5.22021   -64.95187
    0.25000E-01   -73.53084    -4.32535    -5.21935   -63.98615
    0.31000E-01   -72.49917    -4.32430    -5.21832   -62.95656
    0.37000E-01   -71.46744    -4.32307    -5.21710   -61.92727
    0.43000E-01   -70.46405    -4.32164    -5.21573   -60.92668
    0.49000E-01   -69.50677    -4.32005    -5.21410   -59.97262
    0.55000E-01   -68.60285    -4.31824    -5.21233   -59.07228
    0.61000E-01   -67.74944    -4.31617    -5.21044   -58.22282
    0.67000E-01   -66.94346    -4.31387    -5.20824   -57.42135
    0.73000E-01   -66.17647    -4.31137    -5.20594   -56.65916
    0.79000E-01   -65.44609    -4.30866    -5.20348   -55.93395
    0.85000E-01   -64.74827    -4.30573    -5.20075   -55.24179
    0.91000E-01   -64.08213    -4.30262    -5.19791   -54.58160
    0.97000E-01   -63.44656    -4.29931    -5.19492   -53.95233
    0.10300       -62.83891    -4.29588    -5.19168   -53.35136
    0.10900       -62.25652    -4.29221    -5.18824   -52.77607
    0.11500       -61.70070    -4.28831    -5.18478   -52.22760
    0.12100       -61.16869    -4.28414    -5.18104   -51.70351
    0.12700       -60.66001    -4.27990    -5.17708   -51.20303
    0.13300       -60.17175    -4.27543    -5.17318   -50.72315
    0.13900       -59.70401    -4.27080    -5.16904   -50.26416
    0.14500       -59.25541    -4.26586    -5.16465   -49.82489
    0.15100       -58.82411    -4.26089    -5.16019   -49.40303
    0.15700       -58.41018    -4.25575    -5.15544   -48.99899
    0.16300       -58.01245    -4.25044    -5.15061   -48.61140
    0.16900       -57.63120    -4.24489    -5.14559   -48.24072
    0.17500       -57.26500    -4.23917    -5.14057   -47.88526
    0.18100       -56.91261    -4.23330    -5.13534   -47.54396
    0.18700       -56.57298    -4.22727    -5.12963   -47.21608
    0.19300       -56.24396    -4.22119    -5.12389   -46.89888
    0.19900       -55.92919    -4.21481    -5.11817   -46.59620
    0.20500       -55.62471    -4.20817    -5.11237   -46.30418
    0.21100       -55.33029    -4.20132    -5.10627   -46.02270
    0.21700       -55.04581    -4.19421    -5.09994   -45.75166
    0.29500       -49.73496    -3.97446    -4.92476   -40.83575
    0.44500       -46.56125    -3.71528    -4.72398   -38.12200
    0.59500       -44.31491    -3.43978    -4.52651   -36.34862
    0.74500       -42.60517    -3.18216    -4.34342   -35.07959
    0.89500       -41.25058    -2.96300    -4.18067   -34.10692
     1.0450       -40.11797    -2.77225    -4.03068   -33.31505
     1.1950       -39.15524    -2.59996    -3.89269   -32.66260
     1.3450       -38.33099    -2.44034    -3.76721   -32.12344
     1.4950       -37.61130    -2.29055    -3.64996   -31.67079
     1.6450       -36.98100    -2.15161    -3.54091   -31.28848
     1.7950       -36.42170    -2.02124    -3.44245   -30.95801
     1.9450       -35.91602    -1.89977    -3.35007   -30.66618
     2.0950       -35.46133    -1.78673    -3.26280   -30.41181
     2.2450       -35.06181    -1.68317    -3.18406   -30.19458
     2.3950       -34.69180    -1.58771    -3.10918   -29.99491
     2.5450       -34.35616    -1.49974    -3.03992   -29.81650
     2.6950       -34.04982    -1.41793    -2.97365   -29.65824
     2.8450       -33.76684    -1.34285    -2.91189   -29.51209
     2.9950       -33.50995    -1.27231    -2.85130   -29.38635
     3.1450       -33.27139    -1.20779    -2.79434   -29.26927
     3.2950       -33.04830    -1.14704    -2.74139   -29.15987
     3.4450       -32.84346    -1.09081    -2.68930   -29.06335
     3.5950       -32.64814    -1.03784    -2.64038   -28.96992
     3.7450       -32.46821    -0.98888    -2.59363   -28.88570
     3.8950       -32.29619    -0.94363    -2.54777   -28.80479
     4.0450       -32.13365    -0.90166    -2.50324   -28.72874
     4.1950       -31.97938    -0.86160    -2.46079   -28.65698
     4.3450       -31.83168    -0.82450    -2.42039   -28.58679
     4.4950       -31.68929    -0.78946    -2.38189   -28.51794
     4.6450       -31.55675    -0.75663    -2.34472   -28.45539
     4.7950       -31.43083    -0.72560    -2.30884   -28.39639
     4.9450       -31.30819    -0.69654    -2.27368   -28.33797
     5.0950       -31.19116    -0.66906    -2.23996   -28.28214
     5.2450       -31.07887    -0.64336    -2.20727   -28.22824
     5.3950       -30.97246    -0.61950    -2.17662   -28.17634
     5.5450       -30.86751    -0.59622    -2.14547   -28.12581
     5.6950       -30.76483    -0.57387    -2.11517   -28.07579
     5.8450       -30.66772    -0.55323    -2.08644   -28.02805
     5.9950       -30.57316    -0.53299    -2.05934   -27.98084
     6.1450       -30.48156    -0.51406    -2.03237   -27.93513
     6.2950       -30.39242    -0.49559    -2.00597   -27.89086
     6.4450       -30.30716    -0.47839    -1.98112   -27.84764
     6.5950       -30.22364    -0.46208    -1.95605   -27.80551
     6.7450       -30.14131    -0.44596    -1.93115   -27.76421
     6.8950       -30.06190    -0.43083    -1.90721   -27.72387
     7.0450       -29.98481    -0.41625    -1.88414   -27.68443
     7.1950       -29.91015    -0.40294    -1.86146   -27.64575
     7.3450       -29.83665    -0.38958    -1.83912   -27.60795
     7.4950       -29.76533    -0.37671    -1.81838   -27.57024
     7.6450       -29.69540    -0.36399    -1.79753   -27.53388
     7.7950       -29.62744    -0.35217    -1.77703   -27.49823
     7.9450       -29.56215    -0.34154    -1.75733   -27.46328
     8.0950       -29.49819    -0.33112    -1.73805   -27.42903
     8.2450       -29.43482    -0.32054    -1.71893   -27.39535
     8.3950       -29.37378    -0.31117    -1.70037   -27.36224
     8.5450       -29.31381    -0.30132    -1.68274   -27.32976
     8.6950       -29.25597    -0.29313    -1.66504   -27.29781
     8.8450       -29.20061    -0.28663    -1.64763   -27.26635
     8.9950       -29.14793    -0.28179    -1.63064   -27.23550
     9.1450       -29.09524    -0.27606    -1.61395   -27.20523
     9.2950       -29.04269    -0.26963    -1.59770   -27.17536
     9.4450       -28.99371    -0.26587    -1.58184   -27.14600
     9.5950       -28.94448    -0.26106    -1.56628   -27.11714
     9.7450       -28.89900    -0.25861    -1.55172   -27.08867
     9.8950       -28.85061    -0.25299    -1.53691   -27.06071
     10.045       -28.80745    -0.25216    -1.52218   -27.03311
     10.195       -28.76213    -0.24840    -1.50787   -27.00586
     10.345       -28.71893    -0.24598    -1.49389   -26.97907
     10.495       -28.67794    -0.24523    -1.48007   -26.95264
     10.645       -28.63828    -0.24449    -1.46720   -26.92659
     10.795       -28.59740    -0.24207    -1.45442   -26.90091
     10.945       -28.55846    -0.24138    -1.44146   -26.87562
     11.095       -28.52014    -0.24073    -1.42880   -26.85061
     11.245       -28.48072    -0.23830    -1.41649   -26.82592
     11.395       -28.44357    -0.23767    -1.40429   -26.80161
     11.545       -28.40744    -0.23706    -1.39278   -26.77760
     11.695       -28.37228    -0.23648    -1.38188   -26.75391
     11.845       -28.33698    -0.23591    -1.37054   -26.73054
     11.995       -28.30083    -0.23345    -1.35994   -26.70744
     12.145       -28.26776    -0.23292    -1.35024   -26.68460
     12.295       -28.23501    -0.23238    -1.34060   -26.66204
     12.445       -28.20245    -0.23187    -1.33076   -26.63983
     12.595       -28.17285    -0.23136    -1.32363   -26.61786
     12.745       -28.14202    -0.23088    -1.31507   -26.59607
     12.895       -28.11121    -0.23041    -1.30615   -26.57466
     13.045       -28.08343    -0.22995    -1.30004   -26.55344
     13.195       -28.05488    -0.22950    -1.29294   -26.53244
     13.345       -28.03304    -0.22906    -1.29229   -26.51169
     13.495       -28.01146    -0.22863    -1.29165   -26.49118
     13.645       -27.98384    -0.22820    -1.28470   -26.47094
     13.795       -27.95737    -0.22778    -1.27870   -26.45090
     13.945       -27.93416    -0.22737    -1.27573   -26.43106
     14.095       -27.91355    -0.22698    -1.27515   -26.41141
     14.245       -27.89074    -0.22660    -1.27217   -26.39197
     14.395       -27.87062    -0.22622    -1.27163   -26.37277
     14.545       -27.84826    -0.22585    -1.26863   -26.35377
     14.695       -27.82861    -0.22548    -1.26813   -26.33500
     14.845       -27.80661    -0.22512    -1.26512   -26.31637
     14.995       -27.78735    -0.22478    -1.26464   -26.29794
     15.145       -27.76570    -0.22443    -1.26160   -26.27967
     15.295       -27.74684    -0.22409    -1.26116   -26.26159
     15.445       -27.72812    -0.22376    -1.26072   -26.24364
     15.595       -27.70968    -0.22344    -1.26029   -26.22595
     15.745       -27.69138    -0.22312    -1.25987   -26.20838
     15.895       -27.67327    -0.22281    -1.25947   -26.19100
     16.045       -27.65539    -0.22250    -1.25907   -26.17381
     16.195       -27.63762    -0.22220    -1.25869   -26.15673
     16.345       -27.62007    -0.22191    -1.25832   -26.13985
     16.495       -27.60269    -0.22161    -1.25796   -26.12312
     16.645       -27.58543    -0.22132    -1.25761   -26.10650
     16.795       -27.56840    -0.22103    -1.25725   -26.09011
     16.945       -27.55148    -0.22075    -1.25691   -26.07381
     17.095       -27.53475    -0.22048    -1.25659   -26.05768
     17.245       -27.51816    -0.22020    -1.25627   -26.04169
     17.395       -27.50176    -0.21993    -1.25597   -26.02586
     17.545       -27.48546    -0.21966    -1.25566   -26.01014
     17.695       -27.46933    -0.21940    -1.25536   -25.99457
     17.845       -27.45331    -0.21914    -1.25508   -25.97909
     17.995       -27.43748    -0.21888    -1.25480   -25.96380
     18.145       -27.42174    -0.21863    -1.25453   -25.94858
     18.295       -27.40617    -0.21839    -1.25427   -25.93352
     18.445       -27.39072    -0.21814    -1.25401   -25.91858
     18.595       -27.37538    -0.21790    -1.25375   -25.90373
     18.745       -27.36014    -0.21766    -1.25349   -25.88899
     18.895       -27.34507    -0.21742    -1.25326   -25.87439
     19.045       -27.33008    -0.21718    -1.25303   -25.85987
     19.195       -27.31528    -0.21696    -1.25280   -25.84552
     19.345       -27.30059    -0.21673    -1.25258   -25.83128
     19.495       -27.28600    -0.21649    -1.25235   -25.81716
     19.645       -27.27155    -0.21627    -1.25213   -25.80315
     19.795       -27.25722    -0.21605    -1.25192   -25.78925
     19.945       -27.24297    -0.21583    -1.25172   -25.77543
     20.095       -27.22890    -0.21561    -1.25152   -25.76177
     20.245       -27.21487    -0.21540    -1.25132   -25.74815
     20.395       -27.20098    -0.21519    -1.25113   -25.73466
     20.545       -27.18717    -0.21498    -1.25094   -25.72125
     20.695       -27.17351    -0.21476    -1.25076   -25.70798
     20.845       -27.15993    -0.21456    -1.25058   -25.69479
     20.995       -27.14641    -0.21436    -1.25040   -25.68165
     21.145       -27.13303    -0.21416    -1.25024   -25.66864
     21.295       -27.11973    -0.21396    -1.25008   -25.65570
     21.445       -27.10657    -0.21376    -1.24992   -25.64290
     21.595       -27.09348    -0.21356    -1.24975   -25.63017
     21.745       -27.08049    -0.21337    -1.24958   -25.61753
     21.895       -27.06760    -0.21318    -1.24942   -25.60500
     22.045       -27.05483    -0.21299    -1.24927   -25.59257
     22.195       -27.04214    -0.21281    -1.24911   -25.58021
     22.345       -27.02951    -0.21263    -1.24896   -25.56792
     22.495       -27.01694    -0.21244    -1.24882   -25.55569
     22.645       -27.00445    -0.21225    -1.24867   -25.54353
     22.795       -26.99203    -0.21206    -1.24853   -25.53143
     22.945       -26.97976    -0.21189    -1.24840   -25.51948
     23.095       -26.96756    -0.21171    -1.24826   -25.50760
     23.245       -26.95543    -0.21153    -1.24812   -25.49578
     23.395       -26.94342    -0.21135    -1.24799   -25.48408
     23.545       -26.93142    -0.21118    -1.24786   -25.47238
     23.695       -26.91956    -0.21100    -1.24774   -25.46082
     23.845       -26.90777    -0.21084    -1.24762   -25.44932
     23.995       -26.89602    -0.21067    -1.24750   -25.43785
     24.145       -26.88436    -0.21050    -1.24737   -25.42649
     24.295       -26.87275    -0.21034    -1.24726   -25.41515
     24.445       -26.86127    -0.21017    -1.24714   -25.40396
     24.595       -26.84984    -0.21001    -1.24702   -25.39280
     24.745       -26.83848    -0.20985    -1.24691   -25.38173
     24.895       -26.82723    -0.20969    -1.24680   -25.37074
     25.045       -26.81602    -0.20954    -1.24669   -25.35979
     25.195       -26.80483    -0.20938    -1.24658   -25.34886
     25.345       -26.79374    -0.20922    -1.24647   -25.33804
     25.495       -26.78273    -0.20906    -1.24637   -25.32729
     25.645       -26.77177    -0.20891    -1.24626   -25.31660
     25.795       -26.76088    -0.20876    -1.24616   -25.30596
     25.945       -26.75008    -0.20860    -1.24606   -25.29541
     26.095       -26.73934    -0.20845    -1.24595   -25.28493
     26.245       -26.72866    -0.20830    -1.24585   -25.27450
     26.395       -26.71803    -0.20815    -1.24575   -25.26413
     26.545       -26.70750    -0.20800    -1.24564   -25.25385
     26.695       -26.69699    -0.20785    -1.24555   -25.24359
     26.845       -26.68656    -0.20770    -1.24546   -25.23340
     26.995       -26.67618    -0.20756    -1.24536   -25.22326
     27.145       -26.66589    -0.20742    -1.24527   -25.21320
     27.295       -26.65564    -0.20728    -1.24518   -25.20319
     27.445       -26.64547    -0.20713    -1.24509   -25.19325
     27.595       -26.63535    -0.20699    -1.24500   -25.18336
     27.745       -26.62524    -0.20685    -1.24491   -25.17347
     27.895       -26.61522    -0.20671    -1.24483   -25.16368
     28.045       -26.60522    -0.20657    -1.24474   -25.15391
     28.195       -26.59536    -0.20644    -1.24466   -25.14426
     28.345       -26.58552    -0.20630    -1.24457   -25.13464
     28.495       -26.57571    -0.20616    -1.24449   -25.12506
     28.645       -26.56595    -0.20603    -1.24441   -25.11551
     28.795       -26.55623    -0.20590    -1.24433   -25.10600
     28.945       -26.54660    -0.20576    -1.24425   -25.09660
     29.095       -26.53705    -0.20563    -1.24416   -25.08725
     29.245       -26.52748    -0.20550    -1.24409   -25.07788
     29.395       -26.51801    -0.20537    -1.24401   -25.06863
     29.545       -26.50860    -0.20524    -1.24394   -25.05942
     29.695       -26.49926    -0.20512    -1.24386   -25.05029
     29.845       -26.48994    -0.20499    -1.24379   -25.04117
     29.995       -26.48066    -0.20486    -1.24372   -25.03208
     30.145       -26.47142    -0.20473    -1.24365   -25.02304
     35.794       -25.86253    -0.19660    -1.23946   -24.42647
     49.810       -25.26323    -0.18891    -1.23616   -23.83816
     69.316       -24.67466    -0.18150    -1.23331   -23.25986
     96.460       -24.09816    -0.17430    -1.23077   -22.69309
     134.23       -23.53459    -0.16731    -1.22842   -22.13885
     186.80       -22.98508    -0.16056    -1.22623   -21.59828
     259.95       -22.44982    -0.15400    -1.22410   -21.07172
     361.74       -21.92954    -0.14767    -1.22210   -20.55978
     503.40       -21.42443    -0.14150    -1.22015   -20.06278
     700.53       -20.93403    -0.13553    -1.21824   -19.58025
     974.85       -20.45827    -0.12976    -1.21640   -19.11210
     1356.6       -19.99711    -0.12417    -1.21462   -18.65832
     1887.8       -19.54990    -0.11878    -1.21291   -18.21821
     2627.1       -19.11625    -0.11354    -1.21127   -17.79144
     3655.9       -18.69593    -0.10852    -1.20975   -17.37766
     5087.5       -18.28785    -0.10364    -1.20827   -16.97593
     7079.7       -17.89234    -0.09896    -1.20684   -16.58654
     9852.1       -17.50946    -0.09440    -1.20546   -16.20960
     13710.       -17.13879    -0.09002    -1.20417   -15.84461
     19079.       -16.78067    -0.08576    -1.20294   -15.49197
     26550.       -16.43465    -0.08160    -1.20175   -15.15129
     36947.       -16.10099    -0.07758    -1.20063   -14.82277
     51416.       -15.78097    -0.07370    -1.19959   -14.50768
     71550.       -15.47483    -0.06995    -1.19859   -14.20629
     99568.       -15.18219    -0.06634    -1.19764   -13.91821
    0.13856E+06   -14.90185    -0.06284    -1.19678   -13.64224
    0.19282E+06   -14.63391    -0.05948    -1.19599   -13.37844
    0.26832E+06   -14.37821    -0.05624    -1.19528   -13.12670
    0.37340E+06   -14.13399    -0.05314    -1.19457   -12.88628
    0.51962E+06   -13.90074    -0.05017    -1.19393   -12.65665
    0.72310E+06   -13.67774    -0.04736    -1.19332   -12.43706
    0.10063E+07   -13.46495    -0.04463    -1.19277   -12.22755
    0.14003E+07   -13.26215    -0.04204    -1.19227   -12.02785
    0.19487E+07   -13.06894    -0.03958    -1.19180   -11.83757
    0.27118E+07   -12.88505    -0.03722    -1.19137   -11.65646
    0.37737E+07   -12.70975    -0.03496    -1.19097   -11.48382
    0.52514E+07   -12.54295    -0.03283    -1.19059   -11.31954
    0.73079E+07   -12.38425    -0.03077    -1.19026   -11.16322
    0.10170E+08   -12.23336    -0.02882    -1.18998   -11.01457
    0.14152E+08   -12.08966    -0.02695    -1.18973   -10.87298
    0.19694E+08   -11.95298    -0.02519    -1.18951   -10.73828
    0.27406E+08   -11.82300    -0.02353    -1.18931   -10.61017
    0.38138E+08   -11.69933    -0.02191    -1.18912   -10.48830
    0.53073E+08   -11.58222    -0.02039    -1.18895   -10.37289
    0.73856E+08   -11.47163    -0.01892    -1.18880   -10.26391
    0.10278E+09   -11.36754    -0.01753    -1.18865   -10.16137
    0.14302E+09   -11.27041    -0.01622    -1.18850   -10.06569
    0.19903E+09   -11.18052    -0.01497    -1.18838    -9.97717
    0.27697E+09   -11.09754    -0.01379    -1.18826    -9.89549
    0.38543E+09   -11.02070    -0.01266    -1.18818    -9.81987
    0.53637E+09   -10.94932    -0.01161    -1.18808    -9.74962
    0.74641E+09   -10.88388    -0.01061    -1.18801    -9.68526
    0.10387E+10   -10.82431    -0.00968    -1.18794    -9.62669
    0.14454E+10   -10.76958    -0.00882    -1.18788    -9.57287
    0.20115E+10   -10.71934    -0.00804    -1.18783    -9.52348
    0.27992E+10   -10.67306    -0.00730    -1.18777    -9.47798
    0.38953E+10   -10.63044    -0.00662    -1.18771    -9.43611
    0.54207E+10   -10.59122    -0.00601    -1.18766    -9.39755
    0.75434E+10   -10.55508    -0.00544    -1.18763    -9.36200
    0.10497E+11   -10.52182    -0.00492    -1.18759    -9.32931
    0.14608E+11   -10.49118    -0.00445    -1.18755    -9.29917
    0.20329E+11   -10.46295    -0.00402    -1.18754    -9.27140
    0.28289E+11   -10.43697    -0.00361    -1.18751    -9.24585
    0.39367E+11   -10.41303    -0.00324    -1.18749    -9.22230
    0.54783E+11   -10.39106    -0.00289    -1.18747    -9.20070
    0.10000E+12   -10.13498     0.00110    -1.18724    -8.94884
