    -44.945         0.00000     0.00000     0.00000     0.00000
    -44.795         0.00000     0.00000     0.00000     0.00000
    -44.645         0.00000     0.00000     0.00000     0.00000
    -44.495         0.00000     0.00000     0.00000     0.00000
    -44.345         0.00000     0.00000     0.00000     0.00000
    -44.195         0.00000     0.00000     0.00000     0.00000
    -44.045         0.00000     0.00000     0.00000     0.00000
    -43.895         0.00000     0.00000     0.00000     0.00000
    -43.745         0.00000     0.00000     0.00000     0.00000
    -43.595         0.00000     0.00000     0.00000     0.00000
    -43.445         0.00000     0.00000     0.00000     0.00000
    -43.295         0.00000     0.00000     0.00000     0.00000
    -43.145         0.00000     0.00000     0.00000     0.00000
    -42.995         0.00000     0.00000     0.00000     0.00000
    -42.845         0.00000     0.00000     0.00000     0.00000
    -42.695         0.00000     0.00000     0.00000     0.00000
    -42.545         0.00000     0.00000     0.00000     0.00000
    -42.395         0.00000     0.00000     0.00000     0.00000
    -42.245         0.00000     0.00000     0.00000     0.00000
    -42.095         0.00000     0.00000     0.00000     0.00000
    -41.945         0.00000     0.00000     0.00000     0.00000
    -41.795         0.00000     0.00000     0.00000     0.00000
    -41.645         0.00000     0.00000     0.00000     0.00000
    -41.495         0.00000     0.00000     0.00000     0.00000
    -41.345         0.00000     0.00000     0.00000     0.00000
    -41.195         0.00000     0.00000     0.00000     0.00000
    -41.045         0.00000     0.00000     0.00000     0.00000
    -40.895         0.00000     0.00000     0.00000     0.00000
    -40.745         0.00000     0.00000     0.00000     0.00000
    -40.595         0.00000     0.00000     0.00000     0.00000
    -40.445         0.00000     0.00000     0.00000     0.00000
    -40.295         0.00000     0.00000     0.00000     0.00000
    -40.145         0.00000     0.00000     0.00000     0.00000
    -39.995         0.00000     0.00000     0.00000     0.00000
    -39.845         0.00000     0.00000     0.00000     0.00000
    -39.695         0.00000     0.00000     0.00000     0.00000
    -39.545         0.00000     0.00000     0.00000     0.00000
    -39.395         0.00000     0.00000     0.00000     0.00000
    -39.245         0.00000     0.00000     0.00000     0.00000
    -39.095         0.00000     0.00000     0.00000     0.00000
    -38.945         0.00000     0.00000     0.00000     0.00000
    -38.795         0.00000     0.00000     0.00000     0.00000
    -38.645         0.00000     0.00000     0.00000     0.00000
    -38.495         0.00000     0.00000     0.00000     0.00000
    -38.345         0.00000     0.00000     0.00000     0.00000
    -38.195         0.00000     0.00000     0.00000     0.00000
    -38.045         0.00000     0.00000     0.00000     0.00000
    -37.895         0.00000     0.00000     0.00000     0.00000
    -37.745         0.00000     0.00000     0.00000     0.00000
    -37.595         0.00000     0.00000     0.00000     0.00000
    -37.445         0.00000     0.00000     0.00000     0.00000
    -37.295         0.00000     0.00000     0.00000     0.00000
    -37.145         0.00000     0.00000     0.00000     0.00000
    -36.995         0.00000     0.00000     0.00000     0.00000
    -36.845         0.00000     0.00000     0.00000     0.00000
    -36.695         0.00000     0.00000     0.00000     0.00000
    -36.545         0.00000     0.00000     0.00000     0.00000
    -36.395         0.00000     0.00000     0.00000     0.00000
    -36.245         0.00000     0.00000     0.00000     0.00000
    -36.095         0.00000     0.00000     0.00000     0.00000
    -35.945         0.00000     0.00000     0.00000     0.00000
    -35.795         0.00000     0.00000     0.00000     0.00000
    -35.645         0.00000     0.00000     0.00000     0.00000
    -35.495         0.00000     0.00000     0.00000     0.00000
    -35.345         0.00000     0.00000     0.00000     0.00000
    -35.195         0.00000     0.00000     0.00000     0.00000
    -35.045         0.00000     0.00000     0.00000     0.00000
    -34.895         0.00000     0.00000     0.00000     0.00000
    -34.745         0.00000     0.00000     0.00000     0.00000
    -34.595         0.00000     0.00000     0.00000     0.00000
    -34.445         0.00000     0.00000     0.00000     0.00000
    -34.295         0.00000     0.00000     0.00000     0.00000
    -34.145         0.00000     0.00000     0.00000     0.00000
    -33.995         0.00000     0.00000     0.00000     0.00000
    -33.845         0.00000     0.00000     0.00000     0.00000
    -33.695         0.00000     0.00000     0.00000     0.00000
    -33.545         0.00000     0.00000     0.00000     0.00000
    -33.395         0.00000     0.00000     0.00000     0.00000
    -33.245         0.00000     0.00000     0.00000     0.00000
    -33.095         0.00000     0.00000     0.00000     0.00000
    -32.945         0.00000     0.00000     0.00000     0.00000
    -32.795         0.00000     0.00000     0.00000     0.00000
    -32.645         0.00000     0.00000     0.00000     0.00000
    -32.495         0.00000     0.00000     0.00000     0.00000
    -32.345         0.00000     0.00000     0.00000     0.00000
    -32.195         0.00000     0.00000     0.00000     0.00000
    -32.045         0.00000     0.00000     0.00000     0.00000
    -31.895         0.00000     0.00000     0.00000     0.00000
    -31.745         0.00000     0.00000     0.00000     0.00000
    -31.595         0.00000     0.00000     0.00000     0.00000
    -31.445         0.00000     0.00000     0.00000     0.00000
    -31.295         0.00000     0.00000     0.00000     0.00000
    -31.145         0.00000     0.00000     0.00000     0.00000
    -30.995         0.00000     0.00000     0.00000     0.00000
    -30.845         0.00000     0.00000     0.00000     0.00000
    -30.695         0.00000     0.00000     0.00000     0.00000
    -30.545         0.00000     0.00000     0.00000     0.00000
    -30.395         0.00000     0.00000     0.00000     0.00000
    -30.245         0.00000     0.00000     0.00000     0.00000
    -30.095         0.00000     0.00000     0.00000     0.00000
    -29.945         0.00000     0.00000     0.00000     0.00000
    -29.795         0.00000     0.00000     0.00000     0.00000
    -29.645         0.00000     0.00000     0.00000     0.00000
    -29.495         0.00000     0.00000     0.00000     0.00000
    -29.345         0.00000     0.00000     0.00000     0.00000
    -29.195         0.00000     0.00000     0.00000     0.00000
    -29.045         0.00000     0.00000     0.00000     0.00000
    -28.895         0.00000     0.00000     0.00000     0.00000
    -28.745         0.00000     0.00000     0.00000     0.00000
    -28.595         0.00000     0.00000     0.00000     0.00000
    -28.445         0.00000     0.00000     0.00000     0.00000
    -28.295         0.00000     0.00000     0.00000     0.00000
    -28.145         0.00000     0.00000     0.00000     0.00000
    -27.995         0.00000     0.00000     0.00000     0.00000
    -27.845         0.00000     0.00000     0.00000     0.00000
    -27.695         0.00000     0.00000     0.00000     0.00000
    -27.545         0.00000     0.00000     0.00000     0.00000
    -27.395         0.00000     0.00000     0.00000     0.00000
    -27.245         0.00000     0.00000     0.00000     0.00000
    -27.095         0.00000     0.00000     0.00000     0.00000
    -26.945         0.00000     0.00000     0.00000     0.00000
    -26.795         0.00000     0.00000     0.00000     0.00000
    -26.645         0.00000     0.00000     0.00000     0.00000
    -26.495         0.00000     0.00000     0.00000     0.00000
    -26.345         0.00000     0.00000     0.00000     0.00000
    -26.195         0.00000     0.00000     0.00000     0.00000
    -26.045         0.00000     0.00000     0.00000     0.00000
    -25.895         0.00000     0.00000     0.00000     0.00000
    -25.745         0.00000     0.00000     0.00000     0.00000
    -25.595         0.00000     0.00000     0.00000     0.00000
    -25.445         0.00000     0.00000     0.00000     0.00000
    -25.295         0.00000     0.00000     0.00000     0.00000
    -25.145         0.00000     0.00000     0.00000     0.00000
    -24.995         0.00000     0.00000     0.00000     0.00000
    -24.845         0.00000     0.00000     0.00000     0.00000
    -24.695         0.00000     0.00000     0.00000     0.00000
    -24.545         0.00000     0.00000     0.00000     0.00000
    -24.395         0.00000     0.00000     0.00000     0.00000
    -24.245         0.00000     0.00000     0.00000     0.00000
    -24.095         0.00000     0.00000     0.00000     0.00000
    -23.945         0.00000     0.00000     0.00000     0.00000
    -23.795         0.00000     0.00000     0.00000     0.00000
    -23.645         0.00000     0.00000     0.00000     0.00000
    -23.495         0.00000     0.00000     0.00000     0.00000
    -23.345         0.00000     0.00000     0.00000     0.00000
    -23.195         0.00000     0.00000     0.00000     0.00000
    -23.045         0.00000     0.00000     0.00000     0.00000
    -22.895         0.00000     0.00000     0.00000     0.00000
    -22.745         0.00000     0.00000     0.00000     0.00000
    -22.595         0.00000     0.00000     0.00000     0.00000
    -22.445         0.00000     0.00000     0.00000     0.00000
    -22.295         0.00000     0.00000     0.00000     0.00000
    -22.145         0.00000     0.00000     0.00000     0.00000
    -21.995         0.00000     0.00000     0.00000     0.00000
    -21.845         0.00000     0.00000     0.00000     0.00000
    -21.695         0.00000     0.00000     0.00000     0.00000
    -21.545         0.00000     0.00000     0.00000     0.00000
    -21.395         0.00000     0.00000     0.00000     0.00000
    -21.245         0.00000     0.00000     0.00000     0.00000
    -21.095         0.00000     0.00000     0.00000     0.00000
    -20.945         0.00000     0.00000     0.00000     0.00000
    -20.795         0.00000     0.00000     0.00000     0.00000
    -20.645         0.00000     0.00000     0.00000     0.00000
    -20.495         0.00000     0.00000     0.00000     0.00000
    -20.345         0.00000     0.00000     0.00000     0.00000
    -20.195         0.00000     0.00000     0.00000     0.00000
    -20.045         0.00000     0.00000     0.00000     0.00000
    -19.895         0.00000     0.00000     0.00000     0.00000
    -19.745         0.00000     0.00000     0.00000     0.00000
    -19.595         0.00000     0.00000     0.00000     0.00000
    -19.445         0.00000     0.00000     0.00000     0.00000
    -19.295         0.00000     0.00000     0.00000     0.00000
    -19.145         0.00000     0.00000     0.00000     0.00000
    -18.995         0.00000     0.00000     0.00000     0.00000
    -18.845         0.00000     0.00000     0.00000     0.00000
    -18.695         0.00000     0.00000     0.00000     0.00000
    -18.545         0.00000     0.00000     0.00000     0.00000
    -18.395         0.00000     0.00000     0.00000     0.00000
    -18.245         0.00000     0.00000     0.00000     0.00000
    -18.095         0.00000     0.00000     0.00000     0.00000
    -17.945         0.00000     0.00000     0.00000     0.00000
    -17.795         0.00000     0.00000     0.00000     0.00000
    -17.645         0.00000     0.00000     0.00000     0.00000
    -17.495        -0.00000     0.00000    -0.00000     0.00000
    -17.345        -0.00000     0.00000    -0.00000     0.00000
    -17.195        -0.00000     0.00000    -0.00000     0.00000
    -17.045         0.00000     0.00000     0.00000     0.00000
    -16.895        -0.00072     0.00000    -0.00072     0.00000
    -16.745        -0.00072     0.00000    -0.00072     0.00000
    -16.595        -0.00188    -0.00000    -0.00188     0.00000
    -16.445        -0.00308    -0.00000    -0.00308     0.00000
    -16.295        -0.00473    -0.00000    -0.00473     0.00000
    -16.145        -0.00833    -0.00000    -0.00833     0.00000
    -15.995        -0.01321     0.00000    -0.01321     0.00000
    -15.845        -0.02053     0.00000    -0.02053     0.00000
    -15.695        -0.03261    -0.00043    -0.03218     0.00000
    -15.545        -0.04829    -0.00091    -0.04739     0.00000
    -15.395        -0.06359    -0.00183    -0.06176     0.00000
    -15.245        -0.08801    -0.00324    -0.08477     0.00000
    -15.095        -0.10829    -0.00445    -0.10384     0.00000
    -14.945        -0.13256    -0.00661    -0.12595     0.00000
    -14.795        -0.16219    -0.01011    -0.15208     0.00000
    -14.645        -0.19447    -0.01508    -0.17939     0.00000
    -14.495        -0.22813    -0.02037    -0.20776     0.00000
    -14.345        -0.26227    -0.02919    -0.23308     0.00000
    -14.195        -0.29194    -0.03729    -0.25465     0.00000
    -14.045        -0.32509    -0.04678    -0.27831     0.00000
    -13.895        -0.36092    -0.05761    -0.30331     0.00000
    -13.745        -0.38932    -0.06676    -0.32255     0.00000
    -13.595        -0.42352    -0.08198    -0.34154     0.00000
    -13.445        -0.45802    -0.09655    -0.36146     0.00000
    -13.295        -0.48823    -0.10979    -0.37843     0.00000
    -13.145        -0.52960    -0.12742    -0.40219     0.00000
    -12.995        -0.56945    -0.15020    -0.41925     0.00000
    -12.845        -0.60502    -0.16643    -0.43859     0.00000
    -12.695        -0.64511    -0.18878    -0.45633     0.00000
    -12.545        -0.68647    -0.21248    -0.47399     0.00000
    -12.395        -0.72725    -0.23640    -0.49085     0.00000
    -12.245        -0.77017    -0.26154    -0.50863     0.00000
    -12.095        -0.81572    -0.29052    -0.52520     0.00000
    -11.945        -0.86339    -0.32273    -0.54065     0.00000
    -11.795        -0.91237    -0.35686    -0.55551     0.00000
    -11.645        -0.96574    -0.39581    -0.56993     0.00000
    -11.495        -1.02130    -0.43286    -0.58844     0.00000
    -11.345        -1.07651    -0.47288    -0.60363     0.00000
    -11.195        -1.12558    -0.50585    -0.61973     0.00000
    -11.045        -1.17987    -0.54532    -0.63455     0.00000
    -10.895        -1.23895    -0.58840    -0.65055     0.00000
    -10.745        -1.30229    -0.63507    -0.66723     0.00000
    -10.595        -1.36951    -0.68392    -0.68559     0.00000
    -10.445        -1.43620    -0.73475    -0.70145     0.00000
    -10.295        -1.50374    -0.78681    -0.71693     0.00000
    -10.145        -1.57446    -0.83989    -0.73457     0.00000
    -9.9950        -1.64813    -0.89445    -0.75369     0.00000
    -9.8450        -1.72332    -0.95314    -0.77018     0.00000
    -9.6950        -1.79768    -1.01035    -0.78733     0.00000
    -9.5450        -1.86954    -1.06171    -0.80783     0.00000
    -9.3950        -1.94537    -1.11902    -0.82635     0.00000
    -9.2450        -2.02470    -1.17706    -0.84764     0.00000
    -9.0950        -2.10873    -1.24028    -0.86845     0.00000
    -8.9450        -2.18985    -1.30145    -0.88840     0.00000
    -8.7950        -2.27439    -1.36391    -0.91048     0.00000
    -8.6450        -2.35458    -1.41985    -0.93474     0.00000
    -8.4950        -2.44116    -1.47940    -0.96176     0.00000
    -8.3450        -2.52977    -1.54398    -0.98579     0.00000
    -8.1950        -2.61990    -1.60447    -1.01544    -0.00000
    -8.0450        -2.71460    -1.66919    -1.04540     0.00000
    -7.8950        -2.82091    -1.74007    -1.08025    -0.00059
    -7.7450        -2.92057    -1.80340    -1.11595    -0.00122
    -7.5950        -3.03764    -1.87253    -1.16077    -0.00434
    -7.4450        -3.14964    -1.93348    -1.20557    -0.01059
    -7.2950        -3.26867    -1.99873    -1.24925    -0.02069
    -7.1450        -3.40869    -2.06965    -1.30027    -0.03877
    -6.9950        -3.55600    -2.13696    -1.35059    -0.06846
    -6.8450        -3.71702    -2.20327    -1.40612    -0.10763
    -6.6950        -3.90131    -2.27890    -1.46621    -0.15619
    -6.5450        -4.10041    -2.35230    -1.52632    -0.22180
    -6.3950        -4.32650    -2.42493    -1.59303    -0.30854
    -6.2450        -4.57867    -2.50702    -1.66187    -0.40978
    -6.0950        -4.85654    -2.58927    -1.73817    -0.52910
    -5.9450        -5.18959    -2.67774    -1.81804    -0.69381
    -5.7950        -5.57964    -2.76737    -1.90483    -0.90744
    -5.6450        -6.02563    -2.85874    -1.98924    -1.17765
    -5.4950        -6.54795    -2.95329    -2.08182    -1.51284
    -5.3450        -7.14424    -3.06061    -2.17751    -1.90611
    -5.1950        -7.78162    -3.16513    -2.27969    -2.33680
    -5.0450        -8.45975    -3.27203    -2.38352    -2.80420
    -4.8950        -9.16683    -3.38065    -2.49070    -3.29548
    -4.7450        -9.91283    -3.50264    -2.60051    -3.80969
    -4.5950       -10.69318    -3.62948    -2.72105    -4.34266
    -4.4450       -11.47693    -3.75567    -2.84549    -4.87577
    -4.2950       -12.31453    -3.89889    -2.98403    -5.43162
    -4.1450       -13.16086    -4.04626    -3.12803    -5.98657
    -3.9950       -14.04059    -4.19444    -3.28872    -6.55744
    -3.8450       -14.92932    -4.35274    -3.45402    -7.12256
    -3.6950       -15.83956    -4.52390    -3.62238    -7.69328
    -3.5450       -16.78497    -4.69181    -3.80265    -8.29051
    -3.3950       -17.77282    -4.87096    -3.99855    -8.90331
    -3.2450       -18.80173    -5.05717    -4.20049    -9.54408
    -3.0950       -19.88566    -5.25925    -4.41150   -10.21491
    -2.9450       -21.01348    -5.47095    -4.63174   -10.91079
    -2.7950       -22.18590    -5.69036    -4.86233   -11.63321
    -2.6450       -23.43324    -5.92066    -5.10911   -12.40347
    -2.4950       -24.76984    -6.16212    -5.36864   -13.23909
    -2.3450       -26.19978    -6.41645    -5.64699   -14.13635
    -2.1950       -27.70838    -6.68018    -5.94232   -15.08588
    -2.0450       -29.34715    -6.96669    -6.26002   -16.12044
    -1.8950       -31.10881    -7.27132    -6.59729   -17.24021
    -1.7450       -33.00144    -7.59510    -6.96009   -18.44626
    -1.5950       -35.04177    -7.93808    -7.36345   -19.74024
    -1.4450       -37.24111    -8.30578    -7.79328   -21.14205
    -1.2950       -39.64835    -8.69821    -8.27196   -22.67818
    -1.1450       -42.32138    -9.11524    -8.80722   -24.39893
   -0.99500       -45.31343    -9.56536    -9.40115   -26.34692
   -0.84500       -48.72088   -10.04627   -10.11392   -28.56069
   -0.69500       -52.65151   -10.57592   -10.91089   -31.16470
   -0.54500       -57.25124   -11.13959   -11.77801   -34.33364
   -0.39500       -62.87543   -11.70979   -12.61966   -38.54599
   -0.25300       -67.44906   -12.02390   -13.04400   -42.38117
   -0.21500       -67.77794   -12.04166   -13.06567   -42.67061
   -0.20900       -68.11536   -12.05876   -13.08648   -42.97012
   -0.20300       -68.45782   -12.07525   -13.10689   -43.27568
   -0.19700       -68.80969   -12.09158   -13.12665   -43.59146
   -0.19100       -69.17142   -12.10741   -13.14587   -43.91815
   -0.18500       -69.54278   -12.12303   -13.16444   -44.25530
   -0.17900       -69.92400   -12.13825   -13.18245   -44.60330
   -0.17300       -70.31575   -12.15333   -13.19996   -44.96247
   -0.16700       -70.72210   -12.16777   -13.21700   -45.33733
   -0.16100       -71.13944   -12.18187   -13.23307   -45.72449
   -0.15500       -71.57026   -12.19524   -13.24876   -46.12627
   -0.14900       -72.01601   -12.20862   -13.26376   -46.54363
   -0.14300       -72.47644   -12.22143   -13.27836   -46.97665
   -0.13700       -72.95301   -12.23391   -13.29228   -47.42683
   -0.13100       -73.44752   -12.24615   -13.30531   -47.89607
   -0.12500       -73.96103   -12.25765   -13.31767   -48.38571
   -0.11900       -74.49475   -12.26867   -13.32964   -48.89645
   -0.11300       -75.04891   -12.27911   -13.34106   -49.42873
   -0.10700       -75.62850   -12.28907   -13.35172   -49.98771
   -0.10100       -76.22887   -12.29853   -13.36168   -50.56866
   -0.95000E-01   -76.85457   -12.30754   -13.37104   -51.17599
   -0.89000E-01   -77.50906   -12.31600   -13.37984   -51.81322
   -0.83000E-01   -78.19421   -12.32405   -13.38816   -52.48201
   -0.77000E-01   -78.91219   -12.33140   -13.39578   -53.18501
   -0.71000E-01   -79.66542   -12.33816   -13.40301   -53.92425
   -0.65000E-01   -80.45793   -12.34434   -13.40947   -54.70412
   -0.59000E-01   -81.29320   -12.34988   -13.41529   -55.52802
   -0.53000E-01   -82.18352   -12.35494   -13.42056   -56.40803
   -0.47000E-01   -83.13077   -12.35947   -13.42524   -57.34607
   -0.41000E-01   -84.13009   -12.36349   -13.42934   -58.33727
   -0.35000E-01   -85.16169   -12.36688   -13.43276   -59.36205
   -0.29000E-01   -86.19707   -12.36971   -13.43565   -60.39172
   -0.23000E-01   -87.15733   -12.37197   -13.43787   -61.34749
   -0.19700E-01   -87.24497   -12.37215   -13.43806   -61.43476
   -0.19100E-01   -87.33057   -12.37236   -13.43825   -61.51997
   -0.18500E-01   -87.41470   -12.37255   -13.43843   -61.60372
   -0.17900E-01   -87.49659   -12.37274   -13.43860   -61.68525
   -0.17300E-01   -87.57635   -12.37291   -13.43877   -61.76467
   -0.16700E-01   -87.65386   -12.37308   -13.43893   -61.84184
   -0.16100E-01   -87.72940   -12.37324   -13.43909   -61.91707
   -0.15500E-01   -87.80260   -12.37340   -13.43924   -61.98997
   -0.14900E-01   -87.87365   -12.37355   -13.43938   -62.06072
   -0.14300E-01   -87.94218   -12.37369   -13.43952   -62.12897
   -0.13700E-01   -88.00831   -12.37382   -13.43965   -62.19484
   -0.13100E-01   -88.07191   -12.37395   -13.43978   -62.25818
   -0.12500E-01   -88.13289   -12.37408   -13.43990   -62.31891
   -0.11900E-01   -88.19134   -12.37420   -13.44001   -62.37713
   -0.11300E-01   -88.24728   -12.37430   -13.44012   -62.43286
   -0.10700E-01   -88.30029   -12.37441   -13.44023   -62.48566
   -0.10100E-01   -88.35078   -12.37451   -13.44032   -62.53594
   -0.95000E-02   -88.39854   -12.37460   -13.44042   -62.58352
   -0.89000E-02   -88.44342   -12.37469   -13.44051   -62.62823
   -0.83000E-02   -88.48540   -12.37477   -13.44059   -62.67004
   -0.77000E-02   -88.52454   -12.37485   -13.44066   -62.70902
   -0.71000E-02   -88.56057   -12.37492   -13.44073   -62.74491
   -0.65000E-02   -88.59391   -12.37499   -13.44080   -62.77812
   -0.59000E-02   -88.62418   -12.37504   -13.44086   -62.80828
   -0.53000E-02   -88.65141   -12.37510   -13.44091   -62.83541
   -0.47000E-02   -88.67565   -12.37515   -13.44096   -62.85955
   -0.41000E-02   -88.69682   -12.37519   -13.44100   -62.88063
   -0.35000E-02   -88.71486   -12.37522   -13.44103   -62.89860
   -0.29000E-02   -88.72988   -12.37525   -13.44106   -62.91356
   -0.23000E-02   -88.74179   -12.37528   -13.44109   -62.92542
   -0.17000E-02   -88.75059   -12.37529   -13.44111   -62.93419
   -0.11000E-02   -88.75631   -12.37531   -13.44112   -62.93989
   -0.50000E-03   -88.75891   -12.37531   -13.44112   -62.94248
    0.10000E-03   -88.75839   -12.37531   -13.44112   -62.94196
    0.70000E-03   -88.75476   -12.37530   -13.44112   -62.93833
    0.13000E-02   -88.74800   -12.37529   -13.44111   -62.93160
    0.19000E-02   -88.73816   -12.37527   -13.44109   -62.92180
    0.25000E-02   -88.72523   -12.37525   -13.44107   -62.90892
    0.31000E-02   -88.70922   -12.37522   -13.44104   -62.89296
    0.37000E-02   -88.69011   -12.37518   -13.44100   -62.87393
    0.43000E-02   -88.66791   -12.37514   -13.44096   -62.85182
    0.49000E-02   -88.64264   -12.37509   -13.44091   -62.82663
    0.55000E-02   -88.61436   -12.37504   -13.44086   -62.79846
    0.61000E-02   -88.58314   -12.37498   -13.44081   -62.76736
    0.67000E-02   -88.54886   -12.37492   -13.44074   -62.73321
    0.73000E-02   -88.51176   -12.37485   -13.44067   -62.69625
    0.79000E-02   -88.47159   -12.37477   -13.44059   -62.65623
    0.85000E-02   -88.42846   -12.37469   -13.44051   -62.61326
    0.91000E-02   -88.38257   -12.37459   -13.44043   -62.56755
    0.97000E-02   -88.33392   -12.37450   -13.44034   -62.51908
    0.10300E-01   -88.28258   -12.37441   -13.44024   -62.46794
    0.10900E-01   -88.22847   -12.37430   -13.44013   -62.41404
    0.11500E-01   -88.17162   -12.37419   -13.44002   -62.35742
    0.12100E-01   -88.11187   -12.37408   -13.43992   -62.29788
    0.12700E-01   -88.04966   -12.37394   -13.43979   -62.23593
    0.13300E-01   -87.98486   -12.37382   -13.43966   -62.17139
    0.13900E-01   -87.91739   -12.37367   -13.43954   -62.10417
    0.14500E-01   -87.84764   -12.37352   -13.43941   -62.03470
    0.15100E-01   -87.77556   -12.37337   -13.43926   -61.96293
    0.15700E-01   -87.70126   -12.37321   -13.43910   -61.88895
    0.16300E-01   -87.62456   -12.37305   -13.43893   -61.81258
    0.16900E-01   -87.54565   -12.37290   -13.43877   -61.73398
    0.17500E-01   -87.46467   -12.37273   -13.43860   -61.65334
    0.18100E-01   -87.38165   -12.37255   -13.43842   -61.57068
    0.18700E-01   -87.29629   -12.37237   -13.43824   -61.48568
    0.19300E-01   -87.20920   -12.37217   -13.43805   -61.39898
    0.20200E-01   -86.85350   -12.37134   -13.43729   -61.04487
    0.25000E-01   -85.84581   -12.36884   -13.43484   -60.04213
    0.31000E-01   -84.79607   -12.36576   -13.43181   -58.99850
    0.37000E-01   -83.76112   -12.36200   -13.42817   -57.97095
    0.43000E-01   -82.76726   -12.35768   -13.42402   -56.98557
    0.49000E-01   -81.82892   -12.35280   -13.41921   -56.05692
    0.55000E-01   -80.94719   -12.34722   -13.41404   -55.18592
    0.61000E-01   -80.11601   -12.34100   -13.40820   -54.36681
    0.67000E-01   -79.32887   -12.33428   -13.40195   -53.59264
    0.73000E-01   -78.58111   -12.32685   -13.39511   -52.85915
    0.79000E-01   -77.86942   -12.31878   -13.38781   -52.16283
    0.85000E-01   -77.18968   -12.31007   -13.37993   -51.49968
    0.91000E-01   -76.54082   -12.30089   -13.37158   -50.86836
    0.97000E-01   -75.91930   -12.29079   -13.36266   -50.26586
    0.10300       -75.32474   -12.28001   -13.35344   -49.69129
    0.10900       -74.75660   -12.26870   -13.34376   -49.14414
    0.11500       -74.21246   -12.25695   -13.33356   -48.62196
    0.12100       -73.69034   -12.24446   -13.32272   -48.12316
    0.12700       -73.18898   -12.23125   -13.31141   -47.64632
    0.13300       -72.70776   -12.21752   -13.29979   -47.19045
    0.13900       -72.24628   -12.20296   -13.28772   -46.75561
    0.14500       -71.80217   -12.18773   -13.27514   -46.33931
    0.15100       -71.37503   -12.17222   -13.26219   -45.94063
    0.15700       -70.96484   -12.15600   -13.24865   -45.56020
    0.16300       -70.56909   -12.13942   -13.23454   -45.19513
    0.16900       -70.18767   -12.12194   -13.21996   -44.84577
    0.17500       -69.82034   -12.10435   -13.20516   -44.51083
    0.18100       -69.46457   -12.08542   -13.19008   -44.18907
    0.18700       -69.12089   -12.06600   -13.17426   -43.88063
    0.19300       -68.78643   -12.04601   -13.15827   -43.58215
    0.19900       -68.46381   -12.02551   -13.14217   -43.29613
    0.20500       -68.15162   -12.00439   -13.12588   -43.02134
    0.21100       -67.84928   -11.98260   -13.10937   -42.75731
    0.21700       -67.55443   -11.96002   -13.09268   -42.50173
    0.29500       -61.68421   -11.23430   -12.57404   -37.87587
    0.44500       -57.63568   -10.35194   -11.97353   -35.31022
    0.59500       -54.50203    -9.49376   -11.38546   -33.62280
    0.74500       -51.99614    -8.73365   -10.86135   -32.40114
    0.89500       -49.93568    -8.07791   -10.39865   -31.45912
     1.0450       -48.20530    -7.52787    -9.97868   -30.69876
     1.1950       -46.70668    -7.04436    -9.59099   -30.07133
     1.3450       -45.38786    -6.60232    -9.23227   -29.55327
     1.4950       -44.21424    -6.20039    -8.89374   -29.12011
     1.6450       -43.16039    -5.83311    -8.57488   -28.75240
     1.7950       -42.20699    -5.49398    -8.27596   -28.43705
     1.9450       -41.33986    -5.17848    -7.99790   -28.16348
     2.0950       -40.55716    -4.88711    -7.73630   -27.93375
     2.2450       -39.83041    -4.61689    -7.48845   -27.72508
     2.3950       -39.16468    -4.36799    -7.25599   -27.54070
     2.5450       -38.55370    -4.13549    -7.03476   -27.38344
     2.6950       -37.97978    -3.91835    -6.82634   -27.23508
     2.8450       -37.45394    -3.71635    -6.62958   -27.10801
     2.9950       -36.96026    -3.52959    -6.44471   -26.98596
     3.1450       -36.50109    -3.35594    -6.26899   -26.87615
     3.2950       -36.06815    -3.19182    -6.10038   -26.77595
     3.4450       -35.66100    -3.03823    -5.93915   -26.68362
     3.5950       -35.27749    -2.89503    -5.78573   -26.59673
     3.7450       -34.92164    -2.76168    -5.64044   -26.51952
     3.8950       -34.58549    -2.63702    -5.50155   -26.44692
     4.0450       -34.26597    -2.52036    -5.37076   -26.37486
     4.1950       -33.96113    -2.41041    -5.24286   -26.30786
     4.3450       -33.67292    -2.30655    -5.12158   -26.24479
     4.4950       -33.40178    -2.21103    -5.00662   -26.18413
     4.6450       -33.14122    -2.11993    -4.89573   -26.12556
     4.7950       -32.88991    -2.03301    -4.78983   -26.06707
     4.9450       -32.65220    -1.95077    -4.68847   -26.01296
     5.0950       -32.42453    -1.87289    -4.59165   -25.95999
     5.2450       -32.20611    -1.79941    -4.49869   -25.90801
     5.3950       -31.99840    -1.72931    -4.41053   -25.85857
     5.5450       -31.79866    -1.66210    -4.32579   -25.81077
     5.6950       -31.60649    -1.59806    -4.24456   -25.76387
     5.8450       -31.42398    -1.53801    -4.16758   -25.71839
     5.9950       -31.24852    -1.48067    -4.09378   -25.67408
     6.1450       -31.07875    -1.42536    -4.02255   -25.63083
     6.2950       -30.91423    -1.37209    -3.95314   -25.58901
     6.4450       -30.75966    -1.32155    -3.89038   -25.54773
     6.5950       -30.60669    -1.27228    -3.82703   -25.50738
     6.7450       -30.45752    -1.22524    -3.76403   -25.46824
     6.8950       -30.31833    -1.18043    -3.70791   -25.43000
     7.0450       -30.18442    -1.13689    -3.65489   -25.39263
     7.1950       -30.05624    -1.09531    -3.60479   -25.35614
     7.3450       -29.93278    -1.05512    -3.55737   -25.32028
     7.4950       -29.80959    -1.01655    -3.50796   -25.28508
     7.6450       -29.69427    -0.97936    -3.46422   -25.25069
     7.7950       -29.58235    -0.94340    -3.42195   -25.21699
     7.9450       -29.47330    -0.90909    -3.38028   -25.18393
     8.0950       -29.37444    -0.87613    -3.34681   -25.15151
     8.2450       -29.27079    -0.84460    -3.30653   -25.11965
     8.3950       -29.17211    -0.81495    -3.26878   -25.08838
     8.5450       -29.07411    -0.78582    -3.23066   -25.05763
     8.6950       -28.98254    -0.75765    -3.19742   -25.02747
     8.8450       -28.88944    -0.73216    -3.15951   -24.99777
     8.9950       -28.79947    -0.70652    -3.12435   -24.96860
     9.1450       -28.71673    -0.68294    -3.09388   -24.93991
     9.2950       -28.64217    -0.66563    -3.06483   -24.91171
     9.4450       -28.56383    -0.64402    -3.03589   -24.88392
     9.5950       -28.48912    -0.62561    -3.00696   -24.85654
     9.7450       -28.42344    -0.61358    -2.98023   -24.82963
     9.8950       -28.35974    -0.59791    -2.95878   -24.80305
     10.045       -28.30468    -0.58484    -2.94293   -24.77691
     10.195       -28.24763    -0.57180    -2.92461   -24.75123
     10.345       -28.19070    -0.55972    -2.90517   -24.72580
     10.495       -28.13802    -0.54667    -2.89055   -24.70080
     10.645       -28.09634    -0.54289    -2.87733   -24.67612
     10.795       -28.05186    -0.53735    -2.86269   -24.65182
     10.945       -28.00829    -0.53366    -2.84671   -24.62791
     11.095       -27.97065    -0.52816    -2.83821   -24.60428
     11.245       -27.92870    -0.52273    -2.82495   -24.58102
     11.395       -27.89537    -0.52097    -2.81642   -24.55798
     11.545       -27.86242    -0.51731    -2.80982   -24.53529
     11.695       -27.82793    -0.51183    -2.80321   -24.51290
     11.845       -27.79968    -0.50819    -2.80067   -24.49082
     11.995       -27.76968    -0.50462    -2.79612   -24.46894
     12.145       -27.74202    -0.50098    -2.79373   -24.44731
     12.295       -27.71477    -0.49952    -2.78928   -24.42598
     12.445       -27.69001    -0.49807    -2.78703   -24.40490
     12.595       -27.66564    -0.49667    -2.78485   -24.38412
     12.745       -27.63709    -0.49307    -2.78048   -24.36354
     12.895       -27.61112    -0.49174    -2.77616   -24.34322
     13.045       -27.58766    -0.49043    -2.77414   -24.32308
     13.195       -27.56461    -0.48916    -2.77221   -24.30324
     13.345       -27.54184    -0.48791    -2.77031   -24.28361
     13.495       -27.51936    -0.48670    -2.76847   -24.26419
     13.645       -27.49714    -0.48552    -2.76666   -24.24495
     13.795       -27.47522    -0.48436    -2.76492   -24.22593
     13.945       -27.45364    -0.48321    -2.76324   -24.20719
     14.095       -27.43225    -0.48209    -2.76157   -24.18858
     14.245       -27.41116    -0.48100    -2.75995   -24.17021
     14.395       -27.39032    -0.47994    -2.75838   -24.15200
     14.545       -27.36970    -0.47889    -2.75684   -24.13397
     14.695       -27.34938    -0.47787    -2.75534   -24.11617
     14.845       -27.32929    -0.47685    -2.75388   -24.09856
     14.995       -27.30943    -0.47586    -2.75245   -24.08112
     15.145       -27.28978    -0.47489    -2.75106   -24.06384
     15.295       -27.27036    -0.47393    -2.74970   -24.04674
     15.445       -27.25111    -0.47299    -2.74836   -24.02975
     15.595       -27.23210    -0.47207    -2.74708   -24.01295
     15.745       -27.21331    -0.47116    -2.74581   -23.99635
     15.895       -27.19473    -0.47026    -2.74458   -23.97990
     16.045       -27.17636    -0.46938    -2.74336   -23.96361
     16.195       -27.15812    -0.46852    -2.74216   -23.94744
     16.345       -27.14007    -0.46766    -2.74100   -23.93141
     16.495       -27.12220    -0.46681    -2.73985   -23.91554
     16.645       -27.10453    -0.46598    -2.73874   -23.89982
     16.795       -27.08704    -0.46516    -2.73764   -23.88424
     16.945       -27.06969    -0.46436    -2.73656   -23.86877
     17.095       -27.05256    -0.46357    -2.73551   -23.85349
     17.245       -27.03558    -0.46279    -2.73448   -23.83831
     17.395       -27.01881    -0.46200    -2.73348   -23.82333
     17.545       -27.00217    -0.46125    -2.73249   -23.80843
     17.695       -26.98566    -0.46050    -2.73152   -23.79364
     17.845       -26.96932    -0.45977    -2.73056   -23.77899
     17.995       -26.95311    -0.45904    -2.72962   -23.76446
     18.145       -26.93709    -0.45832    -2.72869   -23.75008
     18.295       -26.92124    -0.45761    -2.72779   -23.73585
     18.445       -26.90553    -0.45691    -2.72689   -23.72173
     18.595       -26.88991    -0.45621    -2.72601   -23.70768
     18.745       -26.87449    -0.45554    -2.72515   -23.69380
     18.895       -26.85914    -0.45486    -2.72431   -23.67997
     19.045       -26.84396    -0.45420    -2.72347   -23.66629
     19.195       -26.82892    -0.45354    -2.72266   -23.65273
     19.345       -26.81396    -0.45288    -2.72185   -23.63922
     19.495       -26.79913    -0.45223    -2.72107   -23.62583
     19.645       -26.78447    -0.45159    -2.72029   -23.61258
     19.795       -26.76994    -0.45097    -2.71953   -23.59944
     19.945       -26.75542    -0.45035    -2.71876   -23.58631
     20.095       -26.74112    -0.44973    -2.71800   -23.57339
     20.245       -26.72694    -0.44911    -2.71727   -23.56055
     20.395       -26.71281    -0.44851    -2.71653   -23.54776
     20.545       -26.69882    -0.44792    -2.71581   -23.53510
     20.695       -26.68494    -0.44733    -2.71509   -23.52252
     20.845       -26.67118    -0.44675    -2.71440   -23.51003
     20.995       -26.65753    -0.44618    -2.71371   -23.49764
     21.145       -26.64396    -0.44561    -2.71302   -23.48532
     21.295       -26.63053    -0.44504    -2.71237   -23.47312
     21.445       -26.61715    -0.44448    -2.71170   -23.46097
     21.595       -26.60390    -0.44393    -2.71105   -23.44892
     21.745       -26.59076    -0.44337    -2.71040   -23.43698
     21.895       -26.57768    -0.44282    -2.70977   -23.42510
     22.045       -26.56474    -0.44228    -2.70913   -23.41332
     22.195       -26.55186    -0.44174    -2.70851   -23.40161
     22.345       -26.53904    -0.44121    -2.70789   -23.38995
     22.495       -26.52635    -0.44068    -2.70728   -23.37839
     22.645       -26.51378    -0.44016    -2.70666   -23.36696
     22.795       -26.50125    -0.43965    -2.70606   -23.35554
     22.945       -26.48883    -0.43914    -2.70547   -23.34423
     23.095       -26.47648    -0.43864    -2.70488   -23.33296
     23.245       -26.46425    -0.43813    -2.70432   -23.32181
     23.395       -26.45207    -0.43763    -2.70375   -23.31069
     23.545       -26.44000    -0.43714    -2.70318   -23.29967
     23.695       -26.42800    -0.43665    -2.70263   -23.28871
     23.845       -26.41608    -0.43617    -2.70209   -23.27782
     23.995       -26.40421    -0.43570    -2.70154   -23.26697
     24.145       -26.39246    -0.43522    -2.70101   -23.25623
     24.295       -26.38077    -0.43474    -2.70047   -23.24555
     24.445       -26.36918    -0.43428    -2.69994   -23.23496
     24.595       -26.35765    -0.43380    -2.69942   -23.22443
     24.745       -26.34621    -0.43334    -2.69890   -23.21397
     24.895       -26.33482    -0.43288    -2.69839   -23.20355
     25.045       -26.32356    -0.43242    -2.69789   -23.19325
     25.195       -26.31233    -0.43198    -2.69739   -23.18297
     25.345       -26.30115    -0.43153    -2.69689   -23.17273
     25.495       -26.29005    -0.43108    -2.69639   -23.16258
     25.645       -26.27903    -0.43064    -2.69590   -23.15250
     25.795       -26.26805    -0.43020    -2.69541   -23.14244
     25.945       -26.25711    -0.42976    -2.69493   -23.13241
     26.095       -26.24628    -0.42933    -2.69445   -23.12249
     26.245       -26.23551    -0.42890    -2.69398   -23.11264
     26.395       -26.22481    -0.42847    -2.69352   -23.10282
     26.545       -26.21414    -0.42805    -2.69306   -23.09304
     26.695       -26.20358    -0.42763    -2.69259   -23.08335
     26.845       -26.19307    -0.42721    -2.69214   -23.07372
     26.995       -26.18262    -0.42680    -2.69169   -23.06413
     27.145       -26.17221    -0.42639    -2.69125   -23.05457
     27.295       -26.16190    -0.42599    -2.69080   -23.04511
     27.445       -26.15164    -0.42558    -2.69036   -23.03569
     27.595       -26.14143    -0.42518    -2.68993   -23.02632
     27.745       -26.13125    -0.42477    -2.68950   -23.01698
     27.895       -26.12111    -0.42438    -2.68906   -23.00767
     28.045       -26.11110    -0.42400    -2.68865   -22.99845
     28.195       -26.10118    -0.42362    -2.68823   -22.98933
     28.345       -26.09123    -0.42323    -2.68781   -22.98019
     28.495       -26.08138    -0.42284    -2.68739   -22.97114
     28.645       -26.07156    -0.42246    -2.68698   -22.96213
     28.795       -26.06184    -0.42208    -2.68658   -22.95318
     28.945       -26.05212    -0.42170    -2.68618   -22.94425
     29.095       -26.04250    -0.42132    -2.68578   -22.93540
     29.245       -26.03290    -0.42095    -2.68538   -22.92658
     29.395       -26.02332    -0.42057    -2.68498   -22.91777
     29.545       -26.01384    -0.42021    -2.68458   -22.90905
     29.695       -26.00441    -0.41984    -2.68419   -22.90038
     29.845       -25.99501    -0.41947    -2.68380   -22.89173
     29.995       -25.98570    -0.41911    -2.68343   -22.88316
     30.145       -25.97644    -0.41875    -2.68305   -22.87464
     35.794       -25.36480    -0.39550    -2.65940   -22.30990
     49.810       -24.76448    -0.37343    -2.63803   -21.75302
     69.316       -24.17625    -0.35224    -2.61815   -21.20586
     96.460       -23.60089    -0.33170    -2.59932   -20.66987
     134.23       -23.03915    -0.31172    -2.58137   -20.14606
     186.80       -22.49178    -0.29240    -2.56422   -19.63516
     259.95       -21.95925    -0.27365    -2.54774   -19.13786
     361.74       -21.44165    -0.25546    -2.53188   -18.65432
     503.40       -20.93887    -0.23783    -2.51654   -18.18449
     700.53       -20.45157    -0.22082    -2.50186   -17.72889
     974.85       -19.97908    -0.20437    -2.48768   -17.28703
     1356.6       -19.52104    -0.18844    -2.47406   -16.85854
     1887.8       -19.07695    -0.17301    -2.46088   -16.44306
     2627.1       -18.64679    -0.15811    -2.44819   -16.04050
     3655.9       -18.22967    -0.14375    -2.43589   -15.65003
     5087.5       -17.82532    -0.12992    -2.42405   -15.27136
     7079.7       -17.43288    -0.11648    -2.41255   -14.90386
     9852.1       -17.05298    -0.10350    -2.40145   -14.54803
     13710.       -16.68524    -0.09090    -2.39073   -14.20362
     19079.       -16.33013    -0.07877    -2.38034   -13.87102
     26550.       -15.98711    -0.06701    -2.37032   -13.54979
     36947.       -15.65629    -0.05563    -2.36061   -13.24004
     51416.       -15.33880    -0.04468    -2.35124   -12.94288
     71550.       -15.03485    -0.03402    -2.34221   -12.65862
     99568.       -14.74441    -0.02373    -2.33356   -12.38713
    0.13856E+06   -14.46617    -0.01382    -2.32527   -12.12708
    0.19282E+06   -14.20014    -0.00422    -2.31737   -11.87855
    0.26832E+06   -13.94618     0.00498    -2.30981   -11.64135
    0.37340E+06   -13.70376     0.01378    -2.30254   -11.41500
    0.51962E+06   -13.47208     0.02218    -2.29563   -11.19863
    0.72310E+06   -13.25054     0.03018    -2.28904   -10.99168
    0.10063E+07   -13.03917     0.03786    -2.28274   -10.79429
    0.14003E+07   -12.83766     0.04520    -2.27670   -10.60616
    0.19487E+07   -12.64559     0.05220    -2.27093   -10.42687
    0.27118E+07   -12.46279     0.05889    -2.26546   -10.25623
    0.37737E+07   -12.28872     0.06526    -2.26022   -10.09377
    0.52514E+07   -12.12309     0.07131    -2.25522    -9.93918
    0.73079E+07   -11.96538     0.07713    -2.25047    -9.79204
    0.10170E+08   -11.81523     0.08264    -2.24598    -9.65190
    0.14152E+08   -11.67238     0.08792    -2.24168    -9.51862
    0.19694E+08   -11.53634     0.09292    -2.23760    -9.39167
    0.27406E+08   -11.40697     0.09770    -2.23370    -9.27098
    0.38138E+08   -11.28409     0.10225    -2.22998    -9.15635
    0.53073E+08   -11.16738     0.10656    -2.22644    -9.04750
    0.73856E+08   -11.05715     0.11066    -2.22306    -8.94475
    0.10278E+09   -10.95337     0.11458    -2.21986    -8.84810
    0.14302E+09   -10.85640     0.11831    -2.21684    -8.75787
    0.19903E+09   -10.76661     0.12184    -2.21398    -8.67446
    0.27697E+09   -10.68362     0.12519    -2.21132    -8.59749
    0.38543E+09   -10.60678     0.12835    -2.20885    -8.52628
    0.53637E+09   -10.53543     0.13136    -2.20657    -8.46023
    0.74641E+09   -10.47000     0.13416    -2.20446    -8.39970
    0.10387E+10   -10.41014     0.13678    -2.20250    -8.34442
    0.14454E+10   -10.35522     0.13920    -2.20071    -8.29371
    0.20115E+10   -10.30469     0.14143    -2.19906    -8.24706
    0.27992E+10   -10.25827     0.14350    -2.19757    -8.20420
    0.38953E+10   -10.21548     0.14542    -2.19619    -8.16470
    0.54207E+10   -10.17609     0.14717    -2.19492    -8.12834
    0.75434E+10   -10.13988     0.14877    -2.19375    -8.09490
    0.10497E+11   -10.10654     0.15024    -2.19267    -8.06411
    0.14608E+11   -10.07579     0.15159    -2.19167    -8.03571
    0.20329E+11   -10.04752     0.15283    -2.19074    -8.00961
    0.28289E+11   -10.02151     0.15398    -2.18990    -7.98559
    0.39367E+11    -9.99749     0.15503    -2.18911    -7.96341
    0.54783E+11    -9.97539     0.15600    -2.18840    -7.94300
    0.10000E+12    -9.71864     0.16728    -2.18007    -7.70585
