    -44.945         0.00000     0.00000     0.00000     0.00000
    -44.795         0.00000     0.00000     0.00000     0.00000
    -44.645         0.00000     0.00000     0.00000     0.00000
    -44.495         0.00000     0.00000     0.00000     0.00000
    -44.345         0.00000     0.00000     0.00000     0.00000
    -44.195         0.00000     0.00000     0.00000     0.00000
    -44.045         0.00000     0.00000     0.00000     0.00000
    -43.895         0.00000     0.00000     0.00000     0.00000
    -43.745         0.00000     0.00000     0.00000     0.00000
    -43.595         0.00000     0.00000     0.00000     0.00000
    -43.445         0.00000     0.00000     0.00000     0.00000
    -43.295         0.00000     0.00000     0.00000     0.00000
    -43.145         0.00000     0.00000     0.00000     0.00000
    -42.995         0.00000     0.00000     0.00000     0.00000
    -42.845         0.00000     0.00000     0.00000     0.00000
    -42.695         0.00000     0.00000     0.00000     0.00000
    -42.545         0.00000     0.00000     0.00000     0.00000
    -42.395         0.00000     0.00000     0.00000     0.00000
    -42.245         0.00000     0.00000     0.00000     0.00000
    -42.095         0.00000     0.00000     0.00000     0.00000
    -41.945         0.00000     0.00000     0.00000     0.00000
    -41.795         0.00000     0.00000     0.00000     0.00000
    -41.645         0.00000     0.00000     0.00000     0.00000
    -41.495         0.00000     0.00000     0.00000     0.00000
    -41.345         0.00000     0.00000     0.00000     0.00000
    -41.195         0.00000     0.00000     0.00000     0.00000
    -41.045         0.00000     0.00000     0.00000     0.00000
    -40.895         0.00000     0.00000     0.00000     0.00000
    -40.745         0.00000     0.00000     0.00000     0.00000
    -40.595         0.00000     0.00000     0.00000     0.00000
    -40.445         0.00000     0.00000     0.00000     0.00000
    -40.295         0.00000     0.00000     0.00000     0.00000
    -40.145         0.00000     0.00000     0.00000     0.00000
    -39.995         0.00000     0.00000     0.00000     0.00000
    -39.845         0.00000     0.00000     0.00000     0.00000
    -39.695         0.00000     0.00000     0.00000     0.00000
    -39.545         0.00000     0.00000     0.00000     0.00000
    -39.395         0.00000     0.00000     0.00000     0.00000
    -39.245         0.00000     0.00000     0.00000     0.00000
    -39.095         0.00000     0.00000     0.00000     0.00000
    -38.945         0.00000     0.00000     0.00000     0.00000
    -38.795         0.00000     0.00000     0.00000     0.00000
    -38.645         0.00000     0.00000     0.00000     0.00000
    -38.495         0.00000     0.00000     0.00000     0.00000
    -38.345         0.00000     0.00000     0.00000     0.00000
    -38.195         0.00000     0.00000     0.00000     0.00000
    -38.045         0.00000     0.00000     0.00000     0.00000
    -37.895         0.00000     0.00000     0.00000     0.00000
    -37.745         0.00000     0.00000     0.00000     0.00000
    -37.595         0.00000     0.00000     0.00000     0.00000
    -37.445         0.00000     0.00000     0.00000     0.00000
    -37.295         0.00000     0.00000     0.00000     0.00000
    -37.145         0.00000     0.00000     0.00000     0.00000
    -36.995         0.00000     0.00000     0.00000     0.00000
    -36.845         0.00000     0.00000     0.00000     0.00000
    -36.695         0.00000     0.00000     0.00000     0.00000
    -36.545         0.00000     0.00000     0.00000     0.00000
    -36.395         0.00000     0.00000     0.00000     0.00000
    -36.245         0.00000     0.00000     0.00000     0.00000
    -36.095         0.00000     0.00000     0.00000     0.00000
    -35.945         0.00000     0.00000     0.00000     0.00000
    -35.795         0.00000     0.00000     0.00000     0.00000
    -35.645         0.00000     0.00000     0.00000     0.00000
    -35.495         0.00000     0.00000     0.00000     0.00000
    -35.345         0.00000     0.00000     0.00000     0.00000
    -35.195         0.00000     0.00000     0.00000     0.00000
    -35.045         0.00000     0.00000     0.00000     0.00000
    -34.895         0.00000     0.00000     0.00000     0.00000
    -34.745         0.00000     0.00000     0.00000     0.00000
    -34.595         0.00000     0.00000     0.00000     0.00000
    -34.445         0.00000     0.00000     0.00000     0.00000
    -34.295         0.00000     0.00000     0.00000     0.00000
    -34.145         0.00000     0.00000     0.00000     0.00000
    -33.995         0.00000     0.00000     0.00000     0.00000
    -33.845         0.00000     0.00000     0.00000     0.00000
    -33.695         0.00000     0.00000     0.00000     0.00000
    -33.545         0.00000     0.00000     0.00000     0.00000
    -33.395        -0.00000    -0.00000     0.00000     0.00000
    -33.245        -0.00000    -0.00000     0.00000     0.00000
    -33.095        -0.00000    -0.00000     0.00000     0.00000
    -32.945        -0.00000    -0.00000     0.00000     0.00000
    -32.795        -0.00000    -0.00000     0.00000     0.00000
    -32.645        -0.00000    -0.00000     0.00000     0.00000
    -32.495        -0.00000    -0.00000     0.00000     0.00000
    -32.345        -0.00000    -0.00000     0.00000     0.00000
    -32.195        -0.00000    -0.00000     0.00000     0.00000
    -32.045        -0.00000    -0.00000     0.00000     0.00000
    -31.895        -0.00000    -0.00000     0.00000     0.00000
    -31.745        -0.00000    -0.00000     0.00000     0.00000
    -31.595        -0.00000    -0.00000     0.00000     0.00000
    -31.445        -0.00000    -0.00000     0.00000     0.00000
    -31.295        -0.00000    -0.00000     0.00000     0.00000
    -31.145        -0.00000    -0.00000     0.00000     0.00000
    -30.995        -0.00000    -0.00000     0.00000     0.00000
    -30.845        -0.00000    -0.00000     0.00000     0.00000
    -30.695        -0.00000    -0.00000     0.00000     0.00000
    -30.545        -0.00000    -0.00000     0.00000     0.00000
    -30.395        -0.00000    -0.00000     0.00000     0.00000
    -30.245        -0.00001    -0.00001     0.00000     0.00000
    -30.095        -0.00001    -0.00001     0.00000     0.00000
    -29.945        -0.00001    -0.00001     0.00000     0.00000
    -29.795        -0.00001    -0.00001     0.00000     0.00000
    -29.645        -0.00001    -0.00001     0.00000     0.00000
    -29.495        -0.00001    -0.00001     0.00000     0.00000
    -29.345        -0.00001    -0.00001     0.00000     0.00000
    -29.195        -0.00002    -0.00002     0.00000     0.00000
    -29.045        -0.00002    -0.00002     0.00000     0.00000
    -28.895        -0.00002    -0.00002     0.00000     0.00000
    -28.745        -0.00002    -0.00002     0.00000     0.00000
    -28.595        -0.00002    -0.00002     0.00000     0.00000
    -28.445        -0.00003    -0.00003     0.00000     0.00000
    -28.295        -0.00003    -0.00003     0.00000     0.00000
    -28.145        -0.00003    -0.00003     0.00000     0.00000
    -27.995        -0.00004    -0.00004     0.00000     0.00000
    -27.845        -0.00004    -0.00004     0.00000     0.00000
    -27.695        -0.00004    -0.00004     0.00000     0.00000
    -27.545        -0.00005    -0.00005     0.00000     0.00000
    -27.395        -0.00005    -0.00005     0.00000     0.00000
    -27.245        -0.00006    -0.00006     0.00000     0.00000
    -27.095        -0.00006    -0.00006     0.00000     0.00000
    -26.945        -0.00007    -0.00007     0.00000     0.00000
    -26.795        -0.00007    -0.00007     0.00000     0.00000
    -26.645        -0.00008    -0.00008     0.00000     0.00000
    -26.495        -0.00009    -0.00009     0.00000     0.00000
    -26.345        -0.00009    -0.00009     0.00000     0.00000
    -26.195        -0.00010    -0.00010     0.00000     0.00000
    -26.045        -0.00011    -0.00011     0.00000     0.00000
    -25.895        -0.00012    -0.00012     0.00000     0.00000
    -25.745        -0.00014    -0.00014     0.00000     0.00000
    -25.595        -0.00015    -0.00015     0.00000     0.00000
    -25.445        -0.00016    -0.00016     0.00000     0.00000
    -25.295        -0.00017    -0.00017     0.00000     0.00000
    -25.145        -0.00018    -0.00018     0.00000     0.00000
    -24.995        -0.00020    -0.00020     0.00000     0.00000
    -24.845        -0.00022    -0.00022     0.00000     0.00000
    -24.695        -0.00023    -0.00023     0.00000     0.00000
    -24.545        -0.00025    -0.00025     0.00000     0.00000
    -24.395        -0.00027    -0.00027     0.00000     0.00000
    -24.245        -0.00028    -0.00028     0.00000     0.00000
    -24.095        -0.00030    -0.00030     0.00000     0.00000
    -23.945        -0.00032    -0.00032     0.00000     0.00000
    -23.795        -0.00034    -0.00034     0.00000     0.00000
    -23.645        -0.00036    -0.00036     0.00000     0.00000
    -23.495        -0.00038    -0.00038     0.00000     0.00000
    -23.345        -0.00041    -0.00041     0.00000     0.00000
    -23.195        -0.00044    -0.00044     0.00000     0.00000
    -23.045        -0.00047    -0.00047     0.00000     0.00000
    -22.895        -0.00049    -0.00049     0.00000     0.00000
    -22.745        -0.00052    -0.00052     0.00000     0.00000
    -22.595        -0.00055    -0.00055     0.00000     0.00000
    -22.445        -0.00058    -0.00058     0.00000     0.00000
    -22.295        -0.00061    -0.00061     0.00000     0.00000
    -22.145        -0.00065    -0.00065     0.00000     0.00000
    -21.995        -0.00068    -0.00068     0.00000     0.00000
    -21.845        -0.00071    -0.00071     0.00000     0.00000
    -21.695        -0.00075    -0.00075     0.00000     0.00000
    -21.545        -0.00079    -0.00079     0.00000     0.00000
    -21.395        -0.00084    -0.00084    -0.00000     0.00000
    -21.245        -0.00088    -0.00088    -0.00000     0.00000
    -21.095        -0.00093    -0.00093    -0.00000     0.00000
    -20.945        -0.00097    -0.00097    -0.00000     0.00000
    -20.795        -0.00101    -0.00101    -0.00000     0.00000
    -20.645        -0.00106    -0.00106    -0.00000     0.00000
    -20.495        -0.00112    -0.00112    -0.00000     0.00000
    -20.345        -0.00117    -0.00117     0.00000     0.00000
    -20.195        -0.00123    -0.00123    -0.00000     0.00000
    -20.045        -0.00172    -0.00130    -0.00042     0.00000
    -19.895        -0.00178    -0.00136    -0.00042     0.00000
    -19.745        -0.00183    -0.00142    -0.00042     0.00000
    -19.595        -0.00190    -0.00148    -0.00042     0.00000
    -19.445        -0.00196    -0.00155    -0.00042     0.00000
    -19.295        -0.00203    -0.00161    -0.00042     0.00000
    -19.145        -0.00210    -0.00169    -0.00042     0.00000
    -18.995        -0.00217    -0.00175    -0.00042     0.00000
    -18.845        -0.00271    -0.00183    -0.00088     0.00000
    -18.695        -0.00278    -0.00191    -0.00087     0.00000
    -18.545        -0.00285    -0.00198    -0.00087     0.00000
    -18.395        -0.00294    -0.00207    -0.00087     0.00000
    -18.245        -0.00352    -0.00216    -0.00136     0.00000
    -18.095        -0.00360    -0.00224    -0.00136     0.00000
    -17.945        -0.00423    -0.00233    -0.00190     0.00000
    -17.795        -0.00432    -0.00243    -0.00190     0.00000
    -17.645        -0.00592    -0.00253    -0.00338     0.00000
    -17.495        -0.00601    -0.00263    -0.00338     0.00000
    -17.345        -0.00858    -0.00273    -0.00586     0.00000
    -17.195        -0.01126    -0.00284    -0.00842     0.00000
    -17.045        -0.01402    -0.00294    -0.01108     0.00000
    -16.895        -0.01653    -0.00305    -0.01348     0.00000
    -16.745        -0.01916    -0.00316    -0.01600     0.00000
    -16.595        -0.02279    -0.00328    -0.01950     0.00000
    -16.445        -0.02937    -0.00341    -0.02596     0.00000
    -16.295        -0.03408    -0.00351    -0.03057     0.00000
    -16.145        -0.03973    -0.00363    -0.03610     0.00000
    -15.995        -0.04441    -0.00376    -0.04066     0.00000
    -15.845        -0.05041    -0.00388    -0.04652     0.00000
    -15.695        -0.05929    -0.00402    -0.05526     0.00000
    -15.545        -0.06793    -0.00417    -0.06375     0.00000
    -15.395        -0.07740    -0.00430    -0.07310     0.00000
    -15.245        -0.08736    -0.00444    -0.08292     0.00000
    -15.095        -0.09479    -0.00458    -0.09020     0.00000
    -14.945        -0.10235    -0.00472    -0.09763     0.00000
    -14.795        -0.11225    -0.00485    -0.10740     0.00000
    -14.645        -0.12249    -0.00637    -0.11612     0.00000
    -14.495        -0.13503    -0.00652    -0.12851     0.00000
    -14.345        -0.14545    -0.00804    -0.13740     0.00000
    -14.195        -0.15693    -0.00818    -0.14875     0.00000
    -14.045        -0.16578    -0.00837    -0.15741     0.00000
    -13.895        -0.17916    -0.00853    -0.17063     0.00000
    -13.745        -0.19222    -0.00871    -0.18352     0.00000
    -13.595        -0.20464    -0.00887    -0.19577     0.00000
    -13.445        -0.21508    -0.00905    -0.20603     0.00000
    -13.295        -0.22689    -0.00923    -0.21766     0.00000
    -13.145        -0.23872    -0.00942    -0.22929     0.00000
    -12.995        -0.24991    -0.00960    -0.24031     0.00000
    -12.845        -0.26047    -0.00979    -0.25068     0.00000
    -12.695        -0.26983    -0.00996    -0.25986     0.00000
    -12.545        -0.28392    -0.01234    -0.27158     0.00000
    -12.395        -0.29585    -0.01255    -0.28330     0.00000
    -12.245        -0.30739    -0.01415    -0.29324     0.00000
    -12.095        -0.32019    -0.01576    -0.30443     0.00000
    -11.945        -0.32942    -0.01595    -0.31347     0.00000
    -11.795        -0.33965    -0.01617    -0.32348     0.00000
    -11.645        -0.35289    -0.01865    -0.33424     0.00000
    -11.495        -0.36237    -0.01886    -0.34350     0.00000
    -11.345        -0.37338    -0.01910    -0.35428     0.00000
    -11.195        -0.38501    -0.02074    -0.36427     0.00000
    -11.045        -0.39850    -0.02452    -0.37398     0.00000
    -10.895        -0.40991    -0.02617    -0.38374     0.00000
    -10.745        -0.42108    -0.02782    -0.39326     0.00000
    -10.595        -0.43646    -0.03124    -0.40522    -0.00000
    -10.445        -0.45075    -0.03473    -0.41602    -0.00000
    -10.295        -0.46237    -0.03744    -0.42494    -0.00000
    -10.145        -0.47633    -0.04017    -0.43616    -0.00000
    -9.9950        -0.48941    -0.04295    -0.44627    -0.00019
    -9.8450        -0.50371    -0.04666    -0.45608    -0.00097
    -9.6950        -0.51873    -0.04945    -0.46627    -0.00301
    -9.5450        -0.53789    -0.05403    -0.47493    -0.00892
    -9.3950        -0.56192    -0.06006    -0.48407    -0.01779
    -9.2450        -0.59201    -0.06294    -0.49540    -0.03368
    -9.0950        -0.63010    -0.06915    -0.50238    -0.05857
    -8.9450        -0.69211    -0.07607    -0.51243    -0.10361
    -8.7950        -0.76794    -0.08088    -0.52113    -0.16592
    -8.6450        -0.87598    -0.08732    -0.53440    -0.25425
    -8.4950        -1.01182    -0.09627    -0.54407    -0.37148
    -8.3450        -1.18939    -0.10473    -0.55605    -0.52862
    -8.1950        -1.40218    -0.11261    -0.56657    -0.72300
    -8.0450        -1.64978    -0.12230    -0.57752    -0.94996
    -7.8950        -1.95209    -0.13147    -0.58721    -1.23341
    -7.7450        -2.30095    -0.13998    -0.60002    -1.56095
    -7.5950        -2.69617    -0.15025    -0.61469    -1.93122
    -7.4450        -3.15685    -0.16050    -0.62917    -2.36718
    -7.2950        -3.66766    -0.17367    -0.64403    -2.84996
    -7.1450        -4.21834    -0.18683    -0.65741    -3.37409
    -6.9950        -4.78544    -0.19801    -0.67470    -3.91273
    -6.8450        -5.39475    -0.20911    -0.69356    -4.49208
    -6.6950        -6.00275    -0.22163    -0.71281    -5.06831
    -6.5450        -6.63767    -0.24034    -0.73525    -5.66209
    -6.3950        -7.26840    -0.25616    -0.75868    -6.25356
    -6.2450        -7.91096    -0.27660    -0.78327    -6.85110
    -6.0950        -8.54164    -0.29572    -0.80875    -7.43718
    -5.9450        -9.14496    -0.31681    -0.83332    -7.99483
    -5.7950        -9.74485    -0.33587    -0.86327    -8.54570
    -5.6450       -10.33283    -0.35901    -0.89299    -9.08083
    -5.4950       -10.89212    -0.38091    -0.92479    -9.58641
    -5.3450       -11.44842    -0.40390    -0.95757   -10.08695
    -5.1950       -11.98958    -0.43131    -0.99374   -10.56453
    -5.0450       -12.50418    -0.46110    -1.03435   -11.00874
    -4.8950       -13.01901    -0.49049    -1.07681   -11.45172
    -4.7450       -13.52478    -0.52333    -1.12541   -11.87604
    -4.5950       -14.02506    -0.55862    -1.17460   -12.29184
    -4.4450       -14.51801    -0.59566    -1.22481   -12.69754
    -4.2950       -15.02676    -0.63791    -1.27785   -13.11100
    -4.1450       -15.53685    -0.68352    -1.33592   -13.51740
    -3.9950       -16.05728    -0.72822    -1.39606   -13.93300
    -3.8450       -16.59863    -0.78012    -1.45928   -14.35923
    -3.6950       -17.16313    -0.83489    -1.52823   -14.80001
    -3.5450       -17.75504    -0.89582    -1.60536   -15.25387
    -3.3950       -18.36203    -0.96342    -1.68360   -15.71501
    -3.2450       -19.00140    -1.03199    -1.76759   -16.20182
    -3.0950       -19.65180    -1.10764    -1.85720   -16.68697
    -2.9450       -20.33270    -1.18833    -1.94697   -17.19740
    -2.7950       -21.04623    -1.27409    -2.04760   -17.72454
    -2.6450       -21.81160    -1.36667    -2.15640   -18.28852
    -2.4950       -22.62644    -1.46425    -2.27445   -18.88775
    -2.3450       -23.51508    -1.56793    -2.39885   -19.54830
    -2.1950       -24.50243    -1.68495    -2.53674   -20.28074
    -2.0450       -25.59420    -1.80719    -2.69095   -21.09606
    -1.8950       -26.82951    -1.94093    -2.85642   -22.03216
    -1.7450       -28.24888    -2.08937    -3.04344   -23.11607
    -1.5950       -29.84601    -2.25249    -3.24393   -24.34960
    -1.4450       -31.62426    -2.42432    -3.46480   -25.73513
    -1.2950       -33.63012    -2.61567    -3.71136   -27.30308
    -1.1450       -35.81575    -2.82201    -3.97792   -29.01582
   -0.99500       -38.24726    -3.05141    -4.29013   -30.90572
   -0.84500       -40.92071    -3.31286    -4.65037   -32.95748
   -0.69500       -43.92421    -3.61473    -5.08805   -35.22143
   -0.54500       -47.44225    -3.97553    -5.59878   -37.86794
   -0.39500       -51.81438    -4.38154    -6.16228   -41.27055
   -0.25300       -55.34851    -4.63131    -6.49315   -44.22405
   -0.21500       -55.59578    -4.64559    -6.51091   -44.43927
   -0.20900       -55.84893    -4.65970    -6.52862   -44.66062
   -0.20300       -56.10831    -4.67363    -6.54605   -44.88864
   -0.19700       -56.37256    -4.68728    -6.56305   -45.12224
   -0.19100       -56.64262    -4.70053    -6.57971   -45.36238
   -0.18500       -56.91895    -4.71341    -6.59583   -45.60971
   -0.17900       -57.20347    -4.72633    -6.61171   -45.86543
   -0.17300       -57.49548    -4.73878    -6.62714   -46.12955
   -0.16700       -57.79686    -4.75122    -6.64214   -46.40351
   -0.16100       -58.10788    -4.76331    -6.65675   -46.68782
   -0.15500       -58.42949    -4.77490    -6.67110   -46.98349
   -0.14900       -58.76061    -4.78647    -6.68482   -47.28932
   -0.14300       -59.10549    -4.79755    -6.69799   -47.60995
   -0.13700       -59.46446    -4.80867    -6.71040   -47.94540
   -0.13100       -59.83700    -4.81912    -6.72264   -48.29524
   -0.12500       -60.22696    -4.82945    -6.73421   -48.66330
   -0.11900       -60.63495    -4.83929    -6.74523   -49.05043
   -0.11300       -61.06238    -4.84878    -6.75585   -49.45774
   -0.10700       -61.51283    -4.85794    -6.76598   -49.88891
   -0.10100       -61.98716    -4.86647    -6.77550   -50.34519
   -0.95000E-01   -62.48752    -4.87462    -6.78446   -50.82844
   -0.89000E-01   -63.01751    -4.88246    -6.79310   -51.34196
   -0.83000E-01   -63.57641    -4.88973    -6.80102   -51.88566
   -0.77000E-01   -64.16979    -4.89668    -6.80845   -52.46465
   -0.71000E-01   -64.80012    -4.90300    -6.81529   -53.08184
   -0.65000E-01   -65.46964    -4.90895    -6.82154   -53.73915
   -0.59000E-01   -66.18239    -4.91444    -6.82727   -54.44067
   -0.53000E-01   -66.94348    -4.91929    -6.83248   -55.19171
   -0.47000E-01   -67.75641    -4.92365    -6.83695   -55.99581
   -0.41000E-01   -68.63112    -4.92745    -6.84096   -56.86272
   -0.35000E-01   -69.57420    -4.93070    -6.84433   -57.79916
   -0.29000E-01   -70.57904    -4.93345    -6.84710   -58.79850
   -0.23000E-01   -71.60745    -4.93560    -6.84930   -59.82256
   -0.19700E-01   -71.70778    -4.93578    -6.84948   -59.92252
   -0.19100E-01   -71.80758    -4.93596    -6.84967   -60.02196
   -0.18500E-01   -71.90589    -4.93613    -6.84984   -60.11991
   -0.17900E-01   -72.00355    -4.93630    -6.85002   -60.21723
   -0.17300E-01   -72.09979    -4.93645    -6.85018   -60.31315
   -0.16700E-01   -72.19463    -4.93660    -6.85034   -60.40768
   -0.16100E-01   -72.28744    -4.93676    -6.85049   -60.50018
   -0.15500E-01   -72.37834    -4.93691    -6.85065   -60.59079
   -0.14900E-01   -72.46733    -4.93705    -6.85078   -60.67950
   -0.14300E-01   -72.55410    -4.93719    -6.85092   -60.76599
   -0.13700E-01   -72.63801    -4.93732    -6.85106   -60.84964
   -0.13100E-01   -72.71959    -4.93745    -6.85118   -60.93097
   -0.12500E-01   -72.79832    -4.93757    -6.85130   -61.00945
   -0.11900E-01   -72.87395    -4.93768    -6.85142   -61.08485
   -0.11300E-01   -72.94666    -4.93779    -6.85153   -61.15735
   -0.10700E-01   -73.01638    -4.93789    -6.85163   -61.22687
   -0.10100E-01   -73.08274    -4.93798    -6.85173   -61.29303
   -0.95000E-02   -73.14560    -4.93807    -6.85182   -61.35571
   -0.89000E-02   -73.20501    -4.93815    -6.85191   -61.41495
   -0.83000E-02   -73.26071    -4.93823    -6.85198   -61.47049
   -0.77000E-02   -73.31284    -4.93831    -6.85206   -61.52248
   -0.71000E-02   -73.36121    -4.93838    -6.85213   -61.57071
   -0.65000E-02   -73.40571    -4.93844    -6.85219   -61.61508
   -0.59000E-02   -73.44639    -4.93849    -6.85225   -61.65564
   -0.53000E-02   -73.48308    -4.93854    -6.85230   -61.69223
   -0.47000E-02   -73.51577    -4.93859    -6.85235   -61.72484
   -0.41000E-02   -73.54440    -4.93863    -6.85239   -61.75339
   -0.35000E-02   -73.56894    -4.93866    -6.85242   -61.77786
   -0.29000E-02   -73.58930    -4.93869    -6.85245   -61.79817
   -0.23000E-02   -73.60551    -4.93871    -6.85247   -61.81433
   -0.17000E-02   -73.61752    -4.93873    -6.85248   -61.82631
   -0.11000E-02   -73.62533    -4.93874    -6.85250   -61.83410
   -0.50000E-03   -73.62891    -4.93874    -6.85250   -61.83767
    0.10000E-03   -73.62828    -4.93874    -6.85250   -61.83704
    0.70000E-03   -73.62340    -4.93873    -6.85249   -61.83218
    0.13000E-02   -73.61429    -4.93872    -6.85248   -61.82309
    0.19000E-02   -73.60098    -4.93870    -6.85246   -61.80982
    0.25000E-02   -73.58352    -4.93868    -6.85243   -61.79240
    0.31000E-02   -73.56197    -4.93865    -6.85240   -61.77091
    0.37000E-02   -73.53620    -4.93862    -6.85237   -61.74522
    0.43000E-02   -73.50638    -4.93858    -6.85233   -61.71547
    0.49000E-02   -73.47253    -4.93853    -6.85228   -61.68172
    0.55000E-02   -73.43477    -4.93848    -6.85223   -61.64406
    0.61000E-02   -73.39304    -4.93842    -6.85217   -61.60244
    0.67000E-02   -73.34747    -4.93836    -6.85211   -61.55700
    0.73000E-02   -73.29825    -4.93829    -6.85204   -61.50792
    0.79000E-02   -73.24528    -4.93822    -6.85196   -61.45511
    0.85000E-02   -73.18868    -4.93814    -6.85188   -61.39866
    0.91000E-02   -73.12863    -4.93805    -6.85180   -61.33879
    0.97000E-02   -73.06501    -4.93796    -6.85170   -61.27535
    0.10300E-01   -72.99817    -4.93786    -6.85160   -61.20870
    0.10900E-01   -72.92792    -4.93776    -6.85149   -61.13868
    0.11500E-01   -72.85464    -4.93765    -6.85138   -61.06561
    0.12100E-01   -72.77843    -4.93754    -6.85126   -60.98963
    0.12700E-01   -72.69952    -4.93742    -6.85115   -60.91095
    0.13300E-01   -72.61780    -4.93730    -6.85102   -60.82948
    0.13900E-01   -72.53389    -4.93716    -6.85088   -60.74585
    0.14500E-01   -72.44743    -4.93702    -6.85075   -60.65966
    0.15100E-01   -72.35865    -4.93688    -6.85061   -60.57116
    0.15700E-01   -72.26773    -4.93674    -6.85045   -60.48054
    0.16300E-01   -72.17493    -4.93659    -6.85030   -60.38804
    0.16900E-01   -72.08084    -4.93644    -6.85014   -60.29426
    0.17500E-01   -71.98490    -4.93626    -6.84997   -60.19867
    0.18100E-01   -71.88770    -4.93608    -6.84979   -60.10183
    0.18700E-01   -71.78945    -4.93591    -6.84960   -60.00394
    0.19300E-01   -71.69052    -4.93573    -6.84942   -59.90537
    0.20200E-01   -71.29778    -4.93499    -6.84866   -59.51414
    0.25000E-01   -70.27560    -4.93263    -6.84630   -58.49666
    0.31000E-01   -69.29340    -4.92969    -6.84334   -57.52038
    0.37000E-01   -68.37964    -4.92615    -6.83989   -56.61361
    0.43000E-01   -67.53408    -4.92211    -6.83591   -55.77607
    0.49000E-01   -66.75114    -4.91747    -6.83145   -55.00223
    0.55000E-01   -66.02299    -4.91226    -6.82642   -54.28431
    0.61000E-01   -65.34475    -4.90646    -6.82082   -53.61747
    0.67000E-01   -64.71056    -4.90027    -6.81472   -52.99557
    0.73000E-01   -64.11882    -4.89343    -6.80830   -52.41709
    0.79000E-01   -63.56457    -4.88592    -6.80116   -51.87750
    0.85000E-01   -63.04521    -4.87792    -6.79386   -51.37343
    0.91000E-01   -62.55926    -4.86954    -6.78602   -50.90370
    0.97000E-01   -62.10365    -4.86051    -6.77746   -50.46568
    0.10300       -61.67612    -4.85074    -6.76870   -50.05668
    0.10900       -61.27353    -4.84060    -6.75944   -49.67349
    0.11500       -60.89361    -4.82984    -6.74989   -49.31388
    0.12100       -60.53519    -4.81857    -6.74009   -48.97652
    0.12700       -60.19617    -4.80692    -6.72980   -48.65945
    0.13300       -59.87416    -4.79472    -6.71919   -48.36025
    0.13900       -59.56688    -4.78203    -6.70806   -48.07679
    0.14500       -59.27423    -4.76855    -6.69677   -47.80891
    0.15100       -58.99561    -4.75474    -6.68500   -47.55587
    0.15700       -58.72814    -4.74043    -6.67319   -47.31452
    0.16300       -58.47119    -4.72547    -6.66098   -47.08475
    0.16900       -58.22485    -4.71072    -6.64847   -46.86567
    0.17500       -57.98575    -4.69481    -6.63550   -46.65545
    0.18100       -57.75560    -4.67868    -6.62269   -46.45423
    0.18700       -57.53174    -4.66204    -6.60990   -46.25980
    0.19300       -57.31534    -4.64517    -6.59678   -46.07340
    0.19900       -57.10450    -4.62760    -6.58311   -45.89379
    0.20500       -56.90045    -4.60943    -6.56955   -45.72147
    0.21100       -56.70187    -4.59072    -6.55589   -45.55526
    0.21700       -56.50804    -4.57199    -6.54181   -45.39424
    0.29500       -52.50844    -4.00386    -6.15362   -42.35096
    0.44500       -49.79559    -3.42781    -5.77703   -40.59074
    0.59500       -47.78547    -2.94439    -5.44585   -39.39523
    0.74500       -46.17847    -2.54215    -5.15324   -38.48307
    0.89500       -44.83341    -2.20689    -4.89078   -37.73574
     1.0450       -43.67775    -1.91943    -4.65953   -37.09879
     1.1950       -42.67844    -1.67429    -4.45261   -36.55155
     1.3450       -41.80179    -1.45756    -4.26742   -36.07681
     1.4950       -41.03438    -1.26339    -4.10164   -35.66935
     1.6450       -40.34536    -1.08839    -3.94863   -35.30834
     1.7950       -39.72786    -0.92526    -3.80833   -34.99427
     1.9450       -39.18546    -0.78001    -3.68107   -34.72438
     2.0950       -38.69768    -0.64793    -3.56326   -34.48649
     2.2450       -38.26550    -0.52815    -3.45625   -34.28110
     2.3950       -37.86521    -0.41827    -3.35677   -34.09018
     2.5450       -37.50933    -0.31749    -3.26503   -33.92680
     2.6950       -37.18208    -0.22595    -3.17971   -33.77642
     2.8450       -36.88516    -0.14222    -3.10116   -33.64178
     2.9950       -36.60755    -0.06391    -3.02628   -33.51736
     3.1450       -36.35354     0.00693    -2.95787   -33.40259
     3.2950       -36.11872     0.07525    -2.89464   -33.29932
     3.4450       -35.89557     0.13759    -2.83437   -33.19879
     3.5950       -35.69576     0.19676    -2.77896   -33.11356
     3.7450       -35.50089     0.25164    -2.72532   -33.02721
     3.8950       -35.31863     0.30390    -2.67525   -32.94728
     4.0450       -35.15046     0.35379    -2.62905   -32.87520
     4.1950       -34.99082     0.40047    -2.58474   -32.80655
     4.3450       -34.83975     0.44411    -2.54209   -32.74177
     4.4950       -34.69423     0.48518    -2.50318   -32.67623
     4.6450       -34.55589     0.52465    -2.46481   -32.61573
     4.7950       -34.42694     0.56227    -2.43115   -32.55806
     4.9450       -34.30161     0.59685    -2.39754   -32.50093
     5.0950       -34.18278     0.63036    -2.36747   -32.44567
     5.2450       -34.07002     0.66245    -2.33839   -32.39408
     5.3950       -33.95931     0.69364    -2.30887   -32.34408
     5.5450       -33.85242     0.72367    -2.28193   -32.29417
     5.6950       -33.75535     0.75248    -2.26106   -32.24677
     5.8450       -33.66180     0.77797    -2.23945   -32.20032
     5.9950       -33.56852     0.80407    -2.21713   -32.15546
     6.1450       -33.47981     0.82829    -2.19641   -32.11168
     6.2950       -33.39200     0.85407    -2.17678   -32.06929
     6.4450       -33.30696     0.87860    -2.15775   -32.02781
     6.5950       -33.22825     0.90060    -2.14149   -31.98735
     6.7450       -33.14987     0.92324    -2.12544   -31.94768
     6.8950       -33.07722     0.94517    -2.11325   -31.90914
     7.0450       -33.00267     0.96513    -2.09766   -31.87014
     7.1950       -32.93278     0.98448    -2.08408   -31.83318
     7.3450       -32.86695     1.00393    -2.07386   -31.79703
     7.4950       -32.80143     1.02161    -2.06145   -31.76158
     7.6450       -32.74313     1.03909    -2.05533   -31.72688
     7.7950       -32.68613     1.05590    -2.04921   -31.69282
     7.9450       -32.62915     1.07166    -2.04127   -31.65954
     8.0950       -32.57751     1.08661    -2.03727   -31.62685
     8.2450       -32.52785     1.09906    -2.03214   -31.59478
     8.3950       -32.48375     1.10772    -2.02817   -31.56331
     8.5450       -32.43658     1.11887    -2.02302   -31.53243
     8.6950       -32.39041     1.13071    -2.01907   -31.50205
     8.8450       -32.34496     1.14114    -2.01390   -31.47220
     8.9950       -32.30260     1.14790    -2.00770   -31.44279
     9.1450       -32.26298     1.15760    -2.00657   -31.41401
     9.2950       -32.22790     1.16033    -2.00261   -31.38562
     9.4450       -32.19329     1.16596    -2.00156   -31.35769
     9.5950       -32.16372     1.16707    -2.00054   -31.33025
     9.7450       -32.13005     1.17271    -1.99956   -31.30320
     9.8950       -32.09820     1.17696    -1.99857   -31.27658
     10.045       -32.06699     1.17795    -1.99455   -31.25039
     10.195       -32.03768     1.18057    -1.99365   -31.22460
     10.345       -32.01055     1.18144    -1.99277   -31.19921
     10.495       -31.98039     1.18577    -1.99193   -31.17423
     10.645       -31.95390     1.18662    -1.99110   -31.14941
     10.795       -31.92789     1.18742    -1.99031   -31.12500
     10.945       -31.90233     1.18817    -1.98951   -31.10099
     11.095       -31.87350     1.19256    -1.98874   -31.07732
     11.245       -31.84867     1.19328    -1.98800   -31.05395
     11.395       -31.82229     1.19397    -1.98537   -31.03089
     11.545       -31.79817     1.19465    -1.98467   -31.00816
     11.695       -31.77444     1.19526    -1.98399   -30.98571
     11.845       -31.75098     1.19589    -1.98331   -30.96356
     11.995       -31.72788     1.19647    -1.98266   -30.94169
     12.145       -31.70509     1.19706    -1.98202   -30.92013
     12.295       -31.68258     1.19760    -1.98139   -30.89878
     12.445       -31.66043     1.19812    -1.98078   -30.87777
     12.595       -31.63855     1.19862    -1.98017   -30.85701
     12.745       -31.61694     1.19914    -1.97958   -30.83650
     12.895       -31.59552     1.19963    -1.97901   -30.81613
     13.045       -31.57437     1.20007    -1.97842   -30.79601
     13.195       -31.55348     1.20052    -1.97787   -30.77613
     13.345       -31.53287     1.20098    -1.97732   -30.75653
     13.495       -31.51247     1.20141    -1.97678   -30.73710
     13.645       -31.49236     1.20184    -1.97625   -30.71795
     13.795       -31.47247     1.20226    -1.97574   -30.69899
     13.945       -31.45274     1.20267    -1.97523   -30.68019
     14.095       -31.43329     1.20303    -1.97473   -30.66159
     14.245       -31.41410     1.20336    -1.97423   -30.64323
     14.395       -31.39507     1.20375    -1.97376   -30.62506
     14.545       -31.37634     1.20410    -1.97328   -30.60715
     14.695       -31.35782     1.20446    -1.97282   -30.58946
     14.845       -31.33934     1.20485    -1.97236   -30.57183
     14.995       -31.32113     1.20520    -1.97192   -30.55441
     15.145       -31.30310     1.20553    -1.97147   -30.53716
     15.295       -31.28523     1.20586    -1.97103   -30.52007
     15.445       -31.26758     1.20619    -1.97060   -30.50317
     15.595       -31.25011     1.20649    -1.97018   -30.48642
     15.745       -31.23286     1.20680    -1.96977   -30.46988
     15.895       -31.21575     1.20712    -1.96936   -30.45351
     16.045       -31.19883     1.20742    -1.96896   -30.43729
     16.195       -31.18203     1.20771    -1.96855   -30.42120
     16.345       -31.16535     1.20804    -1.96815   -30.40524
     16.495       -31.14891     1.20832    -1.96776   -30.38946
     16.645       -31.13257     1.20860    -1.96738   -30.37379
     16.795       -31.11638     1.20888    -1.96699   -30.35827
     16.945       -31.10040     1.20914    -1.96662   -30.34292
     17.095       -31.08453     1.20939    -1.96625   -30.32767
     17.245       -31.06880     1.20963    -1.96588   -30.31255
     17.395       -31.05318     1.20992    -1.96550   -30.29759
     17.545       -31.03768     1.21016    -1.96514   -30.28269
     17.695       -31.02234     1.21041    -1.96478   -30.26798
     17.845       -31.00719     1.21065    -1.96445   -30.25339
     17.995       -30.99213     1.21087    -1.96409   -30.23891
     18.145       -30.97721     1.21109    -1.96375   -30.22456
     18.295       -30.96240     1.21130    -1.96341   -30.21029
     18.445       -30.94770     1.21153    -1.96308   -30.19615
     18.595       -30.93318     1.21174    -1.96276   -30.18216
     18.745       -30.91882     1.21195    -1.96243   -30.16834
     18.895       -30.90455     1.21214    -1.96211   -30.15459
     19.045       -30.89036     1.21236    -1.96180   -30.14092
     19.195       -30.87633     1.21256    -1.96148   -30.12741
     19.345       -30.86233     1.21276    -1.96117   -30.11392
     19.495       -30.84852     1.21294    -1.96085   -30.10060
     19.645       -30.83479     1.21315    -1.96055   -30.08738
     19.795       -30.82121     1.21333    -1.96025   -30.07429
     19.945       -30.80768     1.21350    -1.95995   -30.06124
     20.095       -30.79430     1.21369    -1.95964   -30.04836
     20.245       -30.78102     1.21388    -1.95934   -30.03556
     20.395       -30.76783     1.21406    -1.95906   -30.02283
     20.545       -30.75476     1.21424    -1.95877   -30.01023
     20.695       -30.74177     1.21441    -1.95849   -29.99769
     20.845       -30.72888     1.21459    -1.95821   -29.98526
     20.995       -30.71613     1.21474    -1.95794   -29.97293
     21.145       -30.70345     1.21491    -1.95767   -29.96069
     21.295       -30.69085     1.21506    -1.95739   -29.94851
     21.445       -30.67831     1.21522    -1.95713   -29.93640
     21.595       -30.66584     1.21539    -1.95686   -29.92437
     21.745       -30.65353     1.21553    -1.95660   -29.91247
     21.895       -30.64134     1.21567    -1.95633   -29.90068
     22.045       -30.62918     1.21583    -1.95608   -29.88893
     22.195       -30.61713     1.21597    -1.95582   -29.87728
     22.345       -30.60513     1.21612    -1.95556   -29.86569
     22.495       -30.59319     1.21627    -1.95529   -29.85417
     22.645       -30.58138     1.21642    -1.95505   -29.84276
     22.795       -30.56965     1.21655    -1.95480   -29.83140
     22.945       -30.55801     1.21669    -1.95456   -29.82014
     23.095       -30.54641     1.21682    -1.95431   -29.80891
     23.245       -30.53494     1.21693    -1.95406   -29.79781
     23.395       -30.52348     1.21708    -1.95382   -29.78674
     23.545       -30.51217     1.21719    -1.95358   -29.77578
     23.695       -30.50088     1.21731    -1.95334   -29.76485
     23.845       -30.48962     1.21744    -1.95311   -29.75395
     23.995       -30.47849     1.21756    -1.95287   -29.74318
     24.145       -30.46741     1.21770    -1.95264   -29.73247
     24.295       -30.45640     1.21783    -1.95240   -29.72183
     24.445       -30.44553     1.21795    -1.95218   -29.71130
     24.595       -30.43472     1.21805    -1.95195   -29.70081
     24.745       -30.42390     1.21818    -1.95173   -29.69035
     24.895       -30.41321     1.21828    -1.95151   -29.67999
     25.045       -30.40259     1.21841    -1.95129   -29.66971
     25.195       -30.39207     1.21852    -1.95107   -29.65953
     25.345       -30.38156     1.21864    -1.95085   -29.64935
     25.495       -30.37116     1.21874    -1.95064   -29.63926
     25.645       -30.36077     1.21885    -1.95042   -29.62919
     25.795       -30.35041     1.21897    -1.95021   -29.61918
     25.945       -30.34014     1.21908    -1.94999   -29.60923
     26.095       -30.32994     1.21920    -1.94979   -29.59935
     26.245       -30.31979     1.21930    -1.94957   -29.58952
     26.395       -30.30969     1.21941    -1.94936   -29.57974
     26.545       -30.29962     1.21953    -1.94916   -29.56999
     26.695       -30.28966     1.21963    -1.94895   -29.56034
     26.845       -30.27972     1.21975    -1.94874   -29.55072
     26.995       -30.26986     1.21987    -1.94855   -29.54119
     27.145       -30.26010     1.21998    -1.94835   -29.53173
     27.295       -30.25039     1.22007    -1.94816   -29.52230
     27.445       -30.24072     1.22017    -1.94796   -29.51293
     27.595       -30.23110     1.22027    -1.94776   -29.50361
     27.745       -30.22153     1.22036    -1.94757   -29.49433
     27.895       -30.21206     1.22044    -1.94737   -29.48513
     28.045       -30.20261     1.22053    -1.94717   -29.47597
     28.195       -30.19320     1.22064    -1.94699   -29.46685
     28.345       -30.18385     1.22073    -1.94680   -29.45778
     28.495       -30.17450     1.22085    -1.94661   -29.44874
     28.645       -30.16530     1.22094    -1.94643   -29.43981
     28.795       -30.15611     1.22104    -1.94624   -29.43091
     28.945       -30.14696     1.22113    -1.94605   -29.42204
     29.095       -30.13786     1.22122    -1.94587   -29.41320
     29.245       -30.12878     1.22131    -1.94569   -29.40440
     29.395       -30.11975     1.22140    -1.94550   -29.39565
     29.545       -30.11084     1.22147    -1.94532   -29.38699
     29.695       -30.10191     1.22157    -1.94514   -29.37835
     29.845       -30.09306     1.22166    -1.94496   -29.36976
     29.995       -30.08421     1.22176    -1.94478   -29.36118
     30.145       -30.07544     1.22185    -1.94461   -29.35268
     35.794       -29.49742     1.22706    -1.93321   -28.79127
     49.810       -28.92813     1.23167    -1.92233   -28.23747
     69.316       -28.36890     1.23582    -1.91179   -27.69293
     96.460       -27.82103     1.23970    -1.90162   -27.15911
     134.23       -27.28558     1.24340    -1.89172   -26.63725
     186.80       -26.76225     1.24704    -1.88208   -26.12721
     259.95       -26.25231     1.25054    -1.87269   -25.63016
     361.74       -25.75573     1.25401    -1.86357   -25.14617
     503.40       -25.27243     1.25751    -1.85466   -24.67528
     700.53       -24.80274     1.26090    -1.84596   -24.21767
     974.85       -24.34643     1.26436    -1.83758   -23.77321
     1356.6       -23.90314     1.26780    -1.82941   -23.34154
     1887.8       -23.47251     1.27125    -1.82150   -22.92226
     2627.1       -23.05418     1.27473    -1.81378   -22.51513
     3655.9       -22.64797     1.27816    -1.80628   -22.11985
     5087.5       -22.25381     1.28162    -1.79901   -21.73641
     7079.7       -21.87152     1.28502    -1.79196   -21.36458
     9852.1       -21.50117     1.28835    -1.78513   -21.00440
     13710.       -21.14300     1.29160    -1.77848   -20.65611
     19079.       -20.79639     1.29487    -1.77203   -20.31923
     26550.       -20.46153     1.29803    -1.76578   -19.99377
     36947.       -20.13895     1.30111    -1.75972   -19.68035
     51416.       -19.82908     1.30407    -1.75389   -19.37926
     71550.       -19.53189     1.30692    -1.74824   -19.09057
     99568.       -19.24657     1.30970    -1.74281   -18.81345
    0.13856E+06   -18.97364     1.31231    -1.73761   -18.54835
    0.19282E+06   -18.71281     1.31487    -1.73259   -18.29509
    0.26832E+06   -18.46378     1.31737    -1.72777   -18.05338
    0.37340E+06   -18.22621     1.31972    -1.72317   -17.82276
    0.51962E+06   -17.99901     1.32198    -1.71877   -17.60222
    0.72310E+06   -17.78149     1.32415    -1.71455   -17.39110
    0.10063E+07   -17.57388     1.32620    -1.71055   -17.18953
    0.14003E+07   -17.37609     1.32819    -1.70669   -16.99759
    0.19487E+07   -17.18774     1.33008    -1.70301   -16.81482
    0.27118E+07   -17.00820     1.33188    -1.69950   -16.64058
    0.37737E+07   -16.83704     1.33359    -1.69615   -16.47448
    0.52514E+07   -16.67422     1.33526    -1.69295   -16.31653
    0.73079E+07   -16.51914     1.33683    -1.68989   -16.16607
    0.10170E+08   -16.37160     1.33835    -1.68698   -16.02298
    0.14152E+08   -16.23125     1.33977    -1.68422   -15.88681
    0.19694E+08   -16.09770     1.34112    -1.68158   -15.75725
    0.27406E+08   -15.97074     1.34239    -1.67907   -15.63407
    0.38138E+08   -15.85039     1.34362    -1.67667   -15.51734
    0.53073E+08   -15.73681     1.34477    -1.67439   -15.40720
    0.73856E+08   -15.62952     1.34586    -1.67220   -15.30319
    0.10278E+09   -15.52862     1.34690    -1.67016   -15.20536
    0.14302E+09   -15.43418     1.34788    -1.66824   -15.11382
    0.19903E+09   -15.34663     1.34879    -1.66643   -15.02900
    0.27697E+09   -15.26582     1.34965    -1.66472   -14.95076
    0.38543E+09   -15.19217     1.35045    -1.66310   -14.87952
    0.53637E+09   -15.12495     1.35119    -1.66162   -14.81453
    0.74641E+09   -15.06328     1.35187    -1.66026   -14.75489
    0.10387E+10   -15.00659     1.35251    -1.65903   -14.70007
    0.14454E+10   -14.95438     1.35309    -1.65789   -14.64958
    0.20115E+10   -14.90629     1.35364    -1.65685   -14.60308
    0.27992E+10   -14.86199     1.35415    -1.65590   -14.56024
    0.38953E+10   -14.82128     1.35462    -1.65502   -14.52088
    0.54207E+10   -14.78375     1.35506    -1.65421   -14.48461
    0.75434E+10   -14.74911     1.35546    -1.65346   -14.45111
    0.10497E+11   -14.71722     1.35585    -1.65276   -14.42031
    0.14608E+11   -14.68783     1.35621    -1.65213   -14.39192
    0.20329E+11   -14.66077     1.35653    -1.65154   -14.36576
    0.28289E+11   -14.63584     1.35684    -1.65100   -14.34168
    0.39367E+11   -14.61285     1.35713    -1.65051   -14.31947
    0.54783E+11   -14.59170     1.35739    -1.65006   -14.29903
    0.10000E+12   -14.34467     1.36066    -1.64475   -14.06058
