    -44.945         0.00000     0.00000     0.00000     0.00000
    -44.795         0.00000     0.00000     0.00000     0.00000
    -44.645         0.00000     0.00000     0.00000     0.00000
    -44.495         0.00000     0.00000     0.00000     0.00000
    -44.345         0.00000     0.00000     0.00000     0.00000
    -44.195         0.00000     0.00000     0.00000     0.00000
    -44.045         0.00000     0.00000     0.00000     0.00000
    -43.895         0.00000     0.00000     0.00000     0.00000
    -43.745         0.00000     0.00000     0.00000     0.00000
    -43.595         0.00000     0.00000     0.00000     0.00000
    -43.445         0.00000     0.00000     0.00000     0.00000
    -43.295         0.00000     0.00000     0.00000     0.00000
    -43.145         0.00000     0.00000     0.00000     0.00000
    -42.995         0.00000     0.00000     0.00000     0.00000
    -42.845         0.00000     0.00000     0.00000     0.00000
    -42.695         0.00000     0.00000     0.00000     0.00000
    -42.545         0.00000     0.00000     0.00000     0.00000
    -42.395         0.00000     0.00000     0.00000     0.00000
    -42.245         0.00000     0.00000     0.00000     0.00000
    -42.095         0.00000     0.00000     0.00000     0.00000
    -41.945         0.00000     0.00000     0.00000     0.00000
    -41.795         0.00000     0.00000     0.00000     0.00000
    -41.645         0.00000     0.00000     0.00000     0.00000
    -41.495         0.00000     0.00000     0.00000     0.00000
    -41.345         0.00000     0.00000     0.00000     0.00000
    -41.195         0.00000     0.00000     0.00000     0.00000
    -41.045         0.00000     0.00000     0.00000     0.00000
    -40.895         0.00000     0.00000     0.00000     0.00000
    -40.745         0.00000     0.00000     0.00000     0.00000
    -40.595         0.00000     0.00000     0.00000     0.00000
    -40.445         0.00000     0.00000     0.00000     0.00000
    -40.295         0.00000     0.00000     0.00000     0.00000
    -40.145         0.00000     0.00000     0.00000     0.00000
    -39.995         0.00000     0.00000     0.00000     0.00000
    -39.845         0.00000     0.00000     0.00000     0.00000
    -39.695         0.00000     0.00000     0.00000     0.00000
    -39.545         0.00000     0.00000     0.00000     0.00000
    -39.395         0.00000     0.00000     0.00000     0.00000
    -39.245         0.00000     0.00000     0.00000     0.00000
    -39.095         0.00000     0.00000     0.00000     0.00000
    -38.945         0.00000     0.00000     0.00000     0.00000
    -38.795         0.00000     0.00000     0.00000     0.00000
    -38.645         0.00000     0.00000     0.00000     0.00000
    -38.495         0.00000     0.00000     0.00000     0.00000
    -38.345         0.00000     0.00000     0.00000     0.00000
    -38.195         0.00000     0.00000     0.00000     0.00000
    -38.045         0.00000     0.00000     0.00000     0.00000
    -37.895         0.00000     0.00000     0.00000     0.00000
    -37.745         0.00000     0.00000     0.00000     0.00000
    -37.595         0.00000     0.00000     0.00000     0.00000
    -37.445         0.00000     0.00000     0.00000     0.00000
    -37.295         0.00000     0.00000     0.00000     0.00000
    -37.145         0.00000     0.00000     0.00000     0.00000
    -36.995         0.00000     0.00000     0.00000     0.00000
    -36.845         0.00000     0.00000     0.00000     0.00000
    -36.695         0.00000     0.00000     0.00000     0.00000
    -36.545         0.00000     0.00000     0.00000     0.00000
    -36.395         0.00000     0.00000     0.00000     0.00000
    -36.245         0.00000     0.00000     0.00000     0.00000
    -36.095         0.00000     0.00000     0.00000     0.00000
    -35.945         0.00000     0.00000     0.00000     0.00000
    -35.795         0.00000     0.00000     0.00000     0.00000
    -35.645         0.00000     0.00000     0.00000     0.00000
    -35.495         0.00000     0.00000     0.00000     0.00000
    -35.345         0.00000     0.00000     0.00000     0.00000
    -35.195         0.00000     0.00000     0.00000     0.00000
    -35.045         0.00000     0.00000     0.00000     0.00000
    -34.895         0.00000     0.00000     0.00000     0.00000
    -34.745         0.00000     0.00000     0.00000     0.00000
    -34.595         0.00000     0.00000     0.00000     0.00000
    -34.445         0.00000     0.00000     0.00000     0.00000
    -34.295         0.00000     0.00000     0.00000     0.00000
    -34.145         0.00000     0.00000     0.00000     0.00000
    -33.995         0.00000     0.00000     0.00000     0.00000
    -33.845         0.00000     0.00000     0.00000     0.00000
    -33.695         0.00000     0.00000     0.00000     0.00000
    -33.545         0.00000     0.00000     0.00000     0.00000
    -33.395        -0.00000    -0.00000     0.00000     0.00000
    -33.245        -0.00000    -0.00000     0.00000     0.00000
    -33.095        -0.00000    -0.00000     0.00000     0.00000
    -32.945        -0.00000    -0.00000     0.00000     0.00000
    -32.795        -0.00000    -0.00000     0.00000     0.00000
    -32.645        -0.00000    -0.00000     0.00000     0.00000
    -32.495        -0.00000    -0.00000     0.00000     0.00000
    -32.345        -0.00000    -0.00000     0.00000     0.00000
    -32.195        -0.00000    -0.00000     0.00000     0.00000
    -32.045        -0.00000    -0.00000     0.00000     0.00000
    -31.895        -0.00000    -0.00000     0.00000     0.00000
    -31.745        -0.00000    -0.00000     0.00000     0.00000
    -31.595        -0.00000    -0.00000     0.00000     0.00000
    -31.445        -0.00000    -0.00000     0.00000     0.00000
    -31.295        -0.00000    -0.00000     0.00000     0.00000
    -31.145        -0.00000    -0.00000     0.00000     0.00000
    -30.995        -0.00000    -0.00000     0.00000     0.00000
    -30.845        -0.00000    -0.00000     0.00000     0.00000
    -30.695        -0.00000    -0.00000     0.00000     0.00000
    -30.545        -0.00000    -0.00000     0.00000     0.00000
    -30.395        -0.00001    -0.00001     0.00000     0.00000
    -30.245        -0.00001    -0.00001     0.00000     0.00000
    -30.095        -0.00001    -0.00001     0.00000     0.00000
    -29.945        -0.00001    -0.00001     0.00000     0.00000
    -29.795        -0.00001    -0.00001     0.00000     0.00000
    -29.645        -0.00001    -0.00001     0.00000     0.00000
    -29.495        -0.00001    -0.00001     0.00000     0.00000
    -29.345        -0.00001    -0.00001     0.00000     0.00000
    -29.195        -0.00002    -0.00002     0.00000     0.00000
    -29.045        -0.00002    -0.00002     0.00000     0.00000
    -28.895        -0.00002    -0.00002     0.00000     0.00000
    -28.745        -0.00002    -0.00002     0.00000     0.00000
    -28.595        -0.00003    -0.00003     0.00000     0.00000
    -28.445        -0.00003    -0.00003     0.00000     0.00000
    -28.295        -0.00003    -0.00003     0.00000     0.00000
    -28.145        -0.00003    -0.00003     0.00000     0.00000
    -27.995        -0.00004    -0.00004     0.00000     0.00000
    -27.845        -0.00004    -0.00004     0.00000     0.00000
    -27.695        -0.00005    -0.00005     0.00000     0.00000
    -27.545        -0.00005    -0.00005     0.00000     0.00000
    -27.395        -0.00006    -0.00006     0.00000     0.00000
    -27.245        -0.00006    -0.00006     0.00000     0.00000
    -27.095        -0.00007    -0.00007     0.00000     0.00000
    -26.945        -0.00007    -0.00007     0.00000     0.00000
    -26.795        -0.00008    -0.00008     0.00000     0.00000
    -26.645        -0.00009    -0.00009     0.00000     0.00000
    -26.495        -0.00009    -0.00009     0.00000     0.00000
    -26.345        -0.00010    -0.00010     0.00000     0.00000
    -26.195        -0.00011    -0.00011     0.00000     0.00000
    -26.045        -0.00012    -0.00012     0.00000     0.00000
    -25.895        -0.00014    -0.00014     0.00000     0.00000
    -25.745        -0.00015    -0.00015     0.00000     0.00000
    -25.595        -0.00016    -0.00016     0.00000     0.00000
    -25.445        -0.00017    -0.00017     0.00000     0.00000
    -25.295        -0.00019    -0.00019     0.00000     0.00000
    -25.145        -0.00020    -0.00020     0.00000     0.00000
    -24.995        -0.00022    -0.00022     0.00000     0.00000
    -24.845        -0.00024    -0.00024     0.00000     0.00000
    -24.695        -0.00025    -0.00025     0.00000     0.00000
    -24.545        -0.00027    -0.00027     0.00000     0.00000
    -24.395        -0.00029    -0.00029     0.00000     0.00000
    -24.245        -0.00031    -0.00031     0.00000     0.00000
    -24.095        -0.00033    -0.00033     0.00000     0.00000
    -23.945        -0.00036    -0.00036     0.00000     0.00000
    -23.795        -0.00038    -0.00038     0.00000     0.00000
    -23.645        -0.00040    -0.00040     0.00000     0.00000
    -23.495        -0.00042    -0.00042     0.00000     0.00000
    -23.345        -0.00045    -0.00045     0.00000     0.00000
    -23.195        -0.00048    -0.00048     0.00000     0.00000
    -23.045        -0.00051    -0.00051     0.00000     0.00000
    -22.895        -0.00054    -0.00054     0.00000     0.00000
    -22.745        -0.00057    -0.00057     0.00000     0.00000
    -22.595        -0.00060    -0.00060     0.00000     0.00000
    -22.445        -0.00064    -0.00064     0.00000     0.00000
    -22.295        -0.00067    -0.00067     0.00000     0.00000
    -22.145        -0.00071    -0.00071     0.00000     0.00000
    -21.995        -0.00075    -0.00075     0.00000     0.00000
    -21.845        -0.00079    -0.00079     0.00000     0.00000
    -21.695        -0.00083    -0.00083     0.00000     0.00000
    -21.545        -0.00087    -0.00087     0.00000     0.00000
    -21.395        -0.00093    -0.00093    -0.00000     0.00000
    -21.245        -0.00097    -0.00097    -0.00000     0.00000
    -21.095        -0.00103    -0.00103    -0.00000     0.00000
    -20.945        -0.00107    -0.00107    -0.00000     0.00000
    -20.795        -0.00112    -0.00112    -0.00000     0.00000
    -20.645        -0.00118    -0.00118    -0.00000     0.00000
    -20.495        -0.00124    -0.00124    -0.00000     0.00000
    -20.345        -0.00130    -0.00130     0.00000     0.00000
    -20.195        -0.00136    -0.00136    -0.00000     0.00000
    -20.045        -0.00144    -0.00144    -0.00000     0.00000
    -19.895        -0.00151    -0.00151    -0.00000     0.00000
    -19.745        -0.00157    -0.00157     0.00000     0.00000
    -19.595        -0.00164    -0.00164     0.00000     0.00000
    -19.445        -0.00171    -0.00171    -0.00000     0.00000
    -19.295        -0.00223    -0.00179    -0.00044     0.00000
    -19.145        -0.00231    -0.00187    -0.00044     0.00000
    -18.995        -0.00283    -0.00194    -0.00089     0.00000
    -18.845        -0.00292    -0.00203    -0.00089     0.00000
    -18.695        -0.00300    -0.00211    -0.00088     0.00000
    -18.545        -0.00515    -0.00337    -0.00178     0.00000
    -18.395        -0.00617    -0.00347    -0.00270     0.00000
    -18.245        -0.00675    -0.00357    -0.00318     0.00000
    -18.095        -0.00780    -0.00366    -0.00414     0.00000
    -17.945        -0.00888    -0.00376    -0.00512     0.00000
    -17.795        -0.01126    -0.00387    -0.00739     0.00000
    -17.645        -0.01287    -0.00399    -0.00888     0.00000
    -17.495        -0.01745    -0.00410    -0.01335     0.00000
    -17.345        -0.01877    -0.00420    -0.01456     0.00000
    -17.195        -0.02271    -0.00433    -0.01838     0.00000
    -17.045        -0.02465    -0.00444    -0.02021     0.00000
    -16.895        -0.02718    -0.00456    -0.02261     0.00000
    -16.745        -0.03105    -0.00469    -0.02636     0.00000
    -16.595        -0.03835    -0.00483    -0.03352     0.00000
    -16.445        -0.04374    -0.00497    -0.03877     0.00000
    -16.295        -0.04808    -0.00508    -0.04299     0.00000
    -16.145        -0.05492    -0.00521    -0.04971     0.00000
    -15.995        -0.06053    -0.00665    -0.05387     0.00000
    -15.845        -0.06695    -0.00679    -0.06015     0.00000
    -15.695        -0.07314    -0.00695    -0.06619     0.00000
    -15.545        -0.07913    -0.00712    -0.07201     0.00000
    -15.395        -0.08635    -0.00727    -0.07909     0.00000
    -15.245        -0.09292    -0.00742    -0.08551     0.00000
    -15.095        -0.10151    -0.00758    -0.09394     0.00000
    -14.945        -0.10947    -0.00773    -0.10174     0.00000
    -14.795        -0.11643    -0.00788    -0.10855     0.00000
    -14.645        -0.12349    -0.00805    -0.11544     0.00000
    -14.495        -0.13210    -0.00822    -0.12388     0.00000
    -14.345        -0.14011    -0.00840    -0.13171     0.00000
    -14.195        -0.14772    -0.00856    -0.13917     0.00000
    -14.045        -0.15724    -0.01081    -0.14643     0.00000
    -13.895        -0.16755    -0.01236    -0.15518     0.00000
    -13.745        -0.17586    -0.01257    -0.16330     0.00000
    -13.595        -0.18491    -0.01276    -0.17215     0.00000
    -13.445        -0.19478    -0.01505    -0.17973     0.00000
    -13.295        -0.20428    -0.01525    -0.18903     0.00000
    -13.145        -0.21428    -0.01756    -0.19672     0.00000
    -12.995        -0.22459    -0.01913    -0.20546     0.00000
    -12.845        -0.23140    -0.01935    -0.21205     0.00000
    -12.695        -0.24246    -0.02093    -0.22153     0.00000
    -12.545        -0.25324    -0.02251    -0.23073     0.00000
    -12.395        -0.26521    -0.02491    -0.24030     0.00000
    -12.245        -0.27941    -0.02735    -0.25206     0.00000
    -12.095        -0.28943    -0.02898    -0.26046     0.00000
    -11.945        -0.29806    -0.02920    -0.26885     0.00000
    -11.795        -0.30909    -0.03083    -0.27826     0.00000
    -11.645        -0.32088    -0.03247    -0.28841     0.00000
    -11.495        -0.33161    -0.03499    -0.29662     0.00000
    -11.345        -0.34464    -0.03940    -0.30523     0.00000
    -11.195        -0.35655    -0.04196    -0.31459     0.00000
    -11.045        -0.36939    -0.04577    -0.32362     0.00000
    -10.895        -0.38110    -0.04840    -0.33270     0.00000
    -10.745        -0.39361    -0.05108    -0.34253     0.00000
    -10.595        -0.40283    -0.05275    -0.35008    -0.00000
    -10.445        -0.41330    -0.05688    -0.35642    -0.00000
    -10.295        -0.42496    -0.05964    -0.36532    -0.00000
    -10.145        -0.43472    -0.06243    -0.37229    -0.00000
    -9.9950        -0.45193    -0.06793    -0.38331    -0.00069
    -9.8450        -0.46642    -0.07170    -0.39273    -0.00199
    -9.6950        -0.48297    -0.07692    -0.40134    -0.00471
    -9.5450        -0.50330    -0.08340    -0.40994    -0.00996
    -9.3950        -0.52742    -0.08728    -0.41903    -0.02111
    -9.2450        -0.56055    -0.09208    -0.42767    -0.04081
    -9.0950        -0.60364    -0.09689    -0.43798    -0.06877
    -8.9450        -0.66195    -0.10325    -0.44492    -0.11378
    -8.7950        -0.74932    -0.11203    -0.45763    -0.17966
    -8.6450        -0.85592    -0.11989    -0.46878    -0.26725
    -8.4950        -0.99575    -0.12840    -0.48135    -0.38601
    -8.3450        -1.17425    -0.13636    -0.49480    -0.54309
    -8.1950        -1.38677    -0.14500    -0.50740    -0.73437
    -8.0450        -1.64142    -0.15531    -0.52322    -0.96290
    -7.8950        -1.94456    -0.16756    -0.53917    -1.23783
    -7.7450        -2.30054    -0.18311    -0.55646    -1.56097
    -7.5950        -2.70646    -0.19452    -0.57509    -1.93685
    -7.4450        -3.16240    -0.20245    -0.59498    -2.36498
    -7.2950        -3.66980    -0.21763    -0.61350    -2.83867
    -7.1450        -4.22486    -0.22849    -0.63292    -3.36344
    -6.9950        -4.81606    -0.24596    -0.65413    -3.91597
    -6.8450        -5.43298    -0.25961    -0.67527    -4.49810
    -6.6950        -6.07204    -0.27779    -0.69801    -5.09623
    -6.5450        -6.72308    -0.29627    -0.72216    -5.70465
    -6.3950        -7.36773    -0.31620    -0.75108    -6.30045
    -6.2450        -7.98437    -0.33281    -0.77836    -6.87320
    -6.0950        -8.60641    -0.35486    -0.80891    -7.44264
    -5.9450        -9.23348    -0.37573    -0.84078    -8.01697
    -5.7950        -9.85062    -0.39881    -0.87570    -8.57611
    -5.6450       -10.45884    -0.42455    -0.91079    -9.12351
    -5.4950       -11.04684    -0.44848    -0.95110    -9.64727
    -5.3450       -11.60568    -0.47507    -0.98990   -10.14071
    -5.1950       -12.15716    -0.50293    -1.03529   -10.61894
    -5.0450       -12.69394    -0.53276    -1.07931   -11.08188
    -4.8950       -13.20007    -0.56411    -1.12442   -11.51154
    -4.7450       -13.70997    -0.59976    -1.17562   -11.93459
    -4.5950       -14.20921    -0.63703    -1.22752   -12.34466
    -4.4450       -14.72539    -0.67635    -1.28445   -12.76459
    -4.2950       -15.24457    -0.72103    -1.34081   -13.18273
    -4.1450       -15.76906    -0.76881    -1.40083   -13.59942
    -3.9950       -16.30746    -0.82105    -1.46302   -14.02339
    -3.8450       -16.86850    -0.87697    -1.52960   -14.46194
    -3.6950       -17.44919    -0.93534    -1.59867   -14.91518
    -3.5450       -18.03296    -1.00234    -1.66844   -15.36218
    -3.3950       -18.65173    -1.07539    -1.74724   -15.82910
    -3.2450       -19.28986    -1.15113    -1.82851   -16.31022
    -3.0950       -19.96022    -1.23298    -1.91644   -16.81080
    -2.9450       -20.65411    -1.31653    -2.00775   -17.32983
    -2.7950       -21.37977    -1.40635    -2.10300   -17.87042
    -2.6450       -22.14240    -1.49949    -2.20680   -18.43610
    -2.4950       -22.95132    -1.60078    -2.31367   -19.03688
    -2.3450       -23.83101    -1.70966    -2.42861   -19.69274
    -2.1950       -24.81227    -1.82620    -2.55765   -20.42841
    -2.0450       -25.90547    -1.95281    -2.69983   -21.25283
    -1.8950       -27.13416    -2.08966    -2.85366   -22.19084
    -1.7450       -28.53169    -2.24389    -3.02189   -23.26590
    -1.5950       -30.12455    -2.41138    -3.21120   -24.50197
    -1.4450       -31.90936    -2.59359    -3.42027   -25.89551
    -1.2950       -33.90742    -2.79158    -3.65524   -27.46060
    -1.1450       -36.11617    -3.00735    -3.92124   -29.18757
   -0.99500       -38.56276    -3.25000    -4.23662   -31.07614
   -0.84500       -41.25931    -3.51974    -4.60543   -33.13414
   -0.69500       -44.26873    -3.82432    -5.04284   -35.40157
   -0.54500       -47.77894    -4.18307    -5.54026   -38.05561
   -0.39500       -52.14201    -4.59800    -6.08120   -41.46280
   -0.25300       -55.67052    -4.86475    -6.41109   -44.39468
   -0.21500       -55.91734    -4.88033    -6.42897   -44.60804
   -0.20900       -56.17029    -4.89571    -6.44663   -44.82794
   -0.20300       -56.42716    -4.91090    -6.46390   -45.05236
   -0.19700       -56.69029    -4.92576    -6.48072   -45.28381
   -0.19100       -56.95826    -4.93989    -6.49709   -45.52129
   -0.18500       -57.23258    -4.95395    -6.51310   -45.76553
   -0.17900       -57.51466    -4.96770    -6.52840   -46.01856
   -0.17300       -57.80416    -4.98109    -6.54326   -46.27981
   -0.16700       -58.10342    -4.99412    -6.55794   -46.55136
   -0.16100       -58.41083    -5.00693    -6.57222   -46.83169
   -0.15500       -58.72803    -5.01963    -6.58622   -47.12218
   -0.14900       -59.05805    -5.03201    -6.59973   -47.42631
   -0.14300       -59.39962    -5.04362    -6.61240   -47.74360
   -0.13700       -59.75314    -5.05516    -6.62459   -48.07339
   -0.13100       -60.12259    -5.06637    -6.63627   -48.41995
   -0.12500       -60.50782    -5.07693    -6.64764   -48.78326
   -0.11900       -60.91032    -5.08729    -6.65828   -49.16476
   -0.11300       -61.33301    -5.09706    -6.66875   -49.56721
   -0.10700       -61.77744    -5.10641    -6.67843   -49.99260
   -0.10100       -62.24397    -5.11528    -6.68778   -50.44091
   -0.95000E-01   -62.73739    -5.12381    -6.69660   -50.91698
   -0.89000E-01   -63.25771    -5.13184    -6.70491   -51.42097
   -0.83000E-01   -63.80982    -5.13926    -6.71273   -51.95783
   -0.77000E-01   -64.39453    -5.14622    -6.71982   -52.52850
   -0.71000E-01   -65.01809    -5.15268    -6.72635   -53.13906
   -0.65000E-01   -65.67924    -5.15872    -6.73233   -53.78819
   -0.59000E-01   -66.38416    -5.16417    -6.73788   -54.48211
   -0.53000E-01   -67.13864    -5.16908    -6.74285   -55.22672
   -0.47000E-01   -67.94503    -5.17356    -6.74735   -56.02412
   -0.41000E-01   -68.81546    -5.17748    -6.75115   -56.88683
   -0.35000E-01   -69.75553    -5.18079    -6.75447   -57.82027
   -0.29000E-01   -70.75847    -5.18352    -6.75716   -58.81779
   -0.23000E-01   -71.78391    -5.18568    -6.75932   -59.83892
   -0.19700E-01   -71.88408    -5.18587    -6.75951   -59.93869
   -0.19100E-01   -71.98318    -5.18604    -6.75969   -60.03745
   -0.18500E-01   -72.08125    -5.18621    -6.75986   -60.13518
   -0.17900E-01   -72.17834    -5.18637    -6.76003   -60.23194
   -0.17300E-01   -72.27420    -5.18653    -6.76018   -60.32749
   -0.16700E-01   -72.36851    -5.18669    -6.76034   -60.42148
   -0.16100E-01   -72.46108    -5.18683    -6.76050   -60.51375
   -0.15500E-01   -72.55176    -5.18698    -6.76065   -60.60412
   -0.14900E-01   -72.64037    -5.18714    -6.76080   -60.69244
   -0.14300E-01   -72.72683    -5.18728    -6.76093   -60.77862
   -0.13700E-01   -72.81080    -5.18741    -6.76106   -60.86232
   -0.13100E-01   -72.89199    -5.18754    -6.76118   -60.94327
   -0.12500E-01   -72.97038    -5.18766    -6.76130   -61.02142
   -0.11900E-01   -73.04596    -5.18778    -6.76141   -61.09677
   -0.11300E-01   -73.11863    -5.18788    -6.76152   -61.16923
   -0.10700E-01   -73.18807    -5.18798    -6.76163   -61.23846
   -0.10100E-01   -73.25433    -5.18808    -6.76173   -61.30452
   -0.95000E-02   -73.31717    -5.18817    -6.76182   -61.36718
   -0.89000E-02   -73.37649    -5.18825    -6.76190   -61.42634
   -0.83000E-02   -73.43227    -5.18833    -6.76198   -61.48196
   -0.77000E-02   -73.48438    -5.18840    -6.76206   -61.53392
   -0.71000E-02   -73.53280    -5.18847    -6.76213   -61.58221
   -0.65000E-02   -73.57732    -5.18853    -6.76219   -61.62661
   -0.59000E-02   -73.61797    -5.18858    -6.76224   -61.66714
   -0.53000E-02   -73.65467    -5.18863    -6.76229   -61.70374
   -0.47000E-02   -73.68736    -5.18868    -6.76234   -61.73634
   -0.41000E-02   -73.71599    -5.18871    -6.76238   -61.76490
   -0.35000E-02   -73.74049    -5.18875    -6.76241   -61.78933
   -0.29000E-02   -73.76092    -5.18878    -6.76244   -61.80970
   -0.23000E-02   -73.77714    -5.18880    -6.76246   -61.82588
   -0.17000E-02   -73.78916    -5.18881    -6.76248   -61.83786
   -0.11000E-02   -73.79696    -5.18882    -6.76249   -61.84565
   -0.50000E-03   -73.80054    -5.18883    -6.76249   -61.84922
    0.10000E-03   -73.79989    -5.18883    -6.76249   -61.84857
    0.70000E-03   -73.79499    -5.18882    -6.76249   -61.84368
    0.13000E-02   -73.78590    -5.18881    -6.76247   -61.83461
    0.19000E-02   -73.77259    -5.18879    -6.76246   -61.82134
    0.25000E-02   -73.75506    -5.18877    -6.76243   -61.80386
    0.31000E-02   -73.73340    -5.18874    -6.76240   -61.78225
    0.37000E-02   -73.70768    -5.18871    -6.76237   -61.75661
    0.43000E-02   -73.67779    -5.18867    -6.76233   -61.72680
    0.49000E-02   -73.64391    -5.18862    -6.76228   -61.69301
    0.55000E-02   -73.60611    -5.18857    -6.76222   -61.65532
    0.61000E-02   -73.56426    -5.18852    -6.76217   -61.61358
    0.67000E-02   -73.51867    -5.18845    -6.76210   -61.56811
    0.73000E-02   -73.46929    -5.18839    -6.76204   -61.51886
    0.79000E-02   -73.41612    -5.18831    -6.76196   -61.46584
    0.85000E-02   -73.35944    -5.18823    -6.76188   -61.40934
    0.91000E-02   -73.29926    -5.18814    -6.76179   -61.34933
    0.97000E-02   -73.23556    -5.18805    -6.76170   -61.28581
    0.10300E-01   -73.16859    -5.18795    -6.76160   -61.21904
    0.10900E-01   -73.09846    -5.18785    -6.76149   -61.14911
    0.11500E-01   -73.02532    -5.18774    -6.76139   -61.07619
    0.12100E-01   -72.94925    -5.18762    -6.76127   -61.00036
    0.12700E-01   -72.87014    -5.18751    -6.76114   -60.92149
    0.13300E-01   -72.78830    -5.18738    -6.76101   -60.83991
    0.13900E-01   -72.70419    -5.18725    -6.76087   -60.75607
    0.14500E-01   -72.61755    -5.18713    -6.76074   -60.66969
    0.15100E-01   -72.52870    -5.18699    -6.76059   -60.58113
    0.15700E-01   -72.43773    -5.18683    -6.76044   -60.49045
    0.16300E-01   -72.34518    -5.18667    -6.76028   -60.39823
    0.16900E-01   -72.25071    -5.18652    -6.76012   -60.30407
    0.17500E-01   -72.15496    -5.18638    -6.75995   -60.20864
    0.18100E-01   -72.05754    -5.18621    -6.75978   -60.11156
    0.18700E-01   -71.95918    -5.18603    -6.75959   -60.01356
    0.19300E-01   -71.85984    -5.18585    -6.75940   -59.91459
    0.20200E-01   -71.46687    -5.18509    -6.75863   -59.52316
    0.25000E-01   -70.44168    -5.18276    -6.75620   -58.50272
    0.31000E-01   -69.45650    -5.17985    -6.75323   -57.52343
    0.37000E-01   -68.53881    -5.17637    -6.74963   -56.61281
    0.43000E-01   -67.69026    -5.17232    -6.74556   -55.77238
    0.49000E-01   -66.90154    -5.16776    -6.74089   -54.99289
    0.55000E-01   -66.16694    -5.16247    -6.73556   -54.26890
    0.61000E-01   -65.48029    -5.15674    -6.72977   -53.59378
    0.67000E-01   -64.83910    -5.15056    -6.72352   -52.96501
    0.73000E-01   -64.23983    -5.14373    -6.71678   -52.37932
    0.79000E-01   -63.67829    -5.13622    -6.70945   -51.83263
    0.85000E-01   -63.15261    -5.12825    -6.70144   -51.32292
    0.91000E-01   -62.65861    -5.11984    -6.69303   -50.84574
    0.97000E-01   -62.19549    -5.11090    -6.68415   -50.40045
    0.10300       -61.76069    -5.10151    -6.67497   -49.98421
    0.10900       -61.35218    -5.09142    -6.66500   -49.59577
    0.11500       -60.96665    -5.08102    -6.65483   -49.23080
    0.12100       -60.60222    -5.07002    -6.64419   -48.88802
    0.12700       -60.25735    -5.05863    -6.63320   -48.56553
    0.13300       -59.92923    -5.04660    -6.62191   -48.26072
    0.13900       -59.61545    -5.03406    -6.61010   -47.97129
    0.14500       -59.31869    -5.02104    -6.59818   -47.69948
    0.15100       -59.03538    -5.00756    -6.58573   -47.44210
    0.15700       -58.76279    -4.99366    -6.57315   -47.19597
    0.16300       -58.50214    -4.97915    -6.55996   -46.96303
    0.16900       -58.25101    -4.96407    -6.54640   -46.74054
    0.17500       -58.00851    -4.94850    -6.53247   -46.52754
    0.18100       -57.77494    -4.93230    -6.51820   -46.32443
    0.18700       -57.54867    -4.91568    -6.50402   -46.12897
    0.19300       -57.32855    -4.89911    -6.48971   -45.93973
    0.19900       -57.11468    -4.88195    -6.47493   -45.75780
    0.20500       -56.90783    -4.86459    -6.46001   -45.58324
    0.21100       -56.70529    -4.84690    -6.44447   -45.41392
    0.21700       -56.50923    -4.82849    -6.42923   -45.25150
    0.29500       -52.49346    -4.30522    -6.00815   -42.18009
    0.44500       -49.80187    -3.77576    -5.60328   -40.42282
    0.59500       -47.80221    -3.30367    -5.26028   -39.23825
    0.74500       -46.20271    -2.90166    -4.96804   -38.33301
    0.89500       -44.88076    -2.57281    -4.71487   -37.59308
     1.0450       -43.75680    -2.29017    -4.49797   -36.96866
     1.1950       -42.78331    -2.04381    -4.30672   -36.43278
     1.3450       -41.92975    -1.82388    -4.13685   -35.96902
     1.4950       -41.17433    -1.62482    -3.98385   -35.56566
     1.6450       -40.51187    -1.44661    -3.84496   -35.22030
     1.7950       -39.92057    -1.28533    -3.71911   -34.91613
     1.9450       -39.38899    -1.13850    -3.60270   -34.64779
     2.0950       -38.91912    -1.00530    -3.49689   -34.41692
     2.2450       -38.48958    -0.88474    -3.40119   -34.20365
     2.3950       -38.10485    -0.77362    -3.31312   -34.01811
     2.5450       -37.75266    -0.67055    -3.22859   -33.85352
     2.6950       -37.43313    -0.57544    -3.15014   -33.70755
     2.8450       -37.14454    -0.48862    -3.07861   -33.57732
     2.9950       -36.87357    -0.40757    -3.00868   -33.45731
     3.1450       -36.62438    -0.33285    -2.94590   -33.34564
     3.2950       -36.39410    -0.26277    -2.88804   -33.24330
     3.4450       -36.18157    -0.19664    -2.83361   -33.15133
     3.5950       -35.98475    -0.13495    -2.78668   -33.06312
     3.7450       -35.79035    -0.07772    -2.73749   -32.97514
     3.8950       -35.61337    -0.02341    -2.69479   -32.89517
     4.0450       -35.45237     0.02786    -2.65800   -32.82224
     4.1950       -35.29734     0.07604    -2.62267   -32.75070
     4.3450       -35.14966     0.12107    -2.58762   -32.68312
     4.4950       -35.01081     0.16431    -2.55449   -32.62063
     4.6450       -34.87476     0.20602    -2.52203   -32.55875
     4.7950       -34.74958     0.24594    -2.49546   -32.50007
     4.9450       -34.62762     0.28438    -2.46765   -32.44435
     5.0950       -34.51639     0.32096    -2.44682   -32.39053
     5.2450       -34.40703     0.35605    -2.42480   -32.33828
     5.3950       -34.30044     0.38971    -2.40217   -32.28799
     5.5450       -34.19876     0.42237    -2.38263   -32.23850
     5.6950       -34.10304     0.45405    -2.36583   -32.19126
     5.8450       -34.01379     0.48451    -2.35289   -32.14542
     5.9950       -33.92314     0.51406    -2.33762   -32.09957
     6.1450       -33.83789     0.54163    -2.32346   -32.05607
     6.2950       -33.75607     0.56895    -2.31170   -32.01333
     6.4450       -33.67552     0.59535    -2.29997   -31.97090
     6.5950       -33.59746     0.62147    -2.28892   -31.93002
     6.7450       -33.52235     0.64652    -2.27855   -31.89033
     6.8950       -33.45193     0.67036    -2.27051   -31.85177
     7.0450       -33.38559     0.69363    -2.26523   -31.81400
     7.1950       -33.31900     0.71609    -2.25807   -31.77702
     7.3450       -33.25793     0.73794    -2.25501   -31.74086
     7.4950       -33.19937     0.75907    -2.25305   -31.70540
     7.6450       -33.13880     0.77976    -2.24788   -31.67068
     7.7950       -33.07630     0.80016    -2.23987   -31.63660
     7.9450       -33.02215     0.81933    -2.23818   -31.60330
     8.0950       -32.96830     0.83885    -2.23655   -31.57059
     8.2450       -32.91648     0.85703    -2.23499   -31.53851
     8.3950       -32.86419     0.87507    -2.23224   -31.50702
     8.5450       -32.81287     0.89278    -2.22952   -31.47613
     8.6950       -32.76260     0.90997    -2.22683   -31.44574
     8.8450       -32.71455     0.92684    -2.22551   -31.41588
     8.9950       -32.66507     0.94291    -2.22152   -31.38646
     9.1450       -32.61964     0.95834    -2.22033   -31.35766
     9.2950       -32.57458     0.97387    -2.21919   -31.32926
     9.4450       -32.53076     0.98864    -2.21808   -31.30132
     9.5950       -32.48754     1.00333    -2.21700   -31.27386
     9.7450       -32.44553     1.01725    -2.21597   -31.24680
     9.8950       -32.40517     1.02995    -2.21495   -31.22017
     10.045       -32.36613     1.04181    -2.21398   -31.19397
     10.195       -32.33146     1.04974    -2.21303   -31.16818
     10.345       -32.30096     1.05393    -2.21211   -31.14278
     10.495       -32.26618     1.06283    -2.21123   -31.11778
     10.645       -32.23246     1.07085    -2.21036   -31.09295
     10.795       -32.19913     1.07892    -2.20953   -31.06853
     10.945       -32.16414     1.08906    -2.20869   -31.04450
     11.095       -32.13709     1.09163    -2.20789   -31.02083
     11.245       -32.10856     1.09600    -2.20711   -30.99744
     11.395       -32.08214     1.09858    -2.20636   -30.97437
     11.545       -32.05160     1.10565    -2.20562   -30.95163
     11.695       -32.02404     1.11004    -2.20491   -30.92917
     11.845       -31.99407     1.11714    -2.20420   -30.90701
     11.995       -31.97103     1.11763    -2.20352   -30.88514
     12.145       -31.94828     1.11814    -2.20286   -30.86356
     12.295       -31.92582     1.11859    -2.20220   -30.84221
     12.445       -31.90371     1.11904    -2.20156   -30.82119
     12.595       -31.87962     1.12172    -2.20092   -30.80042
     12.745       -31.85805     1.12216    -2.20031   -30.77990
     12.895       -31.83667     1.12258    -2.19972   -30.75953
     13.045       -31.81555     1.12295    -2.19910   -30.73940
     13.195       -31.79470     1.12333    -2.19852   -30.71951
     13.345       -31.77413     1.12372    -2.19795   -30.69990
     13.495       -31.75377     1.12409    -2.19739   -30.68047
     13.645       -31.73369     1.12445    -2.19684   -30.66130
     13.795       -31.71384     1.12481    -2.19630   -30.64234
     13.945       -31.69414     1.12516    -2.19577   -30.62353
     14.095       -31.67472     1.12546    -2.19525   -30.60493
     14.245       -31.65555     1.12574    -2.19473   -30.58656
     14.395       -31.63655     1.12608    -2.19424   -30.56838
     14.545       -31.61784     1.12637    -2.19375   -30.55046
     14.695       -31.59935     1.12668    -2.19326   -30.53277
     14.845       -31.58089     1.12701    -2.19279   -30.51512
     14.995       -31.56271     1.12731    -2.19232   -30.49770
     15.145       -31.54470     1.12759    -2.19185   -30.48045
     15.295       -31.52686     1.12788    -2.19140   -30.46334
     15.445       -31.50923     1.12816    -2.19095   -30.44644
     15.595       -31.49179     1.12842    -2.19051   -30.42969
     15.745       -31.47455     1.12868    -2.19009   -30.41314
     15.895       -31.45747     1.12895    -2.18965   -30.39676
     16.045       -31.44056     1.12922    -2.18924   -30.38053
     16.195       -31.42378     1.12946    -2.18882   -30.36443
     16.345       -31.40712     1.12975    -2.18840   -30.34847
     16.495       -31.39069     1.12999    -2.18799   -30.33269
     16.645       -31.37437     1.13024    -2.18760   -30.31701
     16.795       -31.35820     1.13048    -2.18720   -30.30148
     16.945       -31.34223     1.13071    -2.18681   -30.28612
     17.095       -31.32638     1.13091    -2.18643   -30.27087
     17.245       -31.31067     1.13112    -2.18605   -30.25574
     17.395       -31.29505     1.13138    -2.18565   -30.24077
     17.545       -31.27957     1.13157    -2.18528   -30.22587
     17.695       -31.26425     1.13180    -2.18491   -30.21114
     17.845       -31.24911     1.13200    -2.18456   -30.19655
     17.995       -31.23407     1.13219    -2.18419   -30.18206
     18.145       -31.21916     1.13238    -2.18383   -30.16771
     18.295       -31.20436     1.13256    -2.18348   -30.15344
     18.445       -31.18967     1.13275    -2.18314   -30.13929
     18.595       -31.17517     1.13293    -2.18280   -30.12530
     18.745       -31.16083     1.13311    -2.18247   -30.11147
     18.895       -31.14657     1.13328    -2.18214   -30.09771
     19.045       -31.13238     1.13346    -2.18181   -30.08403
     19.195       -31.11836     1.13363    -2.18148   -30.07052
     19.345       -31.10437     1.13380    -2.18115   -30.05703
     19.495       -31.09058     1.13396    -2.18083   -30.04370
     19.645       -31.07685     1.13414    -2.18052   -30.03047
     19.795       -31.06328     1.13429    -2.18020   -30.01738
     19.945       -31.04977     1.13444    -2.17989   -30.00432
     20.095       -31.03640     1.13461    -2.17957   -29.99144
     20.245       -31.02313     1.13477    -2.17926   -29.97864
     20.395       -31.00995     1.13492    -2.17897   -29.96590
     20.545       -30.99689     1.13508    -2.17867   -29.95330
     20.695       -30.98391     1.13522    -2.17838   -29.94075
     20.845       -30.97102     1.13538    -2.17809   -29.92831
     20.995       -30.95829     1.13551    -2.17781   -29.91598
     21.145       -30.94562     1.13565    -2.17753   -29.90374
     21.295       -30.93303     1.13577    -2.17724   -29.89156
     21.445       -30.92049     1.13591    -2.17696   -29.87944
     21.595       -30.90803     1.13606    -2.17669   -29.86740
     21.745       -30.89573     1.13618    -2.17642   -29.85549
     21.895       -30.88354     1.13630    -2.17614   -29.84370
     22.045       -30.87139     1.13643    -2.17587   -29.83195
     22.195       -30.85934     1.13656    -2.17561   -29.82029
     22.345       -30.84735     1.13668    -2.17534   -29.80869
     22.495       -30.83542     1.13682    -2.17506   -29.79717
     22.645       -30.82362     1.13694    -2.17481   -29.78576
     22.795       -30.81189     1.13705    -2.17455   -29.77439
     22.945       -30.80026     1.13717    -2.17430   -29.76313
     23.095       -30.78867     1.13728    -2.17405   -29.75190
     23.245       -30.77721     1.13736    -2.17378   -29.74079
     23.395       -30.76576     1.13749    -2.17353   -29.72972
     23.545       -30.75445     1.13759    -2.17328   -29.71876
     23.695       -30.74318     1.13768    -2.17304   -29.70782
     23.845       -30.73192     1.13780    -2.17280   -29.69692
     23.995       -30.72080     1.13790    -2.17255   -29.68614
     24.145       -30.70972     1.13802    -2.17231   -29.67543
     24.295       -30.69873     1.13813    -2.17207   -29.66479
     24.445       -30.68785     1.13823    -2.17183   -29.65425
     24.595       -30.67705     1.13831    -2.17160   -29.64376
     24.745       -30.66623     1.13843    -2.17137   -29.63329
     24.895       -30.65555     1.13851    -2.17114   -29.62292
     25.045       -30.64493     1.13862    -2.17091   -29.61264
     25.195       -30.63443     1.13872    -2.17069   -29.60246
     25.345       -30.62392     1.13881    -2.17046   -29.59227
     25.495       -30.61353     1.13890    -2.17024   -29.58218
     25.645       -30.60313     1.13899    -2.17002   -29.57211
     25.795       -30.59279     1.13910    -2.16980   -29.56208
     25.945       -30.58252     1.13919    -2.16957   -29.55214
     26.095       -30.57232     1.13929    -2.16936   -29.54225
     26.245       -30.56217     1.13938    -2.16914   -29.53241
     26.395       -30.55209     1.13947    -2.16892   -29.52263
     26.545       -30.54202     1.13957    -2.16871   -29.51288
     26.695       -30.53206     1.13966    -2.16849   -29.50323
     26.845       -30.52212     1.13976    -2.16828   -29.49360
     26.995       -30.51226     1.13987    -2.16807   -29.48406
     27.145       -30.50251     1.13996    -2.16787   -29.47460
     27.295       -30.49280     1.14003    -2.16767   -29.46517
     27.445       -30.48314     1.14012    -2.16746   -29.45579
     27.595       -30.47353     1.14020    -2.16726   -29.44647
     27.745       -30.46396     1.14028    -2.16706   -29.43718
     27.895       -30.45449     1.14035    -2.16686   -29.42798
     28.045       -30.44505     1.14042    -2.16665   -29.41881
     28.195       -30.43564     1.14051    -2.16646   -29.40969
     28.345       -30.42629     1.14059    -2.16627   -29.40061
     28.495       -30.41694     1.14069    -2.16607   -29.39157
     28.645       -30.40775     1.14077    -2.16588   -29.38264
     28.795       -30.39856     1.14086    -2.16569   -29.37373
     28.945       -30.38942     1.14094    -2.16549   -29.36486
     29.095       -30.38031     1.14101    -2.16531   -29.35601
     29.245       -30.37124     1.14108    -2.16512   -29.34721
     29.395       -30.36222     1.14116    -2.16493   -29.33846
     29.545       -30.35331     1.14122    -2.16474   -29.32979
     29.695       -30.34439     1.14130    -2.16454   -29.32114
     29.845       -30.33553     1.14138    -2.16436   -29.31255
     29.995       -30.32669     1.14146    -2.16418   -29.30397
     30.145       -30.31792     1.14155    -2.16400   -29.29547
     35.794       -29.74010     1.14593    -2.15223   -28.73381
     49.810       -29.17101     1.14978    -2.14100   -28.17979
     69.316       -28.61197     1.15323    -2.13015   -27.63504
     96.460       -28.06427     1.15643    -2.11969   -27.10101
     134.23       -27.52901     1.15947    -2.10953   -26.57895
     186.80       -27.00585     1.16249    -2.09964   -26.06870
     259.95       -26.49609     1.16540    -2.09003   -25.57146
     361.74       -25.99968     1.16829    -2.08071   -25.08726
     503.40       -25.51653     1.17125    -2.07161   -24.61618
     700.53       -25.04701     1.17411    -2.06273   -24.15839
     974.85       -24.59087     1.17706    -2.05418   -23.71375
     1356.6       -24.14774     1.18002    -2.04586   -23.28190
     1887.8       -23.71724     1.18301    -2.03780   -22.86246
     2627.1       -23.29903     1.18607    -2.02995   -22.45516
     3655.9       -22.89289     1.18913    -2.02232   -22.05970
     5087.5       -22.49879     1.19225    -2.01494   -21.67610
     7079.7       -22.11654     1.19535    -2.00778   -21.30410
     9852.1       -21.74623     1.19838    -2.00085   -20.94376
     13710.       -21.38807     1.20136    -1.99411   -20.59532
     19079.       -21.04146     1.20440    -1.98757   -20.25829
     26550.       -20.70659     1.20732    -1.98124   -19.93268
     36947.       -20.38401     1.21020    -1.97509   -19.61911
     51416.       -20.07412     1.21296    -1.96919   -19.31790
     71550.       -19.77691     1.21562    -1.96347   -19.02907
     99568.       -19.49157     1.21823    -1.95798   -18.75182
    0.13856E+06   -19.21862     1.22068    -1.95271   -18.48660
    0.19282E+06   -18.95775     1.22310    -1.94763   -18.23323
    0.26832E+06   -18.70870     1.22546    -1.94275   -17.99141
    0.37340E+06   -18.47110     1.22768    -1.93810   -17.76067
    0.51962E+06   -18.24388     1.22981    -1.93365   -17.54003
    0.72310E+06   -18.02635     1.23187    -1.92939   -17.32882
    0.10063E+07   -17.81871     1.23380    -1.92534   -17.12716
    0.14003E+07   -17.62090     1.23569    -1.92144   -16.93514
    0.19487E+07   -17.43253     1.23748    -1.91772   -16.75228
    0.27118E+07   -17.25296     1.23919    -1.91418   -16.57797
    0.37737E+07   -17.08177     1.24081    -1.91079   -16.41179
    0.52514E+07   -16.91893     1.24240    -1.90757   -16.25376
    0.73079E+07   -16.76382     1.24389    -1.90448   -16.10324
    0.10170E+08   -16.61626     1.24535    -1.90153   -15.96008
    0.14152E+08   -16.47589     1.24670    -1.89875   -15.82384
    0.19694E+08   -16.34232     1.24798    -1.89608   -15.69422
    0.27406E+08   -16.21535     1.24919    -1.89355   -15.57099
    0.38138E+08   -16.09498     1.25035    -1.89113   -15.45420
    0.53073E+08   -15.98138     1.25146    -1.88882   -15.34402
    0.73856E+08   -15.87407     1.25250    -1.88661   -15.23996
    0.10278E+09   -15.77316     1.25349    -1.88456   -15.14208
    0.14302E+09   -15.67870     1.25442    -1.88262   -15.05051
    0.19903E+09   -15.59114     1.25530    -1.88079   -14.96564
    0.27697E+09   -15.51031     1.25612    -1.87906   -14.88737
    0.38543E+09   -15.43664     1.25689    -1.87743   -14.81609
    0.53637E+09   -15.36941     1.25761    -1.87594   -14.75107
    0.74641E+09   -15.30771     1.25827    -1.87457   -14.69141
    0.10387E+10   -15.25101     1.25888    -1.87333   -14.63656
    0.14454E+10   -15.19878     1.25945    -1.87218   -14.58605
    0.20115E+10   -15.15068     1.25998    -1.87113   -14.53953
    0.27992E+10   -15.10636     1.26047    -1.87017   -14.49667
    0.38953E+10   -15.06565     1.26092    -1.86928   -14.45729
    0.54207E+10   -15.02810     1.26135    -1.86846   -14.42100
    0.75434E+10   -14.99345     1.26174    -1.86770   -14.38749
    0.10497E+11   -14.96155     1.26212    -1.86700   -14.35666
    0.14608E+11   -14.93215     1.26247    -1.86636   -14.32826
    0.20329E+11   -14.90508     1.26278    -1.86577   -14.30209
    0.28289E+11   -14.88014     1.26308    -1.86523   -14.27799
    0.39367E+11   -14.85714     1.26337    -1.86473   -14.25578
    0.54783E+11   -14.83598     1.26362    -1.86428   -14.23533
    0.10000E+12   -14.58885     1.26684    -1.85893   -13.99676
