#"Time (ps)"	"Potential Energy (kJ/mole)"	"Kinetic Energy (kJ/mole)"	"Temperature (K)"	"Box Volume (nm^3)"	"Density (g/mL)"	"Speed (ns/day)"	"Time Remaining"
100.99999999994601	-67828.60162604103	7694.4840615176745	300.5139218159016	30.90661241447518	1.052700337288395	0	--
101.99999999994368	-67637.12963759483	7540.249028236789	294.490155392828	30.875027374425695	1.053777245882196	306	1:52
102.99999999994135	-67694.91669325207	7438.458246280627	290.51463905595745	30.853141590418392	1.054524746460949	310	1:50
103.99999999993902	-67654.60615458197	7489.3012602634335	292.50035160104267	30.963796089019027	1.0507562192833984	311	1:50
104.99999999993669	-68012.38662422722	7685.504789195538	300.1632295122975	30.46613090499692	1.067920354396672	308	1:50
105.99999999993436	-67300.61691419967	7325.028884022089	286.0845691215912	30.875685185802578	1.0537547949906005	307	1:50
106.99999999993203	-67523.88302239741	7737.702316972773	302.201843622876	30.88653878306465	1.053384503251596	307	1:50
107.9999999999297	-67305.33295211647	7531.018348709049	294.12964418977276	31.1794168661381	1.0434897308324664	307	1:50
108.99999999992737	-67449.91812034897	7664.503801615652	299.34301998438366	30.973551841948524	1.0504252621456194	306	1:50
109.99999999992504	-67260.9436965108	7575.896049323144	295.8823768883914	30.732673519275462	1.0586583459051677	306	1:50
110.99999999992271	-67165.92938785293	7578.4424141388445	295.98182710117004	30.758789173240242	1.0577594953401188	306	1:49
111.99999999992038	-67620.41131441842	7650.290448338386	298.78790667186564	30.502598779280525	1.0666435849807003	307	1:49
112.99999999991805	-67801.30185519368	7686.589364764592	300.20558843528136	30.564400521617873	1.0644868133483516	306	1:49
113.99999999991572	-67495.55127191206	7397.718722618199	288.923526002655	30.51148574105069	1.066332907852665	306	1:49
114.99999999991338	-67903.38327662085	7601.611132749518	296.8866990116811	30.718420213811417	1.0591495619469178	305	1:48
115.99999999991105	-67644.13104715716	7658.706432496583	299.1165993282023	30.667392711635003	1.0609118818508494	305	1:48
116.99999999990872	-67708.40657178004	7704.501871450135	300.90517499502846	30.617286399772563	1.0626481030468264	304	1:48
117.9999999999064	-67489.89246348487	7765.577765347885	303.2905404408313	30.63272709900248	1.0621124657954202	304	1:48
118.99999999990406	-67536.6618725339	7520.483965686613	293.7182158560895	30.538667916680676	1.065383775151122	304	1:48
119.99999999990173	-67453.0609169334	7557.91630192953	295.18016419169646	30.793309075819067	1.0565737262290091	305	1:47
120.9999999998994	-67626.62007585267	7568.133854115753	295.5792184563219	30.750961456617866	1.0580287500623113	305	1:47
121.99999999989707	-67327.12111360635	7312.335577972911	285.58882240860163	30.68072626717182	1.0604508195091973	305	1:47
122.99999999989474	-67378.9487940495	7627.125891764452	297.88319731286197	30.734797433083358	1.0585851878151036	305	1:46
123.99999999989241	-67256.34758412541	7462.270941931943	291.44466197912845	30.814447912116734	1.0558489123657566	305	1:46
124.99999999989008	-67297.78242607228	7729.708471449667	301.88963791170255	30.772209385702723	1.0572981908889585	306	1:46
125.99999999988775	-67409.08237874991	7463.358555255949	291.48713954394026	30.623774862359827	1.0624229527349842	305	1:45
126.99999999988542	-67277.97156900738	7542.144083143206	294.56416820219	31.055823377854104	1.047642528014913	306	1:45
127.99999999988309	-67503.87764540041	7523.7142253110505	293.84437610029323	30.799246911999287	1.0563700276867491	306	1:45
128.99999999988785	-67443.17257888624	7611.931792240945	297.2897802104592	30.93583002934496	1.051706105260387	306	1:44
129.99999999989262	-67742.26667904973	7828.716102430749	305.7564561724136	30.408541079298505	1.0699428567886515	305	1:44
130.9999999998974	-67709.37430564102	7650.206741172675	298.78463742490237	30.371276877481666	1.0712556289420483	305	1:44
131.99999999990217	-67781.2883602583	7546.187008714331	294.7220677324606	30.460510167062168	1.0681174128311608	306	1:44
132.99999999990695	-67613.49858224648	7499.468644825689	292.8974465309932	30.859603723711416	1.0543039244590389	305	1:43
133.99999999991172	-67887.76106045992	7498.610261172006	292.8639217051402	30.91262764239428	1.0524954943830116	306	1:43
134.9999999999165	-67954.03997731194	7484.5297781326235	292.3139977407266	30.842820978079487	1.0548776111070763	306	1:43
135.99999999992127	-67796.77509593643	7575.802989865793	295.8787423805716	31.25802704735516	1.0408654795732744	306	1:42
136.99999999992605	-67801.60700385206	7317.050391314047	285.77296302627616	30.82476100345345	1.0554956552465924	305	1:42
137.99999999993082	-67924.95200733343	7656.304286704507	299.0227816989787	30.621031447832262	1.0625181378553128	305	1:42
138.9999999999356	-67368.71003986147	7496.166625879652	292.76848367195674	31.04717428437329	1.0479343793143674	305	1:42
139.99999999994037	-67525.59247128374	7616.410775222286	297.464710294232	30.78527593264341	1.0568494297191129	305	1:41
140.99999999994515	-67569.87223608149	7424.055550124106	289.95213081341456	30.879377132758048	1.053628807772968	306	1:41
141.99999999994992	-67506.37289958316	7853.198403506258	306.7126310442383	31.0072182940265	1.0492847505584728	306	1:41
142.9999999999547	-67573.33104667763	7513.309310732639	293.4380042550702	30.886714010680752	1.05337852715277	306	1:40
143.99999999995947	-67507.24965447892	7439.522916787217	290.55622057160156	30.4964476052692	1.066858728409345	305	1:40
144.99999999996425	-67559.26657862219	7578.106481200213	295.9687069849871	30.86907640020087	1.0539803942092676	305	1:40
145.99999999996902	-67734.98990680499	7954.509664079507	310.66941930912617	30.615830151156384	1.0626986481348384	305	1:40
146.9999999999738	-67665.49537960801	7850.409511587319	306.60370875115404	31.004572181560096	1.049374302687849	305	1:39
147.99999999997857	-67791.55218050405	7562.569366119592	295.36189314935456	30.830422537239183	1.0553018296736327	305	1:39
148.99999999998334	-67715.41940397801	7643.990984522066	298.54187632575736	31.044887842335807	1.0480115592104442	305	1:39
149.99999999998812	-67513.36943872683	7812.933510247861	305.14005504202186	30.632031367404803	1.0621365890797652	305	1:39
150.9999999999929	-67550.09868995202	7685.0450737487345	300.14527497619946	30.67319073175846	1.0607113422821433	305	1:38
151.99999999999767	-67408.2752950126	7544.692215183711	294.66368743527624	30.669631921168396	1.0608344239926646	305	1:38
153.00000000000244	-67467.58607580204	7671.069765737984	299.59945870244826	30.847088146999866	1.054731686767785	305	1:38
154.00000000000722	-67173.52001370818	7522.77465853437	293.80768060588315	30.914233116919863	1.0524408349419012	305	1:38
155.000000000012	-67478.0308217312	7518.579806460197	293.6438474705919	30.504232069619267	1.0665864736048671	305	1:37
156.00000000001677	-67669.98396683694	7581.321230865204	296.09426147593916	30.509154849392292	1.0664143754151807	304	1:37
157.00000000002154	-67282.36976594385	7501.021161850291	292.95808126309726	30.674997923772956	1.0606488513547692	304	1:37
158.00000000002632	-67655.26501144734	7419.118285349665	289.7593021859785	30.65381659646539	1.0613817437960165	304	1:37
159.0000000000311	-67771.48251892885	7677.657722914155	299.8567563759424	30.56453135860452	1.0644822566206418	304	1:36
160.00000000003587	-67511.97212744862	7318.663882656209	285.83597915668497	30.844362293104147	1.054824898112211	304	1:36
161.00000000004064	-67546.24540317195	7598.871345302972	296.77969453107914	30.749853687263105	1.0580668657502001	305	1:36
162.00000000004542	-67789.73901616418	7717.762179590829	301.42306640554904	30.94388111394467	1.051432468776447	304	1:35
163.0000000000502	-67657.53007554787	7490.113674402843	292.53208105258494	31.14244954844708	1.044728394359142	304	1:35
164.00000000005497	-67391.44367060231	7598.659442818567	296.77141851853276	31.071096685037517	1.0471275488910354	304	1:35
165.00000000005974	-67422.38800618131	7591.485034407318	296.491216546427	31.20757336324475	1.0425482601437648	304	1:35
166.00000000006452	-67285.77541875094	7681.509344086245	300.0071843675426	31.325882410567818	1.0386108485864667	304	1:34
167.0000000000693	-67235.69360435414	7603.550257474022	296.9624330012757	31.427904754418247	1.0352392743772003	305	1:34
168.00000000007407	-67751.79999940365	7595.737281696207	296.6572912954418	31.03088814027437	1.0484843735726874	305	1:34
169.00000000007884	-67492.190193583	7470.720373992516	291.7746609687084	30.804302940977035	1.0561966416022972	305	1:33
170.00000000008362	-67642.25270930232	7820.241753166949	305.4254840225278	30.84787991901443	1.0547046149873367	305	1:33
171.0000000000884	-67399.63004739728	7390.188426882607	288.62942458066965	30.659441527129758	1.0611870175250897	305	1:33
172.00000000009317	-67510.87072423319	7656.66966913792	299.03705198755813	31.15276342563926	1.0443825117094594	305	1:32
173.00000000009794	-67295.75663546767	7285.590354461428	284.5442673815173	30.717332946943152	1.0591870514721067	305	1:32
174.00000000010272	-67175.75104437736	7663.902641132163	299.31954120489826	31.413045491182174	1.0357289719741625	305	1:32
175.0000000001075	-67375.77990756751	7512.524186719445	293.40734064014424	31.17742059413657	1.0435565448694797	305	1:32
176.00000000011227	-67097.65635263402	7533.594171362877	294.23024490080365	31.102186402719234	1.0460808411306792	305	1:31
177.00000000011704	-67534.60277569102	7697.49644965793	300.63157292373705	31.153180490846406	1.044368529971424	305	1:31
178.00000000012182	-67516.9054714319	8003.782683313957	312.5938145163253	30.882754911106616	1.053513567905781	305	1:31
179.0000000001266	-67376.05517298769	7847.069944867087	306.473279435265	30.8602092034444	1.054283238933077	305	1:30
180.00000000013137	-66784.76343201811	7576.880125559566	295.92081073357303	31.464232857812807	1.0340440035575482	305	1:30
181.00000000013614	-66866.13493388801	7716.129334375879	301.3592943949321	31.000398297659814	1.0495155901147173	305	1:30
182.00000000014091	-67371.45507780189	7848.235182028644	306.51878865803616	30.913659162225564	1.0524603749567056	305	1:30
183.0000000001457	-67619.82453983618	7799.321020158204	304.6084088978727	30.88061554573008	1.0535865538359854	305	1:29
184.00000000015046	-67822.11170024174	7869.570098586369	307.3520400359216	30.754559827936717	1.0579049576773758	305	1:29
185.00000000015524	-67670.85525966037	7856.766961511437	306.85200378876414	31.138960217353862	1.0448454632414992	305	1:29
186.00000000016001	-67673.47833293269	7642.100565799407	298.46804458607494	31.208584053966586	1.0425144971940659	305	1:28
187.0000000001648	-67887.25718690045	7745.032877288783	302.4881442262771	31.30629016074722	1.0392608369149274	305	1:28
188.00000000016956	-67402.28562079507	7471.662697418682	291.8114641261589	30.968126848904774	1.0506092755271172	305	1:28
189.00000000017434	-67207.01255825747	7671.692980068246	299.6237988116773	31.06393463143554	1.0473689730287774	305	1:28
190.0000000001791	-66972.92082835556	7486.812672323413	292.40315790804647	31.365202313805476	1.0373088299462099	305	1:27
191.0000000001839	-67275.00070473138	7712.1767136816925	301.20492179025007	30.840717056892636	1.0549495737450219	305	1:27
192.00000000018866	-67607.02392685204	7905.664331762764	308.7617277394837	30.856486364282187	1.0544104383453374	305	1:27
193.00000000019344	-67210.54008213338	7675.202165394641	299.7608527111179	30.959009011978853	1.050918693830636	305	1:26
194.0000000001982	-67451.57740717972	7799.935213645336	304.63239669121873	31.35481477081643	1.0376524802003333	305	1:26
195.000000000203	-67584.15364431374	7680.428148948312	299.96495746986494	30.879271932278627	1.0536323973088855	305	1:26
196.00000000020776	-67342.49380869252	7853.461201381886	306.7228948149627	31.301695321904106	1.03941339210443	305	1:25
197.00000000021254	-67521.01408368655	7654.2300205549345	298.9417696583384	30.891521827459606	1.053214584081735	305	1:25
198.0000000002173	-67419.68550024222	7666.5113106283725	299.4214247743176	30.908172243156333	1.052647211138914	305	1:25
199.0000000002221	-67296.03227949995	7474.249022480722	291.91247501672285	30.826492532964938	1.0554363678698546	305	1:25
200.00000000022686	-67053.81525977186	7528.22604942153	294.0205888193194	30.881859333510086	1.0535441199246496	306	1:24
201.00000000023164	-67513.68263702517	7573.018192097006	295.76997998763255	30.720186703364853	1.0590886581296732	305	1:24
202.0000000002364	-67523.77892595329	7537.779997295585	294.3937255132813	30.856891344288503	1.0543965997787361	305	1:24
203.0000000002412	-67691.16010712914	7581.820447220244	296.11375875002386	30.738221173772757	1.0584672785463716	305	1:23
204.00000000024596	-67590.25485128548	7816.080336418362	305.26295672928376	30.972042082663997	1.0504764660438963	305	1:23
205.00000000025074	-67882.35396765306	7685.258158607165	300.15359716726186	30.731904996303957	1.0586848201265968	305	1:23
206.0000000002555	-67465.2441845162	7658.3534638616175	299.1028138699541	30.73296374749932	1.0586483484140723	305	1:23
207.0000000002603	-67573.06856386931	7769.420181973983	303.4406089418935	30.554734045347065	1.064823580688776	305	1:22
208.00000000026506	-67551.95038455623	7597.520919457325	296.72695262353176	30.977759018057867	1.0502826009523107	305	1:22
209.00000000026984	-67311.97306803832	7514.022338905808	293.4658521121808	30.809591201430518	1.0560153525064966	305	1:22
210.0000000002746	-67399.2724624094	7778.199189059902	303.7834797345219	31.05987683056264	1.047505805983917	305	1:22
211.00000000027939	-67445.03256683651	7390.856403363769	288.65551290971547	31.243554102588924	1.0413476394628145	305	1:21
212.00000000028416	-67845.49609003752	7645.729722888715	298.6097840738787	31.05163517656348	1.0477838325794875	305	1:21
213.00000000028894	-67883.39370987393	7443.850102592962	290.7252221013356	30.734137222669478	1.0586079276421536	305	1:21
214.0000000002937	-67711.87602899264	7419.770614697098	289.7847794043268	31.142140728447714	1.044738754373404	305	1:20
215.00000000029848	-67701.93909986573	7504.774829719773	293.1046836140325	31.138510317563533	1.0448605595242066	305	1:20
216.00000000030326	-67516.24411560106	7335.783775010732	286.5046095614517	30.900567256053918	1.052906279796061	305	1:20
217.00000000030803	-67576.7882202194	7533.122716938511	294.2118318900168	30.672236787874127	1.0607443316955014	305	1:20
218.0000000003128	-67945.33443476446	7342.642374546199	286.7724773779407	30.398647506697348	1.070291081403921	305	1:19
219.00000000031758	-67914.9434308511	7553.205336359648	294.9961738516521	30.727205337612236	1.0588467436488314	305	1:19
220.00000000032236	-67857.01492291124	7579.11743846874	296.0081906893036	30.776030609185696	1.0571669142884494	305	1:19
221.00000000032713	-67525.88774401348	7564.718782820245	295.44584025187186	31.19418896113629	1.0429955833663247	305	1:18
222.0000000003319	-67766.01423909096	7610.145700397631	297.2200230363243	30.77352386608099	1.0572530287641415	305	1:18
223.00000000033668	-67744.50890325845	7575.240938208757	295.8567910260209	30.845877415784607	1.054773086030308	305	1:18
224.00000000034146	-67991.97396161416	7495.024630960905	292.72388219263945	31.095474568618624	1.046306633505901	305	1:18
225.00000000034623	-67952.47658855046	7663.045937911183	299.2860820096214	30.802925473371506	1.056243873371245	305	1:17
226.000000000351	-67664.74600201531	7562.058770725831	295.34195145826607	31.016787481738806	1.0489610290013107	305	1:17
227.00000000035578	-67971.11362776268	7803.95307284057	304.7893172351318	30.942752278068273	1.0514708265373112	305	1:17
228.00000000036056	-67313.21224509587	7651.783495491107	298.8462187629341	31.0927531504907	1.0463982123321955	305	1:17
229.00000000036533	-67161.33410053907	7444.0220464000895	290.73193749737754	31.073366029694675	1.0470510752542184	305	1:16
230.0000000003701	-67507.1893900359	7546.087161062269	294.7181681065383	30.93640626236162	1.0516865157910564	305	1:16
231.00000000037488	-67558.20273846024	7152.87604106592	279.3610090264766	30.840962183857243	1.0549411889032883	305	1:16
232.00000000037966	-67741.21191883643	7600.857932539215	296.85728220513494	30.373051537103485	1.0711930368081295	305	1:15
233.00000000038443	-67905.05776965566	7743.608447224387	302.4325120277331	31.147507054620903	1.044558758943532	305	1:15
234.0000000003892	-67543.65390760303	7608.406160895562	297.1520839992503	30.93323174894155	1.0517944447971552	305	1:15
235.00000000039398	-67396.04782976452	7407.156711326178	289.29213382327214	30.852839505887314	1.0545350714624282	305	1:15
236.00000000039876	-67232.27654616328	7741.357181927257	302.34458715088886	30.82720900446155	1.055411837914063	305	1:14
237.00000000040353	-67240.33780563707	7434.887954491091	290.3751985971661	31.086796102723035	1.04659872975169	305	1:14
238.0000000004083	-67322.36166703876	7555.833737919403	295.0988280718069	31.099449400091263	1.0461729046902108	305	1:14
239.00000000041308	-67563.75349281411	7507.084015530378	293.1948706205424	30.602499457908444	1.06316156815589	305	1:13
240.00000000041786	-67447.68227188385	7458.614946288499	291.30187429119917	31.073001810658862	1.0470633481570875	305	1:13
241.00000000042263	-67914.6919778561	7766.840085523957	303.33984131450467	30.861798444242886	1.0542289481910936	305	1:13
242.0000000004274	-67814.22276085344	7626.2853730171	297.85037021450074	30.795386128592185	1.0565024636256142	305	1:13
243.00000000043218	-67867.33315708663	7694.541889197212	300.5161803198673	30.441638893785093	1.0687795564056202	305	1:12
244.00000000043696	-67613.93136731547	7468.170764160004	291.67508401933236	30.6331923290036	1.0620963353647963	305	1:12
245.00000000044173	-67646.56164654088	7556.132721810627	295.11050511486707	30.71262393417601	1.0593494513165116	305	1:12
246.0000000004465	-67402.363444021	7305.717393701477	285.33034419293335	30.393098764315347	1.0704864800215652	305	1:12
247.00000000045128	-67876.71664714284	7494.074238150688	292.68676387926325	30.47569746397525	1.0675851258734668	305	1:11
248.00000000045605	-67833.49226421976	7608.2867168090015	297.14741901968796	30.874663916974086	1.0537896509789244	305	1:11
249.00000000046083	-67834.20622460384	7650.9748072156235	298.81463482783863	30.742337432555278	1.0583255546048893	304	1:11
250.0000000004656	-67670.07668210476	7545.167798189621	294.6822616909525	30.431904204483878	1.0691214422384354	304	1:10
251.00000000047038	-67693.47927251417	7605.005354938113	297.019262938418	30.549856081681266	1.0649936034451253	305	1:10
252.00000000047515	-67826.38795224854	7696.64867508287	300.5984624435112	30.549490138553324	1.0650063606822746	304	1:10
253.00000000047993	-67983.30323378791	7900.807699135074	308.57204826180885	30.86410929120109	1.0541500163244655	304	1:10
254.0000000004847	-67914.12717165254	7617.439354728907	297.50488224844787	30.549875103917543	1.064992940314429	305	1:09
255.00000000048948	-67750.83279824306	7618.399570623691	297.54238420985615	31.130325767886454	1.0451352663556996	305	1:09
256.00000000049425	-67912.13358557361	7372.939992390676	287.9557738650514	31.02137998310794	1.0488057375550734	305	1:09
257.000000000499	-67818.77057757514	7427.633831939557	290.0918833287393	30.93738021076166	1.0516534073509616	305	1:08
258.0000000005038	-67467.17959387752	7399.682401829803	289.00021898640153	31.091561175487673	1.046438328700276	305	1:08
259.0000000005086	-67627.27227927878	7652.496223635769	298.8740549022033	31.14619566140615	1.0446027395080855	305	1:08
260.00000000051335	-67505.21276887011	7591.262206859003	296.48251384720794	30.928929306376595	1.051940757174931	305	1:08
261.0000000005181	-67430.13457644751	7460.322508779144	291.36856444179364	30.611436362572707	1.0628511817543902	305	1:07
262.0000000005229	-67349.70173821319	7480.486218151785	292.1560734331025	30.882848638160223	1.0535103705737017	305	1:07
263.0000000005277	-67265.24474725491	7519.959683816446	293.697739629265	30.565825899888107	1.0644371730612654	305	1:07
264.00000000053245	-67453.70375187189	7534.715075123375	294.2740226489089	30.39485278417859	1.0704247046097008	305	1:06
265.0000000005372	-67569.83076424	7638.534529482829	298.3287703280136	30.813046157734348	1.0558969452941618	305	1:06
266.000000000542	-67438.14809958398	7582.296661992316	296.13235767980757	30.861020657048755	1.0542555178170532	305	1:06
267.0000000005468	-67494.83343276934	7603.327874394879	296.953747661138	31.147479377686572	1.0445596871144383	305	1:06
268.00000000055155	-67684.97535880702	7591.045345397565	296.4740441580454	30.709744965760564	1.059448762906844	305	1:05
269.0000000005563	-67421.73230823642	7480.740365594622	292.16599935460107	31.01677798894492	1.0489613500395194	305	1:05
270.0000000005611	-67646.50423007584	7690.051009904875	300.340785616629	31.020755667596656	1.0488268455415228	305	1:05
271.0000000005659	-67454.93639935524	7753.075295623234	302.8022469855066	31.312956282778764	1.0390395917696618	304	1:04
272.00000000057065	-67482.38672506728	7576.0857426299735	295.88978550463145	31.058506864348864	1.0475520106379013	305	1:04
273.0000000005754	-67385.29737159537	7345.848428531853	286.89769225252866	31.22039597687253	1.0421200723162292	304	1:04
274.0000000005802	-67834.10736123938	7644.469622832112	298.56056990865824	31.21971163109788	1.0421429159118587	305	1:04
275.000000000585	-67698.16390211644	7583.460277249543	296.1778035578727	31.40706965103581	1.0359260406864061	305	1:03
276.00000000058975	-67427.58977141403	7571.895535771406	295.72613379176545	30.657720141729005	1.0612466015982367	305	1:03
277.0000000005945	-67595.8910530138	7647.42410311942	298.67595938129443	30.650206255999997	1.0615067657755377	304	1:03
278.0000000005993	-67437.43738673723	7474.488537897201	291.9218294733136	30.790283951619795	1.0566775338701646	304	1:03
279.0000000006041	-67714.64172315717	7480.708001164276	292.1647353371812	30.96752681534843	1.050629632361671	304	1:02
280.00000000060885	-67529.12538319852	7565.054368829494	295.4589468184642	31.017383220978108	1.0489408820004815	304	1:02
281.0000000006136	-67068.28860327616	7671.022750612459	299.5976224909956	31.023270950792078	1.0487418094876622	304	1:02
282.0000000006184	-67229.73747401769	7908.567621271174	308.87511791735193	31.235144769623012	1.0416279979851808	304	1:01
283.0000000006232	-67171.71018958092	7821.041080684893	305.45670236612466	30.866854872336525	1.0540562505549784	304	1:01
284.00000000062795	-67511.29952421723	7890.4619765398675	308.16798820446803	30.74139592187248	1.058357967733365	304	1:01
285.0000000006327	-67625.1078299532	7852.714865961189	306.6937461179909	31.10124217232403	1.0461126000334446	304	1:01
286.0000000006375	-67237.46967366149	7617.937280222308	297.52432910695035	30.901927775927437	1.0528599234674527	304	1:00
287.0000000006423	-67365.27482747703	7623.637186607371	297.7469432819963	30.698694938375237	1.0598301125983203	304	1:00
288.00000000064705	-67321.89739146823	7498.775848732259	292.87038885313063	31.189442276008386	1.0431543156572143	304	1:00
289.0000000006518	-67422.45008049512	7628.159173124268	297.92355290152716	30.80220167022389	1.0562686934360048	304	0:59
290.0000000006566	-67141.10174263676	7668.71056843461	299.50731845908615	30.831039524796626	1.055280711083138	304	0:59
291.0000000006614	-67504.78111709718	7694.7539976020125	300.52446437479125	30.88018140146677	1.0536013662022827	304	0:59
292.00000000066615	-67420.01390651366	7737.234203167784	302.18356108251743	31.30166826622804	1.039414290524022	304	0:59
293.0000000006709	-67488.32604496353	7809.6211889134875	305.01068981538043	31.184906859993998	1.043306028112536	304	0:58
294.0000000006757	-67689.27070612847	7602.949589611138	296.93897346146247	31.14418733313681	1.0446701005597496	304	0:58
295.0000000006805	-67633.44519785413	7776.003771261356	303.69773602417166	31.231367342515956	1.0417539826656437	304	0:58
296.00000000068525	-67272.8394818304	7817.945241448297	305.33579201230975	31.17667413411077	1.0435815306406384	304	0:57
297.00000000069	-67742.93157804778	7825.132860186917	305.61650992378907	30.683917860934383	1.0603405165082445	304	0:57
298.0000000006948	-67597.05355525401	7776.939761788581	303.7342918454418	30.69405617681523	1.059990283647664	304	0:57
299.0000000006996	-67630.98235058371	7646.213906932129	298.6286942496103	30.878794786978776	1.0536486782469732	304	0:57
300.00000000070435	-67311.85910537158	7622.86193808917	297.7166653620312	31.362631584798496	1.0373938559712463	304	0:56
301.0000000007091	-67593.05217284692	7332.835596758481	286.3894662195833	30.996172799656666	1.0496586634566734	304	0:56
302.0000000007139	-67842.84461544984	7760.45399002666	303.0904275022672	30.556549107168443	1.064760330070356	304	0:56
303.00000000071867	-67683.83916240046	7599.788335589132	296.81550828349674	30.855922781466106	1.0544296971310287	304	0:55
304.00000000072345	-67749.208550477	7858.070144127834	306.9029005760945	30.54250671043995	1.0652498703401627	304	0:55
305.0000000007282	-67464.5408585186	7561.820834462022	295.33265867668285	30.602846216453138	1.0631495215522655	304	0:55
306.000000000733	-67453.45872240586	7691.694196954272	300.40496153544865	30.848988425360215	1.0546667159566612	304	0:55
307.00000000073777	-67811.72875977977	7641.124996184685	298.4299429734677	30.94671248401268	1.0513362713395733	304	0:54
308.00000000074255	-67571.44951964225	7503.286580245394	293.04655889993734	30.987015212490306	1.0499688688972302	304	0:54
309.0000000007473	-67968.35944752113	7326.372941685694	286.1370623149499	30.78133619752016	1.0569846969729944	304	0:54
310.0000000007521	-67919.77777575137	7581.028796928212	296.0828402463187	30.898812524918174	1.0529660739202102	304	0:53
311.00000000075687	-67943.96722602259	7375.885825867212	288.07082562992247	30.694549878928633	1.0599732343850006	304	0:53
312.00000000076164	-67936.1442369762	7307.977343706871	285.41860825765804	31.082005186258385	1.046760050331112	304	0:53
313.0000000007664	-67772.88383572988	7456.8478567494585	291.23285926649686	31.15974562875675	1.044148488912355	304	0:53
314.0000000007712	-67866.04225055169	7437.727716644492	290.486107665912	30.842758898548258	1.0548797343382639	304	0:52
315.00000000077597	-68047.3408332557	7653.182417997286	298.90085474440957	30.97365814703048	1.0504216569678566	304	0:52
316.00000000078074	-68094.26012243473	7763.704117552758	303.2173637024673	30.806532441521863	1.05612020356136	304	0:52
317.0000000007855	-67621.30293237587	7689.838686288558	300.33249315645577	30.897146303552546	1.0530228582766816	304	0:52
318.0000000007903	-67326.70890724394	7654.833527634312	298.96534008590925	31.566887472655683	1.0306813220449114	304	0:51
319.00000000079507	-67656.18025454471	7802.859142418177	304.74659295124235	31.291044190534304	1.0397671971267048	304	0:51
320.00000000079984	-67546.242906978	7662.338698049308	299.25846021940686	31.06138013953127	1.0474551087880504	304	0:51
321.0000000008046	-67348.10101163396	7447.685875487786	290.8750311264245	31.047925848522315	1.047909012405355	304	0:50
322.0000000008094	-67318.69071350808	7523.642606738302	293.8415789825139	30.61133021581954	1.0628548672591118	304	0:50
323.00000000081417	-67895.59893667762	7548.239492236942	294.802229036053	30.36531436778557	1.0714659798706507	304	0:50
324.00000000081894	-67668.92800237256	7734.161378656438	302.0635495862854	30.720166619926356	1.0590893505133505	304	0:50
325.0000000008237	-67720.5001657418	7783.554356322295	303.99262986117566	30.71559340826413	1.0592470371875007	304	0:49
326.0000000008285	-67072.56050569334	7733.93806838895	302.0548280341023	30.798292178241198	1.0564027747014417	304	0:49
327.00000000083327	-67262.26868964246	7670.510510976428	299.5776165827758	31.184875390089374	1.0433070809543636	304	0:49
328.00000000083804	-67522.87934820127	7460.256199110214	291.36597466728693	31.217282575814554	1.0422240063382826	304	0:48
329.0000000008428	-67480.43144383648	7686.438031642352	300.199678005199	30.563101807697645	1.0645320464484178	304	0:48
330.0000000008476	-67781.84517012376	7659.749526759426	299.15733816725174	30.559184737489357	1.0646684979539383	304	0:48
331.00000000085237	-67556.10867255958	7466.846268565997	291.62335483746637	30.898576077405544	1.0529741316122037	304	0:48
332.00000000085714	-67415.84022603516	7510.469705145022	293.3271013011201	30.920201208939496	1.0522376970740164	304	0:47
333.0000000008619	-67690.23950890626	7664.460973393847	299.3413472956372	30.76834690954782	1.0574309178457537	304	0:47
334.0000000008667	-67602.17318237433	7521.985139564464	293.77684534258316	30.58805791087472	1.063663518879133	304	0:47
335.00000000087147	-68010.21928867753	7472.475225291082	291.8431980196295	30.56970140108847	1.0643022280878822	304	0:46
336.00000000087624	-67816.80097755071	7548.669418578958	294.8190201360278	30.700516803818438	1.0597672189385767	304	0:46
337.000000000881	-67798.36079677107	7486.0272404370535	292.3724822689	30.747072995955122	1.0581625547719566	304	0:46
338.0000000008858	-67577.23506701164	7321.946429985066	285.9641815369166	31.016439406255355	1.0489728007463686	304	0:46
339.00000000089057	-67670.66135880549	7526.889430967023	293.9683861699249	30.533235173741975	1.065573337644206	304	0:45
340.00000000089534	-67654.49267865092	7610.147156396568	297.22007990146915	31.090863796149193	1.0464618006910902	304	0:45
341.0000000009001	-67604.44471589688	7529.948236598225	294.08785014814043	31.065545198349888	1.0473146730702765	304	0:45
342.0000000009049	-67629.15791184368	7429.077500722522	290.1482669100559	31.12860998811572	1.045192873230802	304	0:44
343.00000000090967	-67547.47166405688	7651.652719313321	298.84111119993804	30.71031217887891	1.0594291951071735	304	0:44
344.00000000091444	-67535.41426007898	7480.92070219494	292.17304253755856	31.123794430604082	1.0453545882942727	304	0:44
345.0000000009192	-67480.91764472015	7710.572792423945	301.14227942676007	30.799864577877766	1.0563488430572032	304	0:44
346.000000000924	-67494.7811803036	7582.489421282308	296.1398860403499	30.70450349899278	1.0596296179883513	304	0:43
347.00000000092876	-67432.74076842947	7631.929490523113	298.07080551248316	30.7940728606725	1.0565475200492587	304	0:43
348.00000000093354	-67663.03300672414	7570.725638736922	295.68044257411617	30.760032032749894	1.0577167565534262	304	0:43
349.0000000009383	-67764.25935737538	7733.401980511799	302.033890714704	30.637434744198515	1.0619492651655698	303	0:42
350.0000000009431	-67571.93949471661	7537.208249712508	294.3713954769715	30.900744998118476	1.0529002234457705	304	0:42
351.00000000094786	-67766.51760154465	7526.099853236474	293.9375486116833	30.70904710243543	1.0594728388879067	304	0:42
352.00000000095264	-67689.45453600757	7495.16656545675	292.7294255522262	30.692395036908252	1.0600476526525613	303	0:42
353.0000000009574	-67757.22999512785	7388.245807183195	288.55355409217435	30.520831914091474	1.0660063724586126	303	0:41
354.0000000009622	-67798.59164811496	7532.027814800083	294.16906965501926	30.87556940496589	1.0537587464841007	303	0:41
355.00000000096696	-67600.97417947237	7470.2059042494075	291.75456796196215	30.83063777710148	1.0552944622288805	303	0:41
356.00000000097174	-67682.224986983	7456.823511222217	291.23190843343104	30.76566894959952	1.0575229606240442	303	0:41
357.0000000009765	-67908.5440853166	7495.566058275191	292.7450280478123	30.851775593667604	1.0545714367194372	303	0:40
358.0000000009813	-68109.56483510486	7470.588031251951	291.7694922224126	30.89698592280317	1.0530283243307341	303	0:40
359.00000000098606	-67745.78517138984	7286.943393826861	284.5971113620658	31.13505675455003	1.0449764575555187	303	0:40
360.00000000099084	-67989.21364395253	7643.978699038756	298.5413965068713	30.744785399164925	1.058241288424912	303	0:39
361.0000000009956	-67477.80239350672	7656.663614158135	299.0368155057216	31.105897060398142	1.0459560529627518	303	0:39
362.0000000010004	-67544.5887382761	7449.42749776418	290.9430515078324	30.91097196522026	1.0525518689534317	303	0:39
363.00000000100516	-67630.85654965907	7421.2199031711425	289.84138246694874	31.05153578054879	1.0477871865371773	303	0:39
364.00000000100994	-67370.66240286751	7573.584544328381	295.7920993043819	31.124842467224536	1.0453193890835124	303	0:38
365.0000000010147	-67407.68272497636	7302.093283433564	285.18880181257407	30.72239114638673	1.0590126646762066	303	0:38
366.0000000010195	-67652.8913962435	7234.764083632574	282.55920875303224	31.13370167281588	1.0450219397318794	303	0:38
367.00000000102426	-67836.1961878108	7638.549758314612	298.32936510161073	30.71906411350483	1.0591273612029208	303	0:37
368.00000000102904	-67924.86599467043	7490.389970047637	292.5428719889406	30.853301118606062	1.05451929399993	303	0:37
369.0000000010338	-67892.33814456026	7733.720638451823	302.04633614268965	30.647122990708837	1.0616135590614275	303	0:37
370.0000000010386	-67975.3119808844	7847.941573305776	306.50732154626064	30.677834263264202	1.0605507883625245	303	0:37
371.00000000104336	-67599.61810389656	7644.317620840349	298.5546333553684	30.607175032676594	1.0629991588058851	303	0:36
372.00000000104814	-67674.59238885803	7685.453032595897	300.16120811897036	30.695009906755732	1.059957348506961	303	0:36
373.0000000010529	-67361.00360504154	7615.698912949038	297.43690797222877	31.028404082820767	1.0485683126440044	303	0:36
374.0000000010577	-67532.85130824096	7492.778809614725	292.63616993343635	30.97891330334072	1.0502434670505743	303	0:35
375.00000000106246	-67673.12420461504	7505.697648925749	293.1407250193428	31.0878070896881	1.0465646939745643	303	0:35
376.00000000106724	-67450.25646456805	7385.157681911	288.4329450131007	31.192477935076496	1.0430527956412554	303	0:35
377.000000001072	-67725.42333871895	7564.10396278888	295.42182798836484	30.7190103837485	1.0591292136927741	303	0:35
378.0000000010768	-67616.89976890857	7588.233978613626	296.3642440920306	30.912408493830178	1.0525029558810812	303	0:34
379.00000000108156	-67443.25702865614	7642.452434117047	298.4817870705939	30.92220308142775	1.0521695762583252	303	0:34
380.00000000108633	-67616.40660851487	7729.220948157908	301.8705973190895	31.16650721591859	1.0439219604480399	303	0:34
381.0000000010911	-67350.9558935466	7658.70514711519	299.1165491266553	31.27334238679846	1.0403557416649525	303	0:33
382.0000000010959	-67425.08835326158	7542.768424389906	294.58855232399685	30.990644167557033	1.0498459192151879	303	0:33
383.00000000110066	-67646.07483743416	7699.147808722524	300.6960680068199	30.99802625780977	1.0495959014475191	303	0:33
384.00000000110543	-67357.58997829995	7490.045332223909	292.5294118968556	31.05845304956165	1.047553825724714	303	0:33
385.0000000011102	-67556.59080586606	7375.165531509079	288.0426939864369	30.8041378790109	1.0562023011631967	303	0:32
386.000000001115	-67831.28344368393	7591.307992751639	296.48430205003615	30.66401192729751	1.0610288500506442	303	0:32
387.00000000111976	-67738.2300967272	7528.268836579051	294.022259904269	31.065526405489077	1.0473153066355547	303	0:32
388.00000000112453	-67758.66403068666	7555.779797397328	295.09672138372963	30.980196985222964	1.0501999496219652	303	0:31
389.0000000011293	-67884.51510264684	7561.522463062072	295.3210055549349	31.076107795678062	1.0469586965998554	303	0:31
390.0000000011341	-68069.17722171004	7460.514476590633	291.37606189054156	30.74074437194325	1.0583803996254049	303	0:31
391.00000000113886	-68279.64802243275	7475.435329148801	291.95880712508136	30.724948079603067	1.0589245335375692	303	0:31
392.00000000114363	-68087.28214543415	7404.973601662308	289.20687081647424	30.490822164900447	1.0670555597747338	303	0:30
393.0000000011484	-67842.23851210964	7400.485173437908	289.0315718415566	30.983069923655925	1.0501025687037735	303	0:30
394.0000000011532	-68009.88355641611	7578.585194668372	295.98740350324516	30.454057350714574	1.0683437329376506	303	0:30
395.00000000115796	-67769.72066097471	7467.433171253336	291.6462767678891	30.65968449327343	1.0611786080283314	303	0:29
396.00000000116273	-67580.28540454339	7598.896777667482	296.7806878114003	30.264073030741976	1.0750503172560593	303	0:29
397.0000000011675	-67607.96536475082	7552.985076942286	294.98757145273885	30.80723996063128	1.0560959487035144	303	0:29
398.0000000011723	-67402.18927004113	7465.059521418523	291.55357206992954	30.892244925121805	1.0531899313895987	303	0:29
399.00000000117706	-67546.49505397095	7714.117856542731	301.28073459970057	30.73241116216008	1.058667383482738	303	0:28
400.00000000118183	-67376.88665567109	7727.975382429979	301.82195080311953	30.939673079004784	1.0515754717278434	303	0:28
401.0000000011866	-67507.7794465856	7583.977610338359	296.19800839476136	31.010637466177503	1.0491690584769573	303	0:28
402.0000000011914	-67256.1689348561	7715.921815659953	301.3511895937947	31.322557110619087	1.0387211107400118	303	0:27
403.00000000119616	-67699.14837846466	7797.890687793204	304.55254618049366	31.22744962726032	1.041884678432324	303	0:27
404.00000000120093	-67624.54059649905	7633.637794507893	298.13752462269457	31.154621070574702	1.0443202387041435	303	0:27
405.0000000012057	-67724.05366602237	7605.465220492876	297.03722333709646	30.83311165476105	1.0552097912613956	303	0:27
406.0000000012105	-67694.954699981	7555.527710703243	295.0868759463395	30.730532625427347	1.0587320991058569	303	0:26
407.00000000121526	-67501.1482766635	7529.175460681341	294.05766879749876	31.23303117175631	1.0416984869077044	303	0:26
408.00000000122003	-67786.69094581928	7494.3994288360545	292.69946444858226	30.936737185652795	1.0516752661379014	303	0:26
409.0000000012248	-67873.06179248434	7574.485642812883	295.8272923904102	31.171659292385264	1.0437494202019457	303	0:25
410.0000000012296	-67604.21367718093	7458.058181815835	291.2801294316517	31.03685832255086	1.0482826894086776	303	0:25
411.00000000123435	-67897.84861102086	7546.9909733254835	294.75346718125627	30.686624983532678	1.0602469750459407	303	0:25
412.00000000123913	-67355.32982929781	7389.460841378032	288.60100817591945	30.814713186816384	1.055839822876544	303	0:25
413.0000000012439	-67417.04092019872	7325.878954198334	286.1177692582657	31.164136843901236	1.044001362082545	303	0:24
414.0000000012487	-67803.03767268275	7644.093062644827	298.5458630644077	31.237078053915127	1.0415635309104032	303	0:24
415.00000000125345	-67543.60231710746	7493.251729180902	292.6546401664499	31.08748021172865	1.0465756983702008	303	0:24
416.00000000125823	-67620.26655462268	7661.14397854152	299.2117995412009	31.10797704425603	1.0458861168269777	303	0:23
417.000000001263	-67657.6813131517	7532.872714685382	294.2020678620521	30.952565535079124	1.05113746633657	303	0:23
418.0000000012678	-67916.92976509396	7684.990161421969	300.1431303335516	31.27353382017287	1.0403493733788691	303	0:23
419.00000000127255	-67772.6759827811	7632.516532146895	298.0937328691742	31.170725749239104	1.0437806798243676	303	0:23
420.00000000127733	-67659.79300255139	7396.494338874015	288.8757067651557	31.094183765172232	1.0463500685167284	303	0:22
421.0000000012821	-67670.90254722434	7637.23904461471	298.2781741820915	30.993710013667247	1.049742070207556	303	0:22
422.0000000012869	-67483.65256489412	7478.996623107816	292.09789616676454	31.034671666482183	1.0483565498228982	303	0:22
423.00000000129165	-67838.1033033825	7578.18675937935	295.97184231027416	30.559412819313877	1.0646605517432255	303	0:21
424.0000000012964	-67632.19857512566	7450.874037867825	290.99954723076	30.641930973686108	1.061793440534137	303	0:21
425.0000000013012	-67613.35215170967	7574.309848619412	295.8204266146037	30.661469930318844	1.0611168149178614	303	0:21
426.000000001306	-67315.2799491238	7662.701595177043	299.27263344248445	30.704506362085215	1.0596295191814362	303	0:21
427.00000000131075	-67051.01791505603	7435.136216110164	290.3848946433451	30.979339035140512	1.0502290341396288	303	0:20
428.0000000013155	-67622.80887095042	7874.455645778255	307.5428487938724	31.149346871132277	1.0444970627397636	303	0:20
429.0000000013203	-67347.44419893358	7590.11758403759	296.4378097331553	31.023504453557052	1.0487339159850881	303	0:20
430.0000000013251	-66911.82062223749	7529.736137697357	294.0795664643998	31.083009062749912	1.046726243507433	303	0:19
431.00000000132985	-67352.31050132727	7650.9917504273635	298.8152965578477	31.152715988353158	1.0443841020257587	303	0:19
432.0000000013346	-67487.91062616135	7561.280875728951	295.3115701780653	30.779535747564385	1.057046525327604	303	0:19
433.0000000013394	-66994.50895654593	7569.508173030716	295.6328935258469	30.958869328210838	1.0509234354858135	303	0:19
434.0000000013442	-67136.76516200983	7857.0134012710005	306.8616286808356	31.220880095053015	1.042103912961601	303	0:18
435.00000000134895	-67367.96612484995	7692.563291845107	300.4389046968078	30.99072018738403	1.0498433439570243	303	0:18
436.0000000013537	-67729.61731949548	7681.962134792169	300.0248684526237	30.809468194869897	1.0560195686395262	303	0:18
437.0000000013585	-67441.60184299987	7563.454414601063	295.3964593903186	30.743301312231846	1.0582923734418477	303	0:17
438.0000000013633	-67509.74004457257	7401.523624942771	289.07212935416527	30.67173080333274	1.060761830552597	303	0:17
439.00000000136805	-67365.51303165618	7406.698481668805	289.27423731580933	30.601486559590267	1.0631967584255597	303	0:17
440.0000000013728	-67532.71463406424	7608.58830964376	297.15919795702024	30.706181761516678	1.0595717033739294	303	0:17
441.0000000013776	-67513.83255844138	7436.724979342122	290.44694499861987	30.59686518634931	1.0633573444535513	303	0:16
442.0000000013824	-67677.01490762646	7646.44666851556	298.63778493011927	30.317071052198415	1.0731709952172455	303	0:16
443.00000000138715	-67954.55951632225	7511.218715782397	293.35635448071207	30.33633709016424	1.072489444472466	303	0:16
444.0000000013919	-68248.62210416276	7628.9391462622625	297.9540153451083	30.565659304788152	1.064442974670695	303	0:15
445.0000000013967	-67684.19269603334	7369.256700155985	287.81192008800906	30.470275728317706	1.067775086883207	303	0:15
446.0000000014015	-67619.12501652565	7421.80939248473	289.8644054200251	30.854949787055276	1.0544629480100287	303	0:15
447.00000000140625	-67663.9324184334	7579.282426260813	296.014634412892	30.881868215815448	1.0535438169021603	303	0:15
448.000000001411	-67774.39631387332	7576.852713561027	295.9197401371406	30.746407565203555	1.0581854561110027	303	0:14
449.0000000014158	-67852.44916885762	7506.631458453372	293.17719566001625	30.746958117348957	1.0581665083415723	303	0:14
450.0000000014206	-67756.86337022044	7497.845161018039	292.8340401372518	30.43782676092609	1.0689134138487948	303	0:14
451.00000000142535	-67738.25513467172	7654.528523722107	298.95342792635535	30.49808696095329	1.0668013818314177	303	0:13
452.0000000014301	-67816.67611052352	7624.233890244175	297.7702479959478	30.700201435290925	1.059778105421783	303	0:13
453.0000000014349	-67582.1897075274	7340.579149399449	286.6918965520553	30.55483214821268	1.0648201618434643	303	0:13
454.0000000014397	-67793.40339227667	7520.859219794562	293.7328716904191	30.631037428795466	1.0621710540751714	303	0:13
455.00000000144445	-67988.62695658358	7662.1334810885855	299.25044531506796	30.71800244006492	1.0591639666882893	303	0:12
456.0000000014492	-67841.8466059519	7635.172501132663	298.1974637560996	31.01751799254674	1.0489363243370313	303	0:12
457.000000001454	-67634.91272664943	7418.46000047475	289.73359236997896	30.841303392387953	1.0549295177061127	303	0:12
458.0000000014588	-67536.175786818	7576.839846205341	295.91923759278677	30.83274214144748	1.055222437365485	303	0:11
459.00000000146355	-67672.94488981011	7802.398844624227	304.72861567113404	31.023846097048676	1.0487223670264028	303	0:11
460.0000000014683	-67590.79155996614	7689.740562772808	300.3286608679872	31.040243042274557	1.0481683815699787	303	0:11
461.0000000014731	-67369.77589040578	7599.952218135521	296.82190884087515	31.015501911328123	1.0490045076870564	303	0:11
462.0000000014779	-67283.11723741458	7469.664607801284	291.73342721786673	30.77032616003796	1.0573629003456613	303	0:10
463.00000000148265	-67647.83087966891	7515.234099207366	293.5131783315362	30.79278997220056	1.0565915379065154	303	0:10
464.0000000014874	-67669.13904913812	7606.996243076637	297.0970185874806	30.945630431855854	1.051373032609713	303	0:10
465.0000000014922	-67707.45989364517	7680.817537618056	299.98016534024583	30.982683180190907	1.0501156766810162	303	0:09
466.00000000149697	-67691.14043864765	7790.8379382702005	304.277095688713	30.76235241750892	1.057636973648401	303	0:09
467.00000000150175	-67722.42811949391	7580.248550954442	296.0523671469291	30.697914370226947	1.0598570613225402	303	0:09
468.0000000015065	-67848.37412439354	7488.548503506463	292.4709521139033	30.79582463645139	1.0564874198773453	303	0:09
469.0000000015113	-68110.71894397846	7407.989453093444	289.3246571857667	30.969818154476375	1.0505519002686505	303	0:08
470.00000000151607	-67898.75672850554	7478.331292713578	292.07191118265416	30.532945844695245	1.0655834349770863	303	0:08
471.00000000152085	-67578.07473117043	7673.217801279381	299.68335186274135	30.78471881444979	1.0568685557682658	303	0:08
472.0000000015256	-67663.90086532	7714.627307873944	301.3006316085569	30.814678918918712	1.0558409970380889	303	0:07
473.0000000015304	-67773.37931218545	7728.5345870204155	301.84379096332077	30.57527642261402	1.064108165808632	303	0:07
474.00000000153517	-67761.98546241224	7653.7161673279015	298.9217007300959	30.794759449084957	1.0565239636618262	303	0:07
475.00000000153995	-67542.369430366	7757.50278618716	302.9751659937898	30.603574450546578	1.0631242231437652	303	0:07
476.0000000015447	-67462.84803699597	7491.644607050366	292.5918727904409	30.795106229811754	1.0565120662471763	303	0:06
477.0000000015495	-67640.12752995282	7813.766966166834	305.172606296254	30.63070499857159	1.0621825816505674	303	0:06
478.00000000155427	-67590.60101489123	7542.314054120449	294.5708065478617	30.65709017333056	1.0612684090110793	303	0:06
479.00000000155904	-67566.75120010535	7450.058559969287	290.96769812177695	30.505108092449916	1.0665558441739238	303	0:05
480.0000000015638	-67821.52429363356	7248.464092259483	283.09427300015636	30.662442196740507	1.0610831682747797	303	0:05
481.0000000015686	-67737.06671049687	7346.253523807208	286.9135135563267	30.961486878068186	1.0508345881866037	303	0:05
482.00000000157337	-67804.73779215038	7543.729308836226	294.6260803961934	30.57564379150148	1.0640953804610631	303	0:05
483.00000000157814	-67442.85268366185	7493.657995197526	292.6705071944378	30.71279855323239	1.05934342833553	303	0:04
484.0000000015829	-67800.80320255988	7727.678817740902	301.81036824383756	30.502391254916066	1.0666508419373837	303	0:04
485.0000000015877	-67940.7310380661	7505.10159213847	293.11744556859105	30.767766315025412	1.057450871799916	303	0:04
486.00000000159247	-67796.2990225162	7437.845077973834	290.4906913018086	30.771165104761735	1.0573340724145988	303	0:03
487.00000000159724	-68144.79700682993	7470.577245617413	291.76907098126003	30.54760571168174	1.0650720590097775	303	0:03
488.000000001602	-67950.78816968601	7604.571663782627	297.00232480079245	30.95919147432017	1.0509125000937756	303	0:03
489.0000000016068	-67877.531393332	7323.124357184992	286.01018637877905	30.871458098728834	1.0538990807984996	303	0:03
490.00000000161157	-67926.63381631591	7611.059441438088	297.25570988698206	30.30393999839869	1.0736360128378997	303	0:02
491.00000000161634	-67937.01749526436	7478.669605849671	292.08512425925767	30.94193923860807	1.0514984552927884	303	0:02
492.0000000016211	-67940.38918338009	7524.4656093472695	293.87372197478055	30.90310405166252	1.0528198480893176	303	0:02
493.0000000016259	-67461.62818330803	7494.918417291778	292.71973393708333	30.947493241030266	1.051309747764132	303	0:01
494.00000000163067	-67684.70034957913	7429.874624619488	290.17939918956097	30.859105298107057	1.054320953211676	303	0:01
495.00000000163544	-67863.263224997	7576.028607826303	295.88755406145924	30.665180038589686	1.0609884328810886	303	0:01
496.0000000016402	-67623.20675748549	7568.62189273361	295.5982791753873	30.75391456244042	1.0579271541872268	303	0:01
497.000000001645	-67996.73098319452	7546.002301413009	294.7148538484543	30.546869503140137	1.0650977282570693	303	0:00
498.00000000164977	-67818.25975297714	7628.803000563652	297.9486980713963	30.079794630844486	1.081636417816403	303	0:00
499.00000000165454	-67694.23583152943	7718.254461755007	301.4422928595405	30.68661398155534	1.060247355173028	303	0:00
500.0000000016593	-67691.47528724655	7446.640134380666	290.83418891286055	30.921590651478642	1.052190415424308	303	0:00
