    -44.945         0.00000     0.00000     0.00000     0.00000
    -44.795         0.00000     0.00000     0.00000     0.00000
    -44.645         0.00000     0.00000     0.00000     0.00000
    -44.495         0.00000     0.00000     0.00000     0.00000
    -44.345         0.00000     0.00000     0.00000     0.00000
    -44.195         0.00000     0.00000     0.00000     0.00000
    -44.045         0.00000     0.00000     0.00000     0.00000
    -43.895         0.00000     0.00000     0.00000     0.00000
    -43.745         0.00000     0.00000     0.00000     0.00000
    -43.595         0.00000     0.00000     0.00000     0.00000
    -43.445         0.00000     0.00000     0.00000     0.00000
    -43.295         0.00000     0.00000     0.00000     0.00000
    -43.145         0.00000     0.00000     0.00000     0.00000
    -42.995         0.00000     0.00000     0.00000     0.00000
    -42.845         0.00000     0.00000     0.00000     0.00000
    -42.695         0.00000     0.00000     0.00000     0.00000
    -42.545         0.00000     0.00000     0.00000     0.00000
    -42.395         0.00000     0.00000     0.00000     0.00000
    -42.245         0.00000     0.00000     0.00000     0.00000
    -42.095         0.00000     0.00000     0.00000     0.00000
    -41.945         0.00000     0.00000     0.00000     0.00000
    -41.795         0.00000     0.00000     0.00000     0.00000
    -41.645         0.00000     0.00000     0.00000     0.00000
    -41.495         0.00000     0.00000     0.00000     0.00000
    -41.345         0.00000     0.00000     0.00000     0.00000
    -41.195         0.00000     0.00000     0.00000     0.00000
    -41.045         0.00000     0.00000     0.00000     0.00000
    -40.895         0.00000     0.00000     0.00000     0.00000
    -40.745         0.00000     0.00000     0.00000     0.00000
    -40.595         0.00000     0.00000     0.00000     0.00000
    -40.445         0.00000     0.00000     0.00000     0.00000
    -40.295         0.00000     0.00000     0.00000     0.00000
    -40.145         0.00000     0.00000     0.00000     0.00000
    -39.995         0.00000     0.00000     0.00000     0.00000
    -39.845         0.00000     0.00000     0.00000     0.00000
    -39.695         0.00000     0.00000     0.00000     0.00000
    -39.545         0.00000     0.00000     0.00000     0.00000
    -39.395         0.00000     0.00000     0.00000     0.00000
    -39.245         0.00000     0.00000     0.00000     0.00000
    -39.095         0.00000     0.00000     0.00000     0.00000
    -38.945         0.00000     0.00000     0.00000     0.00000
    -38.795         0.00000     0.00000     0.00000     0.00000
    -38.645         0.00000     0.00000     0.00000     0.00000
    -38.495         0.00000     0.00000     0.00000     0.00000
    -38.345         0.00000     0.00000     0.00000     0.00000
    -38.195         0.00000     0.00000     0.00000     0.00000
    -38.045         0.00000     0.00000     0.00000     0.00000
    -37.895         0.00000     0.00000     0.00000     0.00000
    -37.745         0.00000     0.00000     0.00000     0.00000
    -37.595         0.00000     0.00000     0.00000     0.00000
    -37.445         0.00000     0.00000     0.00000     0.00000
    -37.295         0.00000     0.00000     0.00000     0.00000
    -37.145         0.00000     0.00000     0.00000     0.00000
    -36.995         0.00000     0.00000     0.00000     0.00000
    -36.845         0.00000     0.00000     0.00000     0.00000
    -36.695         0.00000     0.00000     0.00000     0.00000
    -36.545         0.00000     0.00000     0.00000     0.00000
    -36.395         0.00000     0.00000     0.00000     0.00000
    -36.245         0.00000     0.00000     0.00000     0.00000
    -36.095         0.00000     0.00000     0.00000     0.00000
    -35.945         0.00000     0.00000     0.00000     0.00000
    -35.795         0.00000     0.00000     0.00000     0.00000
    -35.645         0.00000     0.00000     0.00000     0.00000
    -35.495         0.00000     0.00000     0.00000     0.00000
    -35.345         0.00000     0.00000     0.00000     0.00000
    -35.195         0.00000     0.00000     0.00000     0.00000
    -35.045         0.00000     0.00000     0.00000     0.00000
    -34.895         0.00000     0.00000     0.00000     0.00000
    -34.745         0.00000     0.00000     0.00000     0.00000
    -34.595         0.00000     0.00000     0.00000     0.00000
    -34.445         0.00000     0.00000     0.00000     0.00000
    -34.295         0.00000     0.00000     0.00000     0.00000
    -34.145         0.00000     0.00000     0.00000     0.00000
    -33.995         0.00000     0.00000     0.00000     0.00000
    -33.845         0.00000     0.00000     0.00000     0.00000
    -33.695         0.00000     0.00000     0.00000     0.00000
    -33.545         0.00000     0.00000     0.00000     0.00000
    -33.395         0.00000     0.00000     0.00000     0.00000
    -33.245         0.00000     0.00000     0.00000     0.00000
    -33.095         0.00000     0.00000     0.00000     0.00000
    -32.945         0.00000     0.00000     0.00000     0.00000
    -32.795         0.00000     0.00000     0.00000     0.00000
    -32.645         0.00000     0.00000     0.00000     0.00000
    -32.495         0.00000     0.00000     0.00000     0.00000
    -32.345         0.00000     0.00000     0.00000     0.00000
    -32.195         0.00000     0.00000     0.00000     0.00000
    -32.045         0.00000     0.00000     0.00000     0.00000
    -31.895         0.00000     0.00000     0.00000     0.00000
    -31.745         0.00000     0.00000     0.00000     0.00000
    -31.595         0.00000     0.00000     0.00000     0.00000
    -31.445         0.00000     0.00000     0.00000     0.00000
    -31.295         0.00000     0.00000     0.00000     0.00000
    -31.145         0.00000     0.00000     0.00000     0.00000
    -30.995         0.00000     0.00000     0.00000     0.00000
    -30.845         0.00000     0.00000     0.00000     0.00000
    -30.695         0.00000     0.00000     0.00000     0.00000
    -30.545         0.00000     0.00000     0.00000     0.00000
    -30.395         0.00000     0.00000     0.00000     0.00000
    -30.245         0.00000     0.00000     0.00000     0.00000
    -30.095         0.00000     0.00000     0.00000     0.00000
    -29.945         0.00000     0.00000     0.00000     0.00000
    -29.795         0.00000     0.00000     0.00000     0.00000
    -29.645         0.00000     0.00000     0.00000     0.00000
    -29.495         0.00000     0.00000     0.00000     0.00000
    -29.345         0.00000     0.00000     0.00000     0.00000
    -29.195         0.00000     0.00000     0.00000     0.00000
    -29.045         0.00000     0.00000     0.00000     0.00000
    -28.895         0.00000     0.00000     0.00000     0.00000
    -28.745         0.00000     0.00000     0.00000     0.00000
    -28.595         0.00000     0.00000     0.00000     0.00000
    -28.445         0.00000     0.00000     0.00000     0.00000
    -28.295        -0.00000    -0.00000     0.00000     0.00000
    -28.145        -0.00000    -0.00000     0.00000     0.00000
    -27.995        -0.00000    -0.00000     0.00000     0.00000
    -27.845        -0.00000    -0.00000     0.00000     0.00000
    -27.695        -0.00000    -0.00000     0.00000     0.00000
    -27.545        -0.00000    -0.00000     0.00000     0.00000
    -27.395        -0.00000    -0.00000     0.00000     0.00000
    -27.245        -0.00000    -0.00000     0.00000     0.00000
    -27.095        -0.00000    -0.00000     0.00000     0.00000
    -26.945        -0.00000    -0.00000     0.00000     0.00000
    -26.795        -0.00000    -0.00000     0.00000     0.00000
    -26.645        -0.00000    -0.00000     0.00000     0.00000
    -26.495        -0.00000    -0.00000     0.00000     0.00000
    -26.345        -0.00000    -0.00000     0.00000     0.00000
    -26.195        -0.00000    -0.00000     0.00000     0.00000
    -26.045        -0.00000    -0.00000     0.00000     0.00000
    -25.895        -0.00000    -0.00000     0.00000     0.00000
    -25.745        -0.00000    -0.00000     0.00000     0.00000
    -25.595        -0.00000    -0.00000     0.00000     0.00000
    -25.445        -0.00000    -0.00000     0.00000     0.00000
    -25.295        -0.00001    -0.00001     0.00000     0.00000
    -25.145        -0.00001    -0.00001     0.00000     0.00000
    -24.995        -0.00001    -0.00001     0.00000     0.00000
    -24.845        -0.00001    -0.00001     0.00000     0.00000
    -24.695        -0.00001    -0.00001     0.00000     0.00000
    -24.545        -0.00002    -0.00002     0.00000     0.00000
    -24.395        -0.00002    -0.00002     0.00000     0.00000
    -24.245        -0.00003    -0.00003     0.00000     0.00000
    -24.095        -0.00003    -0.00003     0.00000     0.00000
    -23.945        -0.00004    -0.00004     0.00000     0.00000
    -23.795        -0.00005    -0.00005     0.00000     0.00000
    -23.645        -0.00006    -0.00006     0.00000     0.00000
    -23.495        -0.00007    -0.00007     0.00000     0.00000
    -23.345        -0.00009    -0.00009     0.00000     0.00000
    -23.195        -0.00011    -0.00011     0.00000     0.00000
    -23.045        -0.00013    -0.00013     0.00000     0.00000
    -22.895        -0.00014    -0.00014     0.00000     0.00000
    -22.745        -0.00017    -0.00017     0.00000     0.00000
    -22.595        -0.00020    -0.00020     0.00000     0.00000
    -22.445        -0.00023    -0.00023     0.00000     0.00000
    -22.295        -0.00027    -0.00027     0.00000     0.00000
    -22.145        -0.00031    -0.00031     0.00000     0.00000
    -21.995        -0.00036    -0.00036     0.00000     0.00000
    -21.845        -0.00042    -0.00042     0.00000     0.00000
    -21.695        -0.00048    -0.00048     0.00000     0.00000
    -21.545        -0.00054    -0.00054     0.00000     0.00000
    -21.395        -0.00062    -0.00062     0.00000     0.00000
    -21.245        -0.00072    -0.00072     0.00000     0.00000
    -21.095        -0.00081    -0.00081     0.00000     0.00000
    -20.945        -0.00092    -0.00092     0.00000     0.00000
    -20.795        -0.00104    -0.00104     0.00000     0.00000
    -20.645        -0.00119    -0.00119     0.00000     0.00000
    -20.495        -0.00134    -0.00134     0.00000     0.00000
    -20.345        -0.00151    -0.00151     0.00000     0.00000
    -20.195        -0.00171    -0.00171     0.00000     0.00000
    -20.045        -0.00194    -0.00194     0.00000     0.00000
    -19.895        -0.00217    -0.00217     0.00000     0.00000
    -19.745        -0.00245    -0.00245     0.00000     0.00000
    -19.595        -0.00274    -0.00274     0.00000     0.00000
    -19.445        -0.00307    -0.00307     0.00000     0.00000
    -19.295        -0.00344    -0.00344     0.00000     0.00000
    -19.145        -0.00380    -0.00380     0.00000     0.00000
    -18.995        -0.00420    -0.00420     0.00000     0.00000
    -18.845        -0.00465    -0.00465     0.00000     0.00000
    -18.695        -0.00511    -0.00511     0.00000     0.00000
    -18.545        -0.00561    -0.00561     0.00000     0.00000
    -18.395        -0.00611    -0.00611     0.00000     0.00000
    -18.245        -0.00665    -0.00665     0.00000     0.00000
    -18.095        -0.00723    -0.00723     0.00000     0.00000
    -17.945        -0.00781    -0.00781     0.00000     0.00000
    -17.795        -0.00845    -0.00845     0.00000     0.00000
    -17.645        -0.00910    -0.00910     0.00000     0.00000
    -17.495        -0.00978    -0.00978     0.00000     0.00000
    -17.345        -0.01047    -0.01047     0.00000     0.00000
    -17.195        -0.01123    -0.01123     0.00000     0.00000
    -17.045        -0.01200    -0.01200     0.00000     0.00000
    -16.895        -0.01280    -0.01280     0.00000     0.00000
    -16.745        -0.01404    -0.01364    -0.00040     0.00000
    -16.595        -0.01571    -0.01450    -0.00121     0.00000
    -16.445        -0.01783    -0.01540    -0.00243     0.00000
    -16.295        -0.02343    -0.01634    -0.00709     0.00000
    -16.145        -0.03433    -0.01732    -0.01701     0.00000
    -15.995        -0.04402    -0.01828    -0.02574     0.00000
    -15.845        -0.06068    -0.01931    -0.04137     0.00000
    -15.695        -0.08571    -0.02041    -0.06530     0.00000
    -15.545        -0.12265    -0.02151    -0.10114     0.00000
    -15.395        -0.15833    -0.02269    -0.13564     0.00000
    -15.245        -0.20685    -0.02606    -0.18079     0.00000
    -15.095        -0.25641    -0.02946    -0.22695     0.00000
    -14.945        -0.30428    -0.03289    -0.27139     0.00000
    -14.795        -0.35268    -0.03636    -0.31632     0.00000
    -14.645        -0.40778    -0.03989    -0.36789     0.00000
    -14.495        -0.47441    -0.04341    -0.43099     0.00000
    -14.345        -0.53303    -0.04885    -0.48418     0.00000
    -14.195        -0.59158    -0.05035    -0.54123     0.00000
    -14.045        -0.64833    -0.05912    -0.58921     0.00000
    -13.895        -0.70359    -0.06464    -0.63895     0.00000
    -13.745        -0.75865    -0.07340    -0.68525     0.00000
    -13.595        -0.80448    -0.07889    -0.72560     0.00000
    -13.445        -0.85373    -0.08439    -0.76934     0.00000
    -13.295        -0.89721    -0.08597    -0.81124     0.00000
    -13.145        -0.94190    -0.08761    -0.85429     0.00000
    -12.995        -0.98665    -0.09637    -0.89028     0.00000
    -12.845        -1.03220    -0.10348    -0.92872     0.00000
    -12.695        -1.07813    -0.11361    -0.96452     0.00000
    -12.545        -1.10907    -0.11529    -0.99379     0.00000
    -12.395        -1.14432    -0.12528    -1.01904     0.00000
    -12.245        -1.17690    -0.13073    -1.04617     0.00000
    -12.095        -1.22085    -0.13774    -1.08311     0.00000
    -11.945        -1.25377    -0.14618    -1.10759     0.00000
    -11.795        -1.29150    -0.15734    -1.13416     0.00000
    -11.645        -1.32721    -0.16411    -1.16310     0.00000
    -11.495        -1.36093    -0.17373    -1.18720     0.00000
    -11.345        -1.40220    -0.18715    -1.21505     0.00000
    -11.195        -1.43622    -0.19665    -1.23957     0.00000
    -11.045        -1.46582    -0.20320    -1.26262     0.00000
    -10.895        -1.49992    -0.21383    -1.28609     0.00000
    -10.745        -1.53738    -0.22800    -1.30937     0.00000
    -10.595        -1.58228    -0.24629    -1.33598     0.00000
    -10.445        -1.62256    -0.26029    -1.36227     0.00000
    -10.295        -1.66616    -0.27832    -1.38784     0.00000
    -10.145        -1.71402    -0.30164    -1.41238     0.00000
    -9.9950        -1.76000    -0.32217    -1.43783     0.00000
    -9.8450        -1.81179    -0.34749    -1.46430     0.00000
    -9.6950        -1.86012    -0.37115    -1.48897     0.00000
    -9.5450        -1.90834    -0.39467    -1.51368     0.00000
    -9.3950        -1.96334    -0.42181    -1.54153     0.00000
    -9.2450        -2.01430    -0.44731    -1.56698     0.00000
    -9.0950        -2.06706    -0.47116    -1.59590     0.00000
    -8.9450        -2.12963    -0.50540    -1.62423     0.00000
    -8.7950        -2.19539    -0.54474    -1.65065     0.00000
    -8.6450        -2.25253    -0.57239    -1.68015     0.00000
    -8.4950        -2.31704    -0.60689    -1.71015     0.00000
    -8.3450        -2.39448    -0.64748    -1.74683    -0.00017
    -8.1950        -2.47258    -0.69114    -1.78127    -0.00017
    -8.0450        -2.55981    -0.74039    -1.81888    -0.00055
    -7.8950        -2.65014    -0.78602    -1.86250    -0.00161
    -7.7450        -2.74519    -0.83284    -1.90929    -0.00307
    -7.5950        -2.84448    -0.87996    -1.95781    -0.00671
    -7.4450        -2.95752    -0.93476    -2.00817    -0.01459
    -7.2950        -3.08062    -0.98855    -2.06406    -0.02800
    -7.1450        -3.22761    -1.05790    -2.12232    -0.04738
    -6.9950        -3.38617    -1.11999    -2.18484    -0.08134
    -6.8450        -3.56487    -1.18379    -2.25628    -0.12481
    -6.6950        -3.76338    -1.25647    -2.32442    -0.18249
    -6.5450        -3.97258    -1.33079    -2.39230    -0.24949
    -6.3950        -4.20490    -1.40366    -2.46564    -0.33560
    -6.2450        -4.46911    -1.48205    -2.54814    -0.43893
    -6.0950        -4.77143    -1.56668    -2.63434    -0.57041
    -5.9450        -5.10044    -1.65240    -2.72091    -0.72713
    -5.7950        -5.49406    -1.74597    -2.81184    -0.93625
    -5.6450        -5.96228    -1.85078    -2.90414    -1.20736
    -5.4950        -6.48288    -1.95659    -2.99811    -1.52818
    -5.3450        -7.05621    -2.06250    -3.10035    -1.89336
    -5.1950        -7.69494    -2.17668    -3.20594    -2.31231
    -5.0450        -8.38252    -2.29693    -3.31548    -2.77011
    -4.8950        -9.10795    -2.42223    -3.43467    -3.25105
    -4.7450        -9.88000    -2.55871    -3.56113    -3.76016
    -4.5950       -10.67937    -2.69686    -3.69614    -4.28638
    -4.4450       -11.49295    -2.84183    -3.83944    -4.81168
    -4.2950       -12.35927    -2.99715    -3.99182    -5.37030
    -4.1450       -13.25986    -3.16571    -4.16352    -5.93063
    -3.9950       -14.20067    -3.34443    -4.34196    -6.51428
    -3.8450       -15.17380    -3.53545    -4.53580    -7.10254
    -3.6950       -16.17691    -3.73016    -4.74172    -7.70503
    -3.5450       -17.22032    -3.93274    -4.96318    -8.32441
    -3.3950       -18.31820    -4.14819    -5.20450    -8.96550
    -3.2450       -19.47936    -4.37952    -5.46081    -9.63903
    -3.0950       -20.70196    -4.63018    -5.73841   -10.33338
    -2.9450       -21.98031    -4.89815    -6.02503   -11.05713
    -2.7950       -23.34039    -5.18261    -6.33125   -11.82654
    -2.6450       -24.78535    -5.48444    -6.65719   -12.64373
    -2.4950       -26.32360    -5.80788    -6.99972   -13.51601
    -2.3450       -27.96139    -6.13833    -7.36279   -14.46027
    -2.1950       -29.72222    -6.48798    -7.75437   -15.47987
    -2.0450       -31.59229    -6.85782    -8.17055   -16.56391
    -1.8950       -33.58376    -7.24004    -8.61900   -17.72471
    -1.7450       -35.72753    -7.64397    -9.09549   -18.98807
    -1.5950       -38.03213    -8.07019    -9.61167   -20.35027
    -1.4450       -40.54211    -8.52393   -10.18309   -21.83509
    -1.2950       -43.28164    -9.00971   -10.81874   -23.45319
    -1.1450       -46.31377    -9.53485   -11.52141   -25.25752
   -0.99500       -49.72371   -10.10894   -12.32433   -27.29043
   -0.84500       -53.66224   -10.75233   -13.28613   -29.62377
   -0.69500       -58.26186   -11.50150   -14.39108   -32.36928
   -0.54500       -63.63203   -12.30848   -15.58874   -35.73481
   -0.39500       -69.97650   -13.09208   -16.68666   -40.19777
   -0.25300       -74.99890   -13.52232   -17.24115   -44.23543
   -0.21500       -75.35556   -13.54630   -17.26992   -44.53933
   -0.20900       -75.72018   -13.57000   -17.29807   -44.85212
   -0.20300       -76.09274   -13.59309   -17.32552   -45.17414
   -0.19700       -76.47409   -13.61542   -17.35220   -45.50647
   -0.19100       -76.86516   -13.63732   -17.37768   -45.85016
   -0.18500       -77.26800   -13.65862   -17.40309   -46.20629
   -0.17900       -77.68179   -13.67982   -17.42791   -46.57405
   -0.17300       -78.10580   -13.70033   -17.45176   -46.95371
   -0.16700       -78.54373   -13.72051   -17.47455   -47.34867
   -0.16100       -78.99495   -13.73961   -17.49707   -47.75827
   -0.15500       -79.45789   -13.75842   -17.51817   -48.18130
   -0.14900       -79.93786   -13.77645   -17.53909   -48.62233
   -0.14300       -80.43406   -13.79372   -17.55917   -49.08117
   -0.13700       -80.94682   -13.81055   -17.57824   -49.55803
   -0.13100       -81.47695   -13.82718   -17.59642   -50.05334
   -0.12500       -82.02620   -13.84282   -17.61387   -50.56951
   -0.11900       -82.59764   -13.85789   -17.63076   -51.10899
   -0.11300       -83.19163   -13.87206   -17.64671   -51.67287
   -0.10700       -83.80741   -13.88589   -17.66180   -52.25971
   -0.10100       -84.44501   -13.89876   -17.67602   -52.87022
   -0.95000E-01   -85.11043   -13.91096   -17.68935   -53.51012
   -0.89000E-01   -85.80206   -13.92254   -17.70168   -54.17784
   -0.83000E-01   -86.52622   -13.93321   -17.71327   -54.87974
   -0.77000E-01   -87.27961   -13.94328   -17.72393   -55.61239
   -0.71000E-01   -88.06983   -13.95265   -17.73371   -56.38347
   -0.65000E-01   -88.89932   -13.96129   -17.74274   -57.19528
   -0.59000E-01   -89.77273   -13.96910   -17.75087   -58.05275
   -0.53000E-01   -90.69858   -13.97610   -17.75808   -58.96440
   -0.47000E-01   -91.67866   -13.98242   -17.76458   -59.93166
   -0.41000E-01   -92.69994   -13.98793   -17.77010   -60.94191
   -0.35000E-01   -93.74221   -13.99263   -17.77490   -61.97468
   -0.29000E-01   -94.76923   -13.99652   -17.77884   -62.99387
   -0.23000E-01   -95.70113   -13.99961   -17.78188   -63.91963
   -0.19700E-01   -95.78514   -13.99987   -17.78216   -64.00311
   -0.19100E-01   -95.86777   -14.00012   -17.78244   -64.08521
   -0.18500E-01   -95.94811   -14.00038   -17.78268   -64.16505
   -0.17900E-01   -96.02637   -14.00062   -17.78292   -64.24282
   -0.17300E-01   -96.10255   -14.00085   -17.78315   -64.31855
   -0.16700E-01   -96.17659   -14.00108   -17.78338   -64.39212
   -0.16100E-01   -96.24844   -14.00130   -17.78361   -64.46353
   -0.15500E-01   -96.31823   -14.00151   -17.78382   -64.53290
   -0.14900E-01   -96.38571   -14.00171   -17.78403   -64.59997
   -0.14300E-01   -96.45075   -14.00190   -17.78423   -64.66463
   -0.13700E-01   -96.51346   -14.00207   -17.78442   -64.72697
   -0.13100E-01   -96.57368   -14.00223   -17.78460   -64.78685
   -0.12500E-01   -96.63153   -14.00240   -17.78476   -64.84436
   -0.11900E-01   -96.68683   -14.00256   -17.78492   -64.89935
   -0.11300E-01   -96.73952   -14.00272   -17.78507   -64.95173
   -0.10700E-01   -96.78963   -14.00286   -17.78522   -65.00155
   -0.10100E-01   -96.83714   -14.00301   -17.78535   -65.04879
   -0.95000E-02   -96.88214   -14.00314   -17.78547   -65.09353
   -0.89000E-02   -96.92441   -14.00326   -17.78559   -65.13556
   -0.83000E-02   -96.96386   -14.00337   -17.78571   -65.17479
   -0.77000E-02   -97.00068   -14.00347   -17.78582   -65.21140
   -0.71000E-02   -97.03479   -14.00356   -17.78591   -65.24531
   -0.65000E-02   -97.06609   -14.00365   -17.78601   -65.27643
   -0.59000E-02   -97.09451   -14.00373   -17.78608   -65.30469
   -0.53000E-02   -97.12018   -14.00381   -17.78615   -65.33022
   -0.47000E-02   -97.14292   -14.00387   -17.78622   -65.35284
   -0.41000E-02   -97.16282   -14.00393   -17.78627   -65.37262
   -0.35000E-02   -97.17986   -14.00397   -17.78632   -65.38956
   -0.29000E-02   -97.19397   -14.00401   -17.78636   -65.40359
   -0.23000E-02   -97.20515   -14.00405   -17.78639   -65.41471
   -0.17000E-02   -97.21344   -14.00407   -17.78641   -65.42296
   -0.11000E-02   -97.21881   -14.00409   -17.78643   -65.42830
   -0.50000E-03   -97.22125   -14.00409   -17.78643   -65.43072
    0.10000E-03   -97.22076   -14.00409   -17.78643   -65.43024
    0.70000E-03   -97.21734   -14.00408   -17.78642   -65.42684
    0.13000E-02   -97.21102   -14.00406   -17.78641   -65.42054
    0.19000E-02   -97.20177   -14.00404   -17.78638   -65.41135
    0.25000E-02   -97.18958   -14.00400   -17.78635   -65.39922
    0.31000E-02   -97.17449   -14.00396   -17.78631   -65.38422
    0.37000E-02   -97.15650   -14.00391   -17.78626   -65.36634
    0.43000E-02   -97.13567   -14.00385   -17.78620   -65.34562
    0.49000E-02   -97.11184   -14.00378   -17.78613   -65.32193
    0.55000E-02   -97.08525   -14.00371   -17.78605   -65.29549
    0.61000E-02   -97.05572   -14.00362   -17.78597   -65.26613
    0.67000E-02   -97.02342   -14.00353   -17.78588   -65.23401
    0.73000E-02   -96.98834   -14.00343   -17.78578   -65.19912
    0.79000E-02   -96.95038   -14.00332   -17.78567   -65.16139
    0.85000E-02   -96.90969   -14.00320   -17.78556   -65.12093
    0.91000E-02   -96.86627   -14.00307   -17.78544   -65.07777
    0.97000E-02   -96.82022   -14.00293   -17.78531   -65.03198
    0.10300E-01   -96.77153   -14.00279   -17.78516   -64.98358
    0.10900E-01   -96.71997   -14.00264   -17.78501   -64.93233
    0.11500E-01   -96.66587   -14.00248   -17.78485   -64.87854
    0.12100E-01   -96.60926   -14.00232   -17.78470   -64.82225
    0.12700E-01   -96.55015   -14.00214   -17.78453   -64.76348
    0.13300E-01   -96.48852   -14.00195   -17.78435   -64.70221
    0.13900E-01   -96.42438   -14.00175   -17.78417   -64.63846
    0.14500E-01   -96.35788   -14.00155   -17.78397   -64.57235
    0.15100E-01   -96.28897   -14.00134   -17.78377   -64.50386
    0.15700E-01   -96.21776   -14.00112   -17.78357   -64.43307
    0.16300E-01   -96.14433   -14.00089   -17.78335   -64.36009
    0.16900E-01   -96.06865   -14.00066   -17.78312   -64.28487
    0.17500E-01   -95.99098   -14.00042   -17.78288   -64.20768
    0.18100E-01   -95.91093   -14.00015   -17.78264   -64.12813
    0.18700E-01   -95.82913   -13.99989   -17.78238   -64.04686
    0.19300E-01   -95.74523   -13.99963   -17.78212   -63.96348
    0.20200E-01   -95.40232   -13.99852   -17.78103   -63.62276
    0.25000E-01   -94.41799   -13.99503   -17.77769   -62.64527
    0.31000E-01   -93.37070   -13.99073   -17.77355   -61.60642
    0.37000E-01   -92.32523   -13.98551   -17.76865   -60.57107
    0.43000E-01   -91.30903   -13.97956   -17.76301   -59.56646
    0.49000E-01   -90.33893   -13.97261   -17.75664   -58.60968
    0.55000E-01   -89.42161   -13.96487   -17.74927   -57.70747
    0.61000E-01   -88.55514   -13.95642   -17.74115   -56.85756
    0.67000E-01   -87.73363   -13.94678   -17.73247   -56.05438
    0.73000E-01   -86.94895   -13.93636   -17.72290   -55.28968
    0.79000E-01   -86.19968   -13.92516   -17.71236   -54.56216
    0.85000E-01   -85.48153   -13.91310   -17.70119   -53.86724
    0.91000E-01   -84.79468   -13.90010   -17.68954   -53.20503
    0.97000E-01   -84.13513   -13.88628   -17.67707   -52.57178
    0.10300       -83.50122   -13.87199   -17.66374   -51.96550
    0.10900       -82.89155   -13.85649   -17.64983   -51.38523
    0.11500       -82.30912   -13.84057   -17.63533   -50.83322
    0.12100       -81.74765   -13.82365   -17.62019   -50.30380
    0.12700       -81.20658   -13.80571   -17.60448   -49.79638
    0.13300       -80.68660   -13.78719   -17.58799   -49.31142
    0.13900       -80.18456   -13.76780   -17.57081   -48.84596
    0.14500       -79.70243   -13.74781   -17.55322   -48.40140
    0.15100       -79.23837   -13.72679   -17.53487   -47.97670
    0.15700       -78.79143   -13.70523   -17.51602   -47.57018
    0.16300       -78.35887   -13.68252   -17.49639   -47.17996
    0.16900       -77.94080   -13.65914   -17.47664   -46.80501
    0.17500       -77.53693   -13.63538   -17.45595   -46.44559
    0.18100       -77.14716   -13.61089   -17.43489   -46.10139
    0.18700       -76.76890   -13.58547   -17.41331   -45.77013
    0.19300       -76.40151   -13.55902   -17.39090   -45.45160
    0.19900       -76.04575   -13.53228   -17.36857   -45.14491
    0.20500       -75.70005   -13.50411   -17.34563   -44.85031
    0.21100       -75.36353   -13.47554   -17.32187   -44.56612
    0.21700       -75.03744   -13.44680   -17.29763   -44.29301
    0.29500       -68.45846   -12.52895   -16.59004   -39.33947
    0.44500       -63.77567   -11.37760   -15.79523   -36.60284
    0.59500       -60.07692   -10.24757   -15.01773   -34.81163
    0.74500       -57.06079    -9.23323   -14.31127   -33.51629
    0.89500       -54.53931    -8.33451   -13.68900   -32.51579
     1.0450       -52.38644    -7.55726   -13.12384   -31.70534
     1.1950       -50.50890    -6.87262   -12.59662   -31.03966
     1.3450       -48.85514    -6.25536   -12.10695   -30.49283
     1.4950       -47.37689    -5.69098   -11.65630   -30.02962
     1.6450       -46.05208    -5.17355   -11.24435   -29.63417
     1.7950       -44.85222    -4.69521   -10.86023   -29.29678
     1.9450       -43.75856    -4.25091   -10.50386   -29.00378
     2.0950       -42.76234    -3.84128   -10.16835   -28.75271
     2.2450       -41.83855    -3.46107    -9.85504   -28.52245
     2.3950       -40.99105    -3.10633    -9.56125   -28.32347
     2.5450       -40.21089    -2.77242    -9.28822   -28.15024
     2.6950       -39.48442    -2.45890    -9.03613   -27.98939
     2.8450       -38.80390    -2.16404    -8.79425   -27.84561
     2.9950       -38.17854    -1.89363    -8.56717   -27.71774
     3.1450       -37.59364    -1.63957    -8.35590   -27.59817
     3.2950       -37.04974    -1.40145    -8.15547   -27.49281
     3.4450       -36.52743    -1.17526    -7.96244   -27.38973
     3.5950       -36.04164    -0.96545    -7.77862   -27.29756
     3.7450       -35.57494    -0.76773    -7.60044   -27.20676
     3.8950       -35.13991    -0.58179    -7.43163   -27.12650
     4.0450       -34.72830    -0.40843    -7.27060   -27.04927
     4.1950       -34.33951    -0.24548    -7.11471   -26.97932
     4.3450       -33.96588    -0.09330    -6.96435   -26.90822
     4.4950       -33.61202     0.04818    -6.81876   -26.84144
     4.6450       -33.27356     0.18127    -6.67780   -26.77703
     4.7950       -32.95734     0.30382    -6.54480   -26.71635
     4.9450       -32.66252     0.41624    -6.42124   -26.65752
     5.0950       -32.37386     0.52440    -6.29801   -26.60025
     5.2450       -32.10933     0.62083    -6.18535   -26.54481
     5.3950       -31.85913     0.70745    -6.07508   -26.49150
     5.5450       -31.61409     0.79424    -5.96872   -26.43961
     5.6950       -31.38507     0.87243    -5.86806   -26.38944
     5.8450       -31.16964     0.94503    -5.77397   -26.34070
     5.9950       -30.95713     1.01471    -5.67866   -26.29317
     6.1450       -30.76150     1.07623    -5.59085   -26.24688
     6.2950       -30.57641     1.13394    -5.50894   -26.20141
     6.4450       -30.39593     1.18820    -5.42684   -26.15728
     6.5950       -30.22508     1.24156    -5.35248   -26.11416
     6.7450       -30.05949     1.29007    -5.27746   -26.07210
     6.8950       -29.90904     1.33558    -5.21376   -26.03086
     7.0450       -29.75949     1.37842    -5.14740   -25.99050
     7.1950       -29.61060     1.42374    -5.08333   -25.95101
     7.3450       -29.47968     1.45779    -5.02510   -25.91236
     7.4950       -29.35196     1.48842    -4.96594   -25.87444
     7.6450       -29.23172     1.51349    -4.90789   -25.83733
     7.7950       -29.11241     1.53953    -4.85099   -25.80096
     7.9450       -28.99869     1.56486    -4.79833   -25.76522
     8.0950       -28.88976     1.59028    -4.74991   -25.73013
     8.2450       -28.77541     1.61887    -4.69859   -25.69568
     8.3950       -28.68429     1.63443    -4.65689   -25.66184
     8.5450       -28.59015     1.65450    -4.61602   -25.62863
     8.6950       -28.49600     1.67025    -4.57029   -25.59596
     8.8450       -28.41314     1.68945    -4.53884   -25.56375
     8.9950       -28.33595     1.69887    -4.50269   -25.53213
     9.1450       -28.25574     1.71107    -4.46569   -25.50112
     9.2950       -28.18973     1.71590    -4.43506   -25.47057
     9.4450       -28.11233     1.72550    -4.39733   -25.44050
     9.5950       -28.03692     1.74056    -4.36665   -25.41083
     9.7450       -27.98054     1.74361    -4.34239   -25.38176
     9.8950       -27.91953     1.75175    -4.31817   -25.35311
     10.045       -27.85691     1.76300    -4.29511   -25.32480
     10.195       -27.79641     1.77125    -4.27071   -25.29695
     10.345       -27.74283     1.77425    -4.24753   -25.26955
     10.495       -27.68774     1.77906    -4.22427   -25.24253
     10.645       -27.63041     1.78198    -4.19648   -25.21591
     10.795       -27.58235     1.78296    -4.17573   -25.18958
     10.945       -27.53604     1.78394    -4.15637   -25.16361
     11.095       -27.48888     1.78478    -4.13562   -25.13804
     11.245       -27.44277     1.78763    -4.11760   -25.11280
     11.395       -27.40384     1.78843    -4.10437   -25.08790
     11.545       -27.36702     1.78918    -4.09290   -25.06330
     11.695       -27.33836     1.78998    -4.08931   -25.03903
     11.845       -27.30226     1.79067    -4.07788   -25.01505
     11.995       -27.26650     1.79137    -4.06652   -24.99135
     12.145       -27.23920     1.79200    -4.06323   -24.96797
     12.295       -27.21018     1.79262    -4.05789   -24.94491
     12.445       -27.18153     1.79322    -4.05264   -24.92210
     12.595       -27.15327     1.79378    -4.04744   -24.89961
     12.745       -27.12309     1.79436    -4.04008   -24.87737
     12.895       -27.09774     1.79488    -4.03722   -24.85540
     13.045       -27.07034     1.79540    -4.03209   -24.83365
     13.195       -27.04560     1.79592    -4.02940   -24.81213
     13.345       -27.02124     1.79643    -4.02678   -24.79090
     13.495       -26.99721     1.79689    -4.02423   -24.76987
     13.645       -26.97346     1.79737    -4.02174   -24.74909
     13.795       -26.95009     1.79781    -4.01933   -24.72857
     13.945       -26.92702     1.79824    -4.01698   -24.70827
     14.095       -26.90416     1.79865    -4.01467   -24.68814
     14.245       -26.88161     1.79901    -4.01243   -24.66818
     14.395       -26.85938     1.79938    -4.01027   -24.64850
     14.545       -26.83740     1.79974    -4.00814   -24.62900
     14.695       -26.81571     1.80010    -4.00607   -24.60974
     14.845       -26.79427     1.80043    -4.00403   -24.59068
     14.995       -26.77308     1.80077    -4.00203   -24.57182
     15.145       -26.75216     1.80109    -4.00010   -24.55316
     15.295       -26.73147     1.80141    -3.99821   -24.53467
     15.445       -26.71099     1.80174    -3.99635   -24.51638
     15.595       -26.69065     1.80208    -3.99454   -24.49819
     15.745       -26.67062     1.80238    -3.99278   -24.48022
     15.895       -26.65074     1.80271    -3.99104   -24.46241
     16.045       -26.63109     1.80300    -3.98935   -24.44474
     16.195       -26.61167     1.80327    -3.98770   -24.42724
     16.345       -26.59253     1.80351    -3.98609   -24.40995
     16.495       -26.57352     1.80377    -3.98450   -24.39279
     16.645       -26.55468     1.80404    -3.98294   -24.37578
     16.795       -26.53603     1.80429    -3.98141   -24.35892
     16.945       -26.51755     1.80454    -3.97991   -24.34218
     17.095       -26.49929     1.80477    -3.97843   -24.32563
     17.245       -26.48120     1.80501    -3.97698   -24.30923
     17.395       -26.46331     1.80525    -3.97556   -24.29300
     17.545       -26.44557     1.80549    -3.97417   -24.27689
     17.695       -26.42796     1.80572    -3.97282   -24.26087
     17.845       -26.41058     1.80592    -3.97147   -24.24503
     17.995       -26.39331     1.80616    -3.97016   -24.22930
     18.145       -26.37624     1.80636    -3.96887   -24.21374
     18.295       -26.35932     1.80658    -3.96759   -24.19831
     18.445       -26.34252     1.80676    -3.96635   -24.18293
     18.595       -26.32592     1.80693    -3.96512   -24.16773
     18.745       -26.30942     1.80713    -3.96392   -24.15264
     18.895       -26.29311     1.80732    -3.96271   -24.13771
     19.045       -26.27689     1.80752    -3.96152   -24.12289
     19.195       -26.26082     1.80773    -3.96035   -24.10819
     19.345       -26.24491     1.80793    -3.95922   -24.09361
     19.495       -26.22915     1.80809    -3.95809   -24.07915
     19.645       -26.21347     1.80830    -3.95699   -24.06478
     19.795       -26.19798     1.80849    -3.95590   -24.05056
     19.945       -26.18261     1.80863    -3.95483   -24.03641
     20.095       -26.16732     1.80881    -3.95377   -24.02235
     20.245       -26.15218     1.80897    -3.95273   -24.00843
     20.395       -26.13714     1.80914    -3.95172   -23.99457
     20.545       -26.12221     1.80931    -3.95071   -23.98081
     20.695       -26.10744     1.80946    -3.94970   -23.96720
     20.845       -26.09277     1.80961    -3.94871   -23.95367
     20.995       -26.07817     1.80977    -3.94773   -23.94020
     21.145       -26.06371     1.80993    -3.94677   -23.92687
     21.295       -26.04940     1.81005    -3.94583   -23.91363
     21.445       -26.03516     1.81018    -3.94488   -23.90046
     21.595       -26.02104     1.81035    -3.94395   -23.88744
     21.745       -26.00698     1.81050    -3.94305   -23.87443
     21.895       -25.99305     1.81065    -3.94214   -23.86155
     22.045       -25.97926     1.81078    -3.94125   -23.84880
     22.195       -25.96556     1.81093    -3.94038   -23.83611
     22.345       -25.95192     1.81105    -3.93950   -23.82347
     22.495       -25.93842     1.81117    -3.93864   -23.81096
     22.645       -25.92502     1.81129    -3.93778   -23.79853
     22.795       -25.91166     1.81142    -3.93693   -23.78615
     22.945       -25.89846     1.81157    -3.93610   -23.77393
     23.095       -25.88533     1.81170    -3.93528   -23.76175
     23.245       -25.87234     1.81181    -3.93446   -23.74969
     23.395       -25.85942     1.81192    -3.93366   -23.73769
     23.545       -25.84654     1.81205    -3.93287   -23.72572
     23.695       -25.83379     1.81217    -3.93208   -23.71388
     23.845       -25.82109     1.81228    -3.93129   -23.70208
     23.995       -25.80848     1.81241    -3.93053   -23.69035
     24.145       -25.79599     1.81252    -3.92977   -23.67873
     24.295       -25.78358     1.81262    -3.92901   -23.66719
     24.445       -25.77124     1.81272    -3.92827   -23.65569
     24.595       -25.75897     1.81283    -3.92754   -23.64426
     24.745       -25.74672     1.81294    -3.92680   -23.63286
     24.895       -25.73461     1.81304    -3.92607   -23.62158
     25.045       -25.72259     1.81315    -3.92535   -23.61038
     25.195       -25.71061     1.81324    -3.92465   -23.59921
     25.345       -25.69872     1.81333    -3.92395   -23.58810
     25.495       -25.68692     1.81343    -3.92327   -23.57709
     25.645       -25.67514     1.81353    -3.92258   -23.56609
     25.795       -25.66349     1.81364    -3.92189   -23.55524
     25.945       -25.65191     1.81374    -3.92120   -23.54445
     26.095       -25.64040     1.81382    -3.92053   -23.53370
     26.245       -25.62898     1.81392    -3.91987   -23.52303
     26.395       -25.61761     1.81400    -3.91921   -23.51241
     26.545       -25.60631     1.81410    -3.91855   -23.50185
     26.695       -25.59506     1.81419    -3.91790   -23.49135
     26.845       -25.58390     1.81428    -3.91725   -23.48093
     26.995       -25.57279     1.81437    -3.91661   -23.47055
     27.145       -25.56173     1.81444    -3.91599   -23.46018
     27.295       -25.55071     1.81451    -3.91536   -23.44987
     27.445       -25.53979     1.81460    -3.91472   -23.43967
     27.595       -25.52897     1.81468    -3.91411   -23.42954
     27.745       -25.51817     1.81476    -3.91350   -23.41943
     27.895       -25.50741     1.81484    -3.91289   -23.40935
     28.045       -25.49676     1.81491    -3.91229   -23.39937
     28.195       -25.48617     1.81498    -3.91169   -23.38946
     28.345       -25.47563     1.81507    -3.91110   -23.37960
     28.495       -25.46519     1.81515    -3.91052   -23.36982
     28.645       -25.45473     1.81523    -3.90993   -23.36004
     28.795       -25.44433     1.81532    -3.90934   -23.35031
     28.945       -25.43404     1.81539    -3.90877   -23.34065
     29.095       -25.42375     1.81548    -3.90819   -23.33104
     29.245       -25.41352     1.81556    -3.90762   -23.32146
     29.395       -25.40338     1.81564    -3.90706   -23.31196
     29.545       -25.39330     1.81571    -3.90651   -23.30251
     29.695       -25.38325     1.81578    -3.90595   -23.29308
     29.845       -25.37325     1.81586    -3.90540   -23.28371
     29.995       -25.36332     1.81593    -3.90485   -23.27441
     30.145       -25.35345     1.81602    -3.90431   -23.26516
     35.794       -24.70371     1.82012    -3.87060   -22.65323
     49.810       -24.06579     1.82354    -3.83995   -22.04937
     69.316       -23.44148     1.82629    -3.81145   -21.45632
     96.460       -22.83061     1.82874    -3.78447   -20.87488
     134.23       -22.23456     1.83086    -3.75865   -20.30677
     186.80       -21.65359     1.83280    -3.73387   -19.75252
     259.95       -21.08850     1.83461    -3.71013   -19.21298
     361.74       -20.53967     1.83635    -3.68728   -18.68874
     503.40       -20.00685     1.83809    -3.66535   -18.17959
     700.53       -19.48977     1.83991    -3.64419   -17.68550
     974.85       -18.98837     1.84176    -3.62377   -17.20636
     1356.6       -18.50260     1.84357    -3.60416   -16.74202
     1887.8       -18.03196     1.84539    -3.58518   -16.29216
     2627.1       -17.57576     1.84721    -3.56690   -15.85607
     3655.9       -17.13343     1.84906    -3.54923   -15.43325
     5087.5       -16.70418     1.85100    -3.53216   -15.02302
     7079.7       -16.28796     1.85288    -3.51565   -14.62519
     9852.1       -15.88493     1.85478    -3.49970   -14.24001
     13710.       -15.49497     1.85666    -3.48424   -13.86739
     19079.       -15.11783     1.85863    -3.46931   -13.50715
     26550.       -14.75355     1.86055    -3.45484   -13.15926
     36947.       -14.40280     1.86228    -3.44091   -12.82417
     51416.       -14.06598     1.86397    -3.42751   -12.50244
     71550.       -13.74406     1.86545    -3.41451   -12.19499
     99568.       -13.43647     1.86694    -3.40207   -11.90134
    0.13856E+06   -13.14174     1.86835    -3.39018   -11.61991
    0.19282E+06   -12.85979     1.86968    -3.37881   -11.35066
    0.26832E+06   -12.59103     1.87084    -3.36795   -11.09392
    0.37340E+06   -12.33455     1.87187    -3.35756   -10.84886
    0.51962E+06   -12.08970     1.87287    -3.34758   -10.61499
    0.72310E+06   -11.85543     1.87373    -3.33804   -10.39113
    0.10063E+07   -11.63183     1.87455    -3.32893   -10.17745
    0.14003E+07   -11.41892     1.87533    -3.32024    -9.97401
    0.19487E+07   -11.21597     1.87602    -3.31193    -9.78007
    0.27118E+07   -11.02285     1.87659    -3.30401    -9.59543
    0.37737E+07   -10.83911     1.87711    -3.29648    -9.41975
    0.52514E+07   -10.66403     1.87761    -3.28931    -9.25233
    0.73079E+07   -10.49750     1.87802    -3.28247    -9.09306
    0.10170E+08   -10.33903     1.87840    -3.27597    -8.94146
    0.14152E+08   -10.18817     1.87871    -3.26977    -8.79711
    0.19694E+08   -10.04475     1.87897    -3.26387    -8.65985
    0.27406E+08    -9.90832     1.87919    -3.25825    -8.52927
    0.38138E+08    -9.77868     1.87938    -3.25291    -8.40515
    0.53073E+08    -9.65573     1.87953    -3.24782    -8.28744
    0.73856E+08    -9.53958     1.87964    -3.24296    -8.17625
    0.10278E+09    -9.43026     1.87974    -3.23836    -8.07164
    0.14302E+09    -9.32830     1.87982    -3.23402    -7.97410
    0.19903E+09    -9.23379     1.87991    -3.22994    -7.88376
    0.27697E+09    -9.14647     1.88003    -3.22611    -7.80039
    0.38543E+09    -9.06569     1.88016    -3.22255    -7.72330
    0.53637E+09    -8.99085     1.88022    -3.21928    -7.65179
    0.74641E+09    -8.92209     1.88035    -3.21623    -7.58621
    0.10387E+10    -8.85942     1.88046    -3.21343    -7.52645
    0.14454E+10    -8.80183     1.88055    -3.21084    -7.47154
    0.20115E+10    -8.74891     1.88068    -3.20849    -7.42111
    0.27992E+10    -8.70022     1.88078    -3.20633    -7.37467
    0.38953E+10    -8.65539     1.88088    -3.20435    -7.33192
    0.54207E+10    -8.61418     1.88097    -3.20251    -7.29264
    0.75434E+10    -8.57615     1.88107    -3.20083    -7.25639
    0.10497E+11    -8.54115     1.88116    -3.19928    -7.22302
    0.14608E+11    -8.50897     1.88122    -3.19785    -7.19234
    0.20329E+11    -8.47930     1.88130    -3.19655    -7.16405
    0.28289E+11    -8.45203     1.88136    -3.19533    -7.13805
    0.39367E+11    -8.42690     1.88142    -3.19422    -7.11410
    0.54783E+11    -8.40376     1.88146    -3.19320    -7.09202
    0.10000E+12    -8.13425     1.88225    -3.18127    -6.83522
